0.000000    0.00000000 
0.400000    0.02717834 
0.800000    0.05181597 
1.200000    0.07287152 
1.600000    0.08936770 
2.000000    0.10085056 
2.400000    0.10737907 
2.800000    0.10936981 
3.200000    0.10743789 
3.600000    0.10224259 
4.000000    0.09440674 
4.400000    0.08447817 
4.800000    0.07288913 
5.200000    0.05995689 
5.600000    0.04587098 
6.000000    0.03063813 
6.400000    0.01387598 
6.800000    -0.00492485 
7.200000    -0.02450957 
7.600000    -0.04468005 
8.000000    -0.06618343 
8.400000    -0.08927039 
8.800000    -0.11370552 
9.200000    -0.13820641 
9.600000    -0.15892834 
10.000000    -0.16721714 
10.400000    -0.15222883 
10.800000    -0.11418079 
11.200000    -0.06788724 
11.600000    -0.02629756 
12.000000    0.00743382 
12.400000    0.03311557 
12.800000    0.05237862 
13.200000    0.06700109 
13.600000    0.07821653 
14.000000    0.08723065 
14.400000    0.09528156 
14.800000    0.10332067 
15.200000    0.11126316 
15.600000    0.11699437 
16.000000    0.11628709 
16.400000    0.10562381 
16.800000    0.08610587 
17.200000    0.06267834 
17.600000    0.03974046 
18.000000    0.01899404 
18.400000    0.00003862 
18.800000    -0.01672321 
19.200000    -0.03108729 
19.600000    -0.04430591 
20.000000    -0.05728079 
20.400000    -0.07046803 
20.800000    -0.08395085 
21.200000    -0.09729900 
21.600000    -0.10929445 
22.000000    -0.11769666 
22.400000    -0.11946363 
22.800000    -0.11205319 
23.200000    -0.09543300 
23.600000    -0.07262999 
24.000000    -0.04777304 
24.400000    -0.02374221 
24.800000    -0.00128915 
25.200000    0.01870559 
25.600000    0.03572541 
26.000000    0.05110704 
26.400000    0.06591586 
26.800000    0.08099014 
27.200000    0.09694728 
27.600000    0.11372121 
28.000000    0.12940059 
28.400000    0.13872820 
28.800000    0.13436465 
29.200000    0.11370837 
29.600000    0.08282092 
30.000000    0.05023406 
30.400000    0.02059695 
30.800000    -0.00557086 
31.200000    -0.02763316 
31.600000    -0.04639934 
32.000000    -0.06331117 
32.400000    -0.07919514 
32.800000    -0.09459469 
33.200000    -0.10969445 
33.600000    -0.12364149 
34.000000    -0.13317039 
34.400000    -0.13221960 
34.800000    -0.11637088 
35.200000    -0.08887189 
35.600000    -0.05795007 
36.000000    -0.02956062 
36.400000    -0.00517866 
36.800000    0.01516474 
37.200000    0.03111953 
37.600000    0.04415801 
38.000000    0.05540698 
38.400000    0.06561128 
38.800000    0.07537644 
39.200000    0.08512473 
39.600000    0.09478514 
40.000000    0.10330891 
40.400000    0.10836847 
40.800000    0.10696109 
41.200000    0.09728722 
41.600000    0.08044098 
42.000000    0.05972465 
42.400000    0.03834261 
42.800000    0.01785821 
43.200000    -0.00176323 
43.600000    -0.01959751 
44.000000    -0.03546009 
44.400000    -0.05063028 
44.800000    -0.06606777 
45.200000    -0.08240192 
45.600000    -0.09978854 
46.000000    -0.11724679 
46.400000    -0.13147223 
46.800000    -0.13633433 
47.200000    -0.12618059 
47.600000    -0.10174545 
48.000000    -0.07010041 
48.400000    -0.03830890 
48.800000    -0.00945779 
49.200000    0.01599217 
49.600000    0.03730309 
50.000000    0.05589176 
50.400000    0.07282135 
50.800000    0.08878273 
51.200000    0.10424669 
51.600000    0.11897966 
52.000000    0.13063291 
52.400000    0.13340082 
52.800000    0.12116947 
53.200000    0.09522696 
53.600000    0.06402848 
54.000000    0.03481748 
54.400000    0.00989567 
54.800000    -0.01097773 
55.200000    -0.02732177 
55.600000    -0.04053162 
56.000000    -0.05200177 
56.400000    -0.06260530 
56.800000    -0.07294778 
57.200000    -0.08337902 
57.600000    -0.09374490 
58.000000    -0.10290399 
58.400000    -0.10834637 
58.800000    -0.10679964 
59.200000    -0.09636831 
59.600000    -0.07842292 
60.000000    -0.05669801 
60.400000    -0.03464122 
60.800000    -0.01376981 
61.200000    0.00587683 
61.600000    0.02314618 
62.000000    0.03836532 
62.400000    0.05273911 
62.800000    0.06709333 
63.200000    0.08197863 
63.600000    0.09745353 
64.000000    0.11237818 
64.400000    0.12346429 
64.800000    0.12544847 
65.200000    0.11443015 
65.600000    0.09197717 
66.000000    0.06399940 
66.400000    0.03591291 
66.800000    0.00999181 
67.200000    -0.01344034 
67.600000    -0.03344154 
68.000000    -0.05126713 
68.400000    -0.06809596 
68.800000    -0.08470414 
69.200000    -0.10154058 
69.600000    -0.11811439 
70.000000    -0.13142868 
70.400000    -0.13473344 
70.800000    -0.12155233 
71.200000    -0.09397627 
71.600000    -0.06127153 
72.000000    -0.03075052 
72.400000    -0.00445581 
72.800000    0.01744699 
73.200000    0.03476600 
73.600000    0.04912681 
74.000000    0.06166091 
74.400000    0.07308475 
74.800000    0.08387946 
75.200000    0.09413437 
75.600000    0.10303613 
76.000000    0.10829328 
76.400000    0.10657155 
76.800000    0.09585971 
77.200000    0.07770469 
77.600000    0.05611990 
78.000000    0.03463558 
78.400000    0.01470890 
78.800000    -0.00375978 
79.200000    -0.01983149 
79.600000    -0.03367117 
80.000000    -0.04655237 
80.400000    -0.05936735 
80.800000    -0.07266168 
81.200000    -0.08656982 
81.600000    -0.10038675 
82.000000    -0.11189611 
82.400000    -0.11716441 
82.800000    -0.11218293 
83.200000    -0.09616507 
83.600000    -0.07268239 
84.000000    -0.04677574 
84.400000    -0.02172522 
84.800000    0.00180208 
85.200000    0.02287940 
85.600000    0.04151949 
86.000000    0.05912641 
86.400000    0.07664081 
86.800000    0.09465142 
87.200000    0.11296771 
87.600000    0.12914983 
88.000000    0.13667894 
88.400000    0.12759237 
88.800000    0.10176729 
89.200000    0.06838495 
89.600000    0.03615626 
90.000000    0.00818211 
90.400000    -0.01538241 
90.800000    -0.03409000 
91.200000    -0.04952394 
91.600000    -0.06292220 
92.000000    -0.07508571 
92.400000    -0.08652953 
92.800000    -0.09725495 
93.200000    -0.10611642 
93.600000    -0.11021177 
94.000000    -0.10582865 
94.400000    -0.09171174 
94.800000    -0.07093730 
95.200000    -0.04829025 
95.600000    -0.02694551 
96.000000    -0.00758153 
96.400000    0.00979438 
96.800000    0.02432863 
97.200000    0.03699811 
97.600000    0.04907882 
98.000000    0.06135737 
98.400000    0.07420264 
98.800000    0.08743758 
99.200000    0.09989619 
99.600000    0.10891414 
100.000000    0.11067308 
100.400000    0.10236856 
100.800000    0.08476913 
101.200000    0.06185574 
101.600000    0.03784499 
102.000000    0.01492482 
102.400000    -0.00665414 
102.800000    -0.02574745 
103.200000    -0.04292817 
103.600000    -0.05955974 
104.000000    -0.07655385 
104.400000    -0.09438930 
104.800000    -0.11244684 
105.200000    -0.12738008 
105.600000    -0.13201658 
106.000000    -0.11980778 
106.400000    -0.09302505 
106.800000    -0.06084925 
107.200000    -0.03040261 
107.600000    -0.00368541 
108.000000    0.01901562 
108.400000    0.03751956 
108.800000    0.05342325 
109.200000    0.06782451 
109.600000    0.08144438 
110.000000    0.09459765 
110.400000    0.10661342 
110.800000    0.11479087 
111.200000    0.11433267 
111.600000    0.10184862 
112.000000    0.07973367 
112.400000    0.05421824 
112.800000    0.03005147 
113.200000    0.00862108 
113.600000    -0.01005462 
114.000000    -0.02513948 
114.400000    -0.03770938 
114.800000    -0.04913618 
115.200000    -0.06034098 
115.600000    -0.07183868 
116.000000    -0.08359373 
116.400000    -0.09464120 
116.800000    -0.10264602 
117.200000    -0.10420002 
117.600000    -0.09675784 
118.000000    -0.08092462 
118.400000    -0.06015648 
118.800000    -0.03819685 
119.200000    -0.01710503 
119.600000    0.00289266 
120.000000    0.02079035 
120.400000    0.03667571 
120.800000    0.05197021 
121.200000    0.06769905 
121.600000    0.08441862 
122.000000    0.10177724 
122.400000    0.11733149 
122.800000    0.12545475 
123.200000    0.11966603 
123.600000    0.09917080 
124.000000    0.07042505 
124.400000    0.04073388 
124.800000    0.01358813 
125.200000    -0.01062505 
125.600000    -0.03099542 
126.000000    -0.04867405 
126.400000    -0.06495785 
126.800000    -0.08066244 
127.200000    -0.09616554 
127.600000    -0.11069945 
128.000000    -0.12088078 
128.400000    -0.12041846 
128.800000    -0.10514963 
129.200000    -0.07903299 
129.600000    -0.05027949 
130.000000    -0.02410687 
130.400000    -0.00144964 
130.800000    0.01731226 
131.200000    0.03204651 
131.600000    0.04428327 
132.000000    0.05522420 
132.400000    0.06572310 
132.800000    0.07626678 
133.200000    0.08665293 
133.600000    0.09550797 
134.000000    0.10007866 
134.400000    0.09725455 
134.800000    0.08594844 
135.200000    0.06830850 
135.600000    0.04798559 
136.000000    0.02774300 
136.400000    0.00845997 
136.800000    -0.00962615 
137.200000    -0.02540049 
137.600000    -0.03972481 
138.000000    -0.05390660 
138.400000    -0.06878620 
138.800000    -0.08460532 
139.200000    -0.10043804 
139.600000    -0.11323033 
140.000000    -0.11769079 
140.400000    -0.10936286 
140.800000    -0.08912580 
141.200000    -0.06263248 
141.600000    -0.03543680 
142.000000    -0.01005300 
142.400000    0.01304584 
142.800000    0.03286020 
143.200000    0.05063498 
143.600000    0.06760474 
144.000000    0.08454840 
144.400000    0.10159625 
144.800000    0.11704281 
145.200000    0.12554533 
145.600000    0.11959232 
146.000000    0.09769241 
146.400000    0.06759392 
146.800000    0.03780188 
147.200000    0.01174869 
147.600000    -0.01044267 
148.000000    -0.02804346 
148.400000    -0.04227522 
148.800000    -0.05450935 
149.200000    -0.06566369 
149.600000    -0.07636241 
150.000000    -0.08667671 
150.400000    -0.09552428 
150.800000    -0.10022951 
151.200000    -0.09744341 
151.600000    -0.08584995 
152.000000    -0.06778423 
152.400000    -0.04725630 
152.800000    -0.02713774 
153.200000    -0.00820555 
153.600000    0.00934628 
154.000000    0.02439863 
154.400000    0.03773778 
154.800000    0.05063788 
155.200000    0.06394851 
155.600000    0.07797375 
156.000000    0.09202964 
156.400000    0.10376222 
156.800000    0.10904190 
157.200000    0.10396964 
157.600000    0.08828731 
158.000000    0.06584975 
158.400000    0.04137720 
158.800000    0.01767515 
159.200000    -0.00469937 
159.600000    -0.02455584 
160.000000    -0.04222092 
160.400000    -0.05911987 
160.800000    -0.07622488 
161.200000    -0.09393198 
161.600000    -0.11110789 
162.000000    -0.12327159 
162.400000    -0.12270116 
162.800000    -0.10531693 
163.200000    -0.07676580 
163.600000    -0.04616676 
164.000000    -0.01846945 
164.400000    0.00572607 
164.800000    0.02563570 
165.200000    0.04197046 
165.600000    0.05617029 
166.000000    0.06914840 
166.400000    0.08146003 
166.800000    0.09298636 
167.200000    0.10212534 
167.600000    0.10528877 
168.000000    0.09870213 
168.400000    0.08232485 
168.800000    0.06051453 
169.200000    0.03809607 
169.600000    0.01740265 
170.000000    -0.00149153 
170.400000    -0.01777005 
170.800000    -0.03129469 
171.200000    -0.04336796 
171.600000    -0.05503386 
172.000000    -0.06693927 
172.400000    -0.07916072 
172.800000    -0.09070636 
173.200000    -0.09902287 
173.600000    -0.10045609 
174.000000    -0.09253433 
174.400000    -0.07630823 
174.800000    -0.05553293 
175.200000    -0.03377444 
175.600000    -0.01267599 
176.000000    0.00749816 
176.400000    0.02545754 
176.800000    0.04177350 
177.200000    0.05777865 
177.600000    0.07436125 
178.000000    0.09170851 
178.400000    0.10825409 
178.800000    0.11920182 
179.200000    0.11756469 
179.600000    0.10060467 
180.000000    0.07372946 
180.400000    0.04472335 
180.800000    0.01782837 
181.200000    -0.00637206 
181.600000    -0.02691640 
182.000000    -0.04445732 
182.400000    -0.06033326 
182.800000    -0.07536419 
183.200000    -0.08989380 
183.600000    -0.10310134 
184.000000    -0.11173262 
184.400000    -0.11030035 
184.800000    -0.09580013 
185.200000    -0.07213123 
185.600000    -0.04627871 
186.000000    -0.02252560 
186.400000    -0.00152407 
186.800000    0.01631237 
187.200000    0.03069858 
187.600000    0.04298325 
188.000000    0.05423665 
188.400000    0.06514413 
188.800000    0.07595344 
189.200000    0.08607776 
189.600000    0.09359047 
190.000000    0.09540402 
190.400000    0.08904623 
190.800000    0.07494659 
191.200000    0.05626621 
191.600000    0.03637731 
192.000000    0.01698774 
192.400000    -0.00180193 
192.800000    -0.01896373 
193.200000    -0.03425941 
193.600000    -0.04894609 
194.000000    -0.06396619 
194.400000    -0.07969939 
194.800000    -0.09538100 
195.200000    -0.10803953 
195.600000    -0.11236113 
196.000000    -0.10397823 
196.400000    -0.08412281 
196.800000    -0.05861086 
197.200000    -0.03267566 
197.600000    -0.00834690 
198.000000    0.01398825 
198.400000    0.03336459 
198.800000    0.05097898 
199.200000    0.06792131 
199.600000    0.08477411 
200.000000    0.10118582 
200.400000    0.11438959 
200.800000    0.11810219 
201.200000    0.10655691 
201.600000    0.08213661 
202.000000    0.05338614 
202.400000    0.02658023 
202.800000    0.00318810 
203.200000    -0.01654728 
203.600000    -0.03237868 
204.000000    -0.04578289 
204.400000    -0.05783711 
204.800000    -0.06917637 
205.200000    -0.07996259 
205.600000    -0.08941999 
206.000000    -0.09530264 
206.400000    -0.09439649 
206.800000    -0.08489509 
207.200000    -0.06846610 
207.600000    -0.04895932 
208.000000    -0.02949286 
208.400000    -0.01107731 
208.800000    0.00633318 
209.200000    0.02164667 
209.600000    0.03526079 
210.000000    0.04838645 
210.400000    0.06179737 
210.800000    0.07568861 
211.200000    0.08923028 
211.600000    0.09986262 
212.000000    0.10340747 
212.400000    0.09650919 
212.800000    0.07987744 
213.200000    0.05782367 
213.600000    0.03464599 
214.000000    0.01231342 
214.400000    -0.00891076 
214.800000    -0.02784728 
215.200000    -0.04529616 
215.600000    -0.06251572 
216.000000    -0.08018546 
216.400000    -0.09802988 
216.800000    -0.11334435 
217.200000    -0.11961579 
217.600000    -0.11014118 
218.000000    -0.08634264 
218.400000    -0.05688535 
218.800000    -0.02876437 
219.200000    -0.00395477 
219.600000    0.01724013 
220.000000    0.03454462 
220.400000    0.04949876 
220.800000    0.06317516 
221.200000    0.07613039 
221.600000    0.08823875 
222.000000    0.09794850 
222.400000    0.10171312 
222.800000    0.09570351 
223.200000    0.07982926 
223.600000    0.05850556 
224.000000    0.03663764 
224.400000    0.01656100 
224.800000    -0.00168645 
225.200000    -0.01739138 
225.600000    -0.03056148 
226.000000    -0.04253008 
226.400000    -0.05428198 
226.800000    -0.06628242 
227.200000    -0.07829907 
227.600000    -0.08893399 
228.000000    -0.09530544 
228.400000    -0.09399219 
228.800000    -0.08358463 
229.200000    -0.06621470 
229.600000    -0.04577825 
230.000000    -0.02517270 
230.400000    -0.00518463 
230.800000    0.01369838 
231.200000    0.03056352 
231.600000    0.04660020 
232.000000    0.06294566 
232.400000    0.08006021 
232.800000    0.09713413 
233.200000    0.11070669 
233.600000    0.11434646 
234.000000    0.10321439 
234.400000    0.08003388 
234.800000    0.05234795 
235.200000    0.02566862 
235.600000    0.00143625 
236.000000    -0.01973303 
236.400000    -0.03767116 
236.800000    -0.05390452 
237.200000    -0.06942497 
237.600000    -0.08460177 
238.000000    -0.09860861 
238.400000    -0.10815228 
238.800000    -0.10754988 
239.200000    -0.09355887 
239.600000    -0.07013897 
240.000000    -0.04447435 
240.400000    -0.02092814 
240.800000    -0.00018394 
241.200000    0.01721715 
241.600000    0.03123629 
242.000000    0.04337306 
242.400000    0.05473640 
242.800000    0.06591397 
243.200000    0.07683805 
243.600000    0.08634792 
244.000000    0.09187997 
244.400000    0.09031947 
244.800000    0.08036078 
245.200000    0.06396790 
245.600000    0.04478261 
246.000000    0.02554700 
246.400000    0.00700747 
246.800000    -0.01054262 
247.200000    -0.02603203 
247.600000    -0.04036154 
248.000000    -0.05473795 
248.400000    -0.06975291 
248.800000    -0.08503245 
249.200000    -0.09842223 
249.600000    -0.10547512 
250.000000    -0.10145489 
250.400000    -0.08577930 
250.800000    -0.06296169 
251.200000    -0.03838254 
251.600000    -0.01486497 
252.000000    0.00714961 
252.400000    0.02649405 
252.800000    0.04386255 
253.200000    0.06065066 
253.600000    0.07761640 
254.000000    0.09451482 
254.400000    0.10875718 
254.800000    0.11420981 
255.200000    0.10473167 
255.600000    0.08189140 
256.000000    0.05388239 
256.400000    0.02718673 
256.800000    0.00358963 
257.200000    -0.01649289 
257.600000    -0.03269788 
258.000000    -0.04653514 
258.400000    -0.05915296 
258.800000    -0.07116694 
259.200000    -0.08245932 
259.600000    -0.09155151 
260.000000    -0.09527657 
260.400000    -0.09033328 
260.800000    -0.07649857 
261.200000    -0.05729116 
261.600000    -0.03690444 
262.000000    -0.01758032 
262.400000    0.00047457 
262.800000    0.01644790 
263.200000    0.03005603 
263.600000    0.04256161 
264.000000    0.05496873 
264.400000    0.06769412 
264.800000    0.08025895 
265.200000    0.09074003 
265.600000    0.09568600 
266.000000    0.09176327 
266.400000    0.07861783 
266.800000    0.05942005 
267.200000    0.03817539 
267.600000    0.01720472 
268.000000    -0.00311804 
268.400000    -0.02164597 
268.800000    -0.03842424 
269.200000    -0.05485871 
269.600000    -0.07181964 
270.000000    -0.08918952 
270.400000    -0.10468559 
270.800000    -0.11265406 
271.200000    -0.10669230 
271.600000    -0.08673956 
272.000000    -0.05979612 
272.400000    -0.03264452 
272.800000    -0.00785537 
273.200000    0.01415644 
273.600000    0.03256774 
274.000000    0.04869269 
274.400000    0.06366553 
274.800000    0.07800913 
275.200000    0.09126611 
275.600000    0.10097621 
276.000000    0.10243047 
276.400000    0.09206205 
276.800000    0.07206943 
277.200000    0.04853691 
277.600000    0.02602415 
278.000000    0.00574146 
278.400000    -0.01202151 
278.800000    -0.02650625 
279.200000    -0.03887365 
279.600000    -0.05033095 
280.000000    -0.06154884 
280.400000    -0.07255679 
280.800000    -0.08235798 
281.200000    -0.08861666 
281.600000    -0.08833482 
282.000000    -0.07995004 
282.400000    -0.06489865 
282.800000    -0.04647489 
283.200000    -0.02744504 
283.600000    -0.00876024 
284.000000    0.00931340 
284.400000    0.02554342 
284.800000    0.04063158 
285.200000    0.05575846 
285.600000    0.07145251 
286.000000    0.08710192 
286.400000    0.10000519 
286.800000    0.10513428 
287.200000    0.09812423 
287.600000    0.07988779 
288.000000    0.05590930 
288.400000    0.03125324 
288.800000    0.00789637 
289.200000    -0.01368805 
289.600000    -0.03248099 
290.000000    -0.04968201 
290.400000    -0.06641508 
290.800000    -0.08306820 
291.200000    -0.09856641 
291.600000    -0.10888516 
292.000000    -0.10750152 
292.400000    -0.09156120 
292.800000    -0.06644379 
293.200000    -0.03987951 
293.600000    -0.01576926 
294.000000    0.00550885 
294.400000    0.02308002 
294.800000    0.03754904 
295.200000    0.05033386 
295.600000    0.06228930 
296.000000    0.07365910 
296.400000    0.08367678 
296.800000    0.09007503 
297.200000    0.08963050 
297.600000    0.08060708 
298.000000    0.06476721 
298.400000    0.04591454 
298.800000    0.02702203 
299.200000    0.00899288 
299.600000    -0.00803114 
300.000000    -0.02292857 
300.400000    -0.03628315 
300.800000    -0.04925487 
301.200000    -0.06245636 
301.600000    -0.07568127 
302.000000    -0.08737830 
302.400000    -0.09432888 
302.800000    -0.09285116 
303.200000    -0.08173219 
303.600000    -0.06357937 
304.000000    -0.04252314 
304.400000    -0.02134762 
304.800000    -0.00064897 
305.200000    0.01867247 
305.600000    0.03612372 
306.000000    0.05302544 
306.400000    0.07027629 
306.800000    0.08776372 
307.200000    0.10316878 
307.600000    0.11075677 
308.000000    0.10420734 
308.400000    0.08389904 
308.800000    0.05714976 
309.200000    0.03058147 
309.600000    0.00643725 
310.000000    -0.01491103 
310.400000    -0.03274687 
310.800000    -0.04839924 
311.200000    -0.06294113 
311.600000    -0.07678682 
312.000000    -0.08925338 
312.400000    -0.09764041 
312.800000    -0.09747520 
313.200000    -0.08616771 
313.600000    -0.06658166 
314.000000    -0.04437544 
314.400000    -0.02332865 
314.800000    -0.00419746 
315.200000    0.01267610 
315.600000    0.02663089 
316.000000    0.03883298 
316.400000    0.05041934 
316.800000    0.06193177 
317.200000    0.07312952 
317.600000    0.08259418 
318.000000    0.08762431 
318.400000    0.08538512 
318.800000    0.07516201 
319.200000    0.05917202 
319.600000    0.04072437 
320.000000    0.02203970 
320.400000    0.00352691 
320.800000    -0.01422924 
321.200000    -0.03034019 
321.600000    -0.04586624 
322.000000    -0.06175673 
322.400000    -0.07808386 
322.800000    -0.09325965 
323.200000    -0.10310112 
323.600000    -0.10209477 
324.000000    -0.08834238 
324.400000    -0.06607965 
324.800000    -0.04135064 
325.200000    -0.01758060 
325.600000    0.00471640 
326.000000    0.02447665 
326.400000    0.04203591 
326.800000    0.05872683 
327.200000    0.07522315 
327.600000    0.09106958 
328.000000    0.10337807 
328.400000    0.10623215 
328.800000    0.09499286 
329.200000    0.07262840 
329.600000    0.04681490 
330.000000    0.02270164 
330.400000    0.00129561 
330.800000    -0.01691607 
331.200000    -0.03173655 
331.600000    -0.04462318 
332.000000    -0.05665021 
332.400000    -0.06826362 
332.800000    -0.07896144 
333.200000    -0.08676664 
333.600000    -0.08845509 
334.000000    -0.08166716 
334.400000    -0.06738397 
334.800000    -0.04923348 
335.200000    -0.03053908 
335.600000    -0.01261097 
336.000000    0.00454529 
336.400000    0.01988688 
336.800000    0.03360383 
337.200000    0.04690689 
337.600000    0.06049586 
338.000000    0.07418069 
338.400000    0.08631878 
338.800000    0.09348354 
339.200000    0.09183097 
339.600000    0.08030184 
340.000000    0.06186233 
340.400000    0.04081990 
340.800000    0.01987412 
341.200000    -0.00052440 
341.600000    -0.01947909 
342.000000    -0.03668286 
342.400000    -0.05346018 
342.800000    -0.07063565 
343.200000    -0.08787769 
343.600000    -0.10237787 
344.000000    -0.10798558 
344.400000    -0.09909206 
344.800000    -0.07760074 
345.200000    -0.05117903 
345.600000    -0.02566127 
346.000000    -0.00255732 
346.400000    0.01763198 
346.800000    0.03455661 
347.200000    0.04964640 
347.600000    0.06389329 
348.000000    0.07756062 
348.400000    0.08954509 
348.800000    0.09649327 
349.200000    0.09383984 
349.600000    0.08019602 
350.000000    0.05963065 
350.400000    0.03766896 
350.800000    0.01726474 
351.200000    -0.00128930 
351.600000    -0.01723631 
352.000000    -0.03053380 
352.400000    -0.04253757 
352.800000    -0.05422797 
353.200000    -0.06590567 
353.600000    -0.07683026 
354.000000    -0.08480094 
354.400000    -0.08659917 
354.800000    -0.08008036 
355.200000    -0.06624398 
355.600000    -0.04842943 
356.000000    -0.02970562 
356.400000    -0.01129745 
356.800000    0.00668744 
357.200000    0.02307909 
357.600000    0.03830330 
358.000000    0.05356267 
358.400000    0.06938011 
358.800000    0.08496455 
359.200000    0.09719963 
359.600000    0.10077474 
360.000000    0.09194355 
360.400000    0.07280552 
360.800000    0.04920959 
361.200000    0.02565438 
361.600000    0.00341361 
362.000000    -0.01694097 
362.400000    -0.03480640 
362.800000    -0.05150924 
363.200000    -0.06800164 
363.600000    -0.08429773 
364.000000    -0.09836101 
364.400000    -0.10491165 
364.800000    -0.09809025 
365.200000    -0.07844058 
365.600000    -0.05308428 
366.000000    -0.02829552 
366.400000    -0.00606980 
366.800000    0.01327019 
367.200000    0.02905249 
367.600000    0.04256783 
368.000000    0.05497911 
368.400000    0.06683148 
368.800000    0.07776211 
369.200000    0.08587293 
369.600000    0.08783618 
370.000000    0.08109450 
370.400000    0.06660649 
370.800000    0.04817920 
371.200000    0.02929834 
371.600000    0.01130874 
372.000000    -0.00569750 
372.400000    -0.02065296 
372.800000    -0.03392355 
373.200000    -0.04672122 
373.600000    -0.05972075 
374.000000    -0.07269970 
374.400000    -0.08396483 
374.800000    -0.09014480 
375.200000    -0.08772389 
375.600000    -0.07603836 
376.000000    -0.05807207 
376.400000    -0.03780441 
376.800000    -0.01759115 
377.200000    0.00222956 
377.600000    0.02064246 
378.000000    0.03754007 
378.400000    0.05419640 
378.800000    0.07129097 
379.200000    0.08817854 
379.600000    0.10149549 
380.000000    0.10489926 
380.400000    0.09391341 
380.800000    0.07174839 
381.200000    0.04583550 
381.600000    0.02107484 
382.000000    -0.00153767 
382.400000    -0.02120447 
382.800000    -0.03799591 
383.200000    -0.05328649 
383.600000    -0.06783334 
384.000000    -0.08151985 
384.400000    -0.09247868 
384.800000    -0.09647603 
385.200000    -0.08939808 
385.600000    -0.07211262 
386.000000    -0.05012947 
386.400000    -0.02835624 
386.800000    -0.00848278 
387.200000    0.00928149 
387.600000    0.02402293 
388.000000    0.03665476 
388.400000    0.04839934 
388.800000    0.05986911 
389.200000    0.07088086 
389.600000    0.08000174 
390.000000    0.08444662 
390.400000    0.08142995 
390.800000    0.07056134 
391.200000    0.05439112 
391.600000    0.03625187 
392.000000    0.01811168 
392.400000    0.00021604 
392.800000    -0.01660060 
393.200000    -0.03186640 
393.600000    -0.04670575 
394.000000    -0.06185524 
394.400000    -0.07703845 
394.800000    -0.09014082 
395.200000    -0.09678496 
395.600000    -0.09258968 
396.000000    -0.07750652 
396.400000    -0.05612495 
396.800000    -0.03334566 
397.200000    -0.01141098 
397.600000    0.00935795 
398.000000    0.02783917 
398.400000    0.04485796 
398.800000    0.06154564 
399.200000    0.07818195 
399.600000    0.09337372 
400.000000    0.10267179 
400.400000    0.09983393 
400.800000    0.08331944 
401.200000    0.05907619 
401.600000    0.03403841 
402.000000    0.01120610 
402.400000    -0.00912172 
402.800000    -0.02603142 
403.200000    -0.04050105 
403.600000    -0.05377293 
404.000000    -0.06637597 
404.400000    -0.07790742 
404.800000    -0.08640346 
405.200000    -0.08837273 
405.600000    -0.08115029 
406.000000    -0.06591579 
406.400000    -0.04683235 
406.800000    -0.02753030 
407.200000    -0.00929413 
407.600000    0.00768449 
408.000000    0.02236509 
408.400000    0.03539132 
408.800000    0.04791813 
409.200000    0.06043833 
409.600000    0.07250980 
410.000000    0.08227943 
410.400000    0.08652767 
410.800000    0.08242251 
411.200000    0.07007816 
411.600000    0.05259114 
412.000000    0.03343661 
412.400000    0.01438878 
412.800000    -0.00437112 
413.200000    -0.02174666 
413.600000    -0.03791440 
414.000000    -0.05406585 
414.400000    -0.07064854 
414.800000    -0.08665198 
415.200000    -0.09842902 
415.600000    -0.10012225 
416.000000    -0.08851809 
416.400000    -0.06719670 
416.800000    -0.04269588 
417.200000    -0.01908466 
417.600000    0.00287797 
418.000000    0.02227499 
418.400000    0.03932412 
418.800000    0.05537350 
419.200000    0.07100788 
419.600000    0.08561562 
420.000000    0.09629270 
420.400000    0.09774478 
420.800000    0.08652270 
421.200000    0.06581184 
421.600000    0.04223611 
422.000000    0.02003925 
422.400000    0.00003199 
422.800000    -0.01707619 
423.200000    -0.03115829 
423.600000    -0.04362934 
424.000000    -0.05543238 
424.400000    -0.06673807 
424.800000    -0.07662748 
425.200000    -0.08275326 
425.600000    -0.08210605 
426.000000    -0.07338020 
426.400000    -0.05847123 
426.800000    -0.04085606 
427.200000    -0.02306839 
427.600000    -0.00573505 
428.000000    0.01076286 
428.400000    0.02548350 
428.800000    0.03931378 
429.200000    0.05323310 
429.600000    0.06736328 
430.000000    0.08048037 
430.400000    0.08946605 
430.800000    0.09019043 
431.200000    0.08071432 
431.600000    0.06340928 
432.000000    0.04270872 
432.400000    0.02176677 
432.800000    0.00135046 
433.200000    -0.01777162 
433.600000    -0.03515349 
434.000000    -0.05208724 
434.400000    -0.06928226 
434.800000    -0.08610179 
435.200000    -0.09922711 
435.600000    -0.10236097 
436.000000    -0.09114768 
436.400000    -0.06904467 
436.800000    -0.04356004 
437.200000    -0.01942544 
437.600000    0.00246065 
438.000000    0.02123491 
438.400000    0.03712877 
438.800000    0.05158143 
439.200000    0.06531999 
439.600000    0.07807062 
440.000000    0.08785032 
440.400000    0.09075900 
440.800000    0.08351464 
441.200000    0.06731600 
441.600000    0.04701585 
442.000000    0.02676707 
442.400000    0.00797231 
442.800000    -0.00907268 
443.200000    -0.02340157 
443.600000    -0.03589809 
444.000000    -0.04778288 
444.400000    -0.05955087 
444.800000    -0.07071630 
445.200000    -0.07944021 
445.600000    -0.08272418 
446.000000    -0.07814640 
446.400000    -0.06606781 
446.800000    -0.04941821 
447.200000    -0.03130967 
447.600000    -0.01324889 
448.000000    0.00458076 
448.400000    0.02105974 
448.800000    0.03640409 
449.200000    0.05179031 
449.600000    0.06759615 
450.000000    0.08273808 
450.400000    0.09376314 
450.800000    0.09549121 
451.200000    0.08517901 
451.600000    0.06579711 
452.000000    0.04295160 
452.400000    0.02037611 
452.800000    -0.00109685 
453.200000    -0.02054519 
453.600000    -0.03790578 
454.000000    -0.05455366 
454.400000    -0.07110803 
454.800000    -0.08678126 
455.200000    -0.09808861 
455.600000    -0.09897764 
456.000000    -0.08612414 
456.400000    -0.06379258 
456.800000    -0.03917530 
457.200000    -0.01628063 
457.600000    0.00427748 
458.000000    0.02153105 
458.400000    0.03589910 
458.800000    0.04880807 
459.200000    0.06101439 
459.600000    0.07234478 
460.000000    0.08119528 
460.400000    0.08446598 
460.800000    0.07938478 
461.200000    0.06634902 
461.600000    0.04883743 
462.000000    0.03041030 
462.400000    0.01266750 
462.800000    -0.00419733 
463.200000    -0.01910157 
463.600000    -0.03225013 
464.000000    -0.04489023 
464.400000    -0.05764437 
464.800000    -0.07010069 
465.200000    -0.08037219 
465.600000    -0.08515088 
466.000000    -0.08148710 
466.400000    -0.06941493 
466.800000    -0.05201330 
467.200000    -0.03277263 
467.600000    -0.01349610 
468.000000    0.00552493 
468.400000    0.02310305 
468.800000    0.03959974 
469.200000    0.05620984 
469.600000    0.07318128 
470.000000    0.08893463 
470.400000    0.09890235 
470.800000    0.09707115 
471.200000    0.08199046 
471.600000    0.05900833 
472.000000    0.03449331 
472.400000    0.01140026 
472.800000    -0.00979282 
473.200000    -0.02799506 
473.600000    -0.04417902 
474.000000    -0.05952656 
474.400000    -0.07428842 
474.800000    -0.08713005 
475.200000    -0.09420227 
475.600000    -0.09062214 
476.000000    -0.07562831 
476.400000    -0.05422580 
476.800000    -0.03204464 
477.200000    -0.01155799 
477.600000    0.00690887 
478.000000    0.02229548 
478.400000    0.03526179 
478.800000    0.04713856 
479.200000    0.05858753 
479.600000    0.06932033 
480.000000    0.07770372 
480.400000    0.08088219 
480.800000    0.07644382 
481.200000    0.06468024 
481.600000    0.04846809 
482.000000    0.03088252 
482.400000    0.01341021 
482.800000    -0.00373901 
483.200000    -0.01942438 
483.600000    -0.03372154 
484.000000    -0.04781437 
484.400000    -0.06216729 
484.800000    -0.07596462 
485.200000    -0.08649065 
485.600000    -0.08953726 
486.000000    -0.08233340 
486.400000    -0.06643212 
486.800000    -0.04620339 
487.200000    -0.02523151 
487.600000    -0.00469929 
488.000000    0.01475121 
488.400000    0.03227267 
488.800000    0.04907589 
489.200000    0.06600074 
489.600000    0.08256184 
490.000000    0.09570627 
490.400000    0.09942268 
490.800000    0.08928323 
491.200000    0.06828482 
491.600000    0.04362356 
492.000000    0.02001077 
492.400000    -0.00157869 
492.800000    -0.02023775 
493.200000    -0.03598760 
493.600000    -0.05023383 
494.000000    -0.06372355 
494.400000    -0.07615171 
494.800000    -0.08545931 
495.200000    -0.08780381 
495.600000    -0.08025316 
496.000000    -0.06428331 
496.400000    -0.04456828 
496.800000    -0.02488496 
497.200000    -0.00639864 
497.600000    0.01045499 
498.000000    0.02468900 
498.400000    0.03723740 
498.800000    0.04923363 
499.200000    0.06102854 
499.600000    0.07184724 
500.000000    0.07945835 
500.400000    0.08076169 
500.800000    0.07395729 
501.200000    0.06032613 
501.600000    0.04310348 
502.000000    0.02499525 
502.400000    0.00691714 
502.800000    -0.01066470 
503.200000    -0.02662748 
503.600000    -0.04183019 
504.000000    -0.05721708 
504.400000    -0.07261712 
504.800000    -0.08597759 
505.200000    -0.09290387 
505.600000    -0.08897119 
506.000000    -0.07422144 
506.400000    -0.05334116 
506.800000    -0.03112883 
507.200000    -0.00965346 
507.600000    0.01063504 
508.000000    0.02858329 
508.400000    0.04514943 
508.800000    0.06140096 
509.200000    0.07730536 
509.600000    0.09077449 
510.000000    0.09679748 
510.400000    0.09029065 
510.800000    0.07217804 
511.200000    0.04887898 
511.600000    0.02579745 
512.000000    0.00458426 
512.400000    -0.01420653 
512.800000    -0.02985095 
513.200000    -0.04360440 
513.600000    -0.05648049 
514.000000    -0.06861100 
514.400000    -0.07876954 
514.800000    -0.08401329 
515.200000    -0.08104727 
515.600000    -0.06937169 
516.000000    -0.05216678 
516.400000    -0.03337776 
516.800000    -0.01509615 
517.200000    0.00236513 
517.600000    0.01792157 
518.000000    0.03145564 
518.400000    0.04418121 
518.800000    0.05676361 
519.200000    0.06881693 
519.600000    0.07847921 
520.000000    0.08254613 
520.400000    0.07832968 
520.800000    0.06614955 
521.200000    0.04912328 
521.600000    0.03051982 
522.000000    0.01187288 
522.400000    -0.00651671 
522.800000    -0.02338818 
523.200000    -0.03916857 
523.600000    -0.05497720 
524.000000    -0.07092699 
524.400000    -0.08531712 
524.800000    -0.09382736 
525.200000    -0.09135060 
525.600000    -0.07710199 
526.000000    -0.05586415 
526.400000    -0.03305360 
526.800000    -0.01114911 
527.200000    0.00941768 
527.600000    0.02746938 
528.000000    0.04384764 
528.400000    0.05965844 
528.800000    0.07496664 
529.200000    0.08797816 
529.600000    0.09420335 
530.000000    0.08878017 
530.400000    0.07206247 
530.800000    0.04983598 
531.200000    0.02743848 
531.600000    0.00672894 
532.000000    -0.01182235 
532.400000    -0.02727122 
532.800000    -0.04068296 
533.200000    -0.05313430 
533.600000    -0.06487360 
534.000000    -0.07493809 
534.400000    -0.08081756 
534.800000    -0.07943506 
535.200000    -0.06980307 
535.600000    -0.05430049 
536.000000    -0.03654232 
536.400000    -0.01881394 
536.800000    -0.00154762 
537.200000    0.01442625 
537.600000    0.02844686 
538.000000    0.04160046 
538.400000    0.05467772 
538.800000    0.06743132 
539.200000    0.07811886 
539.600000    0.08346679 
540.000000    0.08038830 
540.400000    0.06876488 
540.800000    0.05166230 
541.200000    0.03260843 
541.600000    0.01341003 
542.000000    -0.00561816 
542.400000    -0.02321931 
542.800000    -0.03970752 
543.200000    -0.05621429 
543.600000    -0.07282206 
544.000000    -0.08764032 
544.400000    -0.09587683 
544.800000    -0.09207600 
545.200000    -0.07600241 
545.600000    -0.05336062 
546.000000    -0.02983370 
546.400000    -0.00761990 
546.800000    0.01277599 
547.200000    0.03035196 
547.600000    0.04621352 
548.000000    0.06130611 
548.400000    0.07549304 
548.800000    0.08677663 
549.200000    0.09084577 
549.600000    0.08382286 
550.000000    0.06697002 
550.400000    0.04577807 
550.800000    0.02475703 
551.200000    0.00527364 
551.600000    -0.01215710 
552.000000    -0.02666184 
552.400000    -0.03930023 
552.800000    -0.05111207 
553.200000    -0.06232142 
553.600000    -0.07200153 
554.000000    -0.07784811 
554.400000    -0.07706938 
554.800000    -0.06863312 
555.200000    -0.05443441 
555.600000    -0.03764065 
556.000000    -0.02042765 
556.400000    -0.00326872 
556.800000    0.01312930 
557.200000    0.02788056 
557.600000    0.04195689 
558.000000    0.05611450 
558.400000    0.06995346 
558.800000    0.08135699 
559.200000    0.08650228 
559.600000    0.08209386 
560.000000    0.06857289 
560.400000    0.04976553 
560.800000    0.02946760 
561.200000    0.00929458 
561.600000    -0.01032341 
562.000000    -0.02816031 
562.400000    -0.04505229 
562.800000    -0.06193678 
563.200000    -0.07845409 
563.600000    -0.09184633 
564.000000    -0.09645786 
564.400000    -0.08774443 
564.800000    -0.06808230 
565.200000    -0.04430017 
565.600000    -0.02116414 
566.000000    0.00023718 
566.400000    0.01904744 
566.800000    0.03505383 
567.200000    0.04957048 
567.600000    0.06325478 
568.000000    0.07560918 
568.400000    0.08430616 
568.800000    0.08544534 
569.200000    0.07663939 
569.600000    0.06007842 
570.000000    0.04050218 
570.400000    0.02124089 
570.800000    0.00308187 
571.200000    -0.01331336 
571.600000    -0.02719459 
572.000000    -0.03962953 
572.400000    -0.05153404 
572.800000    -0.06293191 
573.200000    -0.07260449 
573.600000    -0.07799691 
574.000000    -0.07637370 
574.400000    -0.06708655 
574.800000    -0.05232103 
575.200000    -0.03519000 
575.600000    -0.01762334 
576.000000    0.00003068 
576.400000    0.01677616 
576.800000    0.03210847 
577.200000    0.04712238 
577.600000    0.06227047 
578.000000    0.07654596 
578.400000    0.08681660 
578.800000    0.08852923 
579.200000    0.07935082 
579.600000    0.06187650 
580.000000    0.04097686 
580.400000    0.01991753 
580.800000    -0.00057245 
581.200000    -0.01951271 
581.600000    -0.03661819 
582.000000    -0.05312904 
582.400000    -0.06945783 
582.800000    -0.08432897 
583.200000    -0.09368205 
583.600000    -0.09188498 
584.000000    -0.07747526 
584.400000    -0.05563016 
584.800000    -0.03252969 
585.200000    -0.01091787 
585.600000    0.00880185 
586.000000    0.02553080 
586.400000    0.04006044 
586.800000    0.05352247 
587.200000    0.06615945 
587.600000    0.07686849 
588.000000    0.08278243 
588.400000    0.08048269 
588.800000    0.06924536 
589.200000    0.05221839 
589.600000    0.03347683 
590.000000    0.01521683 
590.400000    -0.00222555 
590.800000    -0.01777445 
591.200000    -0.03126181 
591.600000    -0.04384232 
592.000000    -0.05610756 
592.400000    -0.06755545 
592.800000    -0.07624387 
593.200000    -0.07913223 
593.600000    -0.07402000 
594.000000    -0.06165297 
594.400000    -0.04510196 
594.800000    -0.02725601 
595.200000    -0.00926528 
595.600000    0.00851893 
596.000000    0.02483210 
596.400000    0.04026858 
596.800000    0.05577126 
597.200000    0.07108930 
597.600000    0.08401278 
598.000000    0.09008845 
598.400000    0.08522600 
598.800000    0.07005363 
599.200000    0.04943389 
599.600000    0.02783672 
600.000000    0.00690797 
600.400000    -0.01284288 
600.800000    -0.03038510 
601.200000    -0.04677496 
601.600000    -0.06284210 
602.000000    -0.07807604 
602.400000    -0.08963587 
602.800000    -0.09227259 
603.200000    -0.08246337 
603.600000    -0.06312573 
604.000000    -0.04056953 
604.400000    -0.01884174 
604.800000    0.00125602 
605.200000    0.01879307 
605.600000    0.03363561 
606.000000    0.04705731 
606.400000    0.05969911 
606.800000    0.07108808 
607.200000    0.07915670 
607.600000    0.08060899 
608.000000    0.07337122 
608.400000    0.05898309 
608.800000    0.04126154 
609.200000    0.02319417 
609.600000    0.00565819 
610.000000    -0.01082023 
610.400000    -0.02518313 
610.800000    -0.03825163 
611.200000    -0.05095273 
611.600000    -0.06324373 
612.000000    -0.07369415 
612.400000    -0.07942384 
612.800000    -0.07748402 
613.200000    -0.06739224 
613.600000    -0.05172027 
614.000000    -0.03380187 
614.400000    -0.01553187 
614.800000    0.00276881 
615.200000    0.01993428 
615.600000    0.03585114 
616.000000    0.05163641 
616.400000    0.06745697 
616.800000    0.08167439 
617.200000    0.09017126 
617.600000    0.08809295 
618.000000    0.07465565 
618.400000    0.05436785 
618.800000    0.03239435 
619.200000    0.01111219 
619.600000    -0.00905631 
620.000000    -0.02691341 
620.400000    -0.04321502 
620.800000    -0.05898197 
621.200000    -0.07405545 
621.600000    -0.08624329 
622.000000    -0.09086502 
622.400000    -0.08378571 
622.800000    -0.06648271 
623.200000    -0.04480080 
623.600000    -0.02332263 
624.000000    -0.00332268 
624.400000    0.01454001 
624.800000    0.02957237 
625.200000    0.04294146 
625.600000    0.05549623 
626.000000    0.06707733 
626.400000    0.07607142 
626.800000    0.07946845 
627.200000    0.07471880 
627.600000    0.06234587 
628.000000    0.04565943 
628.400000    0.02790530 
628.800000    0.01043731 
629.200000    -0.00644024 
629.600000    -0.02147586 
630.000000    -0.03500062 
630.400000    -0.04806543 
630.800000    -0.06086201 
631.200000    -0.07221690 
631.600000    -0.07937275 
632.000000    -0.07907466 
632.400000    -0.07020476 
632.800000    -0.05500073 
633.200000    -0.03698733 
633.600000    -0.01845569 
634.000000    0.00012722 
634.400000    0.01776322 
634.800000    0.03399892 
635.200000    0.04996807 
635.600000    0.06600368 
636.000000    0.08068100 
636.400000    0.09002274 
636.800000    0.08891745 
637.200000    0.07605405 
637.600000    0.05581853 
638.000000    0.03366235 
638.400000    0.01223346 
638.800000    -0.00802623 
639.200000    -0.02591264 
639.600000    -0.04207560 
640.000000    -0.05757305 
640.400000    -0.07233114 
640.800000    -0.08435122 
641.200000    -0.08924843 
641.600000    -0.08295414 
642.000000    -0.06656126 
642.400000    -0.04555596 
642.800000    -0.02450462 
643.200000    -0.00480623 
643.600000    0.01295652 
644.000000    0.02792268 
644.400000    0.04115540 
644.800000    0.05355964 
645.200000    0.06506934 
645.600000    0.07422515 
646.000000    0.07818326 
646.400000    0.07435737 
646.800000    0.06293874 
647.200000    0.04692368 
647.600000    0.02951329 
648.000000    0.01219515 
648.400000    -0.00476001 
648.800000    -0.02010595 
649.200000    -0.03393658 
649.600000    -0.04731050 
650.000000    -0.06046542 
650.400000    -0.07223612 
650.800000    -0.07979519 
651.200000    -0.07973856 
651.600000    -0.07084682 
652.000000    -0.05541835 
652.400000    -0.03710914 
652.800000    -0.01828869 
653.200000    0.00055340 
653.600000    0.01838171 
654.000000    0.03479953 
654.400000    0.05094222 
654.800000    0.06707738 
655.200000    0.08162506 
655.600000    0.09037682 
656.000000    0.08822653 
656.400000    0.07435747 
656.800000    0.05360849 
657.200000    0.03139088 
657.600000    0.01007211 
658.000000    -0.00990322 
658.400000    -0.02737382 
658.800000    -0.04317151 
659.200000    -0.05826935 
659.600000    -0.07246563 
660.000000    -0.08361552 
660.400000    -0.08740782 
660.800000    -0.08030291 
661.200000    -0.06385166 
661.600000    -0.04335271 
662.000000    -0.02292623 
662.400000    -0.00372008 
662.800000    0.01361270 
663.200000    0.02827835 
663.600000    0.04134659 
664.000000    0.05365673 
664.400000    0.06504657 
664.800000    0.07393894 
665.200000    0.07745877 
665.600000    0.07318812 
666.000000    0.06154210 
666.400000    0.04553854 
666.800000    0.02822448 
667.200000    0.01092514 
667.600000    -0.00605738 
668.000000    -0.02143130 
668.400000    -0.03543732 
668.800000    -0.04908030 
669.200000    -0.06243207 
669.600000    -0.07404432 
670.000000    -0.08077971 
670.400000    -0.07927185 
670.800000    -0.06888192 
671.200000    -0.05247476 
671.600000    -0.03374949 
672.000000    -0.01475437 
672.400000    0.00414437 
672.800000    0.02171078 
673.200000    0.03802131 
673.600000    0.05416177 
674.000000    0.07009919 
674.400000    0.08374151 
674.800000    0.09040950 
675.200000    0.08549707 
675.600000    0.06962878 
676.000000    0.04828279 
676.400000    0.02632424 
676.800000    0.00538971 
677.200000    -0.01393562 
677.600000    -0.03075267 
678.000000    -0.04616429 
678.400000    -0.06091897 
678.800000    -0.07445367 
679.200000    -0.08412999 
679.600000    -0.08556029 
680.000000    -0.07621374 
680.400000    -0.05876881 
680.800000    -0.03843842 
681.200000    -0.01857110 
681.600000    0.00015197 
682.000000    0.01680159 
682.400000    0.03098857 
682.800000    0.04385946 
683.200000    0.05604210 
683.600000    0.06705843 
684.000000    0.07494772 
684.400000    0.07672626 
684.800000    0.07052856 
685.200000    0.05757473 
685.600000    0.04111205 
686.000000    0.02381702 
686.400000    0.00654761 
686.800000    -0.01019060 
687.200000    -0.02520234 
687.600000    -0.03916922 
688.000000    -0.05291432 
688.400000    -0.06611130 
688.800000    -0.07674995 
689.200000    -0.08130746 
689.600000    -0.07691236 
690.000000    -0.06415469 
690.400000    -0.04658271 
690.800000    -0.02758961 
691.200000    -0.00853327 
691.600000    0.01014780 
692.000000    0.02721058 
692.400000    0.04340462 
692.800000    0.05954727 
693.200000    0.07499958 
693.600000    0.08672826 
694.000000    0.08955763 
694.400000    0.08030725 
694.800000    0.06184098 
695.200000    0.03999367 
695.600000    0.01849479 
696.000000    -0.00190306 
696.400000    -0.02017610 
696.800000    -0.03622026 
697.200000    -0.05122797 
697.600000    -0.06552807 
698.000000    -0.07788156 
698.400000    -0.08487076 
698.800000    -0.08234775 
699.200000    -0.06965463 
699.600000    -0.05089202 
700.000000    -0.03080842 
700.400000    -0.01157614 
700.800000    0.00643878 
701.200000    0.02203765 
701.600000    0.03561364 
702.000000    0.04823756 
702.400000    0.06015064 
702.800000    0.07031102 
703.200000    0.07619738 
703.600000    0.07493972 
704.000000    0.06580005 
704.400000    0.05109469 
704.800000    0.03410609 
705.200000    0.01680482 
705.600000    -0.00045169 
706.000000    -0.01661474 
706.400000    -0.03116563 
706.800000    -0.04511427 
707.200000    -0.05885061 
707.600000    -0.07133357 
708.000000    -0.07971448 
708.400000    -0.08033737 
708.800000    -0.07170646 
709.200000    -0.05615081 
709.600000    -0.03756792 
710.000000    -0.01850197 
710.400000    0.00051101 
710.800000    0.01843879 
711.200000    0.03487168 
711.600000    0.05092077 
712.000000    0.06680246 
712.400000    0.08083184 
712.800000    0.08874015 
713.200000    0.08569303 
713.600000    0.07139330 
714.000000    0.05083607 
714.400000    0.02914720 
714.800000    0.00836460 
715.200000    -0.01104735 
715.600000    -0.02797962 
716.000000    -0.04333169 
716.400000    -0.05797228 
716.800000    -0.07153687 
717.200000    -0.08171017 
717.600000    -0.08433351 
718.000000    -0.07653232 
718.400000    -0.06028940 
718.800000    -0.04056659 
719.200000    -0.02093373 
719.600000    -0.00226949 
720.000000    0.01465428 
720.400000    0.02913919 
720.800000    0.04223879 
721.200000    0.05464098 
721.600000    0.06593289 
722.000000    0.07420358 
722.400000    0.07643964 
722.800000    0.07064507 
723.200000    0.05792451 
723.600000    0.04153022 
724.000000    0.02421043 
724.400000    0.00687865 
724.800000    -0.00997352 
725.200000    -0.02512289 
725.600000    -0.03920851 
726.000000    -0.05302450 
726.400000    -0.06618743 
726.800000    -0.07658675 
727.200000    -0.08064538 
727.600000    -0.07564993 
728.000000    -0.06248143 
728.400000    -0.04480866 
728.800000    -0.02591352 
729.200000    -0.00698245 
729.600000    0.01147204 
730.000000    0.02827860 
730.400000    0.04427739 
730.800000    0.06017775 
731.200000    0.07514905 
731.600000    0.08593890 
732.000000    0.08749843 
732.400000    0.07732405 
732.800000    0.05873582 
733.200000    0.03731210 
733.600000    0.01631576 
734.000000    -0.00367309 
734.400000    -0.02153075 
734.800000    -0.03735528 
735.200000    -0.05228027 
735.600000    -0.06646234 
736.000000    -0.07836169 
736.400000    -0.08428325 
736.800000    -0.08033296 
737.200000    -0.06662574 
737.600000    -0.04761095 
738.000000    -0.02771629 
738.400000    -0.00867231 
738.800000    0.00910171 
739.200000    0.02443464 
739.600000    0.03799119 
740.000000    0.05071303 
740.400000    0.06257555 
740.800000    0.07213610 
741.200000    0.07653710 
741.600000    0.07315253 
742.000000    0.06211653 
742.400000    0.04637491 
742.800000    0.02909355 
743.200000    0.01173341 
743.600000    -0.00540373 
744.000000    -0.02101772 
744.400000    -0.03522871 
744.800000    -0.04899087 
745.200000    -0.06230450 
745.600000    -0.07358118 
746.000000    -0.07956330 
746.400000    -0.07706113 
746.800000    -0.06591512 
747.200000    -0.04928591 
747.600000    -0.03074600 
748.000000    -0.01202159 
748.400000    0.00654322 
748.800000    0.02363965 
749.200000    0.03960470 
749.600000    0.05538564 
750.000000    0.07064497 
750.400000    0.08285623 
750.800000    0.08727532 
751.200000    0.08029950 
751.600000    0.06372596 
752.000000    0.04293075 
752.400000    0.02192286 
752.800000    0.00174341 
753.200000    -0.01679467 
753.600000    -0.03310692 
754.000000    -0.04833739 
754.400000    -0.06295144 
754.800000    -0.07586925 
755.200000    -0.08379554 
755.600000    -0.08242011 
756.000000    -0.07061429 
756.400000    -0.05221235 
756.800000    -0.03210096 
757.200000    -0.01268780 
757.600000    0.00562649 
758.000000    0.02163526 
758.400000    0.03561419 
758.800000    0.04860734 
759.200000    0.06078619 
759.600000    0.07095656 
760.000000    0.07639336 
760.400000    0.07421437 
760.800000    0.06405359 
761.200000    0.04865482 
761.600000    0.03138415 
762.000000    0.01400486 
762.400000    -0.00317584 
762.800000    -0.01893986 
763.200000    -0.03311240 
763.600000    -0.04667368 
764.000000    -0.05980382 
764.400000    -0.07120811 
764.800000    -0.07792621 
765.200000    -0.07672588 
765.600000    -0.06694107 
766.000000    -0.05127259 
766.400000    -0.03326496 
766.800000    -0.01488776 
767.200000    0.00351277 
767.600000    0.02071013 
768.000000    0.03663629 
768.400000    0.05230703 
768.800000    0.06763407 
769.200000    0.08049175 
769.600000    0.08644093 
770.000000    0.08145766 
770.400000    0.06638493 
770.800000    0.04622168 
771.200000    0.02530061 
771.600000    0.00504118 
772.000000    -0.01393927 
772.400000    -0.03070779 
772.800000    -0.04629852 
773.200000    -0.06132317 
773.600000    -0.07489446 
774.000000    -0.08386028 
774.400000    -0.08367703 
774.800000    -0.07262764 
775.200000    -0.05430723 
775.600000    -0.03388945 
776.000000    -0.01413056 
776.400000    0.00450921 
776.800000    0.02085559 
777.200000    0.03505309 
777.600000    0.04816759 
778.000000    0.06041673 
778.400000    0.07066361 
778.800000    0.07621586 
779.200000    0.07415537 
779.600000    0.06406121 
780.000000    0.04868785 
780.400000    0.03145299 
780.800000    0.01415347 
781.200000    -0.00290528 
781.600000    -0.01852728 
782.000000    -0.03249742 
782.400000    -0.04578183 
782.800000    -0.05859197 
783.200000    -0.06973093 
783.600000    -0.07641228 
784.000000    -0.07554236 
784.400000    -0.06636969 
784.800000    -0.05134273 
785.200000    -0.03383813 
785.600000    -0.01581955 
786.000000    0.00236427 
786.400000    0.01953527 
786.800000    0.03544416 
787.200000    0.05109006 
787.600000    0.06643699 
788.000000    0.07945135 
788.400000    0.08579916 
788.800000    0.08141458 
789.200000    0.06689143 
789.600000    0.04704011 
790.000000    0.02621375 
790.400000    0.00593094 
790.800000    -0.01322933 
791.200000    -0.03024792 
791.600000    -0.04610582 
792.000000    -0.06142290 
792.400000    -0.07528238 
792.800000    -0.08441841 
793.200000    -0.08412740 
793.600000    -0.07271084 
794.000000    -0.05399174 
794.400000    -0.03329467 
794.800000    -0.01335718 
795.200000    0.00537070 
795.600000    0.02170253 
796.000000    0.03590150 
796.400000    0.04901176 
796.800000    0.06117683 
797.200000    0.07115191 
797.600000    0.07615938 
798.000000    0.07337921 
798.400000    0.06268793 
798.800000    0.04704348 
799.200000    0.02980814 
799.600000    0.01259880 
800.000000    -0.00429584 
800.400000    -0.01962610 
800.800000    -0.03335130 
801.200000    -0.04640266 
801.600000    -0.05888995 
802.000000    -0.06951956 
802.400000    -0.07551011 
802.800000    -0.07398829 
803.200000    -0.06449634 
803.600000    -0.04953758 
804.000000    -0.03230266 
804.400000    -0.01453860 
804.800000    0.00344754 
805.200000    0.02040465 
805.600000    0.03619621 
806.000000    0.05176693 
806.400000    0.06694425 
806.800000    0.07951366 
807.200000    0.08509284 
807.600000    0.07994616 
808.000000    0.06508565 
808.400000    0.04531775 
808.800000    0.02471442 
809.200000    0.00457667 
809.600000    -0.01443982 
810.000000    -0.03141667 
810.400000    -0.04737908 
810.800000    -0.06283353 
811.200000    -0.07663224 
811.600000    -0.08517300 
812.000000    -0.08369967 
812.400000    -0.07109083 
812.800000    -0.05172320 
813.200000    -0.03086154 
813.600000    -0.01089681 
814.000000    0.00775103 
814.400000    0.02388820 
814.800000    0.03805728 
815.200000    0.05121334 
815.600000    0.06329550 
816.000000    0.07275226 
816.400000    0.07656335 
816.800000    0.07214452 
817.200000    0.06006295 
817.600000    0.04370181 
818.000000    0.02627611 
818.400000    0.00902977 
818.800000    -0.00766507 
819.200000    -0.02253261 
819.600000    -0.03593882 
820.000000    -0.04871318 
820.400000    -0.06071338 
820.800000    -0.07035955 
821.200000    -0.07478166 
821.600000    -0.07153358 
822.000000    -0.06086041 
822.400000    -0.04553783 
822.800000    -0.02847086 
823.200000    -0.01095717 
823.600000    0.00669259 
824.000000    0.02312715 
824.400000    0.03859180 
824.800000    0.05389749 
825.200000    0.06855157 
825.600000    0.07995584 
826.000000    0.08371038 
826.400000    0.07686208 
826.800000    0.06125126 
827.200000    0.04160672 
827.600000    0.02141031 
828.000000    0.00155283 
828.400000    -0.01710858 
828.800000    -0.03394869 
829.200000    -0.05004138 
829.600000    -0.06564049 
830.000000    -0.07911770 
830.400000    -0.08628139 
830.800000    -0.08251138 
831.200000    -0.06788617 
831.600000    -0.04758008 
832.000000    -0.02654337 
832.400000    -0.00654414 
832.800000    0.01188862 
833.200000    0.02773020 
833.600000    0.04188745 
834.000000    0.05510118 
834.400000    0.06692646 
834.800000    0.07526500 
835.200000    0.07680150 
835.600000    0.06960312 
836.000000    0.05543485 
836.400000    0.03815052 
836.800000    0.02053887 
837.200000    0.00329620 
837.600000    -0.01285013 
838.000000    -0.02697372 
838.400000    -0.03988826 
838.800000    -0.05217794 
839.200000    -0.06330430 
839.600000    -0.07129140 
840.000000    -0.07329197 
840.400000    -0.06763753 
840.800000    -0.05549840 
841.200000    -0.03981877 
841.600000    -0.02298943 
842.000000    -0.00572846 
842.400000    0.01139753 
842.800000    0.02718769 
843.200000    0.04231347 
843.600000    0.05729164 
844.000000    0.07110778 
844.400000    0.08062225 
844.800000    0.08160270 
845.200000    0.07235021 
845.600000    0.05571195 
846.000000    0.03615285 
846.400000    0.01633154 
846.800000    -0.00326170 
847.200000    -0.02145049 
847.600000    -0.03818062 
848.000000    -0.05445573 
848.400000    -0.07006516 
848.800000    -0.08255845 
849.200000    -0.08701389 
849.600000    -0.07958471 
850.000000    -0.06232357 
850.400000    -0.04109926 
850.800000    -0.02006117 
851.200000    -0.00017378 
851.600000    0.01766345 
852.000000    0.03305503 
852.400000    0.04711125 
852.800000    0.06019400 
853.200000    0.07125684 
853.600000    0.07748545 
854.000000    0.07556919 
854.400000    0.06492320 
854.800000    0.04870307 
855.200000    0.03080826 
855.600000    0.01319589 
856.000000    -0.00380661 
856.400000    -0.01901366 
856.800000    -0.03236401 
857.200000    -0.04479439 
857.600000    -0.05647824 
858.000000    -0.06633234 
858.400000    -0.07195506 
858.800000    -0.07080226 
859.200000    -0.06234918 
859.600000    -0.04869171 
860.000000    -0.03268274 
860.400000    -0.01598574 
860.800000    0.00112505 
861.200000    0.01753218 
861.600000    0.03271959 
862.000000    0.04755016 
862.400000    0.06202092 
862.800000    0.07435681 
863.200000    0.08086028 
863.600000    0.07798615 
864.000000    0.06582314 
864.400000    0.04811217 
864.800000    0.02869794 
865.200000    0.00919844 
865.600000    -0.00995748 
866.000000    -0.02750011 
866.400000    -0.04409943 
866.800000    -0.06042276 
867.200000    -0.07548456 
867.600000    -0.08567530 
868.000000    -0.08572628 
868.400000    -0.07378016 
868.800000    -0.05414396 
869.200000    -0.03257010 
869.600000    -0.01184136 
870.000000    0.00757864 
870.400000    0.02450046 
870.800000    0.03946649 
871.200000    0.05340676 
871.600000    0.06610469 
872.000000    0.07563508 
872.400000    0.07848534 
872.800000    0.07210068 
873.200000    0.05791862 
873.600000    0.04012768 
874.000000    0.02200101 
874.400000    0.00446171 
874.800000    -0.01186621 
875.200000    -0.02600606 
875.600000    -0.03874678 
876.000000    -0.05073750 
876.400000    -0.06155841 
876.800000    -0.06943213 
877.200000    -0.07168862 
877.600000    -0.06663162 
878.000000    -0.05520920 
878.400000    -0.04018033 
878.800000    -0.02390686 
879.200000    -0.00716357 
879.600000    0.00959591 
880.000000    0.02507504 
880.400000    0.03974567 
880.800000    0.05418230 
881.200000    0.06758640 
881.600000    0.07724293 
882.000000    0.07929901 
882.400000    0.07180518 
882.800000    0.05684378 
883.200000    0.03842676 
883.600000    0.01929888 
884.000000    0.00007617 
884.400000    -0.01824593 
884.800000    -0.03514537 
885.200000    -0.05161828 
885.600000    -0.06763501 
886.000000    -0.08099098 
886.400000    -0.08686684 
886.800000    -0.08094875 
887.200000    -0.06458641 
887.600000    -0.04353460 
888.000000    -0.02229455 
888.400000    -0.00208865 
888.800000    0.01630370 
889.200000    0.03227555 
889.600000    0.04692132 
890.000000    0.06064221 
890.400000    0.07234129 
890.800000    0.07897423 
891.200000    0.07690265 
891.600000    0.06554477 
892.000000    0.04846872 
892.400000    0.02990518 
892.800000    0.01184567 
893.200000    -0.00536141 
893.600000    -0.02051900 
894.000000    -0.03380997 
894.400000    -0.04616385 
894.800000    -0.05763427 
895.200000    -0.06697801 
895.600000    -0.07169661 
896.000000    -0.06941254 
896.400000    -0.06001865 
896.800000    -0.04590095 
897.200000    -0.02985426 
897.600000    -0.01328776 
898.000000    0.00355646 
898.400000    0.01941796 
898.800000    0.03407584 
899.200000    0.04833027 
899.600000    0.06198545 
900.000000    0.07313044 
900.400000    0.07825193 
900.800000    0.07442636 
901.200000    0.06220804 
901.600000    0.04512678 
902.000000    0.02652213 
902.400000    0.00767297 
902.800000    -0.01093513 
903.200000    -0.02805704 
903.600000    -0.04439446 
904.000000    -0.06048318 
904.400000    -0.07512285 
904.800000    -0.08453542 
905.200000    -0.08372721 
905.600000    -0.07145251 
906.000000    -0.05211295 
906.400000    -0.03103393 
906.800000    -0.01064159 
907.200000    0.00862218 
907.600000    0.02556448 
908.000000    0.04081997 
908.400000    0.05523358 
908.800000    0.06835777 
909.200000    0.07781052 
909.600000    0.07964162 
910.000000    0.07154275 
910.400000    0.05580344 
910.800000    0.03706934 
911.200000    0.01841788 
911.600000    0.00050298 
912.000000    -0.01577700 
912.400000    -0.02989305 
912.800000    -0.04282909 
913.200000    -0.05497597 
913.600000    -0.06546688 
914.000000    -0.07198157 
914.400000    -0.07171689 
914.800000    -0.06374605 
915.200000    -0.05010134 
915.600000    -0.03391695 
916.000000    -0.01715500 
916.400000    -0.00018730 
916.800000    0.01597844 
917.200000    0.03066991 
917.600000    0.04470572 
918.000000    0.05821962 
918.400000    0.06980922 
918.800000    0.07638439 
919.200000    0.07475122 
919.600000    0.06454329 
920.000000    0.04870880 
920.400000    0.03074885 
920.800000    0.01241194 
921.200000    -0.00595797 
921.600000    -0.02303915 
922.000000    -0.03901595 
922.400000    -0.05468932 
922.800000    -0.06947199 
923.200000    -0.08051395 
923.600000    -0.08314016 
924.000000    -0.07468242 
924.400000    -0.05780984 
924.800000    -0.03768930 
925.200000    -0.01759202 
925.600000    0.00183455 
926.000000    0.01954502 
926.400000    0.03535393 
926.800000    0.05030981 
927.200000    0.06443901 
927.600000    0.07594061 
928.000000    0.08095783 
928.400000    0.07599952 
928.800000    0.06190579 
929.200000    0.04324748 
929.600000    0.02398317 
930.000000    0.00539040 
930.400000    -0.01195496 
930.800000    -0.02705611 
931.200000    -0.04075745 
931.600000    -0.05367827 
932.000000    -0.06518381 
932.400000    -0.07302714 
932.800000    -0.07404606 
933.200000    -0.06671351 
933.600000    -0.05290831 
934.000000    -0.03615831 
934.400000    -0.01888230 
934.800000    -0.00163025 
935.200000    0.01471108 
935.600000    0.02934580 
936.000000    0.04309951 
936.400000    0.05625259 
936.800000    0.06766295 
937.200000    0.07455052 
937.600000    0.07378195 
938.000000    0.06464167 
938.400000    0.04969824 
938.800000    0.03238923 
939.200000    0.01462844 
939.600000    -0.00324059 
940.000000    -0.01999506 
940.400000    -0.03545908 
940.800000    -0.05050352 
941.200000    -0.06487042 
941.600000    -0.07633265 
942.000000    -0.08079445 
942.400000    -0.07514533 
942.800000    -0.06073387 
943.200000    -0.04203676 
943.600000    -0.02261093 
944.000000    -0.00347755 
944.400000    0.01465340 
944.800000    0.03093673 
945.200000    0.04634061 
945.600000    0.06120574 
946.000000    0.07413612 
946.400000    0.08146666 
946.800000    0.07901828 
947.200000    0.06643590 
947.600000    0.04797331 
948.000000    0.02818226 
948.400000    0.00895206 
948.800000    -0.00926947 
949.200000    -0.02529753 
949.600000    -0.03977719 
950.000000    -0.05346385 
950.400000    -0.06584102 
950.800000    -0.07462617 
951.200000    -0.07630190 
951.600000    -0.06892602 
952.000000    -0.05445848 
952.400000    -0.03689011 
952.800000    -0.01898177 
953.200000    -0.00138139 
953.600000    0.01501603 
954.000000    0.02949562 
954.400000    0.04294298 
954.800000    0.05567443 
955.200000    0.06663505 
955.600000    0.07320741 
956.000000    0.07241663 
956.400000    0.06355680 
956.800000    0.04906417 
957.200000    0.03225248 
957.600000    0.01499529 
958.000000    -0.00237398 
958.400000    -0.01868249 
958.800000    -0.03362248 
959.200000    -0.04805273 
959.600000    -0.06184403 
960.000000    -0.07309608 
960.400000    -0.07818241 
960.800000    -0.07405583 
961.200000    -0.06139812 
961.600000    -0.04401454 
962.000000    -0.02536475 
962.400000    -0.00668107 
962.800000    0.01151675 
963.200000    0.02807621 
963.600000    0.04375508 
964.000000    0.05904796 
964.400000    0.07277042 
964.800000    0.08140007 
965.200000    0.08046502 
965.600000    0.06892387 
966.000000    0.05071984 
966.400000    0.03067076 
966.800000    0.01104274 
967.200000    -0.00772446 
967.600000    -0.02439653 
968.000000    -0.03947018 
968.400000    -0.05376601 
968.800000    -0.06680293 
969.200000    -0.07619362 
969.600000    -0.07809859 
970.000000    -0.07033075 
970.400000    -0.05507268 
970.800000    -0.03673521 
971.200000    -0.01827569 
971.600000    -0.00035696 
