0.000000    0.60198727 
0.117989    0.60193184 
0.235981    0.60186365 
0.353986    0.60179135 
0.472018    0.60174231 
0.590096    0.60176619 
0.708246    0.60192410 
0.826497    0.60227080 
0.944882    0.60284709 
1.063441    0.60367111 
1.182222    0.60473475 
1.301279    0.60600438 
1.420671    0.60742358 
1.540469    0.60890713 
1.660748    0.61036134 
1.781594    0.61167908 
1.903098    0.61274557 
2.025360    0.61344661 
2.148481    0.61367262 
2.272571    0.61332652 
2.397740    0.61232533 
2.524096    0.61060854 
2.651750    0.60812989 
2.780806    0.60487816 
2.911361    0.60088661 
3.043505    0.59617823 
3.177318    0.59080524 
3.312866    0.58484782 
3.450204    0.57838383 
3.589372    0.57152888 
3.730395    0.56439934 
3.873284    0.55708384 
4.018034    0.54968387 
4.164628    0.54230232 
4.313035    0.53502135 
4.463209    0.52792458 
4.615095    0.52109759 
4.768624    0.51462005 
4.923718    0.50854628 
5.080287    0.50293703 
5.238230    0.49786679 
5.397431    0.49342678 
5.557757    0.48973510 
5.719057    0.48694281 
5.881162    0.48519144 
6.043892    0.48455914 
6.207060    0.48509059 
6.370468    0.48686492 
6.533904    0.49002072 
6.697130    0.49474758 
6.859882    0.50127665 
7.021859    0.50987615 
7.182716    0.52084359 
7.342060    0.53449158 
7.499435    0.55112354 
7.654328    0.57095819 
7.806163    0.59393927 
7.954336    0.61933137 
8.098280    0.64498687 
8.237601    0.66638902 
8.372243    0.67649153 
8.502540    0.66856404 
8.628948    0.64200265 
8.751598    0.60452883 
8.870108    0.56651050 
8.983852    0.53458823 
9.092340    0.51068325 
9.195423    0.49409322 
9.293297    0.48336855 
9.386397    0.47718367 
9.475285    0.47455700 
9.560570    0.47473914 
9.642863    0.47717996 
9.722746    0.48148586 
9.800765    0.48734888 
9.877429    0.49451146 
9.953214    0.50275052 
10.028566    0.51187296 
10.103906    0.52171701 
10.179631    0.53215509 
10.256116    0.54309668 
10.333714    0.55448867 
10.412750    0.56630750 
10.493522    0.57853856 
10.576299    0.59114405 
10.661314    0.60402029 
10.748765    0.61694975 
10.838814    0.62956642 
10.931583    0.64135977 
11.027156    0.65173517 
11.125576    0.66012655 
11.226842    0.66612125 
11.330907    0.66953690 
11.437676    0.67040650 
11.547013    0.66886604 
11.658744    0.66497729 
11.772686    0.65855859 
11.888657    0.64915702 
12.006478    0.63632081 
12.125922    0.62015907 
12.246634    0.60177736 
12.368077    0.58306988 
12.489557    0.56593848 
12.610333    0.55160558 
