0.000000    0.87892044 
0.398950    0.87960876 
0.797628    0.88147500 
1.195927    0.88405386 
1.593798    0.88689386 
1.991230    0.88967110 
2.388228    0.89221515 
2.784796    0.89453063 
3.180906    0.89682480 
3.576476    0.89951151 
3.971349    0.90308616 
4.365322    0.90791857 
4.758215    0.91391855 
5.149919    0.92050005 
5.540403    0.92701840 
5.929702    0.93297079 
6.317896    0.93796112 
6.705086    0.94177211 
7.091371    0.94445579 
7.476798    0.94638815 
7.861300    0.94844633 
8.244624    0.95206318 
8.626367    0.95839518 
9.006143    0.96727728 
9.383688    0.97766206 
9.758908    0.98806722 
10.131912    0.99668611 
10.502998    1.00187701 
10.872558    1.00283261 
11.240957    0.99988332 
11.608423    0.99434363 
11.974951    0.98832058 
12.340154    0.98497961 
12.703124    0.98849179 
13.062519    1.00215193 
13.416584    1.02877224 
13.763560    1.06629072 
14.103000    1.09837408 
14.436269    1.10445910 
14.764981    1.08624671 
15.090140    1.05981710 
15.412512    1.03579580 
15.732651    1.01917342 
16.050565    1.01369736 
16.365659    1.02176172 
16.676585    1.04668466 
16.981269    1.09055178 
17.277967    1.13906629 
17.567478    1.14953303 
17.852039    1.10556015 
18.132162    1.04902549 
18.408240    1.00865655 
18.682042    0.98614191 
18.955883    0.97796642 
19.231794    0.97934717 
19.511164    0.98571975 
19.794852    0.99269460 
20.083457    0.99593946 
20.377496    0.99185073 
20.677356    0.97938694 
20.983100    0.96148112 
21.294376    0.94319655 
21.610646    0.92813692 
21.931485    0.91732195 
22.256686    0.91031602 
22.586266    0.90569715 
22.920400    0.90174123 
23.259265    0.89742385 
23.602912    0.89254629 
23.951211    0.88752860 
24.303851    0.88311483 
24.660392    0.87996300 
25.020371    0.87821166 
25.383388    0.87743301 
25.749103    0.87716511 
26.117175    0.87737976 
26.487232    0.87828217 
26.858901    0.87975632 
27.231858    0.88122584 
27.605845    0.88214722 
27.980657    0.88261036 
28.356123    0.88325548 
28.732077    0.88449813 
29.108289    0.88630695 
29.484324    0.88914582 
29.859524    0.89403365 
30.233256    0.90108274 
30.605169    0.90918869 
30.975271    0.91656820 
31.343802    0.92183244 
31.711059    0.92441571 
32.077319    0.92405964 
32.442846    0.92046845 
32.807842    0.91356457 
33.172223    0.90464464 
33.535153    0.89812502 
33.894465    0.90242608 
34.246436    0.92792672 
34.585449    0.98809932 
34.905732    1.07849545 
35.207437    1.13061307 
35.495998    1.09703505 
35.775300    1.03426464 
36.048051    0.98350524 
36.316539    0.95120579 
36.581707    0.93870457 
36.842746    0.94761413 
37.097244    0.98139448 
37.341756    1.04169855 
37.573514    1.10914544 
37.793866    1.12254020 
38.008541    1.04359253 
38.220921    0.93674434 
38.423896    0.85341598 
38.623621    0.83084775 
38.824253    0.83711546 
39.030754    0.85565676 
39.248471    0.87659101 
39.478064    0.88718866 
39.721695    0.88853486 
39.980255    0.88110170 
40.253698    0.86945123 
40.541411    0.85787851 
40.842469    0.84772456 
41.155790    0.84043840 
41.480237    0.83532332 
41.814662    0.83102426 
42.157895    0.82729661 
42.508691    0.82424953 
42.865731    0.82214392 
43.227704    0.82125420 
43.593402    0.82166137 
43.961793    0.82312293 
44.332115    0.82460784 
44.703889    0.82451274 
45.076689    0.82203465 
45.449779    0.81833795 
45.821852    0.81716858 
46.191070    0.82411652 
46.555409    0.84343147 
46.913173    0.87279572 
47.264099    0.89762214 
47.609506    0.90489249 
47.951269    0.89755023 
48.291236    0.88447744 
48.630923    0.87058269 
48.971181    0.85722674 
49.311974    0.84555999 
49.652386    0.83848642 
49.990903    0.83933795 
50.325827    0.85068584 
50.655271    0.87607536 
50.977284    0.91460948 
51.291092    0.94670211 
51.598392    0.94076993 
51.900834    0.90298264 
52.198534    0.86538151 
52.492204    0.83979573 
52.783706    0.82546447 
53.075170    0.82056183 
53.368421    0.82249472 
53.664676    0.82915948 
53.964586    0.83852910 
54.268464    0.84790211 
54.576532    0.85356865 
54.889051    0.85209546 
55.206157    0.84291281 
55.527580    0.82916066 
55.852752    0.81478743 
56.181224    0.80185313 
56.512914    0.79109803 
56.848008    0.78313832 
57.186786    0.77832448 
57.529485    0.77648186 
57.876166    0.77729308 
58.226670    0.78032730 
58.580693    0.78484559 
58.937903    0.78985351 
59.298041    0.79432954 
59.660938    0.79735985 
60.026444    0.79828188 
60.394307    0.79694065 
60.764107    0.79382610 
61.135288    0.78985563 
61.507263    0.78620511 
61.879433    0.78441929 
62.251173    0.78594562 
62.621962    0.79108926 
62.991444    0.79967563 
63.359436    0.81119160 
63.725997    0.82359317 
64.091441    0.83323181 
64.456162    0.83699612 
64.820352    0.83458282 
65.183915    0.82814874 
65.546628    0.82028160 
65.908325    0.81295830 
66.268880    0.80802378 
66.628138    0.80712351 
66.985983    0.81094523 
67.342232    0.82020934 
67.696615    0.83475515 
68.049028    0.85097494 
68.399897    0.86139680 
68.749971    0.86069307 
69.099589    0.85154543 
69.448535    0.84015869 
69.796497    0.83031503 
70.143306    0.82381175 
70.488860    0.82212447 
70.833139    0.82566189 
71.176048    0.83487345 
71.517220    0.85032059 
71.856126    0.86991466 
72.192614    0.88552990 
72.527284    0.88647558 
72.860740    0.87222912 
73.192926    0.85285605 
73.523712    0.83607141 
73.853434    0.82421240 
74.182723    0.81800013 
74.512296    0.81704380 
74.842760    0.82057305 
75.174418    0.82819848 
75.507289    0.83875070 
75.841325    0.84885560 
76.176684    0.85310385 
76.513651    0.84800285 
76.852195    0.83590155 
77.191869    0.82215556 
77.532235    0.81026643 
77.873167    0.80162796 
78.214827    0.79690573 
78.557642    0.79565373 
78.902180    0.79697826 
79.248943    0.80024994 
79.598265    0.80464256 
79.950329    0.80877368 
80.305220    0.81094392 
80.662911    0.81002823 
81.023187    0.80624443 
81.385627    0.80083662 
81.749705    0.79513028 
82.114938    0.79011723 
82.480948    0.78668636 
82.847482    0.78559006 
83.214470    0.78682801 
83.582005    0.78997849 
83.950221    0.79475622 
84.319209    0.80079352 
84.689008    0.80723353 
85.059654    0.81264022 
85.431172    0.81553937 
85.803514    0.81529458 
86.176466    0.81242045 
86.549656    0.80809646 
86.922611    0.80370531 
87.294766    0.80100484 
87.665446    0.80206588 
88.034009    0.80795026 
88.399836    0.81928171 
88.762256    0.83622285 
89.120793    0.85567636 
89.475655    0.86957005 
89.827695    0.87052472 
90.177608    0.86002763 
90.525568    0.84535208 
90.871565    0.83210920 
91.215615    0.82339112 
91.557639    0.82156281 
91.897461    0.82761766 
92.234617    0.84278047 
92.568185    0.86797812 
92.897172    0.89798936 
93.221648    0.91527916 
93.542810    0.90481596 
93.861094    0.87766902 
94.176183    0.85248380 
94.488480    0.83541147 
94.799246    0.82649689 
95.110054    0.82437730 
95.422372    0.82703871 
95.737247    0.83299499 
96.055284    0.84050932 
96.376806    0.84684039 
96.702038    0.84849092 
97.031152    0.84332110 
97.364076    0.83278450 
97.700415    0.82070605 
98.039714    0.80994317 
98.381731    0.80142755 
98.726463    0.79533066 
99.074055    0.79153180 
99.424757    0.78941389 
99.778831    0.78837783 
100.136455    0.78813650 
100.497672    0.78855996 
100.862401    0.78952591 
101.230453    0.79086903 
101.601565    0.79236766 
101.975425    0.79372027 
102.351696    0.79457657 
102.730021    0.79467205 
103.110021    0.79395478 
103.491280    0.79264642 
103.873306    0.79138667 
104.255462    0.79152286 
104.636935    0.79484240 
105.016897    0.80220135 
105.394621    0.81355567 
105.769523    0.82808221 
106.141328    0.84321512 
106.510218    0.85483432 
106.876751    0.85946499 
107.241527    0.85658954 
107.604892    0.84858531 
107.966853    0.83885997 
108.327102    0.83063537 
108.684965    0.82732756 
109.039426    0.83201531 
109.389192    0.84726122 
109.732423    0.87677768 
110.067011    0.91890258 
110.392400    0.95152485 
110.710551    0.94497751 
111.022937    0.91000284 
111.329727    0.87604140 
111.631670    0.85344523 
111.930286    0.84259308 
112.227194    0.84204297 
112.523675    0.84975819 
112.820475    0.86389387 
113.117989    0.88084318 
113.416655    0.89316342 
113.717275    0.89153431 
114.020653    0.87402653 
114.326826    0.85019860 
114.635334    0.83011685 
114.946182    0.81650529 
115.260086    0.80818611 
115.578112    0.80348552 
115.901346    0.80057991 
116.230605    0.79831897 
116.566295    0.79628705 
116.908443    0.79441936 
117.256792    0.79277138 
117.610920    0.79140295 
117.970318    0.79033334 
118.334449    0.78953774 
118.702771    0.78892713 
119.074750    0.78833110 
119.449868    0.78756413 
119.827627    0.78654198 
120.207541    0.78534011 
120.589104    0.78423792 
120.971727    0.78389617 
121.354666    0.78545716 
121.737103    0.78981557 
122.118315    0.79713339 
122.497741    0.80727746 
122.875015    0.81921469 
123.250044    0.83044853 
123.623041    0.83789603 
123.994446    0.83956242 
124.364743    0.83557272 
124.734245    0.82792052 
125.102951    0.81942206 
125.470443    0.81305011 
125.835765    0.81229112 
126.197514    0.82019955 
126.553912    0.83971172 
126.902687    0.87410603 
127.241861    0.91709574 
127.571816    0.94117972 
127.894843    0.92658522 
128.212122    0.89328041 
128.524044    0.86412508 
128.831546    0.84533210 
129.135863    0.83762979 
129.438094    0.84007039 
129.738920    0.85157256 
130.038550    0.87078716 
130.337026    0.89273522 
130.634819    0.90556098 
130.933109    0.89686308 
131.232753    0.87023743 
131.533492    0.84226003 
131.835071    0.82234544 
132.138239    0.81031652 
132.444483    0.80386733 
132.755462    0.80053005 
133.072556    0.79843228 
133.396602    0.79674582 
133.727877    0.79520614 
134.066227    0.79376867 
134.411238    0.79243795 
134.762370    0.79118430 
135.119059    0.78993307 
135.480742    0.78858865 
135.846863    0.78704680 
136.216861    0.78522183 
136.590157    0.78312470 
136.966162    0.78093091 
137.344280    0.77901555 
137.723886    0.77804799 
138.104290    0.77897347 
138.484786    0.78232420 
138.864783    0.78783665 
139.243834    0.79521011 
139.621643    0.80417721 
139.998073    0.81374442 
140.373172    0.82178289 
140.747142    0.82581950 
141.120240    0.82458321 
141.492659    0.81887790 
141.864417    0.81107233 
142.235294    0.80406521 
142.604692    0.80103823 
142.971582    0.80494366 
143.334666    0.81746070 
143.692327    0.84049086 
144.042964    0.87238293 
144.386212    0.89950963 
144.723561    0.90272299 
145.056565    0.88342802 
145.385745    0.85885435 
145.711469    0.83924801 
146.034388    0.82745233 
146.355153    0.82438447 
146.674283    0.82947581 
146.991948    0.84259220 
147.307951    0.86276205 
147.622088    0.88397080 
147.934850    0.89277140 
148.247349    0.87970408 
148.559973    0.85403886 
148.872328    0.83079248 
149.184563    0.81493965 
149.497737    0.80556977 
149.813330    0.80102100 
150.132818    0.79929897 
150.457313    0.79915567 
150.787415    0.79996556 
151.123258    0.80123848 
151.464643    0.80238675 
151.811198    0.80272421 
152.162495    0.80168241 
152.518109    0.79909945 
152.877605    0.79528804 
153.240528    0.79081812 
153.606394    0.78631213 
153.974689    0.78242316 
154.344865    0.77989779 
154.716358    0.77944387 
155.088699    0.78116249 
155.461583    0.78460406 
155.834818    0.78937610 
156.208262    0.79515465 
156.581818    0.80135141 
156.955475    0.80684160 
157.329318    0.81014431 
157.703449    0.81018400 
158.077863    0.80699563 
158.452370    0.80169984 
158.826610    0.79605323 
159.200059    0.79232019 
159.571993    0.79305835 
159.941637    0.79957083 
160.308169    0.81242684 
160.670721    0.83128868 
161.028797    0.85158380 
161.382867    0.86364656 
161.734078    0.86107527 
162.083263    0.84810926 
162.430683    0.83295813 
162.776437    0.82054249 
163.120598    0.81327008 
163.463138    0.81262670 
163.803987    0.81877657 
164.142852    0.83233103 
164.479155    0.85301962 
164.812429    0.87502280 
165.143086    0.88472339 
165.472143    0.87379877 
165.799868    0.85194838 
166.126002    0.83198408 
166.450842    0.81798326 
166.775324    0.81008047 
167.100629    0.80744131 
167.427895    0.80861679 
167.757925    0.81274618 
168.091105    0.81897623 
168.427511    0.82563914 
168.767099    0.83000600 
169.109838    0.82945286 
169.455619    0.82365637 
169.804115    0.81496702 
170.154875    0.80611798 
170.507531    0.79863355 
170.861859    0.79331238 
171.217707    0.79076791 
171.575015    0.79082429 
171.933822    0.79276239 
172.294177    0.79607445 
172.656088    0.80033318 
173.019530    0.80482389 
173.384496    0.80839431 
173.751028    0.80975924 
174.119166    0.80822001 
174.488841    0.80419098 
174.859815    0.79892708 
175.231697    0.79383471 
175.603977    0.79029441 
175.976027    0.78979360 
176.347241    0.79298868 
176.717165    0.79966731 
177.085444    0.80954335 
177.451862    0.82134808 
177.816512    0.83175214 
178.179884    0.83646651 
178.542596    0.83373898 
178.905021    0.82584009 
179.267204    0.81649975 
179.629009    0.80853760 
179.990163    0.80406537 
180.350236    0.80475444 
180.708781    0.81097443 
181.065261    0.82317111 
181.419006    0.84117092 
181.769554    0.86065615 
182.117243    0.87163694 
182.462990    0.86716972 
182.807274    0.85241634 
183.150045    0.83657236 
183.491365    0.82417175 
183.831559    0.81680267 
184.171059    0.81507415 
184.510319    0.81845051 
184.849602    0.82676808 
185.188885    0.83947000 
185.528040    0.85343419 
185.867220    0.86189153 
186.206912    0.85894123 
186.547334    0.84663724 
186.888200    0.83215271 
187.229234    0.82005648 
187.570513    0.81171798 
187.912356    0.80764749 
188.255222    0.80732059 
188.599573    0.80986284 
188.945696    0.81474127 
189.293678    0.82111122 
189.643510    0.82717830 
189.995232    0.83034956 
190.348958    0.82872550 
190.704705    0.82273038 
191.062284    0.81462675 
191.421388    0.80665516 
191.781709    0.80028378 
192.142951    0.79663008 
192.504855    0.79621546 
192.867289    0.79851501 
193.230203    0.80294066 
193.593541    0.80897890 
193.957270    0.81558037 
194.321460    0.82085588 
194.686321    0.82273348 
195.052088    0.82039654 
195.418841    0.81492012 
195.786461    0.80830391 
196.154697    0.80235179 
196.523198    0.79864772 
196.891501    0.79866279 
197.259164    0.80274489 
197.625796    0.81067733 
197.990989    0.82216727 
198.354419    0.83548452 
198.716116    0.84631934 
199.076556    0.84975916 
199.436288    0.84488136 
199.795536    0.83534375 
200.154258    0.82533499 
200.512344    0.81747781 
200.869613    0.81373106 
201.225815    0.81525313 
201.580696    0.82216007 
201.933850    0.83487240 
202.284727    0.85259468 
202.633033    0.86997936 
202.979206    0.87729498 
203.324026    0.87005505 
203.667751    0.85476580 
204.010254    0.83961760 
204.351601    0.82822722 
204.692102    0.82199431 
205.032165    0.82122346 
205.372207    0.82524690 
205.712441    0.83378411 
206.052827    0.84588873 
206.393281    0.85803409 
206.734010    0.86388820 
207.075451    0.85914457 
207.417745    0.84668162 
207.760634    0.83280175 
208.103914    0.82124750 
208.447675    0.81330107 
208.792186    0.80948817 
209.137850    0.80919173 
209.485075    0.81152597 
209.834127    0.81590775 
210.185099    0.82142095 
210.538016    0.82630621 
210.892944    0.82828458 
211.249974    0.82597684 
211.609082    0.82007416 
211.970061    0.81263114 
212.332608    0.80554539 
212.696422    0.80010791 
213.061190    0.79738019 
213.426628    0.79781525 
213.792564    0.80089523 
214.158890    0.80605808 
214.525498    0.81277229 
214.892302    0.81995312 
215.259331    0.82569167 
215.626758    0.82793827 
215.994791    0.82590908 
216.363501    0.82065814 
216.732782    0.81414010 
217.102404    0.80819312 
217.472008    0.80456933 
217.841095    0.80496230 
218.209148    0.80988603 
218.575663    0.81936082 
218.940089    0.83316620 
219.302011    0.84890517 
219.661516    0.86068300 
220.019229    0.86261269 
220.375742    0.85494070 
220.731225    0.84302846 
221.085627    0.83164361 
221.438883    0.82347147 
221.790869    0.82051311 
222.141430    0.82350325 
222.490333    0.83273396 
222.837101    0.84866136 
223.181163    0.86892346 
223.522459    0.88455847 
223.861763    0.88449297 
224.199750    0.86946201 
224.536372    0.85039862 
224.871553    0.83462861 
225.205666    0.82418975 
225.539354    0.81959987 
225.873375    0.82000341 
226.208363    0.82452035 
226.544664    0.83243736 
226.882392    0.84186836 
227.221660    0.84882384 
227.562742    0.84874393 
227.905866    0.84075167 
228.250899    0.82877046 
228.597496    0.81717189 
228.945453    0.80799810 
229.294789    0.80201693 
229.645652    0.79943737 
229.998306    0.79950226 
230.353025    0.80140337 
230.709964    0.80461246 
231.069149    0.80846641 
231.430531    0.81190224 
231.794060    0.81363440 
232.159702    0.81278360 
232.527373    0.80943503 
232.896895    0.80452756 
233.267994    0.79927936 
233.640335    0.79484133 
234.013498    0.79241604 
234.386990    0.79304358 
234.760372    0.79674828 
235.133303    0.80306535 
235.505495    0.81152007 
235.876747    0.82098752 
236.247066    0.82914311 
236.616716    0.83317972 
236.986066    0.83177084 
237.355342    0.82608238 
237.724529    0.81860458 
238.093426    0.81172087 
238.461641    0.80767661 
238.828566    0.80863593 
239.193524    0.81548270 
239.555728    0.82895277 
239.914259    0.84902501 
240.268501    0.87077842 
240.618830    0.88276776 
240.966303    0.87760414 
241.311513    0.86148839 
241.654527    0.84439246 
241.995496    0.83126229 
242.334733    0.82414654 
242.672578    0.82378985 
243.009309    0.82989060 
243.344926    0.84258502 
243.679155    0.86047647 
244.011873    0.87697582 
244.343626    0.88088670 
244.675176    0.86824492 
245.006560    0.84836909 
245.337480    0.83089965 
245.668130    0.81873795 
245.999208    0.81203967 
246.331642    0.80989573 
246.666363    0.81082853 
247.004044    0.81390337 
247.345035    0.81822691 
247.689439    0.82238165 
248.037252    0.82445639 
248.388434    0.82296878 
248.742857    0.81803051 
249.100241    0.81122704 
249.460223    0.80428725 
249.822462    0.79833091 
250.186664    0.79415084 
250.552547    0.79240616 
250.919882    0.79306275 
251.288539    0.79548353 
251.658430    0.79913228 
252.029452    0.80360263 
252.401498    0.80835540 
252.774489    0.81255459 
253.148412    0.81516487 
253.523300    0.81539256 
253.899157    0.81319333 
254.275875    0.80933867 
254.653205    0.80506942 
255.030726    0.80195616 
255.407790    0.80202921 
255.783598    0.80674585 
256.157367    0.81638670 
256.528320    0.83090914 
256.895842    0.84845879 
257.259872    0.86352557 
257.621048    0.86938062 
257.980198    0.86442842 
258.337791    0.85320248 
258.693935    0.84111479 
259.048582    0.83168763 
259.401500    0.82759833 
259.752294    0.83049298 
260.100442    0.84121266 
260.445099    0.86107343 
260.785273    0.88804454 
261.120718    0.90979754 
261.452533    0.90918658 
261.781699    0.88809169 
262.108214    0.86364597 
262.432223    0.84521446 
262.754568    0.83430234 
263.076406    0.83053979 
263.398910    0.83230222 
263.722948    0.83837869 
264.048989    0.84745324 
264.377246    0.85674003 
264.707930    0.86157268 
265.041338    0.85802295 
265.377563    0.84709471 
265.716302    0.83383165 
266.057168    0.82217901 
266.400046    0.81339431 
266.745084    0.80774286 
267.092568    0.80499905 
267.442852    0.80426934 
267.796229    0.80480607 
268.152835    0.80616953 
268.512641    0.80796264 
268.875505    0.80968131 
269.241239    0.81074341 
269.609649    0.81064905 
269.980541    0.80915837 
270.353700    0.80640685 
270.728857    0.80290832 
271.105668    0.79942330 
271.483689    0.79689599 
271.862338    0.79653395 
272.240953    0.79923031 
272.618947    0.80486370 
272.995849    0.81301440 
273.371309    0.82302226 
273.745171    0.83322580 
274.117577    0.84085602 
274.488918    0.84340620 
274.859616    0.84043003 
275.229901    0.83371378 
275.599748    0.82591205 
275.968880    0.81961307 
276.336708    0.81759967 
276.702379    0.82207902 
277.064898    0.83426249 
277.423025    0.85553336 
277.775561    0.88349271 
278.122343    0.90557073 
278.464604    0.90646553 
278.803460    0.88884867 
279.139184    0.86729984 
279.472028    0.85022003 
279.802545    0.84016996 
280.131339    0.83802452 
280.458936    0.84323232 
280.785539    0.85564818 
281.111013    0.87403887 
281.435245    0.89231272 
281.758734    0.89861038 
282.082346    0.88640980 
282.406244    0.86451457 
282.730069    0.84466788 
283.053963    0.83072974 
283.378728    0.82251521 
283.705474    0.81890792 
284.035321    0.81816800 
284.369110    0.81915487 
284.707295    0.82112343 
285.049991    0.82325129 
285.397104    0.82451605 
285.748442    0.82397307 
286.103762    0.82126970 
286.462762    0.81686415 
286.825078    0.81164640 
287.190320    0.80645630 
287.558093    0.80200061 
287.927977    0.79900480 
288.299521    0.79813893 
288.672304    0.79947631 
289.046018    0.80248881 
289.420438    0.80667035 
289.795383    0.81166766 
290.170710    0.81704759 
290.546344    0.82203159 
290.922298    0.82547443 
291.298658    0.82632649 
291.675481    0.82430292 
292.052706    0.82012133 
292.430102    0.81523113 
292.807215    0.81164158 
293.183302    0.81194443 
293.557427    0.81796068 
293.928603    0.83036630 
294.295804    0.84918433 
294.658324    0.87083938 
295.016385    0.88628001 
295.371049    0.88759952 
295.723286    0.87676419 
296.073519    0.86165499 
296.421885    0.84816114 
296.768406    0.83947984 
297.112914    0.83789073 
297.455119    0.84415346 
297.794480    0.85931321 
298.130127    0.88362660 
298.461364    0.91030830 
298.788699    0.92159311 
299.113444    0.90695900 
299.435978    0.88017080 
299.756160    0.85711201 
300.074576    0.84189227 
300.392473    0.83420985 
300.711293    0.83245429 
301.032303    0.83473718 
301.356346    0.83979112 
301.683847    0.84610416 
302.014974    0.85123466 
302.349822    0.85218217 
302.688434    0.84736456 
303.030653    0.83828005 
303.376095    0.82809530 
303.724362    0.81902824 
304.075224    0.81192248 
304.428583    0.80720780 
304.784403    0.80499944 
305.142717    0.80472763 
305.503572    0.80571542 
305.866960    0.80754378 
306.232793    0.80990197 
306.600926    0.81241272 
306.971190    0.81456555 
307.343434    0.81575829 
307.717522    0.81547812 
308.093304    0.81359933 
308.470559    0.81053352 
308.848956    0.80708444 
309.228023    0.80437497 
309.607105    0.80401178 
309.985425    0.80737994 
310.362274    0.81465672 
310.737062    0.82552822 
311.109368    0.83874011 
311.479135    0.85102228 
311.846776    0.85798556 
312.212962    0.85728489 
312.578231    0.85040481 
312.942808    0.84088329 
313.306642    0.83198387 
313.669418    0.82644081 
314.030520    0.82683363 
314.389183    0.83441009 
314.744449    0.85045516 
315.095149    0.87527609 
315.440508    0.90189018 
315.781124    0.91358120 
316.118325    0.90212488 
316.452617    0.87972906 
316.784071    0.85943711 
317.113179    0.84551813 
317.440745    0.83903284 
317.767625    0.83945792 
318.094495    0.84588513 
318.421667    0.85761712 
318.749188    0.87209835 
319.077205    0.88283807 
319.406240    0.88191013 
319.736731    0.86863499 
320.068508    0.85092852 
320.401231    0.83560336 
320.734994    0.82454959 
321.070308    0.81783300 
321.407873    0.81478703 
321.748401    0.81416522 
322.092411    0.81513722 
322.440139    0.81712145 
322.791585    0.81940140 
323.146613    0.82102638 
323.505048    0.82105403 
323.866699    0.81901108 
324.231339    0.81514251 
324.598673    0.81020096 
324.968348    0.80509439 
325.339957    0.80073619 
325.713030    0.79810225 
326.087036    0.79803531 
326.461504    0.80052770 
326.836091    0.80499704 
327.210548    0.81093715 
327.584706    0.81772199 
327.958522    0.82417025 
328.332113    0.82853814 
328.705716    0.82932039 
329.079539    0.82629158 
329.453628    0.82065167 
329.827832    0.81429968 
330.201794    0.80937313 
330.574895    0.80834371 
330.946347    0.81287267 
331.315323    0.82347866 
331.680926    0.84032901 
332.042464    0.86055792 
332.400041    0.87567489 
332.754617    0.87711110 
333.107090    0.86613472 
333.457793    0.85087988 
333.806826    0.83737679 
334.154296    0.82852077 
334.500224    0.82612972 
334.844585    0.83047767 
335.187175    0.84192172 
335.527513    0.86029580 
335.865178    0.88069785 
336.200522    0.89088616 
336.534537    0.88203866 
336.867616    0.86166648 
337.199572    0.84197721 
337.530600    0.82766768 
337.861439    0.81930840 
338.193061    0.81629733 
338.526436    0.81717714 
338.862264    0.82099691 
339.200890    0.82678369 
339.542410    0.83266606 
339.886853    0.83576532 
340.234269    0.83370327 
340.584596    0.82675795 
340.937545    0.81757420 
341.292744    0.80867693 
341.649916    0.80138129 
342.008889    0.79648972 
342.369543    0.79447247 
342.731848    0.79488388 
343.095835    0.79698915 
343.461508    0.80026765 
343.828815    0.80415853 
344.197690    0.80779373 
344.568097    0.81004710 
344.940047    0.80997963 
345.313527    0.80740062 
345.688427    0.80301863 
346.064501    0.79805205 
346.441373    0.79384474 
346.818511    0.79194081 
347.195264    0.79367353 
347.571043    0.79914272 
347.945361    0.80798900 
348.317838    0.81937878 
348.688346    0.83079014 
349.057177    0.83806765 
349.424917    0.83820163 
349.792059    0.83200374 
350.158784    0.82289874 
350.525030    0.81417460 
350.890565    0.80834619 
351.254946    0.80764628 
351.617647    0.81294886 
351.978055    0.82473630 
352.335395    0.84305053 
352.689091    0.86361918 
353.039442    0.87553911 
353.387454    0.87075245 
353.733699    0.85483513 
354.078207    0.83795623 
354.421137    0.82504500 
354.762910    0.81779295 
355.104035    0.81658533 
355.445010    0.82068470 
355.786097    0.82973109 
356.127288    0.84250042 
356.468566    0.85466733 
356.810254    0.85902231 
357.152836    0.85187213 
357.496358    0.83785564 
357.840505    0.82379438 
358.185161    0.81282929 
358.530554    0.80581840 
358.877105    0.80287960 
359.225331    0.80311592 
359.575666    0.80573253 
359.928331    0.81013110 
360.283352    0.81525240 
360.640687    0.81926766 
361.000325    0.82016707 
361.362254    0.81714014 
361.726342    0.81121675 
362.092321    0.80427348 
362.459871    0.79790841 
362.828657    0.79338692 
363.198302    0.79183110 
363.568474    0.79343581 
363.938961    0.79753560 
364.309610    0.80350872 
364.680303    0.81052640 
365.051015    0.81703104 
365.421893    0.82091096 
365.793194    0.82068334 
366.165111    0.81662822 
366.537648    0.81047222 
366.910636    0.80422490 
367.283764    0.79974065 
367.656551    0.79890187 
368.028464    0.80260024 
368.399023    0.81070923 
368.767743    0.82293581 
369.134246    0.83735634 
369.498582    0.84895597 
369.861321    0.85211260 
370.223086    0.84618207 
370.584132    0.83566698 
370.944456    0.82520325 
371.304004    0.81755473 
371.662642    0.81472318 
372.020198    0.81748176 
372.376459    0.82584850 
372.731027    0.83998168 
373.083443    0.85776413 
373.433683    0.87184119 
373.782407    0.87323492 
374.130225    0.86202507 
374.477160    0.84662585 
374.823134    0.83333482 
375.168362    0.82440119 
375.513236    0.82078046 
375.858237    0.82203478 
376.203773    0.82747904 
376.550010    0.83658826 
376.896926    0.84752856 
377.244570    0.85599927 
377.593225    0.85702100 
377.943129    0.84981135 
378.294159    0.83861963 
378.646017    0.82783594 
378.998564    0.81953952 
379.351836    0.81476999 
379.705975    0.81378874 
380.061224    0.81582133 
380.417784    0.82019015 
380.775727    0.82620583 
381.135044    0.83248679 
381.495762    0.83682476 
381.857989    0.83721667 
382.221790    0.83341561 
382.587070    0.82704580 
382.953592    0.82019902 
383.321072    0.81452021 
383.689182    0.81140365 
384.057566    0.81179809 
384.425960    0.81542785 
384.794186    0.82167477 
385.162085    0.82987842 
385.529569    0.83856864 
385.896739    0.84513819 
386.263891    0.84702654 
386.631329    0.84373801 
386.999165    0.83713373 
387.367306    0.82976041 
387.735543    0.82372725 
388.103535    0.82096992 
388.470849    0.82282749 
388.837082    0.82933977 
389.201802    0.84043452 
389.564560    0.85510276 
389.925178    0.86924285 
390.284029    0.87620532 
390.641762    0.87267899 
390.998721    0.86220057 
391.354908    0.85037302 
391.710285    0.84068265 
392.064829    0.83522798 
392.418491    0.83521851 
392.771241    0.84055028 
393.122918    0.85129133 
393.473196    0.86656917 
393.821896    0.88174433 
394.169388    0.88841611 
394.516324    0.88220745 
394.862920    0.86825511 
395.209026    0.85393035 
395.554645    0.84280259 
395.900020    0.83627594 
396.245508    0.83471741 
396.591530    0.83733665 
396.938369    0.84358642 
397.286098    0.85261727 
397.634703    0.86194687 
397.984310    0.86726713 
398.335192    0.86524213 
398.687459    0.85694502 
399.040915    0.84643069 
399.395297    0.83688908 
399.750466    0.82992281 
400.106362    0.82657471 
400.463018    0.82687347 
400.820547    0.83004853 
401.179023    0.83550758 
401.538432    0.84240561 
401.898754    0.84898234 
402.260073    0.85273729 
402.622553    0.85191731 
402.986269    0.84696342 
403.351108    0.83997055 
403.716837    0.83308655 
404.083175    0.82795477 
404.449786    0.82602781 
404.816341    0.82789077 
405.182616    0.83306235 
405.548426    0.84102649 
405.913608    0.85077100 
406.278142    0.85986043 
406.642271    0.86484309 
407.006380    0.86367392 
407.370716    0.85750315 
407.735283    0.84928360 
408.099944    0.84161227 
408.464483    0.83646644 
408.828575    0.83556234 
409.191894    0.83934438 
409.554124    0.84766491 
409.914878    0.86022046 
410.273842    0.87470258 
410.631104    0.88544600 
410.987218    0.88670483 
411.342690    0.87869600 
411.697632    0.86669167 
412.051981    0.85530326 
412.405719    0.84701730 
412.758819    0.84356800 
413.111269    0.84538954 
413.463031    0.85228911 
413.813894    0.86417390 
414.163565    0.87907599 
414.512043    0.89099597 
414.859830    0.89254707 
415.207419    0.88297212 
415.554822    0.86869521 
415.901879    0.85547790 
416.248626    0.84580114 
416.595256    0.84090870 
416.942063    0.84077557 
417.289360    0.84464929 
417.637307    0.85201755 
417.985905    0.86153959 
418.335182    0.86986111 
418.685375    0.87243551 
419.036780    0.86732069 
419.389419    0.85724139 
419.743063    0.84636994 
420.097503    0.83727349 
420.452647    0.83131187 
420.808471    0.82922308 
421.165068    0.83050488 
421.522568    0.83440009 
421.881031    0.84027434 
422.240454    0.84690465 
422.600884    0.85208988 
422.962475    0.85345844 
423.325381    0.85021992 
423.689600    0.84377496 
424.054958    0.83637281 
424.421209    0.82985117 
424.788063    0.82569236 
425.155183    0.82508784 
425.522289    0.82804505 
425.889186    0.83401943 
426.255680    0.84243127 
426.621635    0.85182717 
426.987104    0.85931745 
427.352384    0.86177700 
427.717807    0.85835445 
428.083507    0.85106365 
428.449403    0.84277231 
428.815311    0.83574415 
429.180942    0.83193979 
429.545911    0.83278885 
429.909863    0.83838993 
430.272408    0.84870962 
430.633116    0.86289625 
430.991785    0.87701431 
431.348761    0.88419924 
431.704699    0.88055853 
432.059961    0.86944363 
432.414546    0.85674448 
432.768408    0.84615566 
433.121544    0.83978679 
433.473934    0.83887885 
433.825586    0.84329130 
434.176388    0.85300186 
434.526059    0.86721632 
434.874421    0.88168716 
435.221796    0.88840415 
435.568813    0.88261791 
435.915708    0.86876681 
436.262319    0.85415192 
436.608596    0.84255953 
436.954731    0.83547479 
437.301039    0.83335210 
437.647922    0.83538390 
437.995679    0.84091972 
438.344418    0.84908120 
438.694162    0.85751575 
439.045054    0.86221560 
439.397368    0.86004617 
439.751221    0.85190519 
440.106435    0.84154823 
440.462747    0.83205301 
440.819994    0.82501648 
441.178087    0.82146707 
441.537030    0.82144476 
441.896923    0.82414793 
442.257850    0.82893011 
442.619823    0.83497085 
442.982843    0.84069875 
443.346994    0.84394794 
443.712421    0.84318659 
444.079193    0.83870967 
444.447213    0.83225497 
444.816260    0.82571869 
445.186051    0.82065449 
445.556222    0.81852900 
445.926387    0.82010458 
446.296248    0.82500391 
446.665561    0.83271602 
447.034111    0.84230568 
447.401832    0.85147882 
447.768939    0.85683310 
448.135818    0.85613043 
448.502752    0.85022776 
448.869779    0.84196127 
449.236771    0.83401031 
449.603491    0.82850692 
449.969557    0.82740269 
450.334558    0.83138968 
450.698069    0.84052901 
451.059577    0.85463924 
451.418676    0.87092062 
451.775504    0.88227518 
452.130754    0.88205499 
452.484979    0.87166286 
452.838267    0.85789760 
453.190578    0.84575049 
453.541964    0.83767777 
453.892484    0.83519871 
454.242233    0.83830757 
454.591207    0.84687397 
454.939197    0.86043893 
455.285989    0.87554971 
455.631807    0.88434596 
455.977292    0.88039438 
456.322777    0.86674100 
456.668105    0.85133631 
457.013176    0.83880514 
457.358198    0.83071487 
457.703551    0.82756647 
458.049726    0.82851320 
458.397147    0.83270955 
458.746034    0.83935259 
459.096465    0.84663507 
459.448540    0.85137600 
459.802454    0.85061841 
460.158312    0.84431613 
460.515963    0.83527885 
460.875124    0.82640163 
461.235560    0.81935662 
461.597105    0.81523853 
461.959645    0.81450004 
462.323184    0.81650628 
462.687765    0.82052272 
463.053391    0.82589452 
463.420040    0.83153958 
463.787733    0.83578755 
464.156569    0.83701728 
464.526644    0.83473250 
464.897935    0.82987838 
465.270282    0.82407863 
465.643423    0.81890494 
466.016992    0.81590830 
466.390512    0.81648006 
466.763542    0.82080663 
467.135716    0.82844805 
467.506707    0.83875901 
467.876321    0.84985187 
468.244675    0.85812449 
468.612190    0.86017020 
468.979293    0.85572433 
469.346153    0.84756848 
469.712717    0.83893079 
470.078801    0.83229449 
470.444057    0.82992245 
470.808039    0.83308740 
471.170277    0.84206304 
471.530166    0.85711822 
471.887121    0.87606090 
472.241116    0.89110428 
472.592893    0.89297722 
472.943163    0.88188268 
473.292067    0.86623676 
473.639601    0.85245843 
473.985938    0.84325175 
474.331326    0.84002939 
474.676054    0.84260878 
475.020298    0.85065996 
475.363991    0.86362060 
475.707001    0.87818760 
476.049544    0.88685559 
476.392218    0.88312104 
476.735334    0.86954787 
477.078698    0.85403821 
477.422163    0.84136205 
477.765927    0.83297917 
478.110402    0.82927554 
478.456131    0.82935071 
478.803612    0.83219434 
479.153147    0.83702811 
479.504857    0.84254551 
479.858794    0.84656272 
480.215040    0.84683217 
480.573630    0.84274348 
480.934433    0.83582816 
481.297176    0.82827953 
481.661568    0.82169209 
482.027343    0.81719618 
482.394236    0.81565571 
482.762055    0.81696300 
483.130712    0.82036932 
483.500147    0.82524351 
483.870294    0.83085951 
484.241122    0.83604540 
484.612684    0.83929503 
484.985098    0.83947990 
485.358449    0.83659365 
485.732697    0.83171782 
486.107667    0.82637167 
486.483048    0.82216321 
486.858354    0.82093104 
487.232986    0.82395502 
487.606384    0.83124080 
487.978020    0.84249364 
488.347459    0.85634307 
488.714619    0.86884957 
489.079927    0.87469432 
489.444011    0.87171964 
489.807251    0.86277834 
490.169714    0.85230711 
490.531309    0.84357950 
490.891799    0.83915079 
491.250804    0.84079165 
491.607893    0.84898228 
491.962452    0.86438289 
492.313761    0.88555299 
492.661602    0.90426853 
493.006730    0.90806595 
493.350026    0.89522893 
493.691660    0.87645276 
494.031640    0.86021688 
494.370318    0.84937035 
494.708245    0.84490146 
495.046045    0.84617261 
495.384211    0.85237928 
495.722955    0.86268859 
496.062323    0.87437211 
496.402505    0.88171267 
496.743933    0.87927310 
497.086852    0.86799889 
497.431059    0.85400673 
497.776285    0.84186861 
498.122548    0.83314515 
498.470088    0.82836493 
498.819286    0.82705541 
499.170567    0.82815102 
499.524236    0.83091144 
499.880422    0.83460310 
500.239123    0.83809968 
500.600301    0.83997134 
500.963911    0.83916452 
501.329855    0.83570517 
501.697941    0.83059497 
502.067892    0.82511733 
502.439384    0.82044180 
502.812035    0.81771823 
503.185407    0.81788678 
503.559119    0.82087312 
503.932907    0.82600228 
504.306575    0.83263595 
504.680001    0.83985881 
505.053186    0.84612063 
505.426295    0.84956078 
505.799572    0.84907709 
506.173187    0.84510973 
506.547143    0.83925907 
506.921266    0.83344897 
507.295186    0.82976062 
507.668299    0.83040314 
508.039915    0.83635062 
508.409328    0.84779496 
508.775821    0.86426048 
509.138966    0.88196012 
509.499068    0.89301194 
509.856973    0.89176637 
510.213313    0.88102348 
510.568283    0.86753984 
510.921928    0.85597575 
511.274250    0.84903991 
511.625137    0.84852138 
511.974433    0.85472057 
512.321776    0.86815110 
512.666593    0.88799269 
513.008572    0.90745395 
513.348286    0.91371058 
513.686641    0.90188634 
514.023829    0.88198391 
514.359742    0.86412287 
514.694700    0.85162534 
515.029376    0.84523329 
515.364586    0.84422692 
515.701076    0.84736018 
516.039308    0.85373831 
516.379481    0.86172354 
516.721705    0.86803149 
517.066175    0.86870423 
517.413054    0.86243561 
517.762225    0.85204852 
518.113363    0.84137556 
518.466213    0.83254294 
518.820690    0.82648926 
519.176805    0.82367485 
519.534673    0.82356690 
519.894460    0.82528319 
520.256271    0.82819139 
520.620117    0.83164066 
520.985955    0.83471760 
521.353739    0.83636485 
521.723436    0.83583998 
522.094980    0.83313350 
522.468227    0.82895122 
522.842941    0.82435677 
523.218794    0.82051530 
523.595334    0.81875226 
523.972015    0.82017572 
524.348342    0.82475089 
524.723934    0.83189158 
525.098508    0.84084092 
525.471938    0.85002536 
525.844351    0.85686467 
526.216103    0.85898850 
526.587576    0.85598041 
526.958974    0.84954651 
527.330276    0.84215816 
527.701261    0.83617590 
528.071451    0.83409003 
528.440170    0.83772811 
528.806676    0.84769442 
529.170102    0.86443859 
529.529670    0.88564424 
529.885325    0.90258513 
530.237939    0.90500955 
530.588384    0.89342162 
530.936938    0.87699958 
531.283709    0.86256271 
531.628913    0.85311992 
531.972748    0.85035924 
532.315390    0.85431616 
532.656819    0.86504868 
532.996743    0.88196520 
533.334906    0.90008570 
533.671681    0.90843897 
534.007889    0.89984646 
534.343800    0.88109319 
534.679195    0.86277706 
535.014178    0.84923264 
535.349324    0.84125117 
535.685426    0.83838066 
536.023314    0.83918664 
536.363608    0.84263464 
536.706633    0.84766517 
537.052506    0.85246243 
537.401288    0.85453330 
537.753024    0.85210593 
538.107643    0.84568748 
538.464886    0.83752150 
538.824420    0.82967449 
539.185963    0.82335908 
539.549281    0.81944130 
539.914172    0.81833551 
540.280530    0.81950441 
540.648324    0.82216846 
541.017520    0.82574755 
541.388063    0.82964098 
541.759901    0.83304493 
542.133018    0.83504368 
542.507430    0.83496105 
542.883132    0.83273623 
543.260036    0.82899283 
543.637941    0.82478541 
544.016505    0.82144397 
544.395202    0.82066881 
544.773368    0.82377919 
545.150386    0.83078317 
545.525722    0.84120759 
545.898974    0.85373953 
546.270075    0.86517559 
546.639393    0.87128911 
547.007519    0.86999002 
547.374891    0.86297260 
547.741655    0.85374815 
548.107729    0.84544323 
548.472797    0.84078563 
548.836290    0.84214264 
549.197537    0.85046016 
549.555678    0.86670783 
549.909747    0.88996667 
550.259341    0.91179892 
550.605255    0.91785686 
550.948569    0.90510247 
551.289613    0.88519555 
551.628497    0.86778368 
551.965645    0.85618560 
552.301632    0.85161974 
552.637052    0.85357493 
552.972312    0.86140626 
553.307511    0.87423718 
553.642625    0.88844029 
553.977921    0.89623679 
554.313999    0.89105643 
554.651134    0.87587353 
554.989072    0.85917595 
555.327652    0.84580555 
555.667144    0.83686037 
556.008083    0.83235860 
556.351128    0.83121674 
556.696875    0.83227549 
557.045692    0.83476534 
557.397709    0.83780146 
557.752910    0.84012595 
558.111219    0.84040990 
558.472530    0.83800978 
558.836659    0.83340877 
559.203333    0.82776922 
559.572228    0.82224840 
559.942996    0.81784448 
560.315240    0.81554481 
560.688541    0.81595352 
561.062564    0.81870105 
561.437084    0.82305677 
561.811944    0.82840641 
562.187041    0.83403107 
562.562362    0.83887272 
562.938002    0.84167205 
563.314114    0.84156006 
563.690812    0.83863583 
564.068079    0.83394113 
564.445728    0.82902999 
564.823364    0.82584358 
565.200334    0.82663603 
565.575866    0.83255572 
565.949196    0.84368426 
566.319601    0.85937442 
566.686678    0.87610587 
567.050716    0.88698965 
567.412532    0.88697920 
567.772813    0.87798682 
568.131840    0.86572597 
568.489666    0.85469118 
568.846204    0.84781521 
569.201173    0.84732916 
569.554206    0.85392215 
569.904733    0.86837880 
570.251976    0.89016339 
570.595497    0.91194481 
570.935938    0.91913573 
571.274349    0.90638223 
571.610999    0.88521822 
571.945875    0.86659995 
572.279424    0.85390306 
572.612418    0.84785212 
572.945731    0.84758151 
573.280101    0.85188947 
573.615947    0.85980371 
573.953435    0.86916489 
574.292716    0.87566034 
574.634078    0.87466272 
574.977710    0.86576509 
575.323432    0.85335669 
575.670909    0.84175475 
576.019994    0.83278214 
576.370755    0.82711176 
576.723384    0.82476563 
577.078160    0.82485810 
577.435329    0.82655220 
577.795009    0.82923869 
578.157192    0.83219152 
578.521805    0.83444240 
578.888766    0.83503616 
579.257985    0.83351027 
579.629325    0.83014233 
580.002574    0.82575723 
580.377443    0.82139318 
580.753554    0.81817498 
581.130414    0.81733760 
581.507480    0.81958553 
581.884309    0.82452167 
582.260578    0.83146308 
582.636073    0.83957829 
583.010744    0.84737086 
583.384753    0.85269898 
583.758427    0.85383502 
584.132075    0.85068881 
584.505842    0.84478663 
584.879662    0.83827856 
585.253258    0.83340885 
585.626073    0.83265508 
585.997375    0.83757406 
586.366385    0.84858190 
586.732253    0.86564296 
587.094360    0.88545103 
587.452874    0.89926219 
587.808709    0.89929079 
588.162635    0.88783020 
588.514912    0.87292403 
588.865654    0.86010399 
589.214984    0.85218393 
589.562943    0.85086779 
589.909527    0.85627783 
590.254523    0.86868702 
590.597494    0.88718713 
590.938194    0.90544346 
591.277155    0.91146395 
591.615228    0.90021892 
591.952593    0.88084890 
592.289104    0.86323547 
592.625029    0.85071792 
592.961015    0.84397396 
593.297870    0.84231956 
593.636357    0.84443052 
593.976979    0.84939085 
594.319958    0.85585413 
594.665379    0.86127624 
595.013348    0.86247936 
595.363957    0.85799062 
595.717100    0.84952988 
596.072474    0.84015177 
596.429783    0.83192615 
596.788831    0.82593748 
597.149482    0.82292929 
597.511675    0.82277513 
597.875436    0.82464416 
598.240795    0.82784053 
598.607732    0.83173186 
598.976200    0.83545469 
599.346171    0.83792363 
599.717654    0.83823021 
600.090646    0.83614678 
600.465070    0.83226536 
600.840742    0.82768364 
601.217360    0.82367774 
601.594478    0.82173533 
601.971514    0.82322188 
602.347920    0.82827958 
602.723257    0.83635916 
603.097190    0.84657528 
603.469591    0.85687055 
603.840660    0.86396416 
604.210854    0.86523296 
604.580609    0.86081508 
604.950133    0.85318956 
605.319403    0.84523078 
605.688194    0.83944484 
606.056034    0.83829657 
606.422313    0.84308835 
606.786357    0.85425086 
607.147376    0.87181429 
607.504782    0.89201439 
607.858806    0.90493730 
608.210401    0.90248056 
608.560237    0.88854072 
608.908462    0.87234588 
609.255211    0.85923864 
609.600745    0.85156130 
609.945323    0.85034521 
610.289186    0.85519517 
610.632358    0.86593789 
610.974650    0.88117781 
611.315998    0.89526536 
611.656872    0.89902559 
611.997895    0.88909047 
612.339142    0.87247006 
612.680398    0.85695297 
613.021755    0.84550869 
613.363631    0.83893910 
613.706608    0.83689440 
614.051295    0.83817345 
614.398127    0.84191653 
614.747302    0.84711161 
615.098874    0.85192330 
615.452886    0.85389723 
615.809393    0.85144727 
616.168332    0.84523505 
616.529470    0.83743160 
616.892505    0.82998976 
617.257160    0.82419560 
617.623163    0.82109256 
617.990270    0.82106540 
618.358343    0.82346991 
618.727313    0.82754395 
619.097117    0.83260105 
619.467712    0.83766469 
619.839118    0.84137855 
620.211438    0.84248018 
620.584777    0.84055486 
620.959147    0.83630732 
621.334424    0.83110749 
621.710344    0.82649999 
622.086476    0.82423476 
622.462238    0.82588280 
622.837067    0.83165575 
623.210476    0.84112058 
623.582063    0.85323857 
623.951691    0.86508332 
624.319660    0.87212281 
624.686545    0.87149724 
625.052799    0.86457805 
625.418573    0.85510939 
625.783818    0.84638567 
626.148323    0.84096449 
626.511694    0.84096388 
626.873483    0.84698216 
627.233149    0.85936084 
627.590050    0.87739857 
627.943859    0.89553674 
628.295082    0.90327720 
628.644618    0.89582341 
628.992852    0.88008796 
629.339806    0.86451827 
629.685653    0.85294314 
630.030712    0.84704059 
630.375357    0.84701322 
630.719919    0.85217135 
631.064512    0.86202905 
631.409076    0.87461025 
631.753689    0.88455728 
632.098782    0.88519872 
632.444756    0.87555474 
632.791553    0.86148000 
633.138937    0.84850462 
633.486910    0.83885619 
633.835692    0.83341424 
634.185630    0.83200388 
634.537127    0.83360943 
634.890469    0.83746567 
635.245770    0.84265132 
635.603048    0.84748720 
635.962342    0.84973371 
636.323712    0.84791525 
636.687127    0.84253081 
637.052393    0.83547707 
637.419231    0.82861884 
637.787344    0.82336231 
638.156399    0.82093987 
638.526076    0.82183490 
638.896172    0.82542586 
639.266559    0.83096516 
639.637140    0.83760598 
640.007896    0.84390862 
640.378945    0.84791522 
640.750506    0.84814407 
641.122758    0.84465869 
641.495722    0.83893401 
641.869254    0.83286718 
642.243071    0.82830635 
642.616714    0.82717769 
642.989649    0.83051490 
643.361401    0.83811064 
643.731524    0.84946521 
644.099698    0.86267902 
644.465987    0.87327773 
644.830901    0.87636596 
645.195010    0.87120254 
645.558581    0.86148365 
645.921624    0.85138011 
646.284049    0.84371617 
646.645639    0.84072828 
647.006114    0.84341428 
647.365172    0.85180271 
647.722377    0.86584555 
648.077319    0.88293209 
648.430099    0.89537004 
648.781435    0.89509840 
649.131914    0.88337344 
649.481596    0.86820997 
649.830467    0.85518813 
650.178716    0.84658679 
650.526616    0.84350011 
650.874506    0.84547135 
651.222634    0.85189918 
651.571041    0.86198256 
651.919701    0.87292837 
652.268795    0.87929062 
652.618734    0.87660866 
652.969722    0.86639381 
653.321592    0.85398891 
653.674139    0.84318197 
654.027346    0.83561008 
654.381316    0.83213698 
654.736260    0.83238984 
655.092425    0.83547703 
655.449954    0.84068437 
655.808882    0.84682348 
656.169240    0.85176539 
656.531136    0.85312435 
656.894681    0.84998528 
657.259834    0.84364307 
657.626395    0.83631850 
657.994097    0.82985056 
658.362642    0.82570499 
658.731694    0.82502050 
659.100990    0.82770985 
659.470370    0.83303073 
659.839714    0.84022540 
660.208956    0.84794137 
660.578180    0.85389614 
660.947638    0.85579508 
661.317594    0.85302387 
661.688151    0.84705566 
662.059224    0.84015833 
662.430594    0.83437398 
662.801904    0.83164409 
663.172693    0.83333820 
663.542553    0.83939566 
663.911101    0.84942524 
664.278001    0.86216974 
664.643189    0.87391521 
665.007049    0.87935184 
665.370159    0.87612476 
665.732843    0.86705962 
666.095132    0.85663158 
666.456953    0.84797427 
666.818161    0.84331869 
667.178541    0.84401071 
667.537899    0.84999231 
667.895949    0.86118672 
668.252339    0.87622046 
668.606989    0.88980163 
668.960393    0.89408726 
669.313185    0.88668744 
669.665557    0.87327602 
670.017431    0.86010339 
670.368849    0.85020096 
670.719958    0.84515268 
671.070973    0.84522819 
671.422122    0.84974585 
671.773490    0.85818592 
672.125027    0.86894056 
672.476782    0.87787900 
672.829083    0.87974245 
673.182274    0.87310294 
673.536359    0.86186357 
673.891123    0.85059629 
674.246440    0.84173641 
674.602299    0.83661839 
674.958773    0.83565257 
675.316029    0.83807473 
675.674204    0.84315879 
676.033336    0.84996625 
676.393444    0.85653981 
676.754647    0.86004839 
677.117141    0.85855350 
677.481009    0.85270126 
677.846129    0.84491731 
678.212270    0.83749141 
678.579173    0.83209000 
678.946541    0.83009771 
679.314113    0.83183507 
679.681738    0.83662683 
680.049301    0.84376798 
680.416719    0.85203029 
680.784041    0.85904060 
681.151509    0.86199390 
681.519425    0.85969900 
681.887935    0.85353031 
682.256972    0.84602757 
682.626345    0.83941870 
682.995756    0.83562640 
683.364809    0.83613189 
683.733156    0.84096496 
684.100493    0.84970321 
684.466525    0.86139396 
684.831145    0.87300006 
685.194643    0.87951392 
685.557557    0.87777641 
685.920239    0.86961789 
686.282734    0.85934137 
686.644956    0.85025995 
687.006774    0.84460387 
687.367980    0.84394613 
687.728400    0.84833233 
688.087825    0.85754485 
688.445959    0.87072789 
688.802656    0.88409010 
689.158244    0.89079090 
689.513330    0.88675600 
689.868217    0.87534767 
690.222855    0.86258268 
690.577195    0.85208044 
690.931288    0.84572369 
691.285222    0.84441716 
691.639149    0.84765730 
691.993141    0.85494710 
692.347139    0.86525806 
692.701114    0.87538357 
693.055312    0.88008428 
693.410139    0.87622695 
693.765744    0.86620957 
694.121974    0.85479321 
694.478662    0.84509518 
694.835746    0.83877153 
695.193222    0.83675287 
695.551186    0.83858673 
695.909747    0.84353492 
696.268933    0.85080070 
696.628738    0.85855163 
696.989277    0.86364107 
697.350799    0.86331922 
697.713479    0.85768097 
698.077255    0.84935863 
698.441916    0.84109952 
698.807233    0.83479065 
699.172948    0.83192762 
699.538833    0.83302037 
699.904771    0.83743463 
700.270672    0.84448224 
700.636457    0.85296258 
701.002169    0.86038266 
701.368057    0.86360458 
701.734444    0.86117101 
702.101480    0.85454761 
702.469096    0.84652779 
702.837106    0.83945480 
703.205247    0.83520616 
703.573181    0.83517756 
703.940634    0.83931679 
704.307380    0.84710950 
704.673199    0.85764952 
705.038010    0.86827029 
705.402063    0.87451263 
705.765833    0.87329507 
706.129648    0.86591676 
706.493542    0.85622054 
706.857408    0.84737745 
707.221094    0.84154127 
707.584374    0.84033418 
707.947058    0.84390016 
708.308956    0.85189993 
708.669812    0.86363915 
709.029468    0.87616868 
709.388154    0.88371787 
709.746414    0.88190478 
710.104600    0.87250739 
710.462706    0.86074537 
710.820638    0.85040569 
711.178359    0.84359377 
711.535831    0.84165075 
711.893079    0.84441500 
712.250105    0.85142313 
712.606791    0.86192096 
712.963048    0.87312120 
713.319076    0.87970584 
713.675329    0.87755764 
714.032065    0.86822533 
714.389198    0.85664143 
714.746567    0.84643808 
715.104101    0.83954174 
715.461776    0.83713890 
715.819658    0.83897307 
716.177838    0.84434386 
716.536322    0.85248398 
716.895091    0.86138614 
717.254285    0.86733191 
717.614222    0.86697090 
717.975132    0.86049759 
718.336963    0.85118100 
718.699515    0.84219313 
719.062596    0.83551350 
719.426017    0.83258493 
719.789646    0.83370245 
720.153455    0.83814314 
720.517413    0.84519619 
720.881483    0.85352179 
721.245739    0.86042903 
721.610445    0.86277796 
721.975894    0.85945897 
722.342179    0.85231552 
722.709184    0.84420628 
723.076709    0.83734477 
723.444498    0.83346967 
723.812258    0.83370452 
724.179781    0.83776235 
724.546909    0.84502823 
724.913493    0.85452555 
725.279500    0.86380591 
725.645162    0.86909761 
726.010880    0.86792442 
726.376916    0.86138850 
726.743274    0.85270562 
727.109819    0.84466971 
727.476353    0.83932774 
727.842588    0.83832552 
728.208266    0.84189789 
728.573156    0.84966604 
728.936988    0.86096234 
729.299593    0.87316703 
729.661167    0.88108788 
730.022222    0.88046845 
730.383137    0.87240679 
730.743947    0.86152574 
731.104555    0.85158374 
731.464865    0.84485880 
731.824743    0.84297895 
732.184097    0.84606640 
732.542821    0.85376841 
732.900713    0.86543526 
733.257621    0.87813596 
733.613761    0.88588195 
733.969670    0.88389528 
734.325677    0.87395269 
734.681730    0.86165689 
735.037705    0.85099608 
735.393580    0.84401559 
735.749379    0.84188754 
736.105220    0.84425638 
736.461211    0.85046280 
736.817354    0.85963630 
737.173646    0.86927518 
737.530285    0.87493486 
737.887652    0.87316796 
738.245960    0.86506882 
738.605108    0.85472119 
738.964902    0.84539080 
739.325206    0.83890558 
739.685924    0.83645160 
740.047053    0.83788104 
740.408664    0.84237412 
740.770794    0.84916599 
741.133449    0.85677526 
741.496729    0.86253296 
741.860871    0.86372276 
742.226087    0.85978778 
742.592390    0.85269787 
742.959617    0.84503902 
743.327541    0.83876467 
743.695889    0.83547104 
744.064363    0.83608681 
744.432763    0.84020812 
744.800944    0.84716963 
745.168778    0.85598800 
745.536243    0.86446317 
745.903544    0.86937564 
746.271023    0.86860658 
746.638911    0.86296982 
747.007207    0.85516168 
747.375765    0.84773678 
747.744339    0.84273830 
748.112572    0.84194063 
748.480114    0.84575993 
748.846659    0.85384953 
749.211885    0.86555385 
749.575597    0.87826715 
749.937992    0.88674825 
750.299615    0.88660168 
750.660894    0.87878718 
751.021914    0.86792522 
751.382601    0.85789483 
751.742856    0.85111199 
752.102522    0.84933648 
752.461467    0.85278208 
752.819537    0.86117714 
753.176476    0.87387150 
753.532113    0.88758052 
753.886705    0.89557793 
754.240853    0.89281444 
754.594909    0.88176705 
754.948824    0.86868990 
755.302520    0.85766392 
755.656041    0.85067508 
756.009488    0.84873127 
756.363049    0.85132550 
756.716865    0.85781287 
757.070947    0.86723332 
757.425301    0.87683274 
757.780141    0.88194646 
758.135837    0.87931591 
758.492557    0.87052041 
758.850161    0.85985456 
759.208450    0.85047878 
759.567310    0.84410665 
759.926674    0.84179552 
760.286582    0.84325486 
760.647130    0.84765479 
761.008365    0.85421739 
761.370301    0.86145008 
761.733030    0.86676760 
762.096765    0.86764026 
762.461684    0.86363048 
762.827774    0.85664421 
763.194858    0.84914208 
763.562697    0.84301399 
763.931000    0.83983495 
764.299457    0.84050423 
764.667858    0.84458860 
765.036060    0.85138008 
765.403947    0.85986974 
765.771515    0.86793312 
766.138970    0.87255378 
766.506649    0.87176943 
766.874781    0.86632028 
767.243381    0.85871889 
767.612306    0.85141612 
767.981313    0.84642772 
768.350031    0.84553902 
768.718092    0.84920857 
769.085176    0.85706435 
769.450960    0.86844625 
769.815249    0.88088213 
770.178225    0.88938467 
770.540418    0.88962872 
770.902269    0.88228448 
771.263891    0.87168917 
771.625220    0.86167708 
771.986148    0.85470631 
772.346490    0.85265196 
772.706063    0.85590013 
773.064671    0.86424248 
773.422008    0.87715768 
773.777849    0.89149989 
774.132415    0.90037033 
774.486326    0.89816441 
774.839977    0.88707800 
775.193346    0.87361172 
775.546361    0.86212976 
775.899076    0.85474263 
776.251597    0.85256481 
776.604105    0.85515991 
776.956729    0.86192883 
777.309460    0.87191084 
777.662288    0.88213128 
778.015449    0.88743006 
778.369354    0.88425158 
778.724186    0.87452331 
779.079800    0.86304443 
779.436013    0.85314777 
779.792753    0.84653013 
780.150020    0.84413087 
780.507923    0.84549302 
780.866618    0.84974504 
781.226187    0.85605059 
781.586674    0.86281557 
781.948189    0.86742369 
782.310940    0.86751099 
782.675080    0.86291174 
783.040562    0.85565230 
783.407191    0.84811680 
783.774726    0.84207680 
784.142886    0.83899347 
784.511383    0.83959824 
784.880038    0.84335716 
785.248739    0.84951956 
785.617399    0.85711260 
785.986021    0.86427275 
786.354777    0.86843668 
786.723949    0.86788689 
787.093733    0.86311629 
787.464136    0.85621041 
787.835009    0.84937623 
788.206086    0.84454553 
788.576961    0.84354651 
788.947206    0.84702239 
789.316449    0.85462329 
789.684336    0.86573480 
790.050635    0.87814512 
790.415483    0.88720185 
790.779390    0.88849428 
791.142832    0.88211093 
791.505971    0.87199649 
791.868759    0.86203348 
792.231071    0.85483681 
792.592670    0.85250561 
792.953298    0.85571963 
793.312678    0.86439020 
793.670425    0.87813918 
794.026244    0.89377164 
794.380352    0.90372383 
794.733442    0.90157808 
795.085979    0.88971142 
795.437974    0.87536657 
795.789396    0.86327090 
796.140358    0.85559779 
796.491030    0.85340320 
796.841648    0.85617102 
797.192366    0.86330422 
797.543184    0.87372346 
797.894110    0.88408363 
798.245419    0.88878918 
798.597544    0.88441308 
798.950639    0.87358362 
799.304531    0.86149894 
799.659055    0.85140810 
800.014194    0.84484891 
800.370023    0.84253125 
800.726730    0.84380088 
801.084522    0.84776511 
801.443510    0.85356041 
801.803749    0.85960676 
802.165336    0.86346561 
802.528437    0.86307522 
802.893150    0.85842601 
803.259386    0.85142076 
803.626927    0.84423343 
803.995512    0.83851054 
804.364836    0.83564845 
804.734593    0.83633498 
805.104587    0.84002155 
805.474697    0.84593178 
805.844839    0.85311778 
806.215014    0.85988226 
806.585376    0.86393398 
806.956182    0.86368888 
807.327622    0.85947332 
807.699707    0.85310399 
808.072294    0.84664799 
808.445105    0.84201642 
808.817705    0.84109594 
809.189616    0.84465845 
809.560426    0.85237800 
809.929747    0.86362669 
810.297334    0.87620634 
810.663325    0.88549398 
811.028241    0.88707301 
811.392587    0.88095062 
811.756555    0.87099529 
812.120118    0.86110010 
812.483152    0.85394140 
812.845402    0.85170049 
813.206576    0.85514056 
813.566352    0.86424497 
813.924298    0.87867277 
814.280085    0.89503008 
814.633947    0.90522469 
814.986623    0.90260980 
815.338589    0.89007316 
815.689859    0.87530718 
816.040434    0.86307795 
816.390467    0.85552509 
816.740171    0.85360235 
817.089812    0.85672792 
817.439549    0.86432726 
817.789373    0.87519295 
818.139305    0.88562446 
818.489650    0.88971936 
818.840846    0.88435225 
819.193004    0.87280581 
819.545928    0.86048306 
819.899473    0.85047904 
820.253658    0.84421156 
820.608609    0.84220166 
820.964565    0.84365385 
821.321757    0.84767633 
821.680310    0.85335685 
822.040283    0.85904607 
822.401778    0.86235050 
822.764940    0.86143905 
823.129831    0.85654216 
823.496332    0.84959242 
823.864206    0.84264761 
824.233184    0.83726571 
824.602950    0.83478138 
824.973201    0.83574852 
825.343748    0.83954098 
825.714478    0.84536002 
826.085320    0.85224290 
826.456285    0.85856449 
826.827526    0.86224055 
827.199281    0.86189869 
827.571719    0.85788428 
827.944845    0.85186689 
828.318509    0.84578173 
828.692420    0.84149796 
829.066120    0.84089354 
829.439108    0.84472069 
829.810948    0.85263296 
