0.000000    0.00000000 
0.398950    0.00817509 
0.797628    0.01510868 
1.195927    0.02021570 
1.593798    0.02341271 
1.991230    0.02473061 
2.388228    0.02410627 
2.784796    0.02139386 
3.180906    0.01644822 
3.576476    0.00928731 
3.971349    0.00040453 
4.365322    -0.00899147 
4.758215    -0.01756746 
5.149919    -0.02460883 
5.540403    -0.02984865 
5.929702    -0.03311004 
6.317896    -0.03420193 
6.705086    -0.03290295 
7.091371    -0.02890560 
7.476798    -0.02176051 
7.861300    -0.01098827 
8.244624    0.00317391 
8.626367    0.01881798 
9.006143    0.03396988 
9.383688    0.04760846 
9.758908    0.05858091 
10.131912    0.06554667 
10.502998    0.06751676 
10.872558    0.06418276 
11.240957    0.05582292 
11.608423    0.04289231 
11.974951    0.02548306 
12.340154    0.00301590 
12.703124    -0.02401686 
13.062519    -0.05453090 
13.416584    -0.08796465 
13.763560    -0.11879543 
14.103000    -0.13522058 
14.436269    -0.12859471 
14.764981    -0.10380766 
15.090140    -0.07185977 
15.412512    -0.03896340 
15.732651    -0.00587056 
16.050565    0.02789312 
16.365659    0.06256725 
16.676585    0.09964324 
16.981269    0.13806136 
17.277967    0.16850346 
17.567478    0.17127455 
17.852039    0.13844523 
18.132162    0.08814737 
18.408240    0.03989013 
18.682042    -0.00056745 
18.955883    -0.03372837 
19.231794    -0.06047600 
19.511164    -0.08136061 
19.794852    -0.09600685 
20.083457    -0.10372595 
20.377496    -0.10358265 
20.677356    -0.09476922 
20.983100    -0.07799320 
21.294376    -0.05633740 
21.610646    -0.03383976 
21.931485    -0.01325702 
22.256686    0.00392862 
22.586266    0.01619761 
22.920400    0.02311685 
23.259265    0.02519148 
23.602912    0.02311837 
23.951211    0.01771719 
24.303851    0.01009691 
24.660392    0.00191579 
25.020371    -0.00463919 
25.383388    -0.00767558 
25.749103    -0.00650709 
26.117175    -0.00186092 
26.487232    0.00460216 
26.858901    0.01110814 
27.231858    0.01637872 
27.605845    0.01979841 
27.980657    0.02124994 
28.356123    0.02052331 
28.732077    0.01656345 
29.108289    0.00756433 
29.484324    -0.00717960 
29.859524    -0.02519098 
30.233256    -0.04276776 
30.605169    -0.05679965 
30.975271    -0.06554501 
31.343802    -0.06950922 
31.711059    -0.07044999 
32.077319    -0.06936058 
32.442846    -0.06517052 
32.807842    -0.05515784 
33.172223    -0.03659218 
33.535153    -0.00771288 
33.894465    0.03146431 
34.246436    0.08006874 
34.585449    0.13735515 
34.905732    0.18882345 
35.207437    0.20239370 
35.495998    0.16909378 
35.775300    0.11658316 
36.048051    0.06521259 
36.316539    0.01751731 
36.581707    -0.02937279 
36.842746    -0.07692587 
37.097244    -0.12650058 
37.341756    -0.17701601 
37.573514    -0.22092482 
37.793866    -0.23886423 
38.008541    -0.21268094 
38.220921    -0.15128253 
38.423896    -0.07644629 
38.623621    -0.01295389 
38.824253    0.03316780 
39.030754    0.06422609 
39.248471    0.08043131 
39.478064    0.08664055 
39.721695    0.08241725 
39.980255    0.07080376 
40.253698    0.05522112 
40.541411    0.03868015 
40.842469    0.02339977 
41.155790    0.01081194 
41.480237    0.00228090 
41.814662    -0.00093043 
42.157895    0.00149476 
42.508691    0.00867865 
42.865731    0.01875140 
43.227704    0.02995953 
43.593402    0.04126224 
43.961793    0.05115465 
44.332115    0.05662126 
44.703889    0.05420573 
45.076689    0.04226698 
45.449779    0.02153342 
45.821852    -0.00637852 
46.191070    -0.03829280 
46.555409    -0.07159323 
46.913173    -0.10026132 
47.264099    -0.11472302 
47.609506    -0.11270706 
47.951269    -0.10121468 
48.291236    -0.08623816 
48.630923    -0.06861289 
48.971181    -0.04720552 
49.311974    -0.02148063 
49.652386    0.00837084 
49.990903    0.04039578 
50.325827    0.07426357 
50.655271    0.11042039 
50.977284    0.14598339 
51.291092    0.16803576 
51.598392    0.15878336 
51.900834    0.12031569 
52.198534    0.07298729 
52.492204    0.03065279 
52.783706    -0.00472388 
53.075170    -0.03401159 
53.368421    -0.05827255 
53.664676    -0.07861813 
53.964586    -0.09538721 
54.268464    -0.10808020 
54.576532    -0.11490564 
54.889051    -0.11313955 
55.206157    -0.10133096 
55.527580    -0.08156233 
55.852752    -0.05851725 
56.181224    -0.03623560 
56.512914    -0.01628454 
56.848008    0.00123835 
57.186786    0.01575212 
57.529485    0.02725468 
57.876166    0.03674919 
58.226670    0.04516039 
58.580693    0.05293239 
58.937903    0.05988304 
59.298041    0.06516119 
59.660938    0.06754282 
60.026444    0.06592411 
60.394307    0.05979832 
60.764107    0.04954326 
61.135288    0.03614282 
61.507263    0.02031270 
61.879433    0.00218462 
62.251173    -0.01702416 
62.621962    -0.03564506 
62.991444    -0.05342597 
63.359436    -0.06958562 
63.725997    -0.08196275 
64.091441    -0.08776110 
64.456162    -0.08525806 
64.820352    -0.07505823 
65.183915    -0.05949183 
65.546628    -0.04090635 
65.908325    -0.02044613 
66.268880    0.00174581 
66.628138    0.02435436 
66.985983    0.04668714 
67.342232    0.06937479 
67.696615    0.09136513 
68.049028    0.10845265 
68.399897    0.11418099 
68.749971    0.10493456 
69.099589    0.08394429 
69.448535    0.05789314 
69.796497    0.03133375 
70.143306    0.00525333 
70.488860    -0.01998270 
70.833139    -0.04384336 
71.176048    -0.06769070 
71.517220    -0.09195621 
71.856126    -0.11409734 
72.192614    -0.12711441 
72.527284    -0.12301595 
72.860740    -0.10149273 
73.192926    -0.07098045 
73.523712    -0.03991976 
73.853434    -0.01143861 
74.182723    0.01431505 
74.512296    0.03684404 
74.842760    0.05725885 
75.174418    0.07643344 
75.507289    0.09377564 
75.841325    0.10655107 
76.176684    0.11015991 
76.513651    0.10132345 
76.852195    0.08177202 
77.191869    0.05707084 
77.532235    0.03206273 
77.873167    0.00856956 
78.214827    -0.01264739 
78.557642    -0.03043290 
78.902180    -0.04535852 
79.248943    -0.05823738 
79.598265    -0.06900253 
79.950329    -0.07656056 
80.305220    -0.07920884 
80.662911    -0.07574435 
81.023187    -0.06652415 
81.385627    -0.05332975 
81.749705    -0.03815891 
82.114938    -0.02216092 
82.480948    -0.00562669 
82.847482    0.01061372 
83.214470    0.02528278 
83.582005    0.03849002 
83.950221    0.05078383 
84.319209    0.06200226 
84.689008    0.07101286 
85.059654    0.07603699 
85.431172    0.07553686 
85.803514    0.06913870 
86.176466    0.05775333 
86.549656    0.04277451 
86.922611    0.02504389 
87.294766    0.00447764 
87.665446    -0.01817738 
88.034009    -0.04157392 
88.399836    -0.06607009 
88.762256    -0.09064406 
89.120793    -0.11089615 
89.475655    -0.11975942 
89.827695    -0.11261672 
90.177608    -0.09193317 
90.525568    -0.06438362 
90.871565    -0.03505833 
91.215615    -0.00540865 
91.557639    0.02412881 
91.897461    0.05314207 
92.234617    0.08308130 
92.568185    0.11376423 
92.897172    0.14003141 
93.221648    0.14958526 
93.542810    0.13286401 
93.861094    0.09662062 
94.176183    0.05593302 
94.488480    0.01940084 
94.799246    -0.01179672 
95.110054    -0.03740943 
95.422372    -0.05849302 
95.737247    -0.07604937 
96.055284    -0.09016845 
96.376806    -0.09978125 
96.702038    -0.10253668 
97.031152    -0.09617370 
97.364076    -0.08109145 
97.700415    -0.06093623 
98.039714    -0.04004706 
98.381731    -0.02085194 
98.726463    -0.00385825 
99.074055    0.01032471 
99.424757    0.02112403 
99.778831    0.02911335 
100.136455    0.03524826 
100.497672    0.04025419 
100.862401    0.04448864 
101.230453    0.04797377 
101.601565    0.05050661 
101.975425    0.05171873 
102.351696    0.05105483 
102.730021    0.04789488 
103.110021    0.04181456 
103.491280    0.03257164 
103.873306    0.01978139 
104.255462    0.00303762 
104.636935    -0.01653281 
105.016897    -0.03688751 
105.394621    -0.05733972 
105.769523    -0.07646862 
106.141328    -0.09136436 
106.510218    -0.09878813 
106.876751    -0.09686637 
107.241527    -0.08597888 
107.604892    -0.06816251 
107.966853    -0.04569650 
108.327102    -0.01983655 
108.684965    0.00932149 
109.039426    0.04054606 
109.389192    0.07460829 
109.732423    0.11223358 
110.067011    0.14834299 
110.392400    0.16678505 
110.710551    0.15197295 
111.022937    0.11107339 
111.329727    0.06380388 
111.631670    0.02092313 
111.930286    -0.01650043 
112.227194    -0.04874545 
112.523675    -0.07708267 
112.820475    -0.10196110 
113.117989    -0.12239998 
113.416655    -0.13511855 
113.717275    -0.13448356 
114.020653    -0.11712512 
114.326826    -0.08744445 
114.635334    -0.05474610 
114.946182    -0.02579489 
115.260086    -0.00238942 
115.578112    0.01515960 
115.901346    0.02699194 
116.230605    0.03442420 
116.566295    0.03880800 
116.908443    0.04118266 
117.256792    0.04231869 
117.610920    0.04277734 
117.970318    0.04291021 
118.334449    0.04287693 
118.702771    0.04268668 
119.074750    0.04209353 
119.449868    0.04046200 
119.827627    0.03696610 
120.207541    0.03092402 
120.589104    0.02175446 
120.971727    0.00886845 
121.354666    -0.00738206 
121.737103    -0.02487030 
122.118315    -0.04211706 
122.497741    -0.05845761 
122.875015    -0.07263053 
123.250044    -0.08281705 
123.623041    -0.08729400 
123.994446    -0.08501270 
124.364743    -0.07586494 
124.734245    -0.06059366 
125.102951    -0.04027155 
125.470443    -0.01542340 
125.835765    0.01382388 
126.197514    0.04597532 
126.553912    0.08177468 
126.902687    0.12046974 
127.241861    0.15334694 
127.571816    0.16248609 
127.894843    0.13921347 
128.212122    0.09691335 
128.524044    0.05239255 
128.831546    0.01194493 
129.135863    -0.02446184 
129.438094    -0.05702128 
129.738920    -0.08696166 
130.038550    -0.11432415 
130.337026    -0.13696788 
130.634819    -0.14873509 
130.933109    -0.14136913 
131.232753    -0.11388688 
131.533492    -0.07631730 
131.835071    -0.04018000 
132.138239    -0.01052586 
132.444483    0.01221103 
132.755462    0.02810833 
133.072556    0.03855122 
133.396602    0.04513478 
133.727877    0.04911352 
134.066227    0.05138596 
134.411238    0.05252073 
134.762370    0.05279863 
135.119059    0.05227063 
135.480742    0.05086743 
135.846863    0.04846666 
136.216861    0.04480711 
136.590157    0.03945581 
136.966162    0.03199045 
137.344280    0.02207618 
137.723886    0.00937492 
138.104290    -0.00579977 
138.484786    -0.02173393 
138.864783    -0.03718693 
139.243834    -0.05182861 
139.621643    -0.06501172 
139.998073    -0.07543929 
140.373172    -0.08142291 
140.747142    -0.08148452 
141.120240    -0.07498308 
141.492659    -0.06234851 
141.864417    -0.04468415 
142.235294    -0.02284338 
142.604692    0.00312325 
142.971582    0.03186916 
143.334666    0.06293843 
143.692327    0.09639658 
144.042964    0.12770137 
144.386212    0.14525579 
144.723561    0.13800024 
145.056565    0.10896680 
145.385745    0.07124607 
145.711469    0.03408028 
146.034388    -0.00048428 
146.355153    -0.03221545 
146.674283    -0.06147458 
146.991948    -0.08949137 
147.307951    -0.11591309 
147.622088    -0.13694964 
147.934850    -0.14383114 
148.247349    -0.12902869 
148.559973    -0.09671665 
148.872328    -0.05942402 
149.184563    -0.02611182 
149.497737    0.00121482 
149.813330    0.02241331 
150.132818    0.03805927 
150.457313    0.04973489 
150.787415    0.05864602 
151.123258    0.06544585 
151.464643    0.07018860 
151.811198    0.07235842 
152.162495    0.07120946 
152.518109    0.06638524 
152.877605    0.05830322 
153.240528    0.04787013 
153.606394    0.03585634 
153.974689    0.02255156 
154.344865    0.00795117 
154.716358    -0.00728644 
155.088699    -0.02170994 
155.461583    -0.03493963 
155.834818    -0.04733034 
156.208262    -0.05877235 
156.581818    -0.06839145 
156.955475    -0.07467418 
157.329318    -0.07597239 
157.703449    -0.07133744 
158.077863    -0.06102970 
158.452370    -0.04615687 
158.826610    -0.02773112 
159.200059    -0.00597246 
159.571993    0.01824799 
159.941637    0.04335810 
160.308169    0.06960080 
160.670721    0.09541434 
161.028797    0.11527552 
161.382867    0.12139375 
161.734078    0.11024391 
162.083263    0.08630825 
162.430684    0.05713674 
162.776437    0.02745322 
163.120598    -0.00178573 
163.463138    -0.02978769 
163.803987    -0.05667745 
164.142852    -0.08377499 
164.479155    -0.11041282 
164.812429    -0.13137475 
165.143086    -0.13646799 
165.472143    -0.11950053 
165.799868    -0.08717263 
166.126002    -0.05165595 
166.450842    -0.01968494 
166.775324    0.00786262 
167.100629    0.03056616 
167.427895    0.04929358 
167.757925    0.06540952 
168.091105    0.07937820 
168.427511    0.09041427 
168.767099    0.09628874 
169.109838    0.09431671 
169.455619    0.08371153 
169.804115    0.06681423 
170.154875    0.04735813 
170.507531    0.02789370 
170.861859    0.00904102 
171.217707    -0.00875972 
171.575015    -0.02429410 
171.933822    -0.03766330 
172.294177    -0.04963351 
172.656088    -0.06041358 
173.019530    -0.06932485 
173.384496    -0.07492034 
173.751028    -0.07560131 
174.119166    -0.07051864 
174.488841    -0.06010696 
174.859815    -0.04577155 
175.231697    -0.02890490 
175.603977    -0.01002849 
175.976027    0.01025744 
176.347241    0.03022996 
176.717165    0.04970006 
177.085444    0.06865299 
177.451862    0.08530610 
177.816512    0.09602567 
178.179884    0.09709068 
178.542596    0.08755053 
178.905021    0.06999587 
179.267204    0.04827051 
179.629010    0.02489038 
179.990163    0.00037697 
180.350236    -0.02425292 
180.708781    -0.04846939 
181.065261    -0.07329130 
181.419006    -0.09783473 
181.769554    -0.11718376 
182.117243    -0.12297822 
182.462990    -0.11046406 
182.807274    -0.08440489 
183.150045    -0.05382405 
183.491365    -0.02422150 
183.831560    0.00343264 
184.171059    0.02841200 
184.510319    0.05102042 
184.849602    0.07257966 
185.188885    0.09300778 
185.528040    0.10959037 
185.867220    0.11659287 
186.206912    0.10895873 
186.547334    0.08807310 
186.888200    0.06095594 
187.229234    0.03383788 
187.570513    0.00886176 
187.912356    -0.01352792 
188.255222    -0.03250375 
188.599573    -0.04893905 
188.945696    -0.06374444 
189.293679    -0.07673058 
189.643510    -0.08633182 
189.995232    -0.08996875 
190.348958    -0.08563961 
190.704705    -0.07372080 
191.062284    -0.05682964 
191.421388    -0.03785453 
191.781709    -0.01833380 
192.142951    0.00126295 
192.504855    0.01957446 
192.867289    0.03585401 
193.230203    0.05077196 
193.593541    0.06446600 
193.957270    0.07582653 
194.321460    0.08268235 
194.686321    0.08284473 
195.052088    0.07560607 
195.418842    0.06229875 
195.786462    0.04526765 
196.154697    0.02629476 
196.523198    0.00587258 
196.891501    -0.01517490 
197.259164    -0.03547862 
197.625796    -0.05546607 
197.990989    -0.07503588 
198.354419    -0.09186810 
198.716116    -0.10149783 
199.076557    -0.09982590 
199.436288    -0.08670179 
199.795536    -0.06605388 
200.154258    -0.04237812 
200.512344    -0.01793291 
200.869613    0.00693739 
201.225815    0.03101931 
201.580696    0.05461119 
201.933850    0.07860554 
202.284727    0.10154869 
202.633033    0.11799356 
202.979206    0.12007139 
203.324026    0.10477982 
203.667751    0.07791909 
204.010254    0.04787229 
204.351601    0.01907581 
204.692102    -0.00780383 
205.032165    -0.03184059 
205.372207    -0.05361069 
205.712441    -0.07422222 
206.052827    -0.09323236 
206.393281    -0.10763478 
206.734010    -0.11206479 
207.075452    -0.10273031 
207.417746    -0.08188247 
207.760634    -0.05600518 
208.103914    -0.03027890 
208.447675    -0.00632503 
208.792186    0.01520219 
209.137850    0.03342175 
209.485075    0.04917790 
209.834127    0.06323088 
210.185099    0.07524673 
210.538016    0.08361005 
210.892944    0.08596836 
211.249974    0.08081758 
211.609082    0.06889685 
211.970061    0.05271592 
212.332608    0.03475031 
212.696422    0.01617117 
213.061190    -0.00261644 
213.426628    -0.02022596 
213.792564    -0.03603030 
214.158890    -0.05066012 
214.525498    -0.06414725 
214.892302    -0.07529139 
215.259331    -0.08190208 
215.626758    -0.08187368 
215.994790    -0.07460842 
216.363500    -0.06143777 
216.732782    -0.04455653 
217.102403    -0.02552561 
217.472008    -0.00465975 
217.841094    0.01719724 
218.209148    0.03876092 
218.575663    0.06052094 
218.940089    0.08199621 
219.302011    0.09996861 
219.661516    0.10881533 
220.019229    0.10417243 
220.375741    0.08713408 
220.731225    0.06306785 
221.085626    0.03684916 
221.438883    0.01030610 
221.790868    -0.01610968 
222.141429    -0.04137632 
222.490333    -0.06656621 
222.837101    -0.09203810 
223.181162    -0.11487646 
223.522459    -0.12739151 
223.861763    -0.12145798 
224.199749    -0.09784484 
224.536372    -0.06594577 
224.871553    -0.03409751 
225.205666    -0.00498910 
225.539354    0.02082897 
225.873375    0.04296657 
226.208363    0.06268807 
226.544664    0.08055217 
226.882393    0.09547962 
227.221660    0.10425464 
227.562742    0.10278937 
227.905866    0.08984042 
228.250899    0.06896037 
228.597496    0.04554795 
228.945453    0.02297739 
229.294789    0.00202992 
229.645651    -0.01641238 
229.998306    -0.03166109 
230.353025    -0.04454741 
230.709964    -0.05579075 
231.069149    -0.06526034 
231.430531    -0.07193551 
231.794060    -0.07434514 
232.159701    -0.07147053 
232.527373    -0.06347503 
232.896894    -0.05155867 
233.267994    -0.03712502 
233.640335    -0.02097401 
234.013498    -0.00327292 
234.386990    0.01492116 
234.760371    0.03222077 
235.133303    0.04878077 
235.505495    0.06453571 
235.876747    0.07805336 
236.247065    0.08667756 
236.616715    0.08775868 
236.986066    0.08042194 
237.355342    0.06614147 
237.724529    0.04746174 
238.093425    0.02621323 
238.461640    0.00274462 
238.828565    -0.02203111 
239.193523    -0.04719066 
239.555727    -0.07352752 
239.914258    -0.09976638 
240.268500    -0.12011753 
240.618830    -0.12546802 
240.966303    -0.11149643 
241.311512    -0.08395797 
241.654527    -0.05204978 
241.995496    -0.02085713 
242.334734    0.00882023 
242.672578    0.03609582 
243.009310    0.06172229 
243.344927    0.08672980 
243.679156    0.10995366 
244.011874    0.12613805 
244.343627    0.12684101 
244.675177    0.10853818 
245.006561    0.07807052 
245.337481    0.04552831 
245.668131    0.01613411 
245.999209    -0.00930612 
246.331643    -0.03003014 
246.666364    -0.04677410 
247.004045    -0.06073366 
247.345036    -0.07227364 
247.689440    -0.08069587 
248.037253    -0.08434328 
248.388435    -0.08158111 
248.742858    -0.07232097 
249.100242    -0.05845297 
249.460223    -0.04252735 
249.822462    -0.02616615 
250.186665    -0.00973656 
250.552548    0.00628138 
250.919883    0.02056754 
251.288540    0.03288100 
251.658430    0.04386447 
252.029453    0.05381116 
252.401499    0.06228009 
252.774490    0.06818457 
253.148413    0.07018450 
253.523301    0.06730186 
253.899157    0.05943557 
254.275875    0.04732700 
254.653205    0.03188359 
255.030727    0.01338112 
255.407791    -0.00794136 
255.783599    -0.03028297 
256.157368    -0.05311857 
256.528322    -0.07608364 
256.895843    -0.09626264 
257.259873    -0.10824083 
257.621049    -0.10724175 
257.980200    -0.09324183 
258.337792    -0.07071872 
258.693937    -0.04455013 
259.048584    -0.01712096 
259.401502    0.01120511 
259.752297    0.03924716 
260.100444    0.06783753 
260.445102    0.09762338 
260.785276    0.12538950 
261.120721    0.14112883 
261.452536    0.13353909 
261.781703    0.10414386 
262.108218    0.06616164 
262.432228    0.02993091 
262.754572    -0.00200393 
263.076411    -0.02923187 
263.398915    -0.05217173 
263.722953    -0.07211904 
264.048994    -0.08932769 
264.377252    -0.10245549 
264.707936    -0.10817567 
265.041344    -0.10289914 
265.377570    -0.08661564 
265.716309    -0.06393025 
266.057175    -0.04033285 
266.400053    -0.01865359 
266.745091    0.00063188 
267.092575    0.01672194 
267.442859    0.02932526 
267.796237    0.03935497 
268.152843    0.04764735 
268.512649    0.05449355 
268.875514    0.05962248 
269.241248    0.06238573 
269.609658    0.06212854 
269.980550    0.05851878 
270.353709    0.05161598 
270.728866    0.04176695 
271.105677    0.02937801 
271.483698    0.01456010 
271.862348    -0.00250055 
272.240963    -0.02024019 
272.618957    -0.03744516 
272.995860    -0.05407116 
273.371320    -0.06937437 
273.745182    -0.08134542 
274.117588    -0.08732733 
274.488929    -0.08543555 
274.859627    -0.07571644 
275.229912    -0.05990225 
275.599759    -0.04005328 
275.968891    -0.01719993 
276.336719    0.00851920 
276.702391    0.03563334 
277.064910    0.06435377 
277.423037    0.09472886 
277.775572    0.12230170 
278.122355    0.13643750 
278.464616    0.12778912 
278.803472    0.09977954 
279.139197    0.06425191 
279.472041    0.02934165 
279.802558    -0.00322027 
280.131352    -0.03289822 
280.458949    -0.06014035 
280.785553    -0.08614741 
281.111027    -0.11031881 
281.435260    -0.12844020 
281.758749    -0.13224436 
282.082362    -0.11629330 
282.406260    -0.08587527 
282.730086    -0.05198199 
283.053980    -0.02150254 
283.378746    0.00424709 
283.705492    0.02470476 
284.035340    0.04033072 
284.369130    0.05249977 
284.707315    0.06206530 
285.050012    0.06915522 
285.397125    0.07319004 
285.748464    0.07323966 
286.103785    0.06879509 
286.462785    0.06038338 
286.825101    0.04931974 
287.190344    0.03682980 
287.558116    0.02344910 
287.928002    0.00919167 
288.299545    -0.00541984 
288.672329    -0.01901351 
289.046043    -0.03111233 
289.420463    -0.04215465 
289.795408    -0.05235772 
290.170736    -0.06128515 
290.546369    -0.06783577 
290.922324    -0.07053791 
291.298684    -0.06819928 
291.675507    -0.06052953 
292.052733    -0.04813767 
292.430128    -0.03183687 
292.807242    -0.01183974 
293.183329    0.01149832 
293.557454    0.03630881 
293.928630    0.06233789 
294.295831    0.08845783 
294.658351    0.10983742 
295.016412    0.11900707 
295.371076    0.11155081 
295.723313    0.09048297 
296.073546    0.06269458 
296.421912    0.03318293 
296.768433    0.00332121 
297.112941    -0.02624893 
297.455146    -0.05517634 
297.794507    -0.08479648 
298.130154    -0.11441472 
298.461391    -0.13793779 
298.788726    -0.14309946 
299.113471    -0.12298223 
299.436006    -0.08653763 
299.756187    -0.04788438 
300.074604    -0.01377114 
300.392502    0.01513473 
300.711322    0.03855303 
301.032333    0.05771841 
301.356377    0.07365991 
301.683879    0.08644193 
302.015006    0.09487315 
302.349855    0.09661034 
302.688468    0.08978899 
303.030688    0.07527378 
303.376130    0.05658413 
303.724398    0.03732059 
304.075261    0.01915597 
304.428620    0.00228868 
304.784441    -0.01255186 
305.142755    -0.02465311 
305.503610    -0.03452102 
305.866998    -0.04293984 
306.232832    -0.05029973 
306.600965    -0.05643870 
306.971229    -0.06071683 
307.343473    -0.06225921 
307.717561    -0.06026125 
308.093343    -0.05431432 
308.470598    -0.04460916 
308.848994    -0.03165657 
309.228061    -0.01563698 
309.607144    0.00332283 
309.985463    0.02348873 
310.362312    0.04357949 
310.737100    0.06328983 
311.109406    0.08087268 
311.479173    0.09290856 
311.846814    0.09594893 
312.213000    0.08886558 
312.578270    0.07349967 
312.942847    0.05297764 
313.306681    0.02961587 
313.669457    0.00396834 
314.030559    -0.02317604 
314.389222    -0.05096590 
314.744489    -0.08037833 
315.095188    -0.10996623 
315.440548    -0.13237492 
315.781165    -0.13565695 
316.118366    -0.11547344 
316.452658    -0.08138699 
316.784113    -0.04524472 
317.113222    -0.01195785 
317.440789    0.01806020 
317.767669    0.04436566 
318.094541    0.06823070 
318.421714    0.09026089 
318.749236    0.10905822 
319.077255    0.12008400 
319.406291    0.11720115 
319.736784    0.09891877 
320.068563    0.07139901 
320.401287    0.04271584 
320.735052    0.01696237 
321.070368    -0.00525687 
321.407935    -0.02320046 
321.748465    -0.03722653 
322.092476    -0.04856143 
322.440206    -0.05791762 
322.791653    -0.06524552 
323.146683    -0.06981196 
323.505119    -0.07060017 
323.866771    -0.06701680 
324.231412    -0.05937827 
324.598747    -0.04866735 
324.968422    -0.03586194 
325.340032    -0.02146382 
325.713105    -0.00560778 
326.087110    0.01077896 
326.461578    0.02616631 
326.836165    0.04038865 
327.210621    0.05365637 
327.584779    0.06538216 
327.958593    0.07406820 
328.332184    0.07778712 
328.705786    0.07515446 
329.079608    0.06615857 
329.453696    0.05203038 
329.827899    0.03422971 
330.201860    0.01337231 
330.574960    -0.01019969 
330.946411    -0.03472463 
331.315386    -0.06009521 
331.680988    -0.08576204 
332.042524    -0.10758776 
332.400100    -0.11802658 
332.754675    -0.11154379 
333.107147    -0.09049405 
333.457849    -0.06234925 
333.806882    -0.03288391 
334.154351    -0.00377931 
334.500278    0.02430699 
334.844639    0.05094920 
335.187229    0.07744878 
335.527566    0.10342320 
335.865231    0.12432473 
336.200575    0.13080182 
336.534590    0.11641587 
336.867670    0.08651499 
337.199627    0.05247642 
337.530656    0.02116853 
337.861496    -0.00623280 
338.193118    -0.02908195 
338.526495    -0.04797133 
338.862324    -0.06418908 
339.200952    -0.07806555 
339.542474    -0.08855260 
339.886919    -0.09320033 
340.234337    -0.08955327 
340.584665    -0.07755941 
340.937616    -0.06014069 
341.292817    -0.04094058 
341.649990    -0.02199111 
342.008965    -0.00364817 
342.369620    0.01327179 
342.731927    0.02774157 
343.095915    0.04018575 
343.461589    0.05122499 
343.828897    0.06076809 
344.197773    0.06789885 
344.568181    0.07122242 
344.940131    0.06958685 
345.313612    0.06274589 
345.688512    0.05144333 
346.064586    0.03685204 
346.441458    0.01973758 
346.818596    0.00033011 
347.195349    -0.01994303 
347.571127    -0.03972737 
347.945445    -0.05908215 
348.317921    -0.07693702 
348.688427    -0.09026642 
349.057258    -0.09518853 
349.424997    -0.08960182 
349.792138    -0.07488580 
350.158862    -0.05454076 
350.525107    -0.03153360 
350.890641    -0.00686062 
351.255021    0.01874433 
351.617721    0.04410661 
351.978128    0.07009154 
352.335467    0.09600401 
352.689161    0.11680444 
353.039512    0.12345641 
353.387523    0.11065108 
353.733767    0.08356248 
354.078274    0.05191060 
354.421204    0.02139663 
354.762977    -0.00698638 
355.104101    -0.03234501 
355.445076    -0.05524630 
355.786163    -0.07681383 
356.127355    -0.09641675 
356.468633    -0.11046876 
356.810322    -0.11295831 
357.152904    -0.10052324 
357.496428    -0.07696683 
357.840576    -0.04978326 
358.185232    -0.02390573 
358.530627    -0.00041746 
358.877179    0.01991618 
359.225406    0.03680911 
359.575743    0.05139923 
359.928409    0.06429911 
360.283432    0.07493004 
360.640768    0.08150885 
361.000407    0.08187816 
361.362338    0.07513069 
361.726427    0.06251521 
362.092407    0.04647111 
362.459958    0.02890569 
362.828744    0.01044092 
363.198390    -0.00830790 
363.568563    -0.02568064 
363.939050    -0.04142875 
364.309700    -0.05596353 
364.680393    -0.06870318 
365.051105    -0.07785197 
365.421984    -0.08110629 
365.793285    -0.07705757 
366.165201    -0.06621191 
366.537738    -0.05053341 
366.910726    -0.03198313 
367.283853    -0.01138163 
367.656639    0.01068191 
368.028552    0.03245684 
368.399110    0.05391797 
368.767829    0.07494848 
369.134331    0.09296116 
369.498666    0.10290679 
369.861404    0.10032852 
370.223168    0.08552167 
370.584213    0.06320431 
370.944536    0.03822062 
371.304083    0.01269232 
371.662721    -0.01285378 
372.020276    -0.03715204 
372.376536    -0.06098325 
372.731103    -0.08475961 
373.083519    -0.10583147 
373.433758    -0.11744732 
373.782482    -0.11266239 
374.130300    -0.09203970 
374.477234    -0.06348685 
374.823208    -0.03427673 
375.168437    -0.00690441 
375.513310    0.01804497 
375.858312    0.03987873 
376.203849    0.05975703 
376.550086    0.07822138 
376.897004    0.09386802 
377.244649    0.10286901 
377.593305    0.10078324 
377.943210    0.08680890 
378.294241    0.06519023 
378.646101    0.04139785 
378.998649    0.01833882 
379.351922    -0.00342024 
379.706063    -0.02272884 
380.061314    -0.03935948 
380.417875    -0.05422133 
380.775819    -0.06743747 
381.135137    -0.07780281 
381.495857    -0.08304237 
381.858084    -0.08110988 
382.221887    -0.07185230 
382.587168    -0.05722785 
382.953691    -0.03977595 
383.321172    -0.02103221 
383.689283    -0.00143130 
384.057667    0.01775048 
384.426062    0.03534734 
384.794288    0.05178117 
385.162187    0.06692315 
385.529672    0.07914388 
385.896841    0.08566837 
386.263993    0.08413386 
386.631432    0.07440265 
386.999268    0.05864345 
387.367409    0.03957706 
387.735645    0.01874627 
388.103637    -0.00347131 
388.470951    -0.02562749 
388.837183    -0.04721562 
389.201902    -0.06874160 
389.564660    -0.08871897 
389.925277    -0.10269079 
390.284127    -0.10502157 
390.641860    -0.09371930 
390.998818    -0.07260017 
391.355004    -0.04745764 
391.710381    -0.02175099 
392.064925    0.00382610 
392.418586    0.02813035 
392.771336    0.05115821 
393.123012    0.07388495 
393.473290    0.09526775 
393.821990    0.11076664 
394.169482    0.11347752 
394.516418    0.10025779 
394.863014    0.07580804 
395.209121    0.04782340 
395.554740    0.02078473 
395.900115    -0.00445753 
396.245605    -0.02688869 
396.591627    -0.04664649 
396.938467    -0.06483475 
397.286197    -0.08130819 
397.634803    -0.09390607 
397.984411    -0.09872013 
398.335295    -0.09272835 
398.687563    -0.07697156 
399.041020    -0.05589751 
399.395405    -0.03365311 
399.750575    -0.01188585 
400.106472    0.00887079 
400.463129    0.02728387 
400.820660    0.04353352 
401.179138    0.05834422 
401.538548    0.07135326 
401.898871    0.08079693 
402.260192    0.08412269 
402.622673    0.07966223 
402.986390    0.06805923 
403.351230    0.05177178 
403.716960    0.03323548 
404.083299    0.01356016 
404.449911    -0.00672050 
404.816466    -0.02598681 
405.182742    -0.04391853 
405.548553    -0.06091557 
405.913735    -0.07602493 
406.278269    -0.08658895 
406.642399    -0.08934292 
407.006508    -0.08275848 
407.370844    -0.06838676 
407.735411    -0.04948925 
408.100073    -0.02864534 
408.464612    -0.00665157 
408.828704    0.01573419 
409.192023    0.03722109 
409.554252    0.05837554 
409.915007    0.07900904 
410.273970    0.09629506 
410.631232    0.10490214 
410.987346    0.10044379 
411.342818    0.08385884 
411.697759    0.06051177 
412.052108    0.03534235 
412.405846    0.01021038 
412.758946    -0.01437048 
413.111397    -0.03728369 
413.463158    -0.05936308 
413.814021    -0.08098919 
414.163692    -0.09997987 
414.512171    -0.11087151 
414.859958    -0.10780607 
415.207547    -0.09053600 
415.554951    -0.06515068 
415.902008    -0.03812347 
416.248755    -0.01221026 
416.595386    0.01201802 
416.942194    0.03345124 
417.289492    0.05277579 
417.637440    0.07072412 
417.986038    0.08639133 
418.335316    0.09674062 
418.685510    0.09771301 
419.036916    0.08759728 
419.389556    0.06911065 
419.743201    0.04705663 
420.097643    0.02473210 
420.452788    0.00304213 
420.808613    -0.01701957 
421.165211    -0.03450675 
421.522712    -0.05013627 
421.881175    -0.06425875 
422.240599    -0.07588883 
422.601030    -0.08278201 
422.962621    -0.08258439 
423.325528    -0.07465069 
423.689747    -0.06067967 
424.055106    -0.04336168 
424.421357    -0.02457912 
424.788212    -0.00486959 
425.155331    0.01480229 
425.522438    0.03308468 
425.889334    0.05030639 
426.255829    0.06647369 
426.621783    0.07996602 
426.987252    0.08773980 
427.352532    0.08698465 
427.717955    0.07733174 
428.083655    0.06115284 
428.449551    0.04155914 
428.815459    0.02036499 
429.181090    -0.00206139 
429.546058    -0.02442614 
429.910010    -0.04615248 
430.272556    -0.06783845 
430.633263    -0.08821520 
430.991932    -0.10297947 
431.348907    -0.10627778 
431.704845    -0.09560897 
432.060107    -0.07458162 
432.414692    -0.04922687 
432.768555    -0.02331422 
433.121690    0.00236101 
433.474080    0.02672241 
433.825732    0.04961920 
434.176534    0.07206100 
434.526206    0.09322187 
434.874567    0.10895762 
435.221943    0.11260832 
435.568961    0.10063596 
435.915857    0.07707982 
436.262468    0.04945927 
436.608746    0.02250533 
436.954881    -0.00275496 
437.301191    -0.02528983 
437.648075    -0.04501260 
437.995833    -0.06298990 
438.344573    -0.07913802 
438.694318    -0.09145931 
439.045212    -0.09630337 
439.397527    -0.09079004 
439.751381    -0.07579276 
440.106597    -0.05546110 
440.462910    -0.03380080 
440.820158    -0.01249763 
441.178252    0.00787252 
441.537195    0.02591649 
441.897090    0.04167930 
442.258017    0.05587876 
442.619990    0.06824194 
442.983011    0.07720628 
443.347163    0.08050938 
443.712590    0.07666061 
444.079362    0.06617224 
444.447382    0.05116087 
444.816429    0.03377511 
445.186220    0.01500831 
445.556391    -0.00473100 
445.926555    -0.02386499 
446.296416    -0.04181193 
446.665728    -0.05893809 
447.034277    -0.07436220 
447.401997    -0.08548917 
447.769103    -0.08902939 
448.135982    -0.08327435 
448.502916    -0.06952533 
448.869942    -0.05089034 
449.236933    -0.02993808 
449.603652    -0.00748330 
449.969717    0.01578360 
450.334717    0.03851758 
450.698227    0.06128753 
451.059733    0.08372442 
451.418831    0.10231335 
451.775659    0.11060539 
452.130907    0.10381496 
452.485133    0.08397635 
452.838420    0.05777657 
453.190731    0.03049064 
453.542116    0.00368007 
453.892636    -0.02186938 
454.242384    -0.04553426 
454.591358    -0.06844492 
454.939348    -0.09038076 
455.286140    -0.10798221 
455.631958    -0.11463539 
455.977444    -0.10534953 
456.322930    -0.08277736 
456.668258    -0.05474064 
457.013331    -0.02709483 
457.358354    -0.00143569 
457.703708    0.02136367 
458.049885    0.04085760 
458.397307    0.05813654 
458.746196    0.07350115 
459.096628    0.08563722 
459.448705    0.09164549 
459.802621    0.08869968 
460.158480    0.07671957 
460.516133    0.05883157 
460.875295    0.03882188 
461.235733    0.01873449 
461.597279    -0.00092800 
461.959820    -0.01890976 
462.323360    -0.03448343 
462.687942    -0.04830561 
463.053570    -0.06057074 
463.420219    -0.07034631 
463.787913    -0.07581924 
464.156749    -0.07528773 
464.526824    -0.06836991 
464.898116    -0.05627824 
465.270463    -0.04086595 
465.643604    -0.02339768 
466.017173    -0.00419327 
466.390693    0.01569624 
466.763722    0.03477876 
467.135895    0.05321295 
467.506885    0.07058386 
467.876498    0.08460160 
468.244851    0.09163286 
468.612366    0.08892732 
468.979468    0.07686775 
469.346327    0.05851368 
469.712891    0.03705960 
470.078974    0.01394742 
470.444229    -0.01041880 
470.808210    -0.03456262 
471.170447    -0.05882618 
471.530334    -0.08335317 
471.887287    -0.10501008 
472.241281    -0.11662838 
472.593057    -0.11152685 
472.943326    -0.09086589 
473.292230    -0.06247622 
473.639762    -0.03306970 
473.986100    -0.00479573 
474.331487    0.02164551 
474.676215    0.04566751 
475.020459    0.06845674 
475.364152    0.08999190 
475.707162    0.10737805 
476.049706    0.11446453 
476.392381    0.10607531 
476.735498    0.08419801 
477.078863    0.05645790 
477.422330    0.02906234 
477.766095    0.00391492 
478.110572    -0.01819990 
478.456302    -0.03663402 
478.803785    -0.05240374 
479.153323    -0.06609639 
479.505035    -0.07704644 
479.858974    -0.08331796 
480.215222    -0.08268312 
480.573814    -0.07448775 
480.934619    -0.06051066 
481.297363    -0.04362848 
481.661756    -0.02585984 
482.027532    -0.00779048 
482.394426    0.00983511 
482.762247    0.02556423 
483.130905    0.03939666 
483.500340    0.05182667 
483.870487    0.06254655 
484.241316    0.07030110 
484.612878    0.07340687 
484.985292    0.07071547 
485.358643    0.06235510 
485.732891    0.04955225 
486.107861    0.03369246 
486.483241    0.01540034 
486.858548    -0.00505827 
487.233179    -0.02600359 
487.606576    -0.04670132 
487.978210    -0.06713816 
488.347648    -0.08536690 
488.714807    -0.09718625 
489.080113    -0.09826778 
489.444196    -0.08767508 
489.807436    -0.06861123 
490.169898    -0.04540149 
490.531491    -0.02055654 
490.891980    0.00544848 
491.250984    0.03132489 
491.608072    0.05715657 
491.962629    0.08361673 
492.313936    0.10824767 
492.661775    0.12351268 
493.006902    0.12048705 
493.350198    0.09879044 
493.691832    0.06758292 
494.031811    0.03560678 
494.370488    0.00586732 
494.708415    -0.02101736 
495.046216    -0.04453650 
495.384383    -0.06590071 
495.723127    -0.08538809 
496.062496    -0.10109838 
496.402680    -0.10848991 
496.744109    -0.10298676 
497.087031    -0.08501968 
497.431239    -0.06042454 
497.776467    -0.03518519 
498.122732    -0.01181183 
498.470274    0.00911584 
498.819474    0.02651646 
499.170757    0.04080263 
499.524429    0.05291857 
499.880616    0.06302796 
500.239320    0.07032081 
500.600499    0.07335149 
500.964110    0.07097077 
501.330056    0.06327463 
501.698143    0.05158214 
502.068094    0.03746501 
502.439587    0.02183030 
502.812239    0.00491884 
503.185610    -0.01225555 
503.559322    -0.02815553 
503.933110    -0.04272354 
504.306778    -0.05608156 
504.680203    -0.06738471 
505.053388    -0.07487221 
505.426496    -0.07664092 
505.799772    -0.07178282 
506.173387    -0.06094405 
506.547343    -0.04572171 
506.921465    -0.02745913 
507.295384    -0.00648468 
507.668495    0.01640829 
508.040110    0.03963240 
508.409522    0.06335117 
508.776013    0.08637179 
509.139156    0.10413777 
509.499257    0.11006558 
509.857160    0.10084617 
510.213499    0.07987741 
510.568468    0.05354613 
510.922112    0.02607047 
511.274432    -0.00160625 
511.625318    -0.02850312 
511.974613    -0.05452921 
512.321955    -0.08075201 
512.666771    -0.10580909 
513.008749    -0.12354197 
513.348462    -0.12449866 
513.686818    -0.10552368 
514.024007    -0.07462145 
514.359920    -0.04196062 
514.694878    -0.01203822 
515.029556    0.01451362 
515.364768    0.03694279 
515.701260    0.05626253 
516.039494    0.07328527 
516.379669    0.08738934 
516.721896    0.09610721 
517.066369    0.09598895 
517.413251    0.08557505 
517.762425    0.06746241 
518.113566    0.04631286 
518.466419    0.02539581 
518.820898    0.00561107 
519.177015    -0.01228801 
519.534886    -0.02724015 
519.894676    -0.03968662 
520.256488    -0.05031838 
520.620336    -0.05912189 
520.986175    -0.06530932 
521.353961    -0.06770929 
521.723659    -0.06548458 
522.095204    -0.05867705 
522.468451    -0.04810951 
522.843166    -0.03479010 
523.219018    -0.01928744 
523.595558    -0.00179557 
523.972238    0.01637573 
524.348563    0.03371435 
524.724155    0.05016268 
525.098728    0.06523155 
525.472155    0.07710380 
525.844566    0.08316736 
526.216318    0.08148364 
526.587789    0.07211110 
526.959185    0.05689745 
527.330485    0.03800192 
527.701469    0.01649366 
528.071657    -0.00740025 
528.440374    -0.03212803 
528.806877    -0.05756795 
529.170300    -0.08364391 
529.529865    -0.10669728 
529.885518    -0.11883562 
530.238130    -0.11323327 
530.588572    -0.09170673 
530.937125    -0.06254928 
531.283894    -0.03234971 
531.629096    -0.00300339 
531.972930    0.02480930 
532.315570    0.05073571 
532.656999    0.07600550 
532.996921    0.10014311 
533.335085    0.11885156 
533.671859    0.12384911 
534.008068    0.10984279 
534.343981    0.08184816 
534.679376    0.04998159 
535.014362    0.02037472 
535.349510    -0.00580065 
535.685614    -0.02768480 
536.023505    -0.04565545 
536.363802    -0.06086724 
536.706830    -0.07354160 
537.052707    -0.08261442 
537.401492    -0.08594329 
537.753232    -0.08171266 
538.107854    -0.07030055 
538.465100    -0.05435756 
538.824636    -0.03683091 
539.186183    -0.01923227 
539.549503    -0.00191148 
539.914396    0.01405304 
540.280757    0.02761935 
540.648553    0.03915410 
541.017750    0.04915533 
541.388295    0.05746774 
541.760133    0.06327459 
542.133251    0.06548144 
542.507664    0.06328785 
542.883366    0.05660485 
543.260271    0.04602173 
543.638175    0.03231275 
544.016740    0.01580599 
544.395435    -0.00329873 
544.773600    -0.02328967 
545.150618    -0.04298427 
545.525951    -0.06215761 
545.899202    -0.07910813 
546.270300    -0.09041114 
546.639617    -0.09260132 
547.007741    -0.08466658 
547.375111    -0.06870569 
547.741874    -0.04800379 
548.107946    -0.02476870 
548.473011    0.00056779 
548.836502    0.02689849 
549.197746    0.05372314 
549.555885    0.08173267 
549.909950    0.10848635 
550.259541    0.12593245 
550.605453    0.12409683 
550.948765    0.10217438 
551.289807    0.06994142 
551.628689    0.03673434 
551.965837    0.00568998 
552.301823    -0.02264302 
552.637242    -0.04785968 
552.972502    -0.07120294 
553.307701    -0.09273245 
553.642816    -0.10984873 
553.978113    -0.11668917 
554.314193    -0.10798670 
554.651330    -0.08554534 
554.989269    -0.05724463 
555.327852    -0.02974080 
555.667347    -0.00515329 
556.008288    0.01585835 
556.351337    0.03267292 
556.697088    0.04627940 
557.045908    0.05753645 
557.397929    0.06641994 
557.753132    0.07201195 
558.111444    0.07297963 
558.472758    0.06858132 
558.836890    0.05942117 
559.203566    0.04707724 
559.572463    0.03299427 
559.943233    0.01777938 
560.315479    0.00165681 
560.688781    -0.01412363 
561.062804    -0.02827721 
561.437326    -0.04091759 
561.812186    -0.05224394 
562.187283    -0.06171067 
562.562604    -0.06807907 
562.938243    -0.06991860 
563.314355    -0.06635282 
563.691053    -0.05753975 
564.068319    -0.04442285 
564.445967    -0.02791247 
564.823603    -0.00821061 
565.200571    0.01398552 
565.576101    0.03679681 
565.949430    0.05997370 
566.319832    0.08224278 
566.686906    0.09936541 
567.050942    0.10556421 
567.412755    0.09796033 
567.773034    0.07925734 
568.132059    0.05482813 
568.489883    0.02848858 
568.846418    0.00120582 
569.201385    -0.02611262 
569.554416    -0.05304123 
569.904940    -0.08063019 
570.252180    -0.10738796 
570.595699    -0.12643609 
570.936138    -0.12727191 
571.274547    -0.10681413 
571.611196    -0.07424805 
571.946071    -0.04034996 
572.279620    -0.00943057 
572.612614    0.01795576 
572.945928    0.04124363 
573.280299    0.06160863 
573.616147    0.07965326 
573.953636    0.09429810 
574.292920    0.10230589 
574.634284    0.09971396 
574.977919    0.08573481 
575.323644    0.06442291 
575.671124    0.04125438 
576.020212    0.01929193 
576.370976    -0.00083232 
576.723608    -0.01813680 
577.078388    -0.03218400 
577.435559    -0.04380767 
577.795242    -0.05357537 
578.157428    -0.06127737 
578.522044    -0.06602303 
578.889007    -0.06674252 
579.258228    -0.06291174 
579.629570    -0.05490751 
580.002820    -0.04367030 
580.377690    -0.03006073 
580.753802    -0.01443003 
581.130663    0.00284664 
581.507729    0.02010070 
581.884558    0.03620709 
582.260827    0.05119466 
582.636321    0.06445824 
583.010991    0.07431458 
583.385000    0.07860790 
583.758673    0.07592046 
584.132320    0.06647932 
584.506085    0.05183620 
584.879905    0.03365414 
585.253499    0.01260894 
585.626312    -0.01090934 
585.997613    -0.03516787 
586.366619    -0.06010350 
586.732485    -0.08500972 
587.094588    -0.10551230 
587.453099    -0.11411923 
587.808932    -0.10601877 
588.162855    -0.08435302 
588.515129    -0.05657164 
588.865869    -0.02784693 
589.215197    0.00057670 
589.563154    0.02780862 
589.909735    0.05371004 
590.254729    0.07938446 
590.597698    0.10371108 
590.938396    0.12112206 
591.277356    0.12268715 
591.615429    0.10489894 
591.952793    0.07502098 
592.289304    0.04308019 
592.625228    0.01384356 
592.961216    -0.01198629 
593.298072    -0.03358253 
593.636560    -0.05180567 
593.977184    -0.06761025 
594.320166    -0.08070799 
594.665590    -0.08923736 
595.013561    -0.09036256 
595.364173    -0.08252019 
595.717318    -0.06734861 
596.072695    -0.04859196 
596.430006    -0.02928752 
596.789057    -0.01045981 
597.149711    0.00736777 
597.511906    0.02286096 
597.875669    0.03591062 
598.241030    0.04716373 
598.607969    0.05672352 
598.976439    0.06388886 
599.346412    0.06745246 
599.717896    0.06637652 
600.090890    0.06042902 
600.465315    0.05026296 
600.840987    0.03690105 
601.217606    0.02102235 
601.594725    0.00282888 
601.971761    -0.01640926 
602.348167    -0.03502616 
602.723503    -0.05286265 
603.097436    -0.06914797 
603.469836    -0.08153403 
603.840904    -0.08691425 
604.211097    -0.08337751 
604.580851    -0.07162165 
604.950375    -0.05421119 
605.319644    -0.03360008 
605.688434    -0.01074584 
606.056272    0.01383385 
606.422549    0.03861001 
606.786591    0.06397956 
607.147607    0.08929381 
607.505010    0.10987812 
607.859032    0.11747801 
608.210625    0.10703471 
608.560459    0.08273195 
608.908681    0.05315521 
609.255429    0.02367680 
609.600961    -0.00462913 
609.945538    -0.03078113 
610.289399    -0.05501810 
610.632570    -0.07833613 
610.974861    -0.09962459 
611.316209    -0.11414084 
611.657082    -0.11476139 
611.998106    -0.09882893 
612.339354    -0.07219458 
612.680610    -0.04323976 
613.021967    -0.01630805 
613.363845    0.00783819 
613.706824    0.02819763 
614.051513    0.04521271 
614.398347    0.05991579 
614.747524    0.07230360 
615.099098    0.08101851 
615.453113    0.08376852 
615.809622    0.07892917 
616.168563    0.06719963 
616.529703    0.05125327 
616.892740    0.03371609 
617.257397    0.01575167 
617.623402    -0.00225242 
617.990510    -0.01888872 
618.358585    -0.03336949 
618.727556    -0.04616124 
619.097361    -0.05734899 
619.467956    -0.06608509 
619.839364    -0.07086583 
620.211684    -0.07032932 
620.585024    -0.06411317 
620.959395    -0.05304045 
621.334672    -0.03845110 
621.710592    -0.02124553 
622.086724    -0.00166811 
622.462485    0.01893575 
622.837314    0.03906471 
623.210722    0.05868445 
623.582307    0.07658823 
623.951934    0.08949512 
624.319902    0.09340894 
624.686787    0.08654890 
625.053039    0.07084605 
625.418812    0.05006735 
625.784056    0.02700966 
626.148560    0.00243422 
626.511929    -0.02263810 
626.873716    -0.04733760 
627.233381    -0.07240722 
627.590279    -0.09640147 
627.944086    -0.11356715 
628.295307    -0.11572397 
628.644841    -0.10018151 
628.993074    -0.07332939 
629.340027    -0.04355642 
629.685872    -0.01487760 
630.030931    0.01204832 
630.375574    0.03617023 
630.720136    0.05827621 
631.064729    0.07903328 
631.409293    0.09693868 
631.753906    0.10748922 
632.099000    0.10521994 
632.444975    0.08924462 
632.791772    0.06500940 
633.139158    0.03909205 
633.487133    0.01463722 
633.835916    -0.00773474 
634.185856    -0.02688756 
634.537354    -0.04311119 
634.890698    -0.05731925 
635.246001    -0.06941218 
635.603282    -0.07797968 
635.962577    -0.08080857 
636.323950    -0.07640529 
636.687366    -0.06540085 
637.052634    -0.05014511 
637.419474    -0.03293136 
637.787588    -0.01477478 
638.156644    0.00386758 
638.526323    0.02140677 
638.896420    0.03710933 
639.266807    0.05135382 
639.637389    0.06379057 
640.008146    0.07291973 
640.379195    0.07667507 
640.750757    0.07367162 
641.123009    0.06419659 
641.495972    0.04991703 
641.869505    0.03260441 
642.243322    0.01305617 
642.616965    -0.00821499 
642.989899    -0.02938186 
643.361650    -0.05002143 
643.731772    -0.06995082 
644.099945    -0.08680621 
644.466232    -0.09614968 
644.831145    -0.09416517 
645.195253    -0.08106157 
645.558823    -0.06078589 
645.921865    -0.03749910 
646.284289    -0.01309162 
646.645877    0.01188325 
647.006351    0.03598908 
647.365407    0.05971570 
647.722610    0.08314570 
648.077550    0.10313816 
648.430328    0.11284921 
648.781663    0.10638083 
649.132141    0.08551026 
649.481821    0.05794105 
649.830692    0.02987365 
650.178940    0.00313527 
650.526839    -0.02147014 
650.874729    -0.04337415 
651.222856    -0.06366123 
651.571264    -0.08230349 
651.919923    -0.09688757 
652.269018    -0.10268659 
652.618958    -0.09592541 
652.969947    -0.07802954 
653.321818    -0.05462725 
653.674366    -0.03060785 
654.027574    -0.00766768 
654.381545    0.01348769 
654.736491    0.03173942 
655.092657    0.04769097 
655.450188    0.06189904 
655.809118    0.07363613 
656.169477    0.08085037 
656.531375    0.08117888 
656.894921    0.07379990 
657.260075    0.06028658 
657.626638    0.04334337 
657.994341    0.02491405 
658.362887    0.00559587 
658.731940    -0.01360557 
659.101237    -0.03116062 
659.470618    -0.04720092 
659.839961    -0.06175966 
660.209204    -0.07353365 
660.578428    -0.08012769 
660.947886    -0.07938383 
661.317843    -0.07099669 
661.688400    -0.05673270 
662.059473    -0.03898511 
662.430844    -0.01919272 
662.802153    0.00221795 
663.172942    0.02370005 
663.542801    0.04437428 
663.911348    0.06449421 
664.278247    0.08256060 
664.643433    0.09463210 
665.007293    0.09618253 
665.370402    0.08591358 
665.733086    0.06705170 
666.095373    0.04424839 
666.457193    0.02026340 
666.818400    -0.00428170 
667.178779    -0.02803162 
667.538135    -0.05079244 
667.896184    -0.07320487 
668.252572    -0.09358390 
668.607221    -0.10677897 
668.960623    -0.10649396 
669.313415    -0.09144589 
669.665786    -0.06718121 
670.017659    -0.04040908 
670.369076    -0.01429598 
670.720186    0.01052776 
671.071200    0.03284660 
671.422349    0.05320074 
671.773717    0.07224719 
672.125253    0.08871142 
672.477009    0.09883303 
672.829310    0.09807380 
673.182503    0.08534327 
673.536588    0.06460167 
673.891353    0.04120484 
674.246671    0.01808929 
674.602531    -0.00408513 
674.959006    -0.02403063 
675.316263    -0.04149213 
675.674439    -0.05724874 
676.033572    -0.07103061 
676.393681    -0.08101111 
676.754885    -0.08442589 
677.117381    -0.07949270 
677.481250    -0.06708907 
677.846372    -0.05008006 
678.212513    -0.03110567 
678.579418    -0.01124127 
678.946786    0.00884953 
679.314359    0.02749705 
679.681984    0.04452233 
680.049548    0.06020099 
680.416967    0.07347058 
680.784288    0.08185071 
681.151757    0.08268483 
681.519674    0.07513996 
681.888184    0.06093034 
682.257221    0.04285474 
682.626594    0.02283857 
682.996005    0.00143016 
683.365058    -0.02008273 
683.733405    -0.04053658 
684.100741    -0.06031078 
684.466772    -0.07848026 
684.831391    -0.09172174 
685.194889    -0.09552533 
685.557801    -0.08770782 
685.920483    -0.07059066 
686.282977    -0.04873624 
686.645199    -0.02539230 
687.007015    -0.00143726 
687.368220    0.02201962 
687.728640    0.04417053 
688.088063    0.06576334 
688.446196    0.08592916 
688.802892    0.10073821 
689.158479    0.10432811 
689.513564    0.09385831 
689.868451    0.07287199 
690.223088    0.04769863 
690.577427    0.02233481 
690.931520    -0.00231810 
691.285454    -0.02510844 
691.639380    -0.04576325 
691.993372    -0.06517936 
692.347369    -0.08275741 
692.701345    -0.09545025 
693.055543    -0.09860672 
693.410370    -0.08969042 
693.765976    -0.07121717 
694.122207    -0.04846436 
694.478896    -0.02520406 
694.835981    -0.00247528 
695.193458    0.01870092 
695.551422    0.03743296 
695.909984    0.05445750 
696.269171    0.06979787 
696.628977    0.08177538 
696.989517    0.08733299 
697.351040    0.08396577 
697.713722    0.07202177 
698.077498    0.05452845 
698.442160    0.03470644 
698.807478    0.01407968 
699.173194    -0.00676130 
699.539080    -0.02618516 
699.905019    -0.04388128 
700.270920    -0.06023945 
700.636706    -0.07429349 
701.002418    -0.08346818 
701.368307    -0.08480218 
701.734694    -0.07722305 
702.101731    -0.06255371 
702.469347    -0.04393394 
702.837358    -0.02357284 
703.205499    -0.00211878 
703.573433    0.01918922 
703.940885    0.03915954 
704.307631    0.05821448 
704.673450    0.07567678 
705.038260    0.08865417 
705.402312    0.09300056 
705.766082    0.08641059 
706.129897    0.07067747 
706.493790    0.04998624 
706.857655    0.02758433 
707.221340    0.00446557 
707.584620    -0.01840696 
707.947302    -0.03989136 
708.309199    -0.06063341 
708.670054    -0.08014920 
709.029709    -0.09525086 
709.388394    -0.10071848 
709.746653    -0.09326106 
710.104839    -0.07508178 
710.462944    -0.05171017 
710.820876    -0.02731033 
711.178595    -0.00307069 
711.536067    0.02005615 
711.893314    0.04121765 
712.250339    0.06125415 
712.607025    0.07986645 
712.963282    0.09426127 
713.319310    0.09961687 
713.675562    0.09261373 
714.032300    0.07505196 
714.389433    0.05223145 
714.746802    0.02841235 
715.104337    0.00494716 
715.462012    -0.01725519 
715.819894    -0.03711883 
716.178076    -0.05534613 
716.536560    -0.07197933 
716.895330    -0.08514646 
717.254524    -0.09130731 
717.614462    -0.08750851 
717.975374    -0.07422747 
718.337206    -0.05511876 
718.699759    -0.03392160 
719.062841    -0.01230008 
719.426263    0.00907152 
719.789894    0.02860565 
720.153703    0.04629251 
720.517662    0.06251755 
720.881733    0.07618058 
721.245990    0.08457081 
721.610697    0.08476034 
721.976146    0.07599008 
722.342432    0.06046431 
722.709438    0.04146634 
723.076963    0.02108938 
723.444753    -0.00007174 
723.812513    -0.02063725 
724.180036    -0.03961755 
724.547164    -0.05746417 
724.913747    -0.07351711 
725.279754    -0.08517379 
725.645416    -0.08885803 
726.011134    -0.08265685 
726.377170    -0.06812717 
726.743527    -0.04886546 
727.110073    -0.02771273 
727.476606    -0.00556051 
727.842840    0.01667216 
728.208517    0.03766298 
728.573405    0.05789969 
728.937237    0.07697098 
729.299841    0.09195427 
729.661414    0.09802049 
730.022468    0.09192576 
730.383382    0.07532285 
730.744192    0.05313568 
731.104799    0.02935843 
731.465108    0.00525926 
731.824985    -0.01829290 
732.184337    -0.04021183 
732.543061    -0.06124317 
732.900951    -0.08105729 
733.257859    -0.09659426 
733.613999    -0.10249440 
733.969907    -0.09507452 
734.325914    -0.07640894 
734.681967    -0.05235024 
735.037943    -0.02743402 
735.393818    -0.00302036 
735.749617    0.01988926 
736.105459    0.04042586 
736.461451    0.05940409 
736.817594    0.07664520 
737.173886    0.08981718 
737.530526    0.09486114 
737.887894    0.08886177 
738.246203    0.07312830 
738.605353    0.05216338 
738.965148    0.02989215 
739.325453    0.00775020 
739.686172    -0.01341618 
740.047302    -0.03223290 
740.408915    -0.04910657 
740.771045    -0.06432190 
741.133701    -0.07664896 
741.496983    -0.08345435 
741.861125    -0.08220703 
742.226343    -0.07263026 
742.592647    -0.05707218 
742.959874    -0.03856274 
743.327799    -0.01884254 
743.696148    0.00158092 
744.064622    0.02124337 
744.433022    0.03926710 
744.801203    0.05606806 
745.169037    0.07101185 
745.536502    0.08176872 
745.903803    0.08523351 
746.271282    0.07973296 
746.639170    0.06650049 
747.007466    0.04855721 
747.376023    0.02839432 
747.744597    0.00683574 
748.112829    -0.01525793 
748.480371    -0.03638979 
748.846915    -0.05687077 
749.212139    -0.07624478 
749.575850    -0.09154970 
749.938244    -0.09793868 
750.299866    -0.09215208 
750.661144    -0.07577778 
751.022163    -0.05365529 
751.382849    -0.02975320 
751.743104    -0.00536047 
752.102769    0.01864232 
752.461712    0.04115617 
752.819781    0.06292633 
753.176719    0.08350115 
753.532355    0.09947004 
753.886946    0.10499475 
754.241094    0.09635385 
754.595149    0.07623770 
754.949065    0.05107264 
755.302761    0.02546740 
755.656281    0.00065780 
756.009729    -0.02229178 
756.363290    -0.04279508 
756.717107    -0.06174613 
757.071190    -0.07883940 
757.425544    -0.09155652 
757.780385    -0.09572226 
758.136082    -0.08861076 
758.492803    -0.07195141 
758.850409    -0.05049326 
759.208700    -0.02808673 
759.567561    -0.00601203 
759.926927    0.01483264 
760.286836    0.03321229 
760.647385    0.04964031 
761.008622    0.06436200 
761.370559    0.07614349 
761.733290    0.08244803 
762.097026    0.08091521 
762.461946    0.07136382 
762.828038    0.05606466 
763.195123    0.03788638 
763.562963    0.01845894 
763.931267    -0.00171290 
764.299725    -0.02113074 
764.668127    -0.03888376 
765.036329    -0.05533633 
765.404216    -0.06985744 
765.771784    -0.08023218 
766.139239    -0.08356297 
766.506918    -0.07830514 
766.875051    -0.06559620 
767.243650    -0.04823969 
767.612576    -0.02858181 
767.981582    -0.00742218 
768.350299    0.01440192 
768.718359    0.03532240 
769.085442    0.05555964 
769.451225    0.07470185 
769.815512    0.08993379 
770.178487    0.09660738 
770.540678    0.09149407 
770.902529    0.07593304 
771.264150    0.05448386 
771.625477    0.03103442 
771.986404    0.00691546 
772.346744    -0.01709267 
772.706316    -0.03978385 
773.064922    -0.06185242 
773.422258    -0.08294122 
773.778097    -0.09967868 
774.132662    -0.10605117 
774.486572    -0.09796361 
774.840223    -0.07790924 
775.193591    -0.05245820 
775.546606    -0.02644904 
775.899321    -0.00120538 
776.251842    0.02225920 
776.604350    0.04334230 
776.956975    0.06295183 
777.309705    0.08074017 
777.662535    0.09399450 
778.015697    0.09818868 
778.369603    0.09041106 
778.724436    0.07267063 
779.080052    0.05017673 
779.436266    0.02700167 
779.793008    0.00443269 
780.150276    -0.01655169 
780.508182    -0.03486336 
780.866878    -0.05112769 
781.226449    -0.06552972 
781.586937    -0.07677476 
781.948454    -0.08234612 
782.311208    -0.08004762 
782.675349    -0.06993982 
783.040833    -0.05443097 
783.407463    -0.03634734 
783.775000    -0.01719880 
784.143161    0.00250876 
784.511659    0.02124097 
784.880315    0.03816631 
785.249016    0.05366441 
785.617677    0.06722105 
785.986299    0.07692104 
786.355056    0.08023907 
786.724228    0.07575131 
787.094013    0.06429742 
787.464416    0.04823410 
787.835288    0.02965054 
788.206365    0.00930422 
788.577240    -0.01209742 
788.947483    -0.03285385 
789.316726    -0.05295930 
789.684611    -0.07209539 
790.050908    -0.08766766 
790.415755    -0.09522932 
790.779660    -0.09142659 
791.143102    -0.07711727 
791.506239    -0.05646984 
791.869025    -0.03334588 
792.231336    -0.00922104 
792.592933    0.01522765 
792.953559    0.03864248 
793.312937    0.06161347 
793.670682    0.08382368 
794.026499    0.10173696 
794.380606    0.10882313 
794.733695    0.10051804 
795.086231    0.07951355 
795.438224    0.05295686 
795.789646    0.02601051 
796.140608    0.00003233 
796.491279    -0.02394238 
796.841897    -0.04547433 
797.192616    -0.06550514 
797.543434    -0.08356245 
797.894360    -0.09667738 
798.245670    -0.10005389 
798.597797    -0.09090090 
798.950894    -0.07179504 
799.304787    -0.04839798 
799.659313    -0.02479913 
800.014454    -0.00216245 
800.370284    0.01845507 
800.726994    0.03620329 
801.084787    0.05182106 
801.443778    0.06546528 
801.804018    0.07588199 
802.165607    0.08072571 
802.528711    0.07804300 
802.893426    0.06801264 
803.259664    0.05293205 
803.627207    0.03540851 
803.995793    0.01679514 
804.365119    -0.00242509 
804.734878    -0.02070501 
805.104872    -0.03716191 
805.474983    -0.05213455 
805.845126    -0.06517084 
806.215301    -0.07453807 
806.585663    -0.07794173 
806.956470    -0.07402840 
807.327910    -0.06343402 
807.699996    -0.04820669 
808.072582    -0.03025031 
808.445393    -0.01029081 
808.817992    0.01101405 
809.189903    0.03187490 
809.560711    0.05212230 
809.930031    0.07140565 
810.297616    0.08712478 
810.663605    0.09485688 
811.028519    0.09127564 
811.392863    0.07720320 
811.756830    0.05672238 
812.120391    0.03364013 
812.483423    0.00942627 
812.845672    -0.01525157 
813.206843    -0.03902060 
813.566617    -0.06247116 
813.924560    -0.08522293 
814.280345    -0.10349648 
814.634206    -0.11038896 
814.986880    -0.10128145 
815.338845    -0.07931300 
815.690114    -0.05202619 
816.040687    -0.02459819 
816.390720    0.00171643 
816.740423    0.02584805 
817.090064    0.04756116 
817.439801    0.06779694 
817.789626    0.08591624 
818.139558    0.09867153 
818.489905    0.10107234 
818.841101    0.09058698 
819.193262    0.07035836 
819.546187    0.04633252 
819.899734    0.02246958 
820.253921    -0.00020394 
820.608874    -0.02054029 
820.964832    -0.03792985 
821.322027    -0.05317069 
821.680582    -0.06632026 
822.040558    -0.07605039 
822.402055    -0.08006583 
822.765220    -0.07662925 
823.130113    -0.06615631 
823.496616    -0.05099805 
823.864492    -0.03362335 
824.233472    -0.01521822 
824.603240    0.00371001 
824.973493    0.02154489 
825.344040    0.03750885 
825.714772    0.05192403 
826.085614    0.06431595 
826.456580    0.07303990 
826.827821    0.07600273 
827.199577    0.07202621 
827.572016    0.06172928 
827.945142    0.04697029 
828.318806    0.02944981 
828.692716    0.00979414 
829.066415    -0.01130173 
829.439402    -0.03201008 
829.811241    -0.05211515 
830.181538    -0.07117817 
830.550054    -0.08655438 
830.916942    -0.09392428 
831.282728    -0.09017770 
831.647913    -0.07622310 
832.012699    -0.05600379 
832.377063    -0.03313619 
832.740870    -0.00898617 
833.103836    0.01576486 
833.465626    0.03975059 
833.825871    0.06356471 
834.184086    0.08668963 
834.539923    0.10503346 
834.893652    0.11138776 
835.246049    0.10130410 
835.597593    0.07846642 
835.948303    0.05066755 
836.298213    0.02293563 
836.647504    -0.00361662 
836.996411    -0.02788219 
837.345207    -0.04982959 
837.694031    -0.07036069 
838.042851    -0.08861582 
838.391698    -0.10098332 
838.740917    -0.10224100 
839.090954    -0.09021161 
839.441885    -0.06871996 
839.793498    -0.04399717 
840.145682    -0.01981287 
840.498509    0.00293840 
840.852161    0.02302975 
841.206931    0.04014586 
