0.000000    0.00000000 
0.097366    0.00039100 
0.194731    0.00077853 
0.292097    0.00115951 
0.389462    0.00153131 
0.486828    0.00189171 
0.584194    0.00223880 
0.681560    0.00257101 
0.778927    0.00288701 
0.876295    0.00318572 
0.973664    0.00346624 
1.071034    0.00372783 
1.168406    0.00396991 
1.265780    0.00419198 
1.363156    0.00439366 
1.460535    0.00457463 
1.557917    0.00473465 
1.655304    0.00487350 
1.752694    0.00499104 
1.850090    0.00508712 
1.947490    0.00516166 
2.044897    0.00521456 
2.142310    0.00524576 
2.239730    0.00525520 
2.337157    0.00524286 
2.434593    0.00520870 
2.532037    0.00515271 
2.629490    0.00507489 
2.726953    0.00497527 
2.824427    0.00485388 
2.921910    0.00471079 
3.019405    0.00454611 
3.116911    0.00435998 
3.214429    0.00415260 
3.311960    0.00392424 
3.409502    0.00367526 
3.507058    0.00340610 
3.604626    0.00311734 
3.702207    0.00280971 
3.799802    0.00248412 
3.897410    0.00214169 
3.995031    0.00178379 
4.092666    0.00141209 
4.190314    0.00102861 
4.287974    0.00063576 
4.385648    0.00023638 
4.483335    -0.00016619 
4.581035    -0.00056811 
4.678747    -0.00096497 
4.776472    -0.00135184 
4.874209    -0.00172328 
4.971958    -0.00207344 
5.069719    -0.00239615 
5.167493    -0.00268514 
5.265280    -0.00293427 
5.363079    -0.00313780 
5.460892    -0.00329071 
5.558717    -0.00338902 
5.656557    -0.00343001 
5.754411    -0.00341244 
5.852279    -0.00333662 
5.950162    -0.00320442 
6.048061    -0.00301909 
6.145975    -0.00278505 
6.243905    -0.00250763 
6.341850    -0.00219272 
6.439811    -0.00184651 
6.537787    -0.00147520 
6.635779    -0.00108479 
6.733786    -0.00068094 
6.831807    -0.00026885 
6.929843    0.00014680 
7.027894    0.00056188 
7.125958    0.00097276 
7.224036    0.00137633 
7.322127    0.00176992 
7.420231    0.00215129 
7.518348    0.00251854 
7.616478    0.00287010 
7.714621    0.00320468 
7.812776    0.00352120 
7.910943    0.00381877 
8.009123    0.00409669 
8.107316    0.00435436 
8.205521    0.00459131 
8.303739    0.00480714 
8.401970    0.00500153 
8.500213    0.00517423 
8.598470    0.00532501 
8.696740    0.00545368 
8.795024    0.00556009 
8.893322    0.00564410 
8.991634    0.00570557 
9.089960    0.00574440 
9.188301    0.00576047 
9.286657    0.00575369 
9.385028    0.00572396 
9.483415    0.00567118 
9.581817    0.00559528 
9.680235    0.00549619 
9.778670    0.00537383 
9.877121    0.00522819 
9.975588    0.00505923 
10.074072    0.00486699 
10.172573    0.00465152 
10.271090    0.00441296 
10.369625    0.00415151 
10.468176    0.00386746 
10.566744    0.00356123 
10.665329    0.00323338 
10.763930    0.00288466 
10.862547    0.00251603 
10.961179    0.00212874 
11.059828    0.00172434 
11.158491    0.00130478 
11.257169    0.00087245 
