0.000000    0.00000000 
0.097366    0.00000007 
0.194731    0.00000028 
0.292097    0.00000059 
0.389462    0.00000099 
0.486828    0.00000145 
0.584194    0.00000196 
0.681560    0.00000250 
0.778927    0.00000305 
0.876295    0.00000359 
0.973664    0.00000413 
1.071034    0.00000465 
1.168406    0.00000514 
1.265780    0.00000560 
1.363156    0.00000603 
1.460535    0.00000641 
1.557917    0.00000676 
1.655304    0.00000706 
1.752694    0.00000732 
1.850090    0.00000753 
1.947490    0.00000769 
2.044897    0.00000781 
2.142310    0.00000787 
2.239730    0.00000790 
2.337157    0.00000787 
2.434593    0.00000779 
2.532037    0.00000767 
2.629490    0.00000750 
2.726953    0.00000728 
2.824427    0.00000702 
2.921910    0.00000671 
3.019405    0.00000635 
3.116911    0.00000596 
3.214429    0.00000552 
3.311960    0.00000505 
3.409502    0.00000454 
3.507058    0.00000401 
3.604626    0.00000347 
3.702207    0.00000291 
3.799802    0.00000235 
3.897410    0.00000182 
3.995031    0.00000131 
4.092666    0.00000085 
4.190314    0.00000047 
4.287974    0.00000019 
4.385648    0.00000003 
4.483335    0.00000001 
4.581035    0.00000017 
4.678747    0.00000052 
4.776472    0.00000106 
4.874209    0.00000180 
4.971958    0.00000272 
5.069719    0.00000376 
5.167493    0.00000489 
5.265280    0.00000601 
5.363079    0.00000703 
5.460892    0.00000788 
5.558717    0.00000845 
5.656557    0.00000870 
5.754411    0.00000859 
5.852279    0.00000814 
5.950162    0.00000739 
6.048061    0.00000642 
6.145975    0.00000532 
6.243905    0.00000418 
6.341850    0.00000308 
6.439811    0.00000210 
6.537787    0.00000128 
6.635779    0.00000066 
6.733786    0.00000025 
6.831807    0.00000004 
6.929843    0.00000001 
7.027894    0.00000015 
7.125958    0.00000043 
7.224036    0.00000081 
7.322127    0.00000129 
7.420231    0.00000183 
7.518348    0.00000241 
7.616478    0.00000302 
7.714621    0.00000363 
7.812776    0.00000424 
7.910943    0.00000483 
8.009123    0.00000540 
8.107316    0.00000594 
8.205521    0.00000645 
8.303739    0.00000692 
8.401970    0.00000734 
8.500213    0.00000772 
8.598470    0.00000805 
8.696740    0.00000833 
8.795024    0.00000857 
8.893322    0.00000876 
8.991634    0.00000889 
9.089960    0.00000898 
9.188301    0.00000901 
9.286657    0.00000900 
9.385028    0.00000893 
9.483415    0.00000882 
9.581817    0.00000865 
9.680235    0.00000843 
9.778670    0.00000816 
9.877121    0.00000784 
9.975588    0.00000746 
10.074072    0.00000705 
10.172573    0.00000658 
10.271090    0.00000607 
10.369625    0.00000552 
10.468176    0.00000493 
10.566744    0.00000432 
10.665329    0.00000368 
10.763930    0.00000304 
10.862547    0.00000241 
10.961179    0.00000180 
11.059828    0.00000123 
11.158491    0.00000074 
11.257169    0.00000035 
11.355861    0.00000009 
11.454566    0.00000000 
11.553285    0.00000012 
11.652016    0.00000047 
11.750759    0.00000107 
11.849513    0.00000194 
11.948278    0.00000306 
12.047054    0.00000438 
12.145841    0.00000583 
12.244637    0.00000731 
12.343444    0.00000869 
12.442260    0.00000984 
12.541087    0.00001063 
12.639925    0.00001105 
12.738774    0.00001092 
12.837634    0.00001032 
12.936504    0.00000929 
13.035386    0.00000797 
13.134279    0.00000648 
13.233183    0.00000496 
13.332097    0.00000354 
13.431022    0.00000230 
13.529957    0.00000131 
13.628901    0.00000060 
13.727853    0.00000017 
13.826814    0.00000000 
13.925782    0.00000008 
14.024757    0.00000035 
14.123739    0.00000079 
14.222726    0.00000136 
14.321717    0.00000202 
14.420714    0.00000274 
14.519714    0.00000351 
14.618718    0.00000429 
14.717726    0.00000507 
14.816736    0.00000583 
14.915749    0.00000657 
15.014765    0.00000728 
15.113783    0.00000795 
15.212803    0.00000857 
