0.000000    0.00000000 
0.400000    0.01700308 
0.800000    0.03109361 
1.200000    0.04024211 
1.600000    0.04333118 
2.000000    0.04004411 
2.400000    0.03080504 
2.800000    0.01680514 
3.200000    0.00008120 
3.600000    -0.01647797 
4.000000    -0.02944184 
4.400000    -0.03570121 
4.800000    -0.03369655 
5.200000    -0.02418066 
5.600000    -0.00981361 
6.000000    0.00604455 
6.400000    0.02040434 
6.800000    0.03112810 
7.200000    0.03696267 
7.600000    0.03740596 
8.000000    0.03258246 
8.400000    0.02318944 
8.800000    0.01050801 
9.200000    -0.00357634 
9.600000    -0.01665978 
10.000000    -0.02616996 
10.400000    -0.03004467 
10.800000    -0.02749621 
11.200000    -0.01934871 
11.600000    -0.00766316 
12.000000    0.00505613 
12.400000    0.01655301 
12.800000    0.02516248 
13.200000    0.02987092 
13.600000    0.03025310 
14.000000    0.02639883 
14.400000    0.01887537 
14.800000    0.00872299 
15.200000    -0.00255745 
15.600000    -0.01310223 
16.000000    -0.02095724 
16.400000    -0.02454577 
16.800000    -0.02317778 
17.200000    -0.01730466 
17.600000    -0.00833432 
18.000000    0.00186646 
18.400000    0.01148026 
18.800000    0.01905754 
19.200000    0.02363385 
19.600000    0.02472910 
20.000000    0.02231013 
20.400000    0.01676031 
20.800000    0.00886340 
21.200000    -0.00022182 
21.600000    -0.00904400 
22.000000    -0.01605417 
22.400000    -0.01992856 
22.800000    -0.01993634 
23.200000    -0.01617507 
23.600000    -0.00952840 
24.000000    -0.00136989 
24.400000    0.00681625 
24.800000    0.01373277 
25.200000    0.01842765 
25.600000    0.02034284 
26.000000    0.01930872 
26.400000    0.01552471 
26.800000    0.00954081 
27.200000    0.00223093 
27.600000    -0.00527073 
28.000000    -0.01170627 
28.400000    -0.01592036 
28.800000    -0.01713633 
29.200000    -0.01517616 
29.600000    -0.01050962 
30.000000    -0.00410271 
30.400000    0.00285210 
30.800000    0.00919999 
31.200000    0.01400475 
31.600000    0.01663737 
32.000000    0.01680190 
32.400000    0.01453159 
32.800000    0.01017463 
33.200000    0.00437030 
33.600000    -0.00199912 
34.000000    -0.00790464 
34.400000    -0.01233101 
34.800000    -0.01448655 
35.200000    -0.01400085 
35.600000    -0.01102472 
36.000000    -0.00618057 
36.400000    -0.00038815 
36.800000    0.00535323 
37.200000    0.01014839 
37.600000    0.01332195 
38.000000    0.01447241 
38.400000    0.01348721 
38.800000    0.01053815 
39.200000    0.00606453 
39.600000    0.00073822 
40.000000    -0.00460413 
40.400000    -0.00907601 
40.800000    -0.01190094 
41.200000    -0.01258415 
41.600000    -0.01103613 
42.000000    -0.00759254 
42.400000    -0.00292041 
42.800000    0.00214656 
43.200000    0.00677923 
43.600000    0.01028445 
44.000000    0.01218347 
44.400000    0.01224679 
44.800000    0.01050148 
45.200000    0.00722141 
45.600000    0.00290136 
46.000000    -0.00179234 
46.400000    -0.00610499 
46.800000    -0.00931359 
47.200000    -0.01086780 
47.600000    -0.01051339 
48.000000    -0.00835187 
48.400000    -0.00481013 
48.800000    -0.00053328 
49.200000    0.00375634 
49.600000    0.00738882 
50.000000    0.00983979 
50.400000    0.01078361 
50.800000    0.01011583 
51.200000    0.00795494 
51.600000    0.00462836 
52.000000    0.00064029 
52.400000    -0.00338547 
52.800000    -0.00679314 
53.200000    -0.00900817 
53.600000    -0.00965398 
54.000000    -0.00863666 
54.400000    -0.00616517 
54.800000    -0.00269854 
55.200000    0.00115897 
55.600000    0.00477765 
56.000000    0.00760537 
56.400000    0.00923886 
56.800000    0.00946344 
57.200000    0.00826818 
57.600000    0.00584262 
58.000000    0.00255630 
58.400000    -0.00108214 
58.800000    -0.00449103 
59.200000    -0.00710668 
59.600000    -0.00848749 
60.000000    -0.00840589 
60.400000    -0.00689821 
60.800000    -0.00425338 
61.200000    -0.00094492 
61.600000    0.00246905 
62.000000    0.00544701 
62.400000    0.00754511 
62.800000    0.00847023 
63.200000    0.00810735 
63.600000    0.00652663 
64.000000    0.00397342 
64.400000    0.00084077 
64.800000    -0.00237882 
65.200000    -0.00516395 
65.600000    -0.00705205 
66.000000    -0.00772817 
66.400000    -0.00709068 
66.800000    -0.00527182 
67.200000    -0.00260535 
67.600000    0.00044671 
68.000000    0.00338440 
68.400000    0.00575347 
68.800000    0.00720840 
69.200000    0.00755137 
69.600000    0.00674970 
70.000000    0.00493564 
70.400000    0.00238993 
70.800000    -0.00049204 
71.200000    -0.00325296 
71.600000    -0.00544389 
72.000000    -0.00670305 
72.400000    -0.00682616 
72.800000    -0.00580802 
73.200000    -0.00384144 
73.600000    -0.00127387 
74.000000    0.00146365 
74.400000    0.00393468 
74.800000    0.00576532 
75.200000    0.00669314 
75.600000    0.00659572 
76.000000    0.00550098 
76.400000    0.00358164 
76.800000    0.00113415 
77.200000    -0.00145904 
77.600000    -0.00378377 
78.000000    -0.00546101 
78.400000    -0.00621534 
78.800000    -0.00592872 
79.200000    -0.00466373 
79.600000    -0.00264865 
80.000000    -0.00022928 
80.400000    0.00219769 
80.800000    0.00425234 
81.200000    0.00562778 
81.600000    0.00612890 
82.000000    0.00569324 
82.400000    0.00439575 
82.800000    0.00243847 
83.200000    0.00012516 
83.600000    -0.00217953 
84.000000    -0.00410479 
84.400000    -0.00533601 
84.800000    -0.00567275 
85.200000    -0.00506784 
85.600000    -0.00363573 
86.000000    -0.00162759 
86.400000    0.00061917 
86.800000    0.00274263 
87.200000    0.00441518 
87.600000    0.00538988 
88.000000    0.00553081 
88.400000    0.00482720 
88.800000    0.00339273 
89.200000    0.00145056 
89.600000    -0.00069592 
90.000000    -0.00270604 
90.400000    -0.00425531 
90.800000    -0.00509143 
91.200000    -0.00508126 
91.600000    -0.00423615 
92.000000    -0.00270832 
92.400000    -0.00075938 
92.800000    0.00128980 
93.200000    0.00311485 
93.600000    0.00443815 
94.000000    0.00506653 
94.400000    0.00491445 
94.800000    0.00401260 
95.200000    0.00250286 
95.600000    0.00061985 
96.000000    -0.00134076 
96.400000    -0.00306592 
96.800000    -0.00427598 
97.200000    -0.00477422 
97.600000    -0.00448377 
98.000000    -0.00346188 
98.400000    -0.00188751 
98.800000    -0.00002573 
99.200000    0.00182113 
99.600000    0.00336403 
100.000000    0.00437049 
100.400000    0.00469536 
100.800000    0.00429779 
101.200000    0.00324465 
101.600000    0.00170103 
102.000000    -0.00009196 
102.400000    -0.00185118 
102.800000    -0.00329481 
103.200000    -0.00418931 
103.600000    -0.00439119 
104.000000    -0.00387358 
104.400000    -0.00273054 
104.800000    -0.00115781 
105.200000    0.00058453 
105.600000    0.00221795 
106.000000    0.00349015 
106.400000    0.00421142 
106.800000    0.00427917 
107.200000    0.00368974 
107.600000    0.00253764 
108.000000    0.00100268 
108.400000    -0.00067465 
108.800000    -0.00222820 
109.200000    -0.00340827 
109.600000    -0.00402408 
110.000000    -0.00397829 
110.400000    -0.00328479 
110.800000    -0.00206519 
111.200000    -0.00052490 
111.600000    0.00108474 
112.000000    0.00250931 
112.400000    0.00353078 
112.800000    0.00399811 
113.200000    0.00384648 
113.600000    0.00310436 
114.000000    0.00188901 
114.400000    0.00039036 
114.800000    -0.00115571 
115.200000    -0.00250288 
115.600000    -0.00343428 
116.000000    -0.00380005 
116.400000    -0.00354441 
116.800000    -0.00271558 
117.200000    -0.00145578 
117.600000    0.00002582 
118.000000    0.00149038 
118.400000    0.00270882 
118.800000    0.00349627 
119.200000    0.00373743 
119.600000    0.00340100 
120.000000    0.00254271 
120.400000    0.00129733 
120.800000    -0.00014005 
121.200000    -0.00154227 
121.600000    -0.00268521 
122.000000    -0.00338488 
122.400000    -0.00352967 
122.800000    -0.00310036 
123.200000    -0.00217311 
123.600000    -0.00090448 
124.000000    0.00049750 
124.400000    0.00180928 
124.800000    0.00282759 
125.200000    0.00339916 
125.600000    0.00344139 
126.000000    0.00295247 
126.400000    0.00201077 
126.800000    0.00076383 
127.200000    -0.00059247 
127.600000    -0.00184299 
128.000000    -0.00278742 
128.400000    -0.00327398 
128.800000    -0.00322620 
129.200000    -0.00265643 
129.600000    -0.00166299 
130.000000    -0.00041142 
130.400000    0.00089526 
130.800000    0.00205068 
131.200000    0.00287721 
131.600000    0.00325146 
132.000000    0.00312058 
132.400000    0.00250851 
132.800000    0.00151214 
133.200000    0.00028763 
133.600000    -0.00097208 
134.000000    -0.00206662 
134.400000    -0.00282053 
134.800000    -0.00311317 
135.200000    -0.00289996 
135.600000    -0.00222014 
136.000000    -0.00118887 
136.400000    0.00002401 
136.800000    0.00122369 
137.200000    0.00222229 
137.600000    0.00286738 
138.000000    0.00306346 
138.400000    0.00278436 
138.800000    0.00207616 
139.200000    0.00105034 
139.600000    -0.00013203 
140.000000    -0.00128405 
140.400000    -0.00222201 
140.800000    -0.00279559 
141.200000    -0.00291367 
141.600000    -0.00256035 
142.000000    -0.00179737 
142.400000    -0.00075229 
142.800000    0.00040450 
143.200000    0.00148884 
143.600000    0.00233221 
144.000000    0.00280678 
144.400000    0.00284309 
144.800000    0.00243900 
145.200000    0.00165934 
145.600000    0.00062662 
146.000000    -0.00049669 
146.400000    -0.00153254 
146.800000    -0.00231553 
147.200000    -0.00272038 
147.600000    -0.00268365 
148.000000    -0.00221469 
148.400000    -0.00139346 
148.800000    -0.00035576 
149.200000    0.00073077 
149.600000    0.00169454 
150.000000    0.00238680 
150.400000    0.00270333 
150.800000    0.00259870 
151.200000    0.00209192 
151.600000    0.00126337 
152.000000    0.00024321 
152.400000    -0.00080769 
152.800000    -0.00172240 
153.200000    -0.00235476 
153.600000    -0.00260398 
154.000000    -0.00243205 
154.400000    -0.00187019 
154.800000    -0.00101274 
155.200000    -0.00000012 
155.600000    0.00100543 
156.000000    0.00184623 
156.400000    0.00239332 
156.800000    0.00256495 
157.200000    0.00233762 
157.600000    0.00174885 
158.000000    0.00089153 
158.400000    -0.00009955 
158.800000    -0.00106775 
159.200000    -0.00185900 
159.600000    -0.00234691 
160.000000    -0.00245420 
160.400000    -0.00216601 
160.800000    -0.00153215 
161.200000    -0.00065784 
161.600000    0.00031496 
162.000000    0.00123152 
162.400000    0.00194905 
162.800000    0.00235812 
163.200000    0.00239822 
163.600000    0.00206576 
164.000000    0.00141415 
164.400000    0.00054600 
164.800000    -0.00040198 
165.200000    -0.00127965 
165.600000    -0.00194718 
166.000000    -0.00229813 
166.400000    -0.00227753 
166.800000    -0.00189128 
167.200000    -0.00120472 
167.600000    -0.00033074 
168.000000    0.00058985 
168.400000    0.00141160 
168.800000    0.00200726 
169.200000    0.00228655 
169.600000    0.00220881 
170.000000    0.00178831 
170.400000    0.00109187 
170.800000    0.00022907 
171.200000    -0.00066399 
171.600000    -0.00144566 
172.000000    -0.00199133 
172.400000    -0.00221428 
172.800000    -0.00208036 
173.200000    -0.00161373 
173.600000    -0.00089221 
174.000000    -0.00003348 
174.400000    0.00082508 
174.800000    0.00154865 
175.200000    0.00202576 
175.600000    0.00218458 
176.000000    0.00200283 
176.400000    0.00151055 
176.800000    0.00078557 
177.200000    -0.00005800 
177.600000    -0.00088685 
178.000000    -0.00156932 
178.400000    -0.00199668 
178.800000    -0.00210137 
179.200000    -0.00186842 
179.600000    -0.00133785 
180.000000    -0.00059726 
180.400000    0.00023347 
180.800000    0.00102227 
181.200000    0.00164596 
181.600000    0.00200899 
182.000000    0.00205714 
182.400000    0.00178500 
182.800000    0.00123639 
183.200000    0.00049778 
183.600000    -0.00031444 
184.000000    -0.00107174 
184.400000    -0.00165370 
184.800000    -0.00196773 
185.200000    -0.00196461 
185.600000    -0.00164681 
186.000000    -0.00106776 
186.400000    -0.00032228 
186.800000    0.00046975 
187.200000    0.00118311 
187.600000    0.00170697 
188.000000    0.00196147 
188.400000    0.00190911 
188.800000    0.00155980 
189.200000    0.00096915 
189.600000    0.00023023 
190.000000    -0.00054039 
190.400000    -0.00122057 
190.800000    -0.00170214 
191.200000    -0.00190866 
191.600000    -0.00180838 
192.000000    -0.00141940 
192.400000    -0.00080629 
192.800000    -0.00006873 
193.200000    0.00067536 
193.600000    0.00130901 
194.000000    0.00173424 
194.400000    0.00188662 
194.800000    0.00174432 
195.200000    0.00133099 
195.600000    0.00071205 
196.000000    -0.00001497 
196.400000    -0.00073523 
196.800000    -0.00133447 
197.200000    -0.00171740 
197.600000    -0.00182353 
198.000000    -0.00163733 
198.400000    -0.00119063 
198.800000    -0.00055691 
199.200000    0.00016144 
199.600000    0.00085024 
200.000000    0.00140172 
200.400000    0.00173104 
200.800000    0.00178865 
201.200000    0.00156728 
201.600000    0.00110266 
202.000000    0.00046813 
202.400000    -0.00023629 
202.800000    -0.00089921 
203.200000    -0.00141541 
203.600000    -0.00170293 
204.000000    -0.00171669 
204.400000    -0.00145604 
204.800000    -0.00096461 
205.200000    -0.00032260 
205.600000    0.00036691 
206.000000    0.00099488 
206.400000    0.00146354 
206.800000    0.00170111 
207.200000    0.00167224 
207.600000    0.00138283 
208.000000    0.00087902 
208.400000    0.00024021 
208.800000    -0.00043286 
209.200000    -0.00103366 
209.600000    -0.00146677 
210.000000    -0.00166354 
210.400000    -0.00159351 
210.800000    -0.00126943 
211.200000    -0.00074483 
211.600000    -0.00010478 
212.000000    0.00054851 
212.400000    0.00111217 
212.800000    0.00149878 
213.200000    0.00164936 
213.600000    0.00154190 
214.000000    0.00119433 
214.400000    0.00066170 
214.800000    0.00002794 
215.200000    -0.00060685 
215.600000    -0.00114203 
216.000000    -0.00149256 
216.400000    -0.00160300 
216.800000    -0.00145677 
217.200000    -0.00107878 
217.600000    -0.00053101 
218.000000    0.00009816 
218.400000    0.00070866 
218.800000    0.00120469 
219.200000    0.00150957 
219.600000    0.00157705 
220.000000    0.00139792 
220.400000    0.00100118 
220.800000    0.00044957 
221.200000    -0.00016985 
221.600000    -0.00075906 
222.000000    -0.00122452 
222.400000    -0.00149231 
222.800000    -0.00152036 
223.200000    -0.00130543 
223.600000    -0.00088347 
224.000000    -0.00032331 
224.400000    0.00028504 
224.800000    0.00084521 
225.200000    0.00126969 
225.600000    0.00149317 
226.000000    0.00148218 
226.400000    0.00123972 
226.800000    0.00080466 
227.200000    0.00024580 
227.600000    -0.00034857 
228.000000    -0.00088435 
228.400000    -0.00127654 
228.800000    -0.00146312 
229.200000    -0.00141528 
229.600000    -0.00114208 
230.000000    -0.00068875 
230.400000    -0.00012879 
230.800000    0.00044832 
231.200000    0.00095169 
231.600000    0.00130317 
232.000000    0.00144912 
232.400000    0.00136822 
232.800000    0.00107430 
233.200000    0.00061412 
233.600000    0.00006030 
234.000000    -0.00049980 
234.400000    -0.00097765 
234.800000    -0.00129769 
235.200000    -0.00140963 
235.600000    -0.00129671 
236.000000    -0.00097831 
236.400000    -0.00050652 
236.800000    0.00004280 
237.200000    0.00058252 
237.600000    0.00102817 
238.000000    0.00131097 
238.400000    0.00138804 
238.800000    0.00124854 
239.200000    0.00091512 
239.600000    0.00044035 
240.000000    -0.00010114 
240.400000    -0.00062412 
240.800000    -0.00104602 
241.200000    -0.00130018 
241.600000    -0.00134672 
242.000000    -0.00117908 
242.400000    -0.00082501 
242.800000    -0.00034174 
243.200000    0.00019357 
243.600000    0.00069646 
244.000000    0.00108843 
244.400000    0.00130899 
244.800000    0.00132462 
245.200000    0.00113360 
245.600000    0.00076613 
246.000000    0.00027987 
246.400000    -0.00024883 
246.800000    -0.00073655 
247.200000    -0.00110601 
247.600000    -0.00129852 
248.000000    -0.00128367 
248.400000    -0.00106436 
248.800000    -0.00067629 
249.200000    -0.00018189 
249.600000    0.00034005 
250.000000    0.00080710 
250.400000    0.00114616 
250.800000    0.00130466 
251.200000    0.00125833 
251.600000    0.00101481 
252.000000    0.00061246 
252.400000    0.00011460 
252.800000    -0.00040011 
253.200000    -0.00084987 
253.600000    -0.00116290 
254.000000    -0.00128912 
254.400000    -0.00120861 
254.800000    -0.00093485 
255.200000    -0.00051246 
255.600000    -0.00000960 
256.000000    0.00049332 
256.400000    0.00091663 
256.800000    0.00119393 
257.200000    0.00128220 
257.600000    0.00116825 
258.000000    0.00087054 
258.400000    0.00043642 
258.800000    -0.00006516 
259.200000    -0.00055430 
259.600000    -0.00095281 
260.000000    -0.00119695 
260.400000    -0.00124790 
260.800000    -0.00109828 
261.200000    -0.00077328 
261.600000    -0.00032620 
262.000000    0.00017056 
262.400000    0.00063754 
262.800000    0.00100097 
263.200000    0.00120424 
263.600000    0.00121647 
264.000000    0.00103694 
264.400000    0.00069501 
264.800000    0.00024553 
265.200000    -0.00023976 
265.600000    -0.00068342 
266.000000    -0.00101479 
266.400000    -0.00118145 
266.800000    -0.00115780 
267.200000    -0.00094921 
267.600000    -0.00059081 
268.000000    -0.00014134 
268.400000    0.00032680 
268.800000    0.00073935 
269.200000    0.00103200 
269.600000    0.00116015 
270.000000    0.00110539 
270.400000    0.00087801 
270.800000    0.00051512 
271.200000    0.00007478 
271.600000    -0.00037308 
272.000000    -0.00075768 
272.400000    -0.00101863 
272.800000    -0.00111566 
273.200000    -0.00103501 
273.600000    -0.00079145 
274.000000    -0.00042543 
274.400000    0.00000387 
274.800000    0.00042831 
275.200000    0.00078174 
275.600000    0.00101016 
276.000000    0.00107968 
276.400000    0.00098132 
276.800000    0.00073198 
277.200000    0.00037158 
277.600000    -0.00004306 
278.000000    -0.00044710 
278.400000    -0.00077766 
278.800000    -0.00098372 
279.200000    -0.00103413 
279.600000    -0.00092242 
280.000000    -0.00066763 
280.400000    -0.00031087 
280.800000    0.00009145 
281.200000    0.00047673 
281.600000    0.00078586 
282.000000    0.00097216 
282.400000    0.00100813 
282.800000    0.00088927 
283.200000    0.00063460 
283.600000    0.00028366 
284.000000    -0.00010937 
284.400000    -0.00048386 
284.800000    -0.00078200 
285.200000    -0.00095772 
285.600000    -0.00098397 
286.000000    -0.00085702 
286.400000    -0.00059694 
286.800000    -0.00024441 
287.200000    0.00014583 
287.600000    0.00051353 
288.000000    0.00080218 
288.400000    0.00096751 
288.800000    0.00098409 
289.200000    0.00084906 
289.600000    0.00058264 
290.000000    0.00022531 
290.400000    -0.00016811 
290.800000    -0.00053664 
291.200000    -0.00082251 
291.600000    -0.00098032 
292.000000    -0.00098443 
292.400000    -0.00083331 
292.800000    -0.00054998 
293.200000    -0.00017843 
293.600000    0.00022331 
294.000000    0.00059233 
294.400000    0.00087066 
294.800000    0.00101425 
295.200000    0.00099974 
295.600000    0.00082821 
296.000000    0.00052527 
296.400000    0.00013748 
296.800000    -0.00027456 
297.200000    -0.00064549 
297.600000    -0.00091561 
298.000000    -0.00104066 
298.400000    -0.00099935 
298.800000    -0.00079717 
299.200000    -0.00046570 
299.600000    -0.00005756 
300.000000    0.00036215 
300.400000    0.00072637 
300.800000    0.00097673 
301.200000    0.00107281 
301.600000    0.00099846 
302.000000    0.00076450 
302.400000    0.00040726 
302.800000    -0.00001680 
303.200000    -0.00043984 
303.600000    -0.00079340 
304.000000    -0.00101963 
304.400000    -0.00108102 
304.800000    -0.00096688 
305.200000    -0.00069534 
305.600000    -0.00031031 
306.000000    0.00012581 
306.400000    0.00054248 
306.800000    0.00087255 
307.200000    0.00106292 
307.600000    0.00108294 
308.000000    0.00092919 
308.400000    0.00062605 
308.800000    0.00022198 
309.200000    -0.00021794 
309.600000    -0.00062242 
310.000000    -0.00092547 
310.400000    -0.00107746 
310.800000    -0.00105347 
311.200000    -0.00085761 
311.600000    -0.00052227 
312.000000    -0.00010260 
312.400000    0.00033286 
312.800000    0.00071350 
313.200000    0.00097810 
313.600000    0.00108447 
314.000000    0.00101603 
314.400000    0.00078426 
314.800000    0.00042688 
315.200000    0.00000191 
315.600000    -0.00042154 
316.000000    -0.00077444 
316.400000    -0.00099928 
316.800000    -0.00105966 
317.200000    -0.00094645 
317.600000    -0.00067927 
318.000000    -0.00030294 
318.400000    0.00012022 
318.800000    0.00052098 
319.200000    0.00083457 
319.600000    0.00101106 
320.000000    0.00102316 
320.400000    0.00087023 
320.800000    0.00057825 
321.200000    0.00019552 
321.600000    -0.00021513 
322.000000    -0.00058659 
322.400000    -0.00085846 
322.800000    -0.00098714 
323.200000    -0.00095307 
323.600000    -0.00076382 
324.000000    -0.00045251 
324.400000    -0.00007180 
324.800000    0.00031522 
325.200000    0.00064568 
325.600000    0.00086711 
326.000000    0.00094567 
326.400000    0.00087112 
326.800000    0.00065804 
327.200000    0.00034308 
327.600000    -0.00002122 
328.000000    -0.00037510 
328.400000    -0.00066142 
328.800000    -0.00083506 
329.200000    -0.00087018 
329.600000    -0.00076418 
330.000000    -0.00053763 
330.400000    -0.00023016 
330.800000    0.00010664 
331.200000    0.00041807 
331.600000    0.00065524 
332.000000    0.00078270 
332.400000    0.00078351 
332.800000    0.00066129 
333.200000    0.00043893 
333.600000    0.00015439 
334.000000    -0.00014573 
334.400000    -0.00041381 
334.800000    -0.00060883 
335.200000    -0.00070269 
335.600000    -0.00068423 
336.000000    -0.00056040 
336.400000    -0.00035431 
336.800000    -0.00010089 
337.200000    0.00015923 
337.600000    0.00038626 
338.000000    0.00054728 
338.400000    0.00062081 
338.800000    0.00059939 
339.200000    0.00048994 
339.600000    0.00031201 
340.000000    0.00009429 
340.400000    -0.00012994 
340.800000    -0.00032788 
341.200000    -0.00047184 
341.600000    -0.00054305 
342.000000    -0.00053384 
342.400000    -0.00044825 
342.800000    -0.00030085 
343.200000    -0.00011423 
343.600000    0.00008447 
344.000000    0.00026741 
344.400000    0.00040976 
344.800000    0.00049280 
345.200000    0.00050615 
345.600000    0.00044881 
346.000000    0.00032919 
346.400000    0.00016388 
346.800000    -0.00002443 
347.200000    -0.00020987 
347.600000    -0.00036669 
348.000000    -0.00047269 
348.400000    -0.00051223 
348.800000    -0.00047862 
349.200000    -0.00037521 
349.600000    -0.00021533 
350.000000    -0.00002071 
350.400000    0.00018128 
350.800000    0.00036135 
351.200000    0.00049243 
351.600000    0.00055364 
352.000000    0.00053365 
352.400000    0.00043279 
352.800000    0.00026353 
353.200000    0.00004929 
353.600000    -0.00017863 
354.000000    -0.00038546 
354.400000    -0.00053824 
354.800000    -0.00061120 
355.200000    -0.00059021 
355.600000    -0.00047561 
356.000000    -0.00028271 
356.400000    -0.00003990 
356.800000    0.00021560 
357.200000    0.00044343 
357.600000    0.00060653 
358.000000    0.00067720 
358.400000    0.00064175 
358.800000    0.00050319 
359.200000    0.00028118 
359.600000    0.00000945 
360.000000    -0.00026927 
360.400000    -0.00050993 
360.800000    -0.00067257 
361.200000    -0.00072910 
361.600000    -0.00066832 
362.000000    -0.00049814 
362.400000    -0.00024457 
362.800000    0.00005234 
363.200000    0.00034499 
363.600000    0.00058601 
364.000000    0.00073587 
364.400000    0.00076936 
364.800000    0.00067975 
365.200000    0.00048000 
365.600000    0.00020103 
366.000000    -0.00011308 
366.400000    -0.00041194 
366.800000    -0.00064698 
367.200000    -0.00077947 
367.600000    -0.00078702 
368.000000    -0.00066742 
368.400000    -0.00043916 
368.800000    -0.00013844 
369.200000    0.00018677 
369.600000    0.00048448 
370.000000    0.00070701 
370.400000    0.00081852 
370.800000    0.00080062 
371.200000    0.00065530 
371.600000    0.00040468 
372.000000    0.00008777 
372.400000    -0.00024548 
372.800000    -0.00054195 
373.200000    -0.00075384 
373.600000    -0.00084640 
374.000000    -0.00080378 
374.400000    -0.00063174 
374.800000    -0.00035691 
375.200000    -0.00002248 
375.600000    0.00031862 
376.000000    0.00061217 
376.400000    0.00081117 
376.800000    0.00088320 
377.200000    0.00081556 
377.600000    0.00061738 
378.000000    0.00031857 
378.400000    -0.00003452 
378.800000    -0.00038608 
379.200000    -0.00067953 
379.600000    -0.00086666 
380.000000    -0.00091568 
380.400000    -0.00081680 
380.800000    -0.00058415 
381.200000    -0.00025384 
381.600000    0.00012181 
382.000000    0.00048260 
382.400000    0.00077015 
382.800000    0.00093719 
383.200000    0.00095520 
383.600000    0.00081917 
384.000000    0.00054879 
384.400000    0.00018579 
384.800000    -0.00021218 
385.200000    -0.00058056 
385.600000    -0.00085831 
386.000000    -0.00099821 
386.400000    -0.00097512 
386.800000    -0.00079065 
387.200000    -0.00047333 
387.600000    -0.00007411 
388.000000    0.00034208 
388.400000    0.00070692 
388.800000    0.00095997 
389.200000    0.00105850 
389.600000    0.00098458 
390.000000    0.00074823 
390.400000    0.00038626 
390.800000    -0.00004316 
391.200000    -0.00046969 
391.600000    -0.00082219 
392.000000    -0.00104078 
392.400000    -0.00108730 
392.800000    -0.00095221 
393.200000    -0.00065663 
393.600000    -0.00024891 
394.000000    0.00020350 
394.400000    0.00062546 
394.800000    0.00094666 
395.200000    0.00111324 
395.600000    0.00109659 
396.000000    0.00089816 
396.400000    0.00054946 
396.800000    0.00010736 
397.200000    -0.00035500 
397.600000    -0.00076010 
398.000000    -0.00103918 
398.400000    -0.00114422 
398.800000    -0.00105649 
399.200000    -0.00079013 
399.600000    -0.00038972 
400.000000    0.00007736 
400.400000    0.00053262 
400.800000    0.00089974 
401.200000    0.00111729 
401.600000    0.00114878 
402.000000    0.00098865 
402.400000    0.00066322 
402.800000    0.00022659 
403.200000    -0.00024810 
403.600000    -0.00068069 
404.000000    -0.00099767 
404.400000    -0.00114490 
404.800000    -0.00109729 
405.200000    -0.00086327 
405.600000    -0.00048327 
406.000000    -0.00002255 
406.400000    0.00044037 
406.800000    0.00082726 
407.200000    0.00107334 
407.600000    0.00113794 
408.000000    0.00101107 
408.400000    0.00071491 
408.800000    0.00030010 
409.200000    -0.00016264 
409.600000    -0.00059438 
410.000000    -0.00092153 
410.400000    -0.00108864 
410.800000    -0.00106817 
411.200000    -0.00086526 
411.600000    -0.00051665 
412.000000    -0.00008372 
412.400000    0.00035851 
412.800000    0.00073464 
413.200000    0.00098171 
413.600000    0.00105961 
414.000000    0.00095741 
414.400000    0.00069479 
414.800000    0.00031845 
415.200000    -0.00010600 
415.600000    -0.00050530 
416.000000    -0.00081130 
416.400000    -0.00097277 
416.800000    -0.00096435 
417.200000    -0.00079069 
417.600000    -0.00048510 
418.000000    -0.00010307 
418.400000    0.00028806 
418.800000    0.00062115 
419.200000    0.00084076 
419.600000    0.00091230 
420.000000    0.00082730 
420.400000    0.00060418 
420.800000    0.00028455 
421.200000    -0.00007442 
421.600000    -0.00041009 
422.000000    -0.00066533 
422.400000    -0.00079848 
422.800000    -0.00079032 
423.200000    -0.00064690 
423.600000    -0.00039765 
424.000000    -0.00008939 
424.400000    0.00022261 
424.800000    0.00048464 
425.200000    0.00065383 
425.600000    0.00070500 
426.000000    0.00063431 
426.400000    0.00045901 
426.800000    0.00021363 
427.200000    -0.00005661 
427.600000    -0.00030411 
428.000000    -0.00048729 
428.400000    -0.00057768 
428.800000    -0.00056442 
429.200000    -0.00045537 
429.600000    -0.00027473 
430.000000    -0.00005789 
430.400000    0.00015555 
430.800000    0.00032899 
431.200000    0.00043512 
431.600000    0.00046011 
432.000000    0.00040519 
432.400000    0.00028543 
432.800000    0.00012624 
433.200000    -0.00004185 
433.600000    -0.00018897 
434.000000    -0.00029119 
434.400000    -0.00033447 
434.800000    -0.00031643 
435.200000    -0.00024591 
435.600000    -0.00014040 
436.000000    -0.00002208 
436.400000    0.00008671 
436.800000    0.00016764 
437.200000    0.00020944 
437.600000    0.00020932 
438.000000    0.00017266 
438.400000    0.00011113 
438.800000    0.00003975 
439.200000    -0.00002644 
439.600000    -0.00007539 
440.000000    -0.00010026 
440.400000    -0.00010019 
440.800000    -0.00007989 
441.200000    -0.00004793 
441.600000    -0.00001441 
442.000000    0.00001158 
442.400000    0.00002407 
442.800000    0.00002142 
443.200000    0.00000646 
443.600000    -0.00001445 
444.000000    -0.00003326 
444.400000    -0.00004235 
444.800000    -0.00003662 
445.200000    -0.00001496 
445.600000    0.00001932 
446.000000    0.00005900 
446.400000    0.00009454 
446.800000    0.00011623 
447.200000    0.00011651 
447.600000    0.00009194 
448.000000    0.00004432 
448.400000    -0.00001925 
448.800000    -0.00008749 
449.200000    -0.00014699 
449.600000    -0.00018492 
450.000000    -0.00019170 
450.400000    -0.00016320 
450.800000    -0.00010196 
451.200000    -0.00001705 
451.600000    0.00007728 
452.000000    0.00016413 
452.400000    0.00022705 
452.800000    0.00025316 
453.200000    0.00023574 
453.600000    0.00017575 
454.000000    0.00008196 
454.400000    -0.00003038 
454.800000    -0.00014205 
455.200000    -0.00023323 
455.600000    -0.00028713 
456.000000    -0.00029306 
456.400000    -0.00024860 
456.800000    -0.00016014 
457.200000    -0.00004197 
457.600000    0.00008615 
458.000000    0.00020238 
458.400000    0.00028662 
458.800000    0.00032401 
459.200000    0.00030751 
459.600000    0.00023922 
460.000000    0.00013005 
460.400000    -0.00000203 
460.800000    -0.00013504 
461.200000    -0.00024669 
461.600000    -0.00031819 
462.000000    -0.00033742 
462.400000    -0.00030106 
462.800000    -0.00021507 
463.200000    -0.00009366 
463.600000    0.00004316 
464.000000    0.00017296 
464.400000    0.00027462 
464.800000    0.00033178 
465.200000    0.00033544 
465.600000    0.00028533 
466.000000    0.00018983 
466.400000    0.00006454 
466.800000    -0.00007034 
467.200000    -0.00019325 
467.600000    -0.00028476 
468.000000    -0.00033068 
468.400000    -0.00032420 
468.800000    -0.00026689 
469.200000    -0.00016828 
469.600000    -0.00004421 
470.000000    0.00008577 
470.400000    0.00020151 
470.800000    0.00028538 
471.200000    0.00032489 
471.600000    0.00031448 
472.000000    0.00025622 
472.400000    0.00015938 
472.800000    0.00003891 
473.200000    -0.00008685 
473.600000    -0.00019893 
474.000000    -0.00028055 
474.400000    -0.00031962 
474.800000    -0.00031049 
475.200000    -0.00025466 
475.600000    -0.00016060 
476.000000    -0.00004235 
476.400000    0.00008253 
476.800000    0.00019555 
477.200000    0.00027996 
477.600000    0.00032318 
478.000000    0.00031858 
478.400000    0.00026647 
478.800000    0.00017413 
479.200000    0.00005477 
479.600000    -0.00007423 
480.000000    -0.00019382 
480.400000    -0.00028601 
480.800000    -0.00033655 
481.200000    -0.00033714 
481.600000    -0.00028675 
482.000000    -0.00019199 
482.400000    -0.00006624 
482.800000    0.00007215 
483.200000    0.00020253 
483.600000    0.00030497 
484.000000    0.00036327 
484.400000    0.00036747 
484.800000    0.00031553 
485.200000    0.00021393 
485.600000    0.00007687 
486.000000    -0.00007550 
486.400000    -0.00022007 
486.800000    -0.00033419 
487.200000    -0.00039919 
487.600000    -0.00040353 
488.000000    -0.00034481 
488.400000    -0.00023045 
488.800000    -0.00007687 
489.200000    0.00009291 
489.600000    0.00025266 
490.000000    0.00037698 
490.400000    0.00044536 
490.800000    0.00044545 
491.200000    0.00037531 
491.600000    0.00024404 
492.000000    0.00007066 
492.400000    -0.00011849 
492.800000    -0.00029375 
493.200000    -0.00042674 
493.600000    -0.00049497 
494.000000    -0.00048574 
494.400000    -0.00039846 
494.800000    -0.00024509 
495.200000    -0.00004857 
495.600000    0.00016070 
496.000000    0.00034951 
496.400000    0.00048715 
496.800000    0.00055034 
497.200000    0.00052710 
497.600000    0.00041895 
498.000000    0.00024106 
498.400000    0.00002019 
498.800000    -0.00020923 
499.200000    -0.00041037 
499.600000    -0.00054998 
500.000000    -0.00060390 
500.400000    -0.00056129 
500.800000    -0.00042676 
501.200000    -0.00022001 
501.600000    0.00002712 
502.000000    0.00027558 
502.400000    0.00048530 
502.800000    0.00062163 
503.200000    0.00066096 
503.600000    0.00059471 
504.000000    0.00043109 
504.400000    0.00019416 
504.800000    -0.00007951 
505.200000    -0.00034642 
505.600000    -0.00056296 
506.000000    -0.00069260 
506.400000    -0.00071213 
506.800000    -0.00061582 
507.200000    -0.00041685 
507.600000    -0.00014548 
508.000000    0.00015559 
508.400000    0.00043802 
508.800000    0.00065559 
509.200000    0.00077163 
509.600000    0.00076513 
510.000000    0.00063439 
510.400000    0.00039773 
510.800000    0.00009115 
511.200000    -0.00023698 
511.600000    -0.00053345 
512.000000    -0.00074879 
512.400000    -0.00084563 
512.800000    -0.00080528 
513.200000    -0.00063139 
513.600000    -0.00034979 
514.000000    -0.00000462 
514.400000    0.00034873 
514.800000    0.00065252 
515.200000    0.00085609 
515.600000    0.00092409 
516.000000    0.00084252 
516.400000    0.00062137 
516.800000    0.00029369 
517.200000    -0.00008914 
517.600000    -0.00046526 
518.000000    -0.00077217 
518.400000    -0.00095727 
518.800000    -0.00098701 
519.200000    -0.00085309 
519.600000    -0.00057452 
520.000000    -0.00019485 
520.400000    0.00022479 
520.800000    0.00061567 
521.200000    0.00091272 
521.600000    0.00106524 
522.000000    0.00104529 
522.400000    0.00085267 
522.800000    0.00051550 
523.200000    0.00008647 
523.600000    -0.00036511 
524.000000    -0.00076432 
524.400000    -0.00104312 
524.800000    -0.00115210 
525.200000    -0.00106956 
525.600000    -0.00080587 
526.000000    -0.00040222 
526.400000    0.00007598 
526.800000    0.00054999 
527.200000    0.00094080 
527.600000    0.00118220 
528.000000    0.00123168 
528.400000    0.00107772 
528.800000    0.00074214 
529.200000    0.00027738 
529.600000    -0.00024140 
530.000000    -0.00072808 
530.400000    -0.00109990 
530.800000    -0.00129178 
531.200000    -0.00126803 
531.600000    -0.00102927 
532.000000    -0.00061288 
532.400000    -0.00008691 
532.800000    0.00046143 
533.200000    0.00094045 
533.600000    0.00126924 
534.000000    0.00139108 
534.400000    0.00128282 
534.800000    0.00095911 
535.200000    0.00047066 
535.600000    -0.00010326 
536.000000    -0.00066724 
536.400000    -0.00112552 
536.800000    -0.00139845 
537.200000    -0.00143680 
537.600000    -0.00123101 
538.000000    -0.00081345 
538.400000    -0.00025309 
538.800000    0.00035642 
539.200000    0.00091272 
539.600000    0.00132200 
540.000000    0.00151447 
540.400000    0.00145584 
540.800000    0.00115313 
541.200000    0.00065411 
541.600000    0.00004016 
542.000000    -0.00058646 
542.400000    -0.00111943 
542.800000    -0.00146658 
543.200000    -0.00156640 
543.600000    -0.00139939 
544.000000    -0.00099208 
544.400000    -0.00041253 
544.800000    0.00024156 
545.200000    0.00085986 
545.600000    0.00133809 
546.000000    0.00159535 
546.400000    0.00158727 
546.800000    0.00131330 
547.200000    0.00081716 
547.600000    0.00018026 
548.000000    -0.00049102 
548.400000    -0.00108282 
548.800000    -0.00149323 
549.200000    -0.00165040 
549.600000    -0.00152570 
550.000000    -0.00113928 
550.400000    -0.00055657 
550.800000    0.00012336 
551.200000    0.00078526 
551.600000    0.00131744 
552.000000    0.00163033 
552.400000    0.00167106 
552.800000    0.00143186 
553.200000    0.00095154 
553.600000    0.00030953 
554.000000    -0.00038658 
554.400000    -0.00101875 
554.800000    -0.00147847 
555.200000    -0.00168601 
555.600000    -0.00160485 
556.000000    -0.00124855 
556.400000    -0.00067834 
556.800000    0.00000803 
557.200000    0.00069364 
557.600000    0.00126266 
558.000000    0.00161965 
558.400000    0.00170507 
558.800000    0.00150466 
559.200000    0.00105166 
559.600000    0.00042171 
560.000000    -0.00027925 
560.400000    -0.00093228 
560.800000    -0.00142562 
561.200000    -0.00167432 
561.600000    -0.00163556 
562.000000    -0.00131644 
562.400000    -0.00077269 
562.800000    -0.00009833 
563.200000    0.00059119 
563.600000    0.00117916 
564.000000    0.00156716 
564.400000    0.00169104 
564.800000    0.00153095 
565.200000    0.00111433 
565.600000    0.00051149 
566.000000    -0.00017568 
566.400000    -0.00083044 
566.800000    -0.00134098 
567.200000    -0.00161987 
567.600000    -0.00161978 
568.000000    -0.00134195 
568.400000    -0.00083577 
568.800000    -0.00018957 
569.200000    0.00048544 
569.600000    0.00107468 
570.000000    0.00147958 
570.400000    0.00163356 
570.800000    0.00151243 
571.200000    0.00113798 
571.600000    0.00057425 
572.000000    -0.00008289 
572.400000    -0.00072154 
572.800000    -0.00123272 
573.200000    -0.00152930 
573.600000    -0.00156148 
574.000000    -0.00132563 
574.400000    -0.00086461 
574.800000    -0.00025970 
575.200000    0.00038438 
575.600000    0.00095791 
576.000000    0.00136487 
576.400000    0.00153857 
576.800000    0.00145210 
577.200000    0.00112218 
577.600000    0.00060621 
578.000000    -0.00000735 
578.400000    -0.00061361 
578.800000    -0.00110912 
579.200000    -0.00140971 
579.600000    -0.00146540 
580.000000    -0.00126909 
580.400000    -0.00085751 
580.800000    -0.00030405 
581.200000    0.00029480 
581.600000    0.00083660 
582.000000    0.00123051 
582.400000    0.00141215 
582.800000    0.00135373 
583.200000    0.00106796 
583.600000    0.00060559 
584.000000    0.00004673 
584.400000    -0.00051261 
584.800000    -0.00097688 
585.200000    -0.00126750 
585.600000    -0.00133665 
586.000000    -0.00117546 
586.400000    -0.00081518 
586.800000    -0.00032091 
587.200000    0.00022050 
587.600000    0.00071603 
588.000000    0.00108250 
588.400000    0.00126023 
588.800000    0.00122243 
589.200000    0.00097895 
589.600000    0.00057409 
590.000000    0.00007885 
590.400000    -0.00042117 
590.800000    -0.00084046 
591.200000    -0.00110839 
591.600000    -0.00118142 
592.000000    -0.00105051 
592.400000    -0.00074209 
592.800000    -0.00031275 
593.200000    0.00016149 
593.600000    0.00059883 
594.000000    0.00092584 
594.400000    0.00108957 
594.800000    0.00106584 
595.200000    0.00086255 
595.600000    0.00051771 
596.000000    0.00009260 
596.400000    -0.00033888 
596.800000    -0.00070292 
597.200000    -0.00093859 
597.600000    -0.00100821 
598.000000    -0.00090363 
598.400000    -0.00064698 
598.800000    -0.00028606 
599.200000    0.00011475 
599.600000    0.00048614 
600.000000    0.00076586 
600.400000    0.00090897 
600.800000    0.00089489 
601.200000    0.00073005 
601.600000    0.00044615 
602.000000    0.00009429 
602.400000    -0.00026405 
602.800000    -0.00056767 
603.200000    -0.00076616 
603.600000    -0.00082842 
604.000000    -0.00074760 
604.400000    -0.00054168 
604.800000    -0.00024956 
605.200000    0.00007633 
605.600000    0.00037961 
606.000000    0.00060960 
606.400000    0.00072975 
606.800000    0.00072322 
607.200000    0.00059501 
607.600000    0.00037048 
608.000000    0.00009049 
608.400000    -0.00019588 
608.800000    -0.00043987 
609.200000    -0.00060136 
609.600000    -0.00065552 
610.000000    -0.00059665 
610.400000    -0.00043855 
610.800000    -0.00021149 
611.200000    0.00004365 
611.600000    0.00028274 
612.000000    0.00046603 
612.400000    0.00056464 
612.800000    0.00056499 
613.200000    0.00047045 
613.600000    0.00030021 
614.000000    0.00008550 
614.400000    -0.00013600 
614.800000    -0.00032670 
615.200000    -0.00045548 
615.600000    -0.00050278 
616.000000    -0.00046353 
616.400000    -0.00034751 
616.800000    -0.00017713 
617.200000    0.00001688 
617.600000    0.00020100 
618.000000    0.00034471 
618.400000    0.00042541 
618.800000    0.00043192 
619.200000    0.00036586 
619.600000    0.00024089 
620.000000    0.00008007 
620.400000    -0.00008837 
620.800000    -0.00023588 
621.200000    -0.00033841 
621.600000    -0.00038028 
622.000000    -0.00035661 
622.400000    -0.00027372 
622.800000    -0.00014768 
623.200000    -0.00000121 
623.600000    0.00014035 
624.000000    0.00025341 
624.400000    0.00031999 
624.800000    0.00033053 
625.200000    0.00028513 
625.600000    0.00019325 
626.000000    0.00007184 
626.400000    -0.00005773 
626.800000    -0.00017335 
627.200000    -0.00025591 
627.600000    -0.00029245 
628.000000    -0.00027818 
628.400000    -0.00021705 
628.800000    -0.00012082 
629.200000    -0.00000688 
629.600000    0.00010490 
630.000000    0.00019560 
630.400000    0.00025036 
630.800000    0.00026084 
631.200000    0.00022640 
631.600000    0.00015407 
632.000000    0.00005714 
632.400000    -0.00004717 
632.800000    -0.00014075 
633.200000    -0.00020770 
633.600000    -0.00023705 
634.000000    -0.00022452 
634.400000    -0.00017318 
634.800000    -0.00009276 
635.200000    0.00000215 
635.600000    0.00009473 
636.000000    0.00016885 
636.400000    0.00021192 
636.800000    0.00021695 
637.200000    0.00018368 
637.600000    0.00011859 
638.000000    0.00003362 
638.400000    -0.00005593 
638.800000    -0.00013413 
639.200000    -0.00018726 
639.600000    -0.00020618 
640.000000    -0.00018795 
640.400000    -0.00013628 
640.800000    -0.00006082 
641.200000    0.00002466 
641.600000    0.00010471 
642.000000    0.00016504 
642.400000    0.00019499 
642.800000    0.00018946 
643.200000    0.00014975 
643.600000    0.00008329 
644.000000    0.00000227 
644.400000    -0.00007853 
644.800000    -0.00014447 
645.200000    -0.00018365 
645.600000    -0.00018910 
646.000000    -0.00016003 
646.400000    -0.00010191 
646.800000    -0.00002548 
647.200000    0.00005522 
647.600000    0.00012547 
648.000000    0.00017252 
648.400000    0.00018789 
648.800000    0.00016890 
649.200000    0.00011912 
649.600000    0.00004773 
650.000000    -0.00003217 
650.400000    -0.00010596 
650.800000    -0.00016016 
651.200000    -0.00018491 
651.600000    -0.00017576 
652.000000    -0.00013449 
652.400000    -0.00006873 
652.800000    0.00000941 
653.200000    0.00008563 
653.600000    0.00014603 
654.000000    0.00017967 
654.400000    0.00018050 
654.800000    0.00014850 
655.200000    0.00008960 
655.600000    0.00001460 
656.000000    -0.00006278 
656.400000    -0.00012846 
656.800000    -0.00017054 
657.200000    -0.00018147 
657.600000    -0.00015942 
658.000000    -0.00010859 
658.400000    -0.00003836 
658.800000    0.00003839 
659.200000    0.00010773 
659.600000    0.00015718 
660.000000    0.00017796 
660.400000    0.00016655 
660.800000    0.00012527 
661.200000    0.00006183 
661.600000    -0.00001215 
662.000000    -0.00008325 
662.400000    -0.00013868 
662.800000    -0.00016864 
663.200000    -0.00016801 
663.600000    -0.00013729 
664.000000    -0.00008237 
664.400000    -0.00001345 
664.800000    0.00005693 
665.200000    0.00011613 
665.600000    0.00015374 
666.000000    0.00016339 
666.400000    0.00014382 
666.800000    0.00009903 
667.200000    0.00003746 
667.600000    -0.00002960 
668.000000    -0.00009009 
668.400000    -0.00013334 
668.800000    -0.00015202 
669.200000    -0.00014331 
669.600000    -0.00010941 
670.000000    -0.00005694 
670.400000    0.00000430 
670.800000    0.00006319 
671.200000    0.00010934 
671.600000    0.00013490 
672.000000    0.00013592 
672.400000    0.00011294 
672.800000    0.00007077 
673.200000    0.00001747 
673.600000    -0.00003713 
674.000000    -0.00008331 
674.400000    -0.00011314 
674.800000    -0.00012192 
675.200000    -0.00010887 
675.600000    -0.00007713 
676.000000    -0.00003308 
676.400000    0.00001493 
676.800000    0.00005821 
677.200000    0.00008926 
677.600000    0.00010311 
678.000000    0.00009809 
678.400000    0.00007601 
678.800000    0.00004165 
679.200000    0.00000177 
679.600000    -0.00003620 
680.000000    -0.00006555 
680.400000    -0.00008149 
680.800000    -0.00008194 
681.200000    -0.00006775 
681.600000    -0.00004239 
682.000000    -0.00001119 
682.400000    0.00001978 
682.800000    0.00004489 
683.200000    0.00005993 
683.600000    0.00006286 
684.000000    0.00005407 
684.400000    0.00003610 
684.800000    0.00001307 
685.200000    -0.00001025 
685.600000    -0.00002938 
686.000000    -0.00004099 
686.400000    -0.00004349 
686.800000    -0.00003723 
687.200000    -0.00002428 
687.600000    -0.00000789 
688.000000    0.00000821 
688.400000    0.00002065 
688.800000    0.00002711 
689.200000    0.00002670 
689.600000    0.00002012 
690.000000    0.00000939 
690.400000    -0.00000265 
690.800000    -0.00001300 
691.200000    -0.00001919 
691.600000    -0.00001981 
692.000000    -0.00001483 
692.400000    -0.00000555 
692.800000    0.00000569 
693.200000    0.00001608 
693.600000    0.00002292 
694.000000    0.00002434 
694.400000    0.00001964 
694.800000    0.00000954 
695.200000    -0.00000396 
695.600000    -0.00001798 
696.000000    -0.00002939 
696.400000    -0.00003542 
696.800000    -0.00003436 
697.200000    -0.00002590 
697.600000    -0.00001131 
698.000000    0.00000682 
698.400000    0.00002501 
698.800000    0.00003958 
699.200000    0.00004742 
699.600000    0.00004659 
700.000000    0.00003679 
700.400000    0.00001945 
700.800000    -0.00000247 
701.200000    -0.00002504 
701.600000    -0.00004403 
702.000000    -0.00005578 
702.400000    -0.00005785 
702.800000    -0.00004952 
703.200000    -0.00003201 
703.600000    -0.00000824 
704.000000    0.00001768 
704.400000    0.00004115 
704.800000    0.00005794 
705.200000    0.00006498 
705.600000    0.00006086 
706.000000    0.00004618 
706.400000    0.00002337 
706.800000    -0.00000370 
707.200000    -0.00003038 
707.600000    -0.00005212 
708.000000    -0.00006521 
708.400000    -0.00006742 
708.800000    -0.00005842 
709.200000    -0.00003975 
709.600000    -0.00001459 
710.000000    0.00001286 
710.400000    0.00003806 
710.800000    0.00005693 
711.200000    0.00006650 
711.600000    0.00006536 
712.000000    0.00005388 
712.400000    0.00003407 
712.800000    0.00000921 
713.200000    -0.00001673 
713.600000    -0.00003969 
714.000000    -0.00005623 
714.400000    -0.00006397 
714.800000    -0.00006196 
715.200000    -0.00005072 
715.600000    -0.00003215 
716.000000    -0.00000913 
716.400000    0.00001489 
716.800000    0.00003644 
717.200000    0.00005251 
717.600000    0.00006095 
718.000000    0.00006071 
718.400000    0.00005193 
718.800000    0.00003590 
719.200000    0.00001486 
719.600000    -0.00000833 
720.000000    -0.00003055 
720.400000    -0.00004879 
720.800000    -0.00006055 
721.200000    -0.00006414 
721.600000    -0.00005889 
722.000000    -0.00004527 
722.400000    -0.00002489 
722.800000    -0.00000031 
723.200000    0.00002524 
723.600000    0.00004820 
724.000000    0.00006523 
724.400000    0.00007358 
724.800000    0.00007160 
725.200000    0.00005900 
725.600000    0.00003703 
726.000000    0.00000839 
726.400000    -0.00002301 
726.800000    -0.00005262 
727.200000    -0.00007580 
727.600000    -0.00008862 
728.000000    -0.00008848 
728.400000    -0.00007462 
728.800000    -0.00004840 
729.200000    -0.00001321 
729.600000    0.00002591 
730.000000    0.00006299 
730.400000    0.00009204 
730.800000    0.00010799 
731.200000    0.00010758 
731.600000    0.00009003 
732.000000    0.00005725 
732.400000    0.00001375 
732.800000    -0.00003400 
733.200000    -0.00007848 
733.600000    -0.00011234 
734.000000    -0.00012959 
734.400000    -0.00012669 
734.800000    -0.00010320 
735.200000    -0.00006206 
735.600000    -0.00000921 
736.000000    0.00004726 
736.400000    0.00009832 
736.800000    0.00013547 
737.200000    0.00015216 
737.600000    0.00014489 
738.000000    0.00011395 
738.400000    0.00006348 
738.800000    0.00000095 
739.200000    -0.00006391 
739.600000    -0.00012068 
740.000000    -0.00015986 
740.400000    -0.00017450 
740.800000    -0.00016141 
741.200000    -0.00012180 
741.600000    -0.00006125 
742.000000    0.00001114 
742.400000    0.00008403 
742.800000    0.00014568 
743.200000    0.00018581 
743.600000    0.00019730 
744.000000    0.00017741 
744.400000    0.00012838 
744.800000    0.00005721 
745.200000    -0.00002534 
745.600000    -0.00010632 
746.000000    -0.00017264 
746.400000    -0.00021316 
746.800000    -0.00022058 
747.200000    -0.00019269 
747.600000    -0.00013293 
748.000000    -0.00004996 
748.400000    0.00004358 
748.800000    0.00013295 
749.200000    0.00020369 
749.600000    0.00024386 
750.000000    0.00024609 
750.400000    0.00020885 
750.800000    0.00013688 
751.200000    0.00004065 
751.600000    -0.00006509 
752.000000    -0.00016362 
752.400000    -0.00023879 
752.800000    -0.00027771 
753.200000    -0.00027292 
753.600000    -0.00022381 
754.000000    -0.00013693 
754.400000    -0.00002515 
754.800000    0.00009423 
755.200000    0.00020215 
755.600000    0.00028078 
756.000000    0.00031648 
756.400000    0.00030208 
756.800000    0.00023830 
757.200000    0.00013386 
757.600000    0.00000437 
758.000000    -0.00012993 
758.400000    -0.00024731 
758.800000    -0.00032805 
759.200000    -0.00035775 
759.600000    -0.00032989 
760.000000    -0.00024719 
760.400000    -0.00012146 
760.800000    0.00002809 
761.200000    0.00017772 
761.600000    0.00030298 
762.000000    0.00038264 
762.400000    0.00040224 
762.800000    0.00035671 
763.200000    0.00025141 
763.600000    0.00010171 
764.000000    -0.00006923 
764.400000    -0.00023397 
764.800000    -0.00036516 
765.200000    -0.00044008 
765.600000    -0.00044459 
766.000000    -0.00037582 
766.400000    -0.00024295 
766.800000    -0.00006606 
767.200000    0.00012691 
767.600000    0.00030458 
768.000000    0.00043724 
768.400000    0.00050176 
768.800000    0.00048554 
769.200000    0.00038891 
769.600000    0.00022546 
770.000000    0.00002021 
770.400000    -0.00019409 
770.800000    -0.00038216 
771.200000    -0.00051198 
771.600000    -0.00056026 
772.000000    -0.00051669 
772.400000    -0.00038603 
772.800000    -0.00018771 
773.200000    0.00004706 
773.600000    0.00028022 
774.000000    0.00047310 
774.400000    0.00059275 
774.800000    0.00061750 
775.200000    0.00054081 
775.600000    0.00037268 
776.000000    0.00013855 
776.400000    -0.00012444 
776.800000    -0.00037329 
777.200000    -0.00056606 
777.600000    -0.00066905 
778.000000    -0.00066275 
778.400000    -0.00054553 
778.800000    -0.00033436 
779.200000    -0.00006237 
779.600000    0.00022643 
780.000000    0.00048434 
780.400000    0.00066784 
780.800000    0.00074482 
781.200000    0.00070008 
781.600000    0.00053822 
782.000000    0.00028333 
782.400000    -0.00002438 
782.800000    -0.00033481 
783.200000    -0.00059607 
783.600000    -0.00076313 
784.000000    -0.00080579 
784.400000    -0.00071412 
784.800000    -0.00050072 
785.200000    -0.00019897 
785.600000    0.00014231 
786.000000    0.00046684 
786.400000    0.00072025 
786.800000    0.00085902 
787.200000    0.00085789 
787.600000    0.00071422 
788.000000    0.00044897 
788.400000    0.00010379 
788.800000    -0.00026532 
789.200000    -0.00059697 
789.600000    -0.00083458 
790.000000    -0.00093622 
790.400000    -0.00088211 
790.800000    -0.00067858 
791.200000    -0.00035737 
791.600000    0.00002945 
792.000000    0.00041808 
792.400000    0.00074364 
792.800000    0.00095092 
793.200000    0.00100358 
793.600000    0.00089029 
794.000000    0.00062705 
794.400000    0.00025506 
794.800000    -0.00016547 
795.200000    -0.00056486 
795.600000    -0.00087550 
796.000000    -0.00104341 
796.400000    -0.00103791 
796.800000    -0.00085732 
797.200000    -0.00052972 
797.600000    -0.00010841 
798.000000    0.00033700 
798.400000    0.00073228 
798.800000    0.00101098 
799.200000    0.00112532 
799.600000    0.00105423 
800.000000    0.00080700 
800.400000    0.00042229 
800.800000    -0.00003770 
801.200000    -0.00049701 
801.600000    -0.00087838 
802.000000    -0.00111634 
802.400000    -0.00116881 
802.800000    -0.00102472 
803.200000    -0.00070638 
803.600000    -0.00026585 
804.000000    0.00022388 
804.400000    0.00068128 
804.800000    0.00102990 
805.200000    0.00121094 
805.600000    0.00119294 
806.000000    0.00097698 
806.400000    0.00059685 
806.800000    0.00011401 
807.200000    -0.00039204 
807.600000    -0.00083669 
808.000000    -0.00114443 
808.400000    -0.00126201 
808.800000    -0.00116797 
809.200000    -0.00087673 
809.600000    -0.00043621 
810.000000    0.00008035 
810.400000    0.00058698 
810.800000    0.00099940 
811.200000    0.00124893 
811.600000    0.00129360 
812.000000    0.00112491 
812.400000    0.00076939 
812.800000    0.00028457 
813.200000    -0.00024997 
813.600000    -0.00074540 
814.000000    -0.00111848 
814.400000    -0.00130576 
814.800000    -0.00127482 
815.200000    -0.00103009 
815.600000    -0.00061217 
816.000000    -0.00009078 
816.400000    0.00044733 
816.800000    0.00091305 
817.200000    0.00122959 
817.600000    0.00134486 
818.000000    0.00123965 
818.400000    0.00093072 
818.800000    0.00046817 
819.200000    -0.00007233 
819.600000    -0.00060163 
820.000000    -0.00103174 
820.400000    -0.00129065 
820.800000    -0.00133479 
821.200000    -0.00115670 
821.600000    -0.00078625 
822.000000    -0.00028543 
822.400000    0.00026253 
822.800000    0.00076729 
823.200000    0.00114634 
823.600000    0.00133824 
824.000000    0.00131216 
824.400000    0.00107259 
824.800000    0.00065854 
825.200000    0.00013745 
825.600000    -0.00040550 
826.000000    -0.00088109 
826.400000    -0.00121086 
826.800000    -0.00134037 
827.200000    -0.00124850 
827.600000    -0.00095109 
828.000000    -0.00049797 
828.400000    0.00003574 
828.800000    0.00056252 
829.200000    0.00099690 
829.600000    0.00126918 
830.000000    0.00133624 
830.400000    0.00118801 
830.800000    0.00084881 
831.200000    0.00037352 
831.600000    -0.00016101 
832.000000    -0.00066807 
832.400000    -0.00106518 
832.800000    -0.00128763 
833.200000    -0.00129942 
833.600000    -0.00109926 
834.000000    -0.00072068 
834.400000    -0.00022606 
834.800000    0.00030399 
835.200000    0.00078402 
835.600000    0.00113751 
836.000000    0.00130871 
836.400000    0.00127106 
836.800000    0.00103102 
837.200000    0.00062698 
837.600000    0.00012336 
838.000000    -0.00039934 
838.400000    -0.00085715 
838.800000    -0.00117626 
839.200000    -0.00130506 
839.600000    -0.00122284 
840.000000    -0.00094322 
840.400000    -0.00051173 
840.800000    0.00000191 
841.200000    0.00051538 
841.600000    0.00094704 
842.000000    0.00122875 
842.400000    0.00131621 
842.800000    0.00119561 
843.200000    0.00088563 
843.600000    0.00043471 
844.000000    -0.00008621 
844.400000    -0.00059449 
844.800000    -0.00100877 
845.200000    -0.00126210 
845.600000    -0.00131303 
846.000000    -0.00115271 
846.400000    -0.00080638 
846.800000    -0.00032928 
847.200000    0.00020251 
847.600000    0.00070445 
848.000000    0.00109697 
848.400000    0.00131778 
848.800000    0.00133140 
849.200000    0.00113454 
849.600000    0.00075682 
850.000000    0.00025656 
850.400000    -0.00028777 
850.800000    -0.00078958 
851.200000    -0.00116784 
851.600000    -0.00136039 
852.000000    -0.00133450 
852.400000    -0.00109271 
852.800000    -0.00067262 
853.200000    -0.00014083 
853.600000    0.00041799 
854.000000    0.00091473 
854.400000    0.00126998 
854.800000    0.00142637 
855.200000    0.00135743 
855.600000    0.00107186 
856.000000    0.00061266 
856.400000    0.00005103 
856.800000    -0.00052417 
857.200000    -0.00102024 
857.600000    -0.00135564 
858.000000    -0.00147378 
858.400000    -0.00135295 
858.800000    -0.00101048 
859.200000    -0.00050018 
859.600000    0.00009653 
860.000000    0.00068395 
860.400000    0.00116757 
860.800000    0.00146908 
861.200000    0.00153858 
861.600000    0.00136247 
862.000000    0.00096592 
862.400000    0.00040967 
862.800000    -0.00021881 
863.200000    -0.00081853 
863.600000    -0.00129118 
864.000000    -0.00155744 
864.400000    -0.00157087 
864.800000    -0.00132638 
865.200000    -0.00086159 
865.600000    -0.00025074 
866.000000    0.00040767 
866.400000    0.00100716 
866.800000    0.00145043 
867.200000    0.00166475 
867.600000    0.00161339 
868.000000    0.00130155 
868.400000    0.00077613 
868.800000    0.00011920 
869.200000    -0.00056418 
869.600000    -0.00116243 
870.000000    -0.00157577 
870.400000    -0.00173335 
870.800000    -0.00160605 
871.200000    -0.00121206 
871.600000    -0.00061415 
872.000000    0.00009087 
872.400000    0.00078842 
872.800000    0.00136504 
873.200000    0.00172649 
873.600000    0.00181260 
874.000000    0.00160673 
874.400000    0.00113873 
874.800000    0.00048105 
875.200000    -0.00026175 
875.600000    -0.00096903 
876.000000    -0.00152352 
876.400000    -0.00183120 
876.800000    -0.00183793 
877.200000    -0.00153955 
877.600000    -0.00098308 
878.000000    -0.00025886 
878.400000    0.00051495 
878.800000    0.00121208 
879.200000    0.00171874 
879.600000    0.00195158 
880.000000    0.00187068 
880.400000    0.00148593 
880.800000    0.00085615 
881.200000    0.00008076 
881.600000    -0.00071508 
882.000000    -0.00140021 
882.400000    -0.00185935 
882.800000    -0.00201318 
883.200000    -0.00183290 
883.600000    -0.00134585 
884.000000    -0.00063107 
884.400000    0.00019437 
884.800000    0.00099529 
885.200000    0.00164080 
885.600000    0.00202522 
886.000000    0.00208455 
886.400000    0.00180637 
886.800000    0.00123225 
887.200000    0.00045210 
887.600000    -0.00040894 
888.000000    -0.00120984 
888.400000    -0.00181668 
888.800000    -0.00212569 
889.200000    -0.00208199 
889.600000    -0.00168996 
890.000000    -0.00101294 
890.400000    -0.00016217 
890.800000    0.00072243 
891.200000    0.00149586 
891.600000    0.00203161 
892.000000    0.00224148 
892.400000    0.00208916 
892.800000    0.00159602 
893.200000    0.00083857 
893.600000    -0.00006246 
894.000000    -0.00096032 
894.400000    -0.00170571 
894.800000    -0.00217208 
895.200000    -0.00227808 
895.600000    -0.00200279 
896.000000    -0.00139004 
896.400000    -0.00054078 
896.800000    0.00040463 
897.200000    0.00129056 
897.600000    0.00197184 
898.000000    0.00233678 
898.400000    0.00232440 
898.800000    0.00193381 
899.200000    0.00122487 
899.600000    0.00030993 
900.000000    -0.00066278 
900.400000    -0.00153233 
900.800000    -0.00215185 
901.200000    -0.00241434 
901.600000    -0.00227237 
902.000000    -0.00174731 
902.400000    -0.00092584 
902.800000    0.00005556 
903.200000    0.00103444 
903.600000    0.00184981 
904.000000    0.00236807 
904.400000    0.00250376 
904.800000    0.00223252 
905.200000    0.00159515 
905.600000    0.00069212 
906.000000    -0.00033088 
906.400000    -0.00130533 
906.800000    -0.00206742 
907.200000    -0.00248634 
907.600000    -0.00248819 
908.000000    -0.00207003 
908.400000    -0.00130091 
908.800000    -0.00030938 
909.200000    0.00073939 
909.600000    0.00167204 
910.000000    0.00233550 
910.400000    0.00262094 
910.800000    0.00248034 
911.200000    0.00193385 
911.600000    0.00106729 
912.000000    0.00002005 
912.400000    -0.00103599 
912.800000    -0.00192400 
913.200000    -0.00249233 
913.600000    -0.00264186 
914.000000    -0.00234468 
914.400000    -0.00164973 
914.800000    -0.00067394 
915.200000    0.00041900 
915.600000    0.00144734 
916.000000    0.00224171 
916.400000    0.00267205 
916.800000    0.00266742 
917.200000    0.00222666 
917.600000    0.00141889 
918.000000    0.00037385 
918.400000    -0.00073738 
918.800000    -0.00172936 
919.200000    -0.00243342 
919.600000    -0.00272767 
920.000000    -0.00255979 
920.400000    -0.00195714 
920.800000    -0.00102188 
921.200000    0.00008788 
921.600000    0.00118635 
922.000000    0.00209180 
922.400000    0.00265589 
922.800000    0.00278648 
923.200000    0.00246133 
923.600000    0.00173153 
924.000000    0.00071443 
924.400000    -0.00042369 
924.800000    -0.00149342 
925.200000    -0.00231356 
925.600000    -0.00274298 
926.000000    -0.00270662 
926.400000    -0.00220990 
926.800000    -0.00133781 
927.200000    -0.00023902 
927.600000    0.00090121 
928.000000    0.00189322 
928.400000    0.00257414 
928.800000    0.00283320 
929.200000    0.00262821 
929.600000    0.00199174 
930.000000    0.00102651 
930.400000    -0.00010958 
930.800000    -0.00122781 
931.200000    -0.00213942 
931.600000    -0.00268833 
932.000000    -0.00277959 
932.400000    -0.00239735 
932.800000    -0.00160788 
933.200000    -0.00054702 
933.600000    0.00060499 
934.000000    0.00165542 
934.400000    0.00243125 
934.800000    0.00280643 
935.200000    0.00272074 
935.600000    0.00218848 
936.000000    0.00129631 
936.400000    0.00019055 
936.800000    -0.00094525 
937.200000    -0.00191991 
937.600000    -0.00256733 
938.000000    -0.00277639 
938.400000    -0.00251171 
938.800000    -0.00182030 
939.200000    -0.00082238 
939.600000    0.00031113 
940.000000    0.00138940 
940.400000    0.00223412 
940.800000    0.00270799 
941.200000    0.00273545 
941.600000    0.00231356 
942.000000    0.00151211 
942.400000    0.00046325 
942.800000    -0.00065878 
943.200000    -0.00166553 
943.600000    -0.00238616 
944.000000    -0.00269785 
944.400000    -0.00254841 
944.800000    -0.00196591 
945.200000    -0.00105301 
945.600000    0.00003259 
946.000000    0.00110693 
946.400000    0.00199155 
946.800000    0.00254244 
947.200000    0.00267207 
947.600000    0.00236195 
948.000000    0.00166491 
948.400000    0.00069691 
948.800000    -0.00038083 
949.200000    -0.00138750 
949.600000    -0.00215301 
950.000000    -0.00254776 
950.400000    -0.00250619 
950.800000    -0.00203872 
951.200000    -0.00122926 
951.600000    -0.00021899 
952.000000    0.00081974 
952.400000    0.00171358 
952.800000    0.00231672 
953.200000    0.00253347 
953.600000    0.00233213 
954.000000    0.00174904 
954.400000    0.00088255 
954.800000    -0.00012231 
955.200000    -0.00109702 
955.600000    -0.00187751 
956.000000    -0.00233259 
956.400000    -0.00238730 
956.800000    -0.00203641 
957.200000    -0.00134470 
957.600000    -0.00043416 
958.000000    0.00053877 
958.400000    0.00141097 
958.800000    0.00203985 
959.200000    0.00232570 
959.600000    0.00222637 
960.000000    0.00176266 
960.400000    0.00101449 
960.800000    0.00010802 
961.200000    -0.00080460 
961.600000    -0.00157033 
962.000000    -0.00206138 
962.400000    -0.00219764 
962.800000    -0.00196074 
963.200000    -0.00139663 
963.600000    -0.00060623 
964.000000    0.00027365 
964.400000    0.00109482 
964.800000    0.00172276 
965.200000    0.00205801 
965.600000    0.00205087 
966.000000    0.00170805 
966.400000    0.00109063 
966.800000    0.00030390 
967.200000    -0.00051981 
967.600000    -0.00124285 
968.000000    -0.00174552 
968.400000    -0.00194666 
968.800000    -0.00181755 
969.200000    -0.00138625 
969.600000    -0.00073149 
970.000000    0.00003242 
970.400000    0.00077629 
