0.000000    0.00000000 
0.400000    0.01711792 
0.800000    0.03165249 
1.200000    0.04273235 
1.600000    0.05032417 
2.000000    0.05443250 
2.400000    0.05494302 
2.800000    0.05162875 
3.200000    0.04413720 
3.600000    0.03192442 
4.000000    0.01441899 
4.400000    -0.00763947 
4.800000    -0.03086191 
5.200000    -0.05237765 
5.600000    -0.07064352 
6.000000    -0.08371019 
6.400000    -0.08958090 
6.800000    -0.08716384 
7.200000    -0.07655328 
7.600000    -0.05849187 
8.000000    -0.03338183 
8.400000    -0.00089876 
8.800000    0.03657667 
9.200000    0.07556825 
9.600000    0.11278870 
10.000000    0.13936468 
10.400000    0.14474475 
10.800000    0.12728359 
11.200000    0.09534638 
11.600000    0.05741403 
12.000000    0.01659243 
12.400000    -0.02634134 
12.800000    -0.06864198 
13.200000    -0.11044832 
13.600000    -0.14748885 
14.000000    -0.16642557 
14.400000    -0.15339458 
14.800000    -0.11424381 
15.200000    -0.06710356 
15.600000    -0.02167485 
16.000000    0.02030729 
16.400000    0.05630243 
16.800000    0.08710564 
17.200000    0.11238998 
17.600000    0.12807620 
18.000000    0.12790728 
18.400000    0.10984526 
18.800000    0.07986912 
19.200000    0.04605635 
19.600000    0.01245013 
20.000000    -0.01867864 
20.400000    -0.04423758 
20.800000    -0.06434329 
21.200000    -0.07917437 
21.600000    -0.08745291 
22.000000    -0.08751702 
22.400000    -0.07901257 
22.800000    -0.06353262 
23.200000    -0.04346880 
23.600000    -0.02046292 
24.000000    0.00399257 
24.400000    0.02644165 
24.800000    0.04448507 
25.200000    0.05780097 
25.600000    0.06606119 
26.000000    0.06872244 
26.400000    0.06558733 
26.800000    0.05710754 
27.200000    0.04405662 
27.600000    0.02693088 
28.000000    0.00620795 
28.400000    -0.01579647 
28.800000    -0.03562647 
29.200000    -0.05183371 
29.600000    -0.06382794 
30.000000    -0.07076405 
30.400000    -0.07187539 
30.800000    -0.06692588 
31.200000    -0.05618992 
31.600000    -0.04000475 
32.000000    -0.01836934 
32.400000    0.00793298 
32.800000    0.03516029 
33.200000    0.06034622 
33.600000    0.08156325 
34.000000    0.09568757 
34.400000    0.09976191 
34.800000    0.09302807 
35.200000    0.07712847 
35.600000    0.05443772 
36.000000    0.02620604 
36.400000    -0.00723979 
36.800000    -0.04267946 
37.200000    -0.07779358 
37.600000    -0.10998518 
38.000000    -0.13176292 
38.400000    -0.13441636 
38.800000    -0.11678411 
39.200000    -0.08629783 
39.600000    -0.05062009 
40.000000    -0.01257413 
40.400000    0.02656900 
40.800000    0.06407427 
41.200000    0.10008029 
41.600000    0.13110472 
42.000000    0.14725590 
42.400000    0.13880353 
42.800000    0.10875338 
43.200000    0.06946494 
43.600000    0.02927898 
44.000000    -0.00978556 
44.400000    -0.04489034 
44.800000    -0.07562808 
45.200000    -0.10212754 
45.600000    -0.12085813 
46.000000    -0.12551509 
46.400000    -0.11262191 
46.800000    -0.08628080 
47.200000    -0.05409667 
47.600000    -0.02070206 
48.000000    0.01200126 
48.400000    0.04061590 
48.800000    0.06441354 
49.200000    0.08341346 
49.600000    0.09566107 
50.000000    0.09827444 
50.400000    0.09001879 
50.800000    0.07276697 
51.200000    0.04996384 
51.600000    0.02404130 
52.000000    -0.00357336 
52.400000    -0.02946290 
52.800000    -0.05119781 
53.200000    -0.06835173 
53.600000    -0.07975769 
54.000000    -0.08372182 
54.400000    -0.07944605 
54.800000    -0.06778598 
55.200000    -0.05054029 
55.600000    -0.02908289 
56.000000    -0.00419766 
56.400000    0.02142587 
56.800000    0.04429517 
57.200000    0.06325229 
57.600000    0.07711049 
58.000000    0.08404235 
58.400000    0.08280893 
58.800000    0.07368231 
59.200000    0.05807843 
59.600000    0.03733502 
60.000000    0.01196430 
60.400000    -0.01638533 
60.800000    -0.04380622 
61.200000    -0.06844381 
61.600000    -0.08831953 
62.000000    -0.09992297 
62.400000    -0.10036329 
62.800000    -0.08964755 
63.200000    -0.07037665 
63.600000    -0.04536718 
64.000000    -0.01576635 
64.400000    0.01726386 
64.800000    0.05006995 
65.200000    0.08123877 
65.600000    0.10792036 
66.000000    0.12354645 
66.400000    0.12206033 
66.800000    0.10400021 
67.200000    0.07564841 
67.600000    0.04273002 
68.000000    0.00715825 
68.400000    -0.02921119 
68.800000    -0.06369366 
69.200000    -0.09611972 
69.600000    -0.12280519 
70.000000    -0.13536922 
70.400000    -0.12703636 
70.800000    -0.10087564 
71.200000    -0.06624732 
71.600000    -0.02956281 
72.000000    0.00743575 
72.400000    0.04179628 
72.800000    0.07253786 
73.200000    0.09953203 
73.600000    0.11898286 
74.000000    0.12437795 
74.400000    0.11223995 
74.800000    0.08660135 
75.200000    0.05482567 
75.600000    0.02135590 
76.000000    -0.01205567 
76.400000    -0.04201309 
76.800000    -0.06771388 
77.200000    -0.08887330 
77.600000    -0.10275521 
78.000000    -0.10552174 
78.400000    -0.09566662 
78.800000    -0.07580146 
79.200000    -0.05029042 
79.600000    -0.02192417 
80.000000    0.00776864 
80.400000    0.03522796 
80.800000    0.05863151 
81.200000    0.07750926 
81.600000    0.08990519 
82.000000    0.09324624 
82.400000    0.08652817 
82.800000    0.07130721 
83.200000    0.05033978 
83.600000    0.02551841 
84.000000    -0.00207783 
84.400000    -0.02917062 
84.800000    -0.05295882 
85.200000    -0.07262752 
85.600000    -0.08635839 
86.000000    -0.09165093 
86.400000    -0.08725225 
86.800000    -0.07419613 
87.200000    -0.05480908 
87.600000    -0.03086008 
88.000000    -0.00309762 
88.400000    0.02579862 
88.800000    0.05246868 
89.200000    0.07575535 
89.600000    0.09327792 
90.000000    0.10138881 
90.400000    0.09783930 
90.800000    0.08367271 
91.200000    0.06206292 
91.600000    0.03563015 
92.000000    0.00524407 
92.400000    -0.02682943 
92.800000    -0.05733730 
93.200000    -0.08525143 
93.600000    -0.10723058 
94.000000    -0.11743850 
94.400000    -0.11199145 
94.800000    -0.09283113 
95.200000    -0.06548190 
95.600000    -0.03411572 
96.000000    0.00004271 
96.400000    0.03440020 
96.800000    0.06667686 
97.200000    0.09630012 
97.600000    0.11905283 
98.000000    0.12751976 
98.400000    0.11733354 
98.800000    0.09231157 
99.200000    0.06012083 
99.600000    0.02549755 
100.000000    -0.01013910 
100.400000    -0.04360840 
100.800000    -0.07396416 
101.200000    -0.10056816 
101.600000    -0.11902427 
102.000000    -0.12281182 
102.400000    -0.10933903 
102.800000    -0.08326486 
103.200000    -0.05158638 
103.600000    -0.01807687 
104.000000    0.01556872 
104.400000    0.04595896 
104.800000    0.07254994 
105.200000    0.09457534 
105.600000    0.10845100 
106.000000    0.10973680 
106.400000    0.09730070 
106.800000    0.07476511 
107.200000    0.04706638 
107.600000    0.01688748 
108.000000    -0.01404613 
108.400000    -0.04212807 
108.800000    -0.06629461 
109.200000    -0.08576497 
109.600000    -0.09776406 
110.000000    -0.09915325 
110.400000    -0.08924075 
110.800000    -0.07054295 
111.200000    -0.04652728 
111.600000    -0.01917409 
112.000000    0.01008065 
112.400000    0.03755326 
112.800000    0.06144473 
113.200000    0.08087884 
113.600000    0.09335388 
114.000000    0.09601480 
114.400000    0.08805326 
114.800000    0.07142749 
115.200000    0.04907505 
115.600000    0.02276459 
116.000000    -0.00643081 
116.400000    -0.03500820 
116.800000    -0.06065055 
117.200000    -0.08230052 
117.600000    -0.09707449 
118.000000    -0.10142807 
118.400000    -0.09403529 
118.800000    -0.07692459 
119.200000    -0.05349830 
119.600000    -0.02590667 
120.000000    0.00494628 
120.400000    0.03579819 
120.800000    0.06431705 
121.200000    0.08934899 
121.600000    0.10709651 
122.000000    0.11249351 
122.400000    0.10347691 
122.800000    0.08298414 
123.200000    0.05589190 
123.600000    0.02514724 
124.000000    -0.00821248 
124.400000    -0.04091130 
124.800000    -0.07131815 
125.200000    -0.09828441 
125.600000    -0.11706422 
126.000000    -0.12123085 
126.400000    -0.10856134 
126.800000    -0.08356737 
127.200000    -0.05266290 
127.600000    -0.01919118 
128.000000    0.01546184 
128.400000    0.04793780 
128.800000    0.07757472 
129.200000    0.10304918 
129.600000    0.11931480 
130.000000    0.12023056 
130.400000    0.10460980 
130.800000    0.07780576 
131.200000    0.04619062 
131.600000    0.01267694 
132.000000    -0.02087555 
132.400000    -0.05122095 
132.800000    -0.07809822 
133.200000    -0.10006237 
133.600000    -0.11269621 
134.000000    -0.11140407 
134.400000    -0.09599233 
134.800000    -0.07110399 
135.200000    -0.04179342 
135.600000    -0.01032918 
136.000000    0.02118413 
136.400000    0.04941219 
136.800000    0.07387967 
137.200000    0.09321414 
137.600000    0.10383737 
138.000000    0.10240318 
138.400000    0.08899783 
138.800000    0.06716333 
139.200000    0.04071996 
139.600000    0.01144812 
140.000000    -0.01865210 
140.400000    -0.04599539 
140.800000    -0.06965514 
141.200000    -0.08830845 
141.600000    -0.09879722 
142.000000    -0.09823425 
142.400000    -0.08661544 
142.800000    -0.06682560 
143.200000    -0.04208200 
143.600000    -0.01391912 
144.000000    0.01596596 
144.400000    0.04385528 
144.800000    0.06843894 
145.200000    0.08829847 
145.600000    0.10008188 
146.000000    0.10058199 
146.400000    0.08954646 
146.800000    0.06984105 
147.200000    0.04482958 
147.600000    0.01613306 
148.000000    -0.01482188 
148.400000    -0.04435244 
148.800000    -0.07106644 
149.200000    -0.09333576 
149.600000    -0.10703914 
150.000000    -0.10799448 
150.400000    -0.09572279 
150.800000    -0.07382765 
151.200000    -0.04653845 
151.600000    -0.01583251 
152.000000    0.01686946 
152.400000    0.04802238 
152.800000    0.07661348 
153.200000    0.10076941 
153.600000    0.11540836 
154.000000    0.11529596 
154.400000    0.10010740 
154.800000    0.07475724 
155.200000    0.04452797 
155.600000    0.01164277 
156.000000    -0.02213496 
156.400000    -0.05354971 
156.800000    -0.08216944 
157.200000    -0.10584566 
157.600000    -0.11903711 
158.000000    -0.11645422 
158.400000    -0.09852935 
158.800000    -0.07105505 
159.200000    -0.03952849 
159.600000    -0.00603160 
160.000000    0.02714860 
160.400000    0.05717378 
160.800000    0.08388126 
161.200000    0.10499149 
161.600000    0.11539536 
162.000000    0.11086275 
162.400000    0.09250436 
162.800000    0.06573681 
163.200000    0.03528786 
163.600000    0.00293831 
164.000000    -0.02866248 
164.400000    -0.05680991 
164.800000    -0.08125353 
165.200000    -0.09982862 
165.600000    -0.10826007 
166.000000    -0.10342471 
166.400000    -0.08654411 
166.800000    -0.06204496 
167.200000    -0.03370119 
167.600000    -0.00301330 
168.000000    0.02730288 
168.400000    0.05432380 
168.800000    0.07755869 
169.200000    0.09499096 
169.600000    0.10290989 
170.000000    0.09874295 
170.400000    0.08354613 
170.800000    0.06099712 
171.200000    0.03426876 
171.600000    0.00464686 
172.000000    -0.02531126 
172.400000    -0.05240553 
172.800000    -0.07590518 
173.200000    -0.09377601 
173.600000    -0.10231952 
174.000000    -0.09891629 
174.400000    -0.08446190 
174.800000    -0.06245354 
175.200000    -0.03598675 
175.600000    -0.00627297 
176.000000    0.02435868 
176.400000    0.05258628 
176.800000    0.07757252 
177.200000    0.09704748 
177.600000    0.10675088 
178.000000    0.10352394 
178.400000    0.08827711 
178.800000    0.06499516 
179.200000    0.03721488 
179.600000    0.00624452 
180.000000    -0.02566711 
180.400000    -0.05533354 
180.800000    -0.08204462 
181.200000    -0.10315349 
181.600000    -0.11352211 
182.000000    -0.10929846 
182.400000    -0.09175778 
182.800000    -0.06590333 
183.200000    -0.03593432 
183.600000    -0.00329725 
184.000000    0.02953934 
184.400000    0.05982505 
184.800000    0.08709733 
185.200000    0.10833609 
185.600000    0.11781714 
186.000000    0.11153301 
186.400000    0.09146707 
186.800000    0.06347510 
187.200000    0.03201548 
187.600000    -0.00143232 
188.000000    -0.03399730 
188.400000    -0.06350698 
188.800000    -0.08959513 
189.200000    -0.10907318 
189.600000    -0.11642942 
190.000000    -0.10834033 
190.400000    -0.08733580 
190.800000    -0.05919396 
191.200000    -0.02796182 
191.600000    0.00491266 
192.000000    0.03624014 
192.400000    0.06416598 
192.800000    0.08824896 
193.200000    0.10543316 
193.600000    0.11097342 
194.000000    0.10244085 
194.400000    0.08236200 
194.800000    0.05572701 
195.200000    0.02590523 
195.600000    -0.00572744 
196.000000    -0.03583537 
196.400000    -0.06248059 
196.800000    -0.08509380 
197.200000    -0.10085046 
197.600000    -0.10567993 
198.000000    -0.09769697 
198.400000    -0.07914804 
198.800000    -0.05425177 
199.200000    -0.02585008 
199.600000    0.00481075 
200.000000    0.03439925 
200.400000    0.06071510 
200.800000    0.08305547 
201.200000    0.09867423 
201.600000    0.10371475 
202.000000    0.09640270 
202.400000    0.07878015 
202.800000    0.05472774 
203.200000    0.02688878 
203.600000    -0.00362007 
204.000000    -0.03356865 
204.400000    -0.06056865 
204.800000    -0.08381152 
205.200000    -0.10036026 
205.600000    -0.10603673 
206.000000    -0.09884047 
206.400000    -0.08087707 
206.800000    -0.05625300 
207.200000    -0.02776946 
207.600000    0.00350226 
208.000000    0.03441428 
208.400000    0.06263814 
208.800000    0.08733134 
209.200000    0.10513707 
209.600000    0.11117346 
210.000000    0.10308587 
210.400000    0.08341573 
210.800000    0.05697939 
211.200000    0.02694103 
211.600000    -0.00556193 
212.000000    -0.03732268 
212.400000    -0.06639418 
212.800000    -0.09194311 
213.200000    -0.11015263 
213.600000    -0.11552279 
214.000000    -0.10562113 
214.400000    -0.08370458 
214.800000    -0.05532527 
215.200000    -0.02384934 
215.600000    0.00944601 
216.000000    0.04119619 
216.400000    0.07000034 
216.800000    0.09497084 
217.200000    0.11205165 
217.600000    0.11575309 
218.000000    0.10410621 
218.400000    0.08090630 
218.800000    0.05183016 
219.200000    0.02004174 
219.600000    -0.01300508 
220.000000    -0.04382856 
220.400000    -0.07139321 
220.800000    -0.09470530 
221.200000    -0.10982619 
221.600000    -0.11189986 
222.000000    -0.09963472 
222.400000    -0.07680725 
222.800000    -0.04854731 
223.200000    -0.01757876 
223.600000    0.01451962 
224.000000    0.04418805 
224.400000    0.07041912 
224.800000    0.09214038 
225.200000    0.10571472 
225.600000    0.10700479 
226.000000    0.09517196 
226.400000    0.07362435 
226.800000    0.04678354 
227.200000    0.01696708 
227.600000    -0.01424941 
228.000000    -0.04323642 
228.400000    -0.06880886 
228.800000    -0.08983101 
229.200000    -0.10285917 
229.600000    -0.10413605 
230.000000    -0.09297638 
230.400000    -0.07247763 
230.800000    -0.04662182 
231.200000    -0.01749514 
231.600000    0.01342770 
232.000000    0.04249160 
232.400000    0.06833334 
232.800000    0.08972897 
233.200000    0.10314559 
233.600000    0.10474056 
234.000000    0.09378110 
234.400000    0.07335139 
234.800000    0.04743509 
235.200000    0.01810732 
235.600000    -0.01325434 
236.000000    -0.04302309 
236.400000    -0.06982014 
236.800000    -0.09230183 
237.200000    -0.10655312 
237.600000    -0.10826047 
238.000000    -0.09659423 
238.400000    -0.07501765 
238.800000    -0.04793353 
239.200000    -0.01756793 
239.600000    0.01468615 
240.000000    0.04525716 
240.400000    0.07299520 
240.800000    0.09641380 
241.200000    0.11109236 
241.600000    0.11218179 
242.000000    0.09892715 
242.400000    0.07546609 
242.800000    0.04675517 
243.200000    0.01514128 
243.600000    -0.01780407 
244.000000    -0.04860179 
244.400000    -0.07647826 
244.800000    -0.09977893 
245.200000    -0.11375392 
245.600000    -0.11343623 
246.000000    -0.09846684 
246.400000    -0.07355092 
246.800000    -0.04385539 
247.200000    -0.01164395 
247.600000    0.02121849 
248.000000    0.05140037 
248.400000    0.07840547 
248.800000    0.10043572 
249.200000    0.11280227 
249.600000    0.11100761 
250.000000    0.09521325 
250.400000    0.07017243 
250.800000    0.04072039 
251.200000    0.00887760 
251.600000    -0.02322540 
252.000000    -0.05235808 
252.400000    -0.07807363 
252.800000    -0.09851989 
253.200000    -0.10935189 
253.600000    -0.10675894 
254.000000    -0.09123139 
254.400000    -0.06713661 
254.800000    -0.03872503 
255.200000    -0.00775651 
255.600000    0.02351626 
256.000000    0.05183585 
256.400000    0.07664549 
256.800000    0.09608658 
257.200000    0.10612615 
257.600000    0.10343115 
258.000000    0.08859200 
258.400000    0.06556260 
258.800000    0.03812833 
259.200000    0.00785524 
259.600000    -0.02302355 
260.000000    -0.05116593 
260.400000    -0.07587376 
260.800000    -0.09523645 
261.200000    -0.10526797 
261.600000    -0.10274024 
262.000000    -0.08824737 
262.400000    -0.06560019 
262.800000    -0.03843228 
263.200000    -0.00822310 
263.600000    0.02286952 
264.000000    0.05147027 
264.400000    0.07681839 
264.800000    0.09685639 
265.200000    0.10732168 
265.600000    0.10475651 
266.000000    0.08980075 
266.400000    0.06650557 
266.800000    0.03868384 
267.200000    0.00783437 
267.600000    -0.02389680 
268.000000    -0.05322189 
268.400000    -0.07945683 
268.800000    -0.10031668 
269.200000    -0.11106146 
269.600000    -0.10787453 
270.000000    -0.09160523 
270.400000    -0.06685727 
270.800000    -0.03779034 
271.200000    -0.00595748 
271.600000    0.02635356 
272.000000    0.05609088 
272.400000    0.08273995 
272.800000    0.10376506 
273.200000    0.11403318 
273.600000    0.10959288 
274.000000    0.09170591 
274.400000    0.06552388 
274.800000    0.03540174 
275.200000    0.00289075 
275.600000    -0.02944569 
276.000000    -0.05889079 
276.400000    -0.08505172 
276.800000    -0.10520743 
277.200000    -0.11419271 
277.600000    -0.10837511 
278.000000    -0.08946357 
278.400000    -0.06275620 
278.800000    -0.03243375 
279.200000    0.00001991 
279.600000    0.03175843 
280.000000    0.06033867 
280.400000    0.08536509 
280.800000    0.10406895 
281.200000    0.11161461 
281.600000    0.10496031 
282.000000    0.08605285 
282.400000    0.05987663 
282.800000    0.03017838 
283.200000    -0.00165264 
283.600000    -0.03258810 
284.000000    -0.06026846 
284.400000    -0.08421161 
284.800000    -0.10169645 
285.200000    -0.10829971 
285.600000    -0.10148484 
286.000000    -0.08321057 
286.400000    -0.05799857 
286.800000    -0.02916566 
287.200000    0.00200322 
287.600000    0.03241920 
288.000000    0.05965963 
288.400000    0.08313407 
288.800000    0.10013875 
289.200000    0.10646127 
289.600000    0.09979720 
290.000000    0.08205467 
290.400000    0.05746901 
290.800000    0.02911675 
291.200000    -0.00180895 
291.600000    -0.03224095 
292.000000    -0.05968452 
292.400000    -0.08346183 
292.800000    -0.10075451 
293.200000    -0.10723050 
293.600000    -0.10054541 
294.000000    -0.08265956 
294.400000    -0.05786696 
294.800000    -0.02925308 
295.200000    0.00203056 
295.600000    0.03293960 
296.000000    0.06102848 
296.400000    0.08558093 
296.800000    0.10351685 
297.200000    0.11011007 
297.600000    0.10284146 
298.000000    0.08393616 
298.400000    0.05808260 
298.800000    0.02854582 
299.200000    -0.00349880 
299.600000    -0.03494503 
300.000000    -0.06359102 
300.400000    -0.08872041 
300.800000    -0.10693103 
301.200000    -0.11308462 
301.600000    -0.10460715 
302.000000    -0.08418782 
302.400000    -0.05700163 
302.800000    -0.02644720 
303.200000    0.00623299 
303.600000    0.03778342 
304.000000    0.06638629 
304.400000    0.09130221 
304.800000    0.10889556 
305.200000    0.11392686 
305.600000    0.10408952 
306.000000    0.08251988 
306.400000    0.05458962 
306.800000    0.02359355 
307.200000    -0.00914016 
307.600000    -0.04020420 
308.000000    -0.06811577 
308.400000    -0.09206089 
308.800000    -0.10836301 
309.200000    -0.11208207 
309.600000    -0.10140096 
310.000000    -0.07963256 
310.400000    -0.05191135 
310.800000    -0.02122428 
311.200000    0.01102816 
311.600000    0.04133461 
312.000000    0.06835057 
312.400000    0.09116950 
312.800000    0.10621736 
313.200000    0.10901219 
313.600000    0.09817623 
314.000000    0.07693692 
314.400000    0.04998446 
314.800000    0.01996712 
315.200000    -0.01169532 
315.600000    -0.04142900 
316.000000    -0.06785965 
316.400000    -0.08999156 
316.800000    -0.10434002 
317.200000    -0.10674230 
317.600000    -0.09606988 
318.000000    -0.07541415 
318.400000    -0.04911826 
318.800000    -0.01959425 
319.200000    0.01177071 
319.600000    0.04137738 
320.000000    0.06778213 
320.400000    0.08989680 
320.800000    0.10418197 
321.200000    0.10650959 
321.600000    0.09583034 
322.000000    0.07523950 
322.400000    0.04900087 
322.800000    0.01944247 
323.200000    -0.01208488 
323.600000    -0.04198625 
324.000000    -0.06883232 
324.400000    -0.09143269 
324.800000    -0.10601667 
325.200000    -0.10823112 
325.600000    -0.09703786 
326.000000    -0.07576691 
326.400000    -0.04888006 
326.800000    -0.01873995 
327.200000    0.01328397 
327.600000    0.04361534 
328.000000    0.07098715 
328.400000    0.09409683 
328.800000    0.10884770 
329.200000    0.11058073 
329.600000    0.09833893 
330.000000    0.07587432 
330.400000    0.04796796 
330.800000    0.01702675 
331.200000    -0.01547494 
331.600000    -0.04599427 
332.000000    -0.07353350 
332.400000    -0.09666304 
332.800000    -0.11101831 
333.200000    -0.11181028 
333.600000    -0.09833322 
334.000000    -0.07475719 
334.400000    -0.04604725 
334.800000    -0.01455501 
335.200000    0.01806460 
335.600000    0.04832771 
336.000000    0.07548379 
336.400000    0.09796888 
336.800000    0.11133274 
337.200000    0.11097818 
337.600000    0.09658380 
338.000000    0.07251703 
338.400000    0.04363167 
338.800000    0.01210887 
339.200000    -0.02019305 
339.600000    -0.04985379 
340.000000    -0.07624647 
340.400000    -0.09769587 
340.800000    -0.10985427 
341.200000    -0.10854581 
341.600000    -0.09381770 
342.000000    -0.06996291 
342.400000    -0.04149328 
342.800000    -0.01036973 
343.200000    0.02139376 
343.600000    0.05040716 
344.000000    0.07604361 
344.400000    0.09655362 
344.800000    0.10776320 
345.200000    0.10591553 
345.600000    0.09129887 
346.000000    0.06799813 
346.400000    0.04014983 
346.800000    0.00951717 
347.200000    -0.02181830 
347.600000    -0.05046044 
348.000000    -0.07572269 
348.400000    -0.09578859 
348.800000    -0.10656822 
349.200000    -0.10452846 
349.600000    -0.09007195 
350.000000    -0.06714204 
350.400000    -0.03964772 
350.800000    -0.00922469 
351.200000    0.02204656 
351.600000    0.05076511 
352.000000    0.07619953 
352.400000    0.09642577 
352.800000    0.10723748 
353.200000    0.10506687 
353.600000    0.09038966 
354.000000    0.06722801 
354.400000    0.03949820 
354.800000    0.00879448 
355.200000    -0.02279866 
355.600000    -0.05192911 
356.000000    -0.07789673 
356.400000    -0.09860743 
356.800000    -0.10955077 
357.200000    -0.10695668 
357.600000    -0.09144831 
358.000000    -0.06738096 
358.400000    -0.03886108 
358.800000    -0.00749337 
359.200000    0.02454567 
359.600000    0.05404773 
360.000000    0.08042876 
360.400000    0.10138473 
360.800000    0.11207084 
361.200000    0.10857470 
361.600000    0.09181609 
362.000000    0.06658647 
362.400000    0.03716881 
362.800000    0.00515990 
363.200000    -0.02705932 
363.600000    -0.05651807 
364.000000    -0.08275748 
364.400000    -0.10327828 
364.800000    -0.11308442 
365.200000    -0.10840333 
365.600000    -0.09054742 
366.000000    -0.06456710 
366.400000    -0.03470015 
366.800000    -0.00248187 
367.200000    0.02945181 
367.600000    0.05838265 
368.000000    0.08389811 
368.400000    0.10337873 
368.800000    0.11195335 
369.200000    0.10626820 
369.600000    0.08795901 
370.000000    0.06199848 
370.400000    0.03233463 
370.800000    0.00040869 
371.200000    -0.03093215 
371.600000    -0.05912823 
372.000000    -0.08372615 
372.400000    -0.10207416 
372.800000    -0.10958619 
373.200000    -0.10338241 
373.600000    -0.08524969 
374.000000    -0.05985982 
374.400000    -0.03078550 
374.800000    0.00063362 
375.200000    0.03143625 
375.600000    0.05909720 
376.000000    0.08308149 
376.400000    0.10073014 
376.800000    0.10768095 
377.200000    0.10136374 
377.600000    0.08359452 
378.000000    0.05876955 
378.400000    0.03018201 
378.800000    -0.00092027 
379.200000    -0.03155076 
379.600000    -0.05916117 
380.000000    -0.08313658 
380.400000    -0.10074036 
380.800000    -0.10760156 
381.200000    -0.10121899 
381.600000    -0.08345242 
382.000000    -0.05865253 
382.400000    -0.03003077 
382.800000    0.00121914 
383.200000    0.03211092 
383.600000    0.06012629 
384.000000    0.08460023 
384.400000    0.10259579 
384.800000    0.10947974 
385.200000    0.10266071 
385.600000    0.08419194 
386.000000    0.05867415 
386.400000    0.02941144 
386.800000    -0.00240092 
387.200000    -0.03371841 
387.600000    -0.06220072 
388.000000    -0.08716901 
388.400000    -0.10540727 
388.800000    -0.11193966 
389.200000    -0.10413203 
389.600000    -0.08441750 
390.000000    -0.05779262 
390.400000    -0.02766606 
390.800000    0.00472588 
391.200000    0.03619839 
391.600000    0.06473245 
392.000000    0.08963265 
392.400000    0.10744446 
392.800000    0.11304479 
393.200000    0.10399794 
393.600000    0.08315877 
394.000000    0.05575308 
394.400000    0.02512437 
394.800000    -0.00743432 
395.200000    -0.03857993 
395.600000    -0.06661935 
396.000000    -0.09079975 
396.400000    -0.10757024 
396.800000    -0.11198302 
397.200000    -0.10201231 
397.600000    -0.08075480 
398.000000    -0.05331949 
398.400000    -0.02280016 
398.800000    0.00945901 
399.200000    0.03999905 
399.600000    0.06731062 
400.000000    0.09055623 
400.400000    0.10621662 
400.800000    0.10969081 
401.200000    0.09936238 
401.600000    0.07834283 
402.000000    0.05141066 
402.400000    0.02135870 
402.800000    -0.01045070 
403.200000    -0.04048998 
403.600000    -0.06728097 
404.000000    -0.08989571 
404.400000    -0.10485573 
404.800000    -0.10782899 
405.200000    -0.09746351 
405.600000    -0.07681052 
406.000000    -0.05036056 
406.400000    -0.02068026 
406.800000    0.01088293 
407.200000    0.04076756 
407.600000    0.06747506 
408.000000    0.08998094 
408.400000    0.10474249 
408.800000    0.10748047 
409.200000    0.09696843 
409.600000    0.07629587 
410.000000    0.04987050 
410.400000    0.02015477 
410.800000    -0.01151376 
411.200000    -0.04156036 
411.600000    -0.06852854 
412.000000    -0.09128840 
412.400000    -0.10610181 
412.800000    -0.10855243 
413.200000    -0.09749445 
413.600000    -0.07623381 
414.000000    -0.04930404 
414.400000    -0.01914977 
414.800000    0.01285548 
415.200000    0.04313489 
415.600000    0.07039012 
416.000000    0.09338015 
416.400000    0.10811302 
416.800000    0.10999588 
417.200000    0.09802287 
417.600000    0.07583942 
418.000000    0.04817586 
418.400000    0.01745868 
418.800000    -0.01484499 
419.200000    -0.04517371 
419.600000    -0.07245905 
420.000000    -0.09534420 
420.400000    -0.10963399 
420.800000    -0.11068359 
421.200000    -0.09772788 
421.600000    -0.07472515 
422.000000    -0.04650099 
422.400000    -0.01540019 
422.800000    0.01697521 
423.200000    0.04709917 
423.600000    0.07410737 
424.000000    0.09652367 
424.400000    0.11005885 
424.800000    0.11019746 
425.200000    0.09647851 
425.600000    0.07303453 
426.000000    0.04461454 
426.400000    0.01341986 
426.800000    -0.01879898 
427.200000    -0.04855593 
427.600000    -0.07510725 
428.000000    -0.09685976 
428.400000    -0.10952457 
428.800000    -0.10884021 
429.200000    -0.09465243 
429.600000    -0.07112973 
430.000000    -0.04281955 
430.400000    -0.01175251 
430.800000    0.02018471 
431.200000    0.04953975 
431.600000    0.07561460 
432.000000    0.09670784 
432.400000    0.10857447 
432.800000    0.10723358 
433.200000    0.09279463 
433.600000    0.06938687 
434.000000    0.04131936 
434.400000    0.01045839 
434.800000    -0.02120444 
435.200000    -0.05024695 
435.600000    -0.07597799 
436.000000    -0.09659436 
436.400000    -0.10787461 
436.800000    -0.10605129 
437.200000    -0.09143415 
437.600000    -0.06811671 
438.000000    -0.04021819 
438.400000    -0.00947335 
438.800000    0.02205490 
439.200000    0.05098051 
439.600000    0.07661558 
440.000000    0.09704416 
440.400000    0.10798677 
440.800000    0.10576614 
441.200000    0.09085081 
441.600000    0.06738235 
442.000000    0.03939784 
442.400000    0.00854681 
442.800000    -0.02304632 
443.200000    -0.05205620 
443.600000    -0.07782404 
444.000000    -0.09829285 
444.400000    -0.10902527 
444.800000    -0.10632822 
445.200000    -0.09084280 
445.600000    -0.06688334 
446.000000    -0.03851149 
446.400000    -0.00732869 
446.800000    0.02445077 
447.200000    0.05360982 
447.600000    0.07955538 
448.000000    0.10006304 
448.400000    0.11049008 
448.800000    0.10711262 
449.200000    0.09080446 
449.600000    0.06613423 
450.000000    0.03722148 
450.400000    0.00562941 
450.800000    -0.02628553 
451.200000    -0.05546951 
451.600000    -0.08140794 
452.000000    -0.10170323 
452.400000    -0.11155611 
452.800000    -0.10731046 
453.200000    -0.09013291 
453.600000    -0.06481369 
454.000000    -0.03546120 
454.400000    -0.00358697 
454.800000    0.02826736 
455.200000    0.05724251 
455.600000    0.08287274 
456.000000    0.10260953 
456.400000    0.11162214 
456.800000    0.10647633 
457.200000    0.08863957 
457.600000    0.06298430 
458.000000    0.03348153 
458.400000    0.00157465 
458.800000    -0.03000325 
459.200000    -0.05857270 
459.600000    -0.08366441 
460.000000    -0.10262080 
460.400000    -0.11070622 
460.800000    -0.10481448 
461.200000    -0.08665584 
461.600000    -0.06102760 
462.000000    -0.03166488 
462.400000    0.00006323 
462.800000    0.03126521 
463.200000    0.05939067 
463.600000    0.08392439 
464.000000    0.10213401 
464.400000    0.10942799 
464.800000    0.10302360 
465.200000    0.08479267 
465.600000    0.05938126 
466.000000    0.03027393 
466.400000    -0.00123031 
466.800000    -0.03213223 
467.200000    -0.05996181 
467.600000    -0.08414096 
468.000000    -0.10186054 
468.400000    -0.10861692 
468.800000    -0.10185520 
469.200000    -0.08356457 
469.600000    -0.05828274 
470.000000    -0.02931021 
470.400000    0.00211099 
470.800000    0.03291523 
471.200000    0.06070243 
471.600000    0.08483657 
472.000000    0.10238955 
472.400000    0.10882024 
472.800000    0.10168212 
473.200000    0.08310321 
473.600000    0.05764207 
474.000000    0.02851867 
474.400000    -0.00305892 
474.800000    -0.03397155 
475.200000    -0.06192860 
475.600000    -0.08625119 
476.000000    -0.10383372 
476.400000    -0.10997719 
476.800000    -0.10227139 
477.200000    -0.08305912 
477.600000    -0.05706040 
478.000000    -0.02749498 
478.400000    0.00443188 
478.800000    0.03552797 
479.200000    0.06368578 
479.600000    0.08819034 
480.000000    0.10572069 
480.400000    0.11138778 
480.800000    0.10284861 
481.200000    0.08274762 
481.600000    0.05602650 
482.000000    0.02590664 
482.400000    -0.00637650 
482.800000    -0.03752484 
483.200000    -0.06568044 
483.600000    -0.09007580 
484.000000    -0.10719131 
484.400000    -0.11205437 
484.800000    -0.10252523 
485.200000    -0.08157641 
485.600000    -0.05428339 
486.000000    -0.02378059 
486.400000    0.00863828 
486.800000    0.03955765 
487.200000    0.06737619 
487.600000    0.09124308 
488.000000    0.10751998 
488.400000    0.11135207 
488.800000    0.10095077 
489.200000    0.07952905 
489.600000    0.05209350 
490.000000    0.02157431 
490.400000    -0.01066435 
490.800000    -0.04111180 
491.200000    -0.06835248 
491.600000    -0.09143474 
492.000000    -0.10670142 
492.400000    -0.10957280 
492.800000    -0.09864894 
493.200000    -0.07722690 
493.600000    -0.05006926 
494.000000    -0.01984370 
494.400000    0.01203216 
494.800000    0.04198800 
495.200000    0.06869146 
495.600000    0.09109370 
496.000000    0.10556183 
496.400000    0.10778788 
496.800000    0.09666806 
497.200000    0.07548022 
497.600000    0.04871894 
498.000000    0.01882326 
498.400000    -0.01277421 
498.800000    -0.04247478 
499.200000    -0.06896422 
499.600000    -0.09110234 
500.000000    -0.10522334 
500.400000    -0.10713103 
500.800000    -0.09587838 
501.200000    -0.07475208 
501.600000    -0.04811444 
502.000000    -0.01827417 
502.400000    0.01334560 
502.800000    0.04314297 
503.200000    0.06983384 
503.600000    0.09217872 
504.000000    0.10634936 
504.400000    0.10804590 
504.800000    0.09638892 
505.200000    0.07482254 
505.600000    0.04778896 
506.000000    0.01757130 
506.400000    -0.01439070 
506.800000    -0.04451032 
507.200000    -0.07161833 
507.600000    -0.09435365 
508.000000    -0.10860980 
508.400000    -0.10986006 
508.800000    -0.09732529 
509.200000    -0.07479177 
509.600000    -0.04693078 
510.000000    -0.01603765 
510.400000    0.01635066 
510.800000    0.04668293 
511.200000    0.07400348 
511.600000    0.09680059 
512.000000    0.11069138 
512.400000    0.11102671 
512.800000    0.09728797 
513.200000    0.07367046 
513.600000    0.04501440 
514.000000    0.01355840 
514.400000    -0.01896925 
514.800000    -0.04909117 
515.200000    -0.07608096 
515.600000    -0.09826609 
516.000000    -0.11114917 
516.400000    -0.11026517 
516.800000    -0.09550892 
517.200000    -0.07131083 
517.600000    -0.04241322 
518.000000    -0.01088621 
518.400000    0.02131298 
518.800000    0.05080485 
519.200000    0.07699525 
519.600000    0.09808998 
520.000000    0.10969564 
520.400000    0.10778572 
520.800000    0.09264151 
521.200000    0.06862520 
521.600000    0.04013127 
522.000000    0.00900966 
522.400000    -0.02261341 
522.800000    -0.05141735 
523.200000    -0.07681450 
523.600000    -0.09694467 
524.000000    -0.10760500 
524.400000    -0.10519051 
524.800000    -0.09019856 
525.200000    -0.06676017 
525.600000    -0.03889227 
526.000000    -0.00825483 
526.400000    0.02296944 
526.800000    0.05145813 
527.200000    0.07656181 
527.600000    0.09635584 
528.000000    0.10670211 
528.400000    0.10417336 
528.800000    0.08934513 
529.200000    0.06621660 
529.600000    0.03861273 
530.000000    0.00808496 
530.400000    -0.02319826 
530.800000    -0.05190919 
531.200000    -0.07735494 
531.600000    -0.09747925 
532.000000    -0.10796071 
532.400000    -0.10526984 
532.800000    -0.09006177 
533.200000    -0.06648737 
533.600000    -0.03844265 
534.000000    -0.00746010 
534.400000    0.02426629 
534.800000    0.05348291 
535.200000    0.07954167 
535.600000    0.10017128 
536.000000    0.11068355 
536.400000    0.10733692 
536.800000    0.09101546 
537.200000    0.06629520 
537.600000    0.03728875 
538.000000    0.00554236 
538.400000    -0.02659145 
538.800000    -0.05606708 
539.200000    -0.08235492 
539.600000    -0.10293629 
540.000000    -0.11281858 
540.400000    -0.10824662 
540.800000    -0.09052143 
541.200000    -0.06464839 
541.600000    -0.03482913 
542.000000    -0.00258058 
542.400000    0.02947479 
542.800000    0.05859882 
543.200000    0.08434812 
543.600000    0.10402176 
544.000000    0.11262955 
544.400000    0.10676862 
544.800000    0.08816479 
545.200000    0.06191228 
545.600000    0.03200146 
546.000000    -0.00012909 
546.400000    -0.03160126 
546.800000    -0.05993136 
547.200000    -0.08466753 
547.600000    -0.10305591 
548.000000    -0.11039164 
548.400000    -0.10379077 
548.800000    -0.08518936 
549.200000    -0.05940447 
549.600000    -0.03003614 
550.000000    0.00157315 
550.400000    0.03239911 
550.800000    0.06004222 
551.200000    0.08397752 
551.600000    0.10146329 
552.000000    0.10808556 
552.400000    0.10133558 
552.800000    0.08316747 
553.200000    0.05805714 
553.600000    0.02927518 
554.000000    -0.00192933 
554.400000    -0.03249155 
554.800000    -0.05998105 
555.200000    -0.08378148 
555.600000    -0.10109410 
556.000000    -0.10755658 
556.400000    -0.10077861 
556.800000    -0.08273466 
557.200000    -0.05778778 
557.600000    -0.02908120 
558.000000    0.00219573 
558.400000    0.03297113 
558.800000    0.06082199 
559.200000    0.08505974 
559.600000    0.10268876 
560.000000    0.10912112 
560.400000    0.10191916 
560.800000    0.08324702 
561.200000    0.05767361 
561.600000    0.02839828 
562.000000    -0.00339154 
562.400000    -0.03456350 
562.800000    -0.06286257 
563.200000    -0.08756164 
563.600000    -0.10537653 
564.000000    -0.11139715 
564.400000    -0.10318383 
564.800000    -0.08329167 
565.200000    -0.05665769 
565.600000    -0.02655685 
566.000000    0.00577845 
566.400000    0.03708203 
566.800000    0.06542302 
567.200000    0.09003564 
567.600000    0.10738622 
568.000000    0.11242821 
568.400000    0.10294830 
568.800000    0.08193296 
569.200000    0.05453276 
569.600000    0.02394122 
570.000000    -0.00854097 
570.400000    -0.03950758 
570.800000    -0.06735937 
571.200000    -0.09126046 
571.600000    -0.10757559 
572.000000    -0.11143169 
572.400000    -0.10102322 
572.800000    -0.07957613 
573.200000    -0.05212557 
573.600000    -0.02161981 
574.000000    0.01057775 
574.400000    0.04096709 
574.800000    0.06813688 
575.200000    0.09116392 
575.600000    0.10643628 
576.000000    0.10940122 
576.400000    0.09863122 
576.800000    0.07736603 
577.200000    0.05033806 
577.600000    0.02021948 
578.000000    -0.01159922 
578.400000    -0.04156323 
578.800000    -0.06830133 
579.200000    -0.09079708 
579.600000    -0.10545381 
580.000000    -0.10794149 
580.400000    -0.09706842 
580.800000    -0.07603901 
581.200000    -0.04934772 
581.600000    -0.01947102 
582.000000    0.01219991 
582.400000    0.04207920 
582.800000    0.06879873 
583.200000    0.09123502 
583.600000    0.10569361 
584.000000    0.10786734 
584.400000    0.09670139 
584.800000    0.07548793 
585.200000    0.04867932 
585.600000    0.01865905 
586.000000    -0.01316240 
586.400000    -0.04318596 
586.800000    -0.07011944 
587.200000    -0.09271627 
587.600000    -0.10707466 
588.000000    -0.10878002 
588.400000    -0.09692058 
588.800000    -0.07504056 
589.200000    -0.04770351 
589.600000    -0.01724847 
590.000000    0.01484065 
590.400000    0.04497332 
590.800000    0.07203189 
591.200000    0.09463619 
591.600000    0.10865884 
592.000000    0.10960661 
592.400000    0.09679422 
592.800000    0.07408479 
593.200000    0.04615287 
593.600000    0.01526611 
594.000000    -0.01696447 
594.400000    -0.04698826 
594.800000    -0.07389368 
595.200000    -0.09616580 
595.600000    -0.10953011 
596.000000    -0.10955949 
596.400000    -0.09586810 
596.800000    -0.07255652 
597.200000    -0.04428273 
597.600000    -0.01318823 
598.000000    0.01896637 
598.400000    0.04869167 
598.800000    0.07522949 
599.200000    0.09694002 
599.600000    0.10950260 
600.000000    0.10868367 
600.400000    0.09439686 
600.800000    0.07083768 
601.200000    0.04252069 
601.600000    0.01143447 
602.000000    -0.02052318 
602.400000    -0.04992013 
602.800000    -0.07607386 
603.200000    -0.09722899 
603.600000    -0.10906481 
604.000000    -0.10756959 
604.400000    -0.09291014 
604.800000    -0.06929501 
605.200000    -0.04105653 
605.600000    -0.01004032 
606.000000    0.02174174 
606.400000    0.05090603 
606.800000    0.07679859 
607.200000    0.09754449 
607.600000    0.10880219 
608.000000    0.10673626 
608.400000    0.09173190 
608.800000    0.06802154 
609.200000    0.03979125 
609.600000    0.00877014 
610.000000    -0.02292464 
610.400000    -0.05196852 
610.800000    -0.07772970 
611.200000    -0.09819830 
611.600000    -0.10896453 
612.000000    -0.10631498 
612.400000    -0.09085271 
612.800000    -0.06689083 
613.200000    -0.03852306 
613.600000    -0.00738577 
614.000000    0.02428772 
614.400000    0.05326307 
614.800000    0.07894332 
615.200000    0.09916845 
615.600000    0.10942963 
616.000000    0.10611586 
616.400000    0.09006929 
616.800000    0.06572827 
617.200000    0.03712180 
617.600000    0.00580686 
618.000000    -0.02584839 
618.400000    -0.05473666 
618.800000    -0.08030235 
619.200000    -0.10022987 
619.600000    -0.10991637 
620.000000    -0.10587240 
620.400000    -0.08919647 
620.800000    -0.06445347 
621.200000    -0.03559914 
621.600000    -0.00411680 
622.000000    0.02747931 
622.400000    0.05623356 
622.800000    0.08162145 
623.200000    0.10117718 
623.600000    0.11023318 
624.000000    0.10545431 
624.400000    0.08819258 
624.800000    0.06310620 
625.200000    0.03405245 
625.600000    0.00244663 
626.000000    -0.02905192 
626.400000    -0.05764528 
626.800000    -0.08281834 
627.200000    -0.10196302 
627.600000    -0.11037482 
628.000000    -0.10489542 
628.400000    -0.08711507 
628.800000    -0.06174992 
629.200000    -0.03254002 
629.600000    -0.00084249 
630.000000    0.03054446 
630.400000    0.05897780 
630.800000    0.08392933 
631.200000    0.10265115 
631.600000    0.11041689 
632.000000    0.10425763 
632.400000    0.08599299 
632.800000    0.06037793 
633.200000    0.03102681 
633.600000    -0.00074859 
634.000000    -0.03201494 
634.400000    -0.06028613 
634.800000    -0.08500273 
635.200000    -0.10327650 
635.600000    -0.11037222 
636.000000    -0.10352689 
636.400000    -0.08478938 
636.800000    -0.05894047 
637.200000    -0.02946001 
637.600000    0.00237254 
638.000000    0.03349234 
638.400000    0.06157740 
638.800000    0.08602263 
639.200000    0.10380410 
639.600000    0.11019918 
640.000000    0.10267107 
640.400000    0.08349168 
640.800000    0.05744585 
641.200000    0.02786594 
641.600000    -0.00398928 
642.000000    -0.03493431 
642.400000    -0.06281274 
642.800000    -0.08696174 
643.200000    -0.10423101 
643.600000    -0.10993043 
644.000000    -0.10175722 
644.400000    -0.08218716 
644.800000    -0.05598575 
645.200000    -0.02633150 
645.600000    0.00552706 
646.000000    0.03630219 
646.400000    0.06399505 
646.800000    0.08787462 
647.200000    0.10466778 
647.600000    0.10971655 
648.000000    0.10093960 
648.400000    0.08099951 
648.800000    0.05463880 
649.200000    0.02489180 
649.600000    -0.00699172 
650.000000    -0.03764031 
650.400000    -0.06520587 
650.800000    -0.08888010 
651.200000    -0.10525799 
651.600000    -0.10969366 
652.000000    -0.10030899 
652.400000    -0.07995604 
652.800000    -0.05337450 
653.200000    -0.02347373 
653.600000    0.00847983 
654.000000    0.03904450 
654.400000    0.06652817 
654.800000    0.09003657 
655.200000    0.10601969 
655.600000    0.10982794 
656.000000    0.09978450 
656.400000    0.07894833 
656.800000    0.05207714 
657.200000    0.02196714 
657.600000    -0.01007848 
658.000000    -0.04055899 
658.400000    -0.06795072 
658.800000    -0.09126416 
659.200000    -0.10680258 
659.600000    -0.10992486 
660.000000    -0.09917545 
660.400000    -0.07782893 
660.800000    -0.05065566 
661.200000    -0.02033354 
661.600000    0.01177605 
662.000000    0.04212739 
662.400000    0.06936875 
662.800000    0.09240578 
663.200000    0.10741096 
663.600000    0.10979152 
664.000000    0.09834108 
664.400000    0.07653321 
664.800000    0.04911573 
665.200000    0.01863227 
665.600000    -0.01347941 
666.000000    -0.04364646 
666.400000    -0.07067463 
666.800000    -0.09335623 
667.200000    -0.10775819 
667.600000    -0.10938184 
668.000000    -0.09728723 
668.400000    -0.07511146 
668.800000    -0.04753573 
669.200000    -0.01695626 
669.600000    0.01510091 
670.000000    0.04505450 
670.400000    0.07184131 
670.800000    0.09413407 
671.200000    0.10791436 
671.600000    0.10880613 
672.000000    0.09613602 
672.400000    0.07367091 
672.800000    0.04599625 
673.200000    0.01535909 
673.600000    -0.01661985 
674.000000    -0.04636858 
674.400000    -0.07292973 
674.800000    -0.09485145 
675.200000    -0.10803639 
675.600000    -0.10823508 
676.000000    -0.09502995 
676.400000    -0.07230113 
676.800000    -0.04453355 
677.200000    -0.01383421 
677.600000    0.01807706 
678.000000    0.04765551 
678.400000    0.07403384 
678.800000    0.09563063 
679.200000    0.10826335 
679.600000    0.10779611 
680.000000    0.09405540 
680.400000    0.07103668 
680.800000    0.04313746 
681.200000    0.01233956 
681.600000    -0.01953238 
682.000000    -0.04898081 
682.400000    -0.07522171 
682.800000    -0.09653872 
683.200000    -0.10865241 
683.600000    -0.10752395 
684.000000    -0.09321765 
684.400000    -0.06985646 
684.800000    -0.04176867 
685.200000    -0.01082607 
685.600000    0.02103307 
686.000000    0.05038028 
686.400000    0.07651153 
686.800000    0.09756930 
687.200000    0.10916834 
687.600000    0.10735938 
688.000000    0.09244702 
688.400000    0.06869337 
688.800000    0.04036897 
689.200000    0.00924724 
689.600000    -0.02260678 
690.000000    -0.05185653 
690.400000    -0.07787206 
690.800000    -0.09864819 
691.200000    -0.10969573 
691.600000    -0.10716700 
692.000000    -0.09161839 
692.400000    -0.06745218 
692.800000    -0.03887635 
693.200000    -0.00757236 
693.600000    0.02425170 
694.000000    0.05337359 
694.400000    0.07922480 
694.800000    0.09964881 
695.200000    0.11007220 
695.600000    0.10678387 
696.000000    0.09060575 
696.400000    0.06606045 
696.800000    0.03726848 
697.200000    0.00582124 
697.600000    -0.02591667 
698.000000    -0.05485557 
698.400000    -0.08046768 
698.800000    -0.10044802 
699.200000    -0.11017456 
699.600000    -0.10611884 
700.000000    -0.08937089 
700.400000    -0.06453207 
700.800000    -0.03559885 
701.200000    -0.00407442 
701.600000    0.02751702 
702.000000    0.05622710 
702.400000    0.08154296 
702.800000    0.10101916 
703.200000    0.11002085 
703.600000    0.10523544 
704.000000    0.08800639 
704.400000    0.06296814 
704.800000    0.03396437 
705.200000    0.00241662 
705.600000    -0.02900010 
706.000000    -0.05747802 
706.400000    -0.08249520 
706.800000    -0.10147206 
707.200000    -0.10977752 
707.600000    -0.10431997 
708.000000    -0.08667435 
708.400000    -0.06148286 
708.800000    -0.03243065 
709.200000    -0.00086958 
709.600000    0.03038925 
710.000000    0.05867686 
710.400000    0.08344602 
710.800000    0.10198201 
711.200000    0.10964927 
711.600000    0.10355863 
712.000000    0.08550186 
712.400000    0.06013347 
712.800000    0.03099615 
713.200000    -0.00061236 
713.600000    -0.03175898 
714.000000    -0.05991898 
714.400000    -0.08451169 
714.800000    -0.10267922 
715.200000    -0.10975801 
715.600000    -0.10303546 
716.000000    -0.08451917 
716.400000    -0.05890068 
716.800000    -0.02960551 
717.200000    0.00210562 
717.600000    0.03318692 
718.000000    0.06127224 
718.400000    0.08574233 
718.800000    0.10358484 
719.200000    0.11008599 
719.600000    0.10269480 
720.000000    0.08364591 
720.400000    0.05769464 
720.800000    0.02816873 
721.200000    -0.00368989 
721.600000    -0.03472567 
722.000000    -0.06275043 
722.400000    -0.08709818 
722.800000    -0.10459360 
723.200000    -0.11047033 
723.600000    -0.10235028 
724.000000    -0.08271165 
724.400000    -0.05638213 
724.800000    -0.02659205 
725.200000    0.00541598 
725.600000    0.03637615 
726.000000    0.06429571 
726.400000    0.08844737 
726.800000    0.10549595 
727.200000    0.11065441 
727.600000    0.10175858 
728.000000    0.08153663 
728.400000    0.05486199 
728.800000    0.02484395 
729.200000    -0.00725453 
729.600000    -0.03806111 
730.000000    -0.06578302 
730.400000    -0.08961303 
730.800000    -0.10607629 
731.200000    -0.11042760 
731.600000    -0.10076900 
732.000000    -0.08005819 
732.400000    -0.05315339 
732.800000    -0.02300608 
733.200000    0.00908330 
733.600000    0.03965031 
734.000000    0.06708565 
734.400000    0.09048544 
734.800000    0.10626654 
735.200000    0.10978961 
735.600000    0.09945418 
736.000000    0.07840120 
736.400000    0.05140671 
736.800000    0.02123734 
737.200000    -0.01075873 
737.600000    -0.04104859 
738.000000    -0.06817377 
738.400000    -0.09112454 
738.800000    -0.10623380 
739.200000    -0.10899632 
739.600000    -0.09809926 
740.000000    -0.07681929 
740.400000    -0.04981600 
740.800000    -0.01967170 
741.200000    0.01221615 
741.600000    0.04227255 
742.000000    0.06915853 
742.400000    0.09175601 
742.800000    0.10631323 
743.200000    0.10843276 
743.600000    0.09704623 
744.000000    0.07554754 
744.400000    0.04849908 
744.800000    0.01832787 
745.200000    -0.01352153 
745.600000    -0.04345612 
746.000000    -0.07024309 
746.400000    -0.09265382 
746.800000    -0.10682110 
747.200000    -0.10838804 
747.600000    -0.09648413 
748.000000    -0.07464626 
748.400000    -0.04740253 
748.800000    -0.01706735 
749.200000    0.01486114 
749.600000    0.04479246 
750.000000    0.07161087 
750.400000    0.09396815 
750.800000    0.10783599 
751.200000    0.10883437 
751.600000    0.09627760 
752.000000    0.07390491 
752.400000    0.04627784 
752.800000    0.01562966 
753.200000    -0.01646021 
753.600000    -0.04642423 
754.000000    -0.07328951 
754.400000    -0.09557060 
754.800000    -0.10905346 
755.200000    -0.10933459 
755.600000    -0.09595650 
756.000000    -0.07291085 
756.400000    -0.04480820 
756.800000    -0.01379802 
757.200000    0.01841110 
757.600000    0.04830114 
758.000000    0.07505628 
758.400000    0.09703661 
758.800000    0.10987624 
759.200000    0.10924508 
759.600000    0.09499214 
760.000000    0.07134093 
760.400000    0.04287684 
760.800000    0.01162907 
761.200000    -0.02051883 
761.600000    -0.05012858 
762.000000    -0.07651677 
762.400000    -0.09788895 
762.800000    -0.10982150 
763.200000    -0.10820704 
763.600000    -0.09324546 
764.000000    -0.06927959 
764.400000    -0.04073861 
764.800000    -0.00949333 
765.200000    0.02238680 
765.600000    0.05155716 
766.000000    0.07740745 
766.400000    0.09801163 
766.800000    0.10898511 
767.200000    0.10653482 
767.600000    0.09117175 
768.000000    0.06722122 
768.400000    0.03886342 
768.800000    0.00780340 
769.200000    -0.02374020 
769.600000    -0.05250213 
770.000000    -0.07788692 
770.400000    -0.09786139 
770.800000    -0.10809971 
771.200000    -0.10508174 
771.600000    -0.08953684 
772.000000    -0.06571868 
772.400000    -0.03757533 
772.800000    -0.00667443 
773.200000    0.02467510 
773.600000    0.05326677 
774.000000    0.07849446 
774.400000    0.09821157 
774.800000    0.10806315 
775.200000    0.10465481 
775.600000    0.08886894 
776.000000    0.06496585 
776.400000    0.03677973 
776.800000    0.00579091 
777.200000    -0.02563322 
777.600000    -0.05435579 
778.000000    -0.07977446 
778.400000    -0.09958459 
778.800000    -0.10925771 
779.200000    -0.10537754 
779.600000    -0.08900159 
780.000000    -0.06456607 
780.400000    -0.03593262 
780.800000    -0.00454300 
781.200000    0.02714357 
781.600000    0.05612266 
782.000000    0.08183110 
782.400000    0.10175165 
782.800000    0.11109626 
783.200000    0.10640720 
783.600000    0.08902747 
784.000000    0.06370479 
784.400000    0.03437690 
784.800000    0.00246616 
785.200000    -0.02939145 
785.600000    -0.05841992 
786.000000    -0.08410593 
786.400000    -0.10370422 
786.800000    -0.11224873 
787.200000    -0.10641329 
787.600000    -0.08793499 
788.000000    -0.06182158 
788.400000    -0.03197068 
788.800000    0.00022645 
789.200000    0.03189460 
789.600000    0.06054427 
790.000000    0.08566909 
790.400000    0.10435500 
790.800000    0.11169054 
791.200000    0.10472776 
791.600000    0.08556767 
792.000000    0.05922385 
792.400000    0.02935477 
792.800000    -0.00269319 
793.200000    -0.03382664 
793.600000    -0.06179176 
794.000000    -0.08602971 
794.400000    -0.10356077 
794.800000    -0.10972875 
795.200000    -0.10205721 
795.600000    -0.08283913 
796.000000    -0.05684512 
796.400000    -0.02738725 
796.800000    0.00424213 
797.200000    0.03481365 
797.600000    0.06218299 
798.000000    0.08570849 
798.400000    0.10239629 
798.800000    0.10783993 
799.200000    0.09990956 
799.600000    0.08094249 
800.000000    0.05543095 
800.400000    0.02639809 
800.800000    -0.00492642 
801.200000    -0.03525927 
801.600000    -0.06247678 
802.000000    -0.08585115 
802.400000    -0.10231433 
802.800000    -0.10750353 
803.200000    -0.09942110 
803.600000    -0.08045443 
804.000000    -0.05500682 
804.400000    -0.02597747 
804.800000    0.00545254 
805.200000    0.03598313 
805.600000    0.06353612 
806.000000    0.08730628 
806.400000    0.10401720 
806.800000    0.10909157 
807.200000    0.10051868 
807.600000    0.08089413 
808.000000    0.05481345 
808.400000    0.02521053 
808.800000    -0.00673013 
809.200000    -0.03766543 
809.600000    -0.06569721 
810.000000    -0.08994917 
810.400000    -0.10683268 
810.800000    -0.11144629 
811.200000    -0.10181004 
811.600000    -0.08093312 
812.000000    -0.05376675 
812.400000    -0.02330391 
812.800000    0.00919726 
813.200000    0.04030198 
813.600000    0.06843909 
814.000000    0.09264054 
814.400000    0.10903347 
814.800000    0.11257420 
815.200000    0.10155136 
815.600000    0.07944599 
816.000000    0.05142514 
816.400000    0.02039296 
816.800000    -0.01225783 
817.200000    -0.04300457 
817.600000    -0.07061763 
818.000000    -0.09400388 
818.400000    -0.10917930 
818.800000    -0.11132667 
819.200000    -0.09922086 
819.600000    -0.07660522 
820.000000    -0.04849954 
820.400000    -0.01754103 
820.800000    0.01472600 
821.200000    0.04473385 
821.600000    0.07144972 
822.000000    0.09365897 
822.400000    0.10745517 
822.800000    0.10848132 
823.200000    0.09598015 
823.600000    0.07365652 
824.000000    0.04612311 
824.400000    0.01569617 
824.800000    -0.01598212 
825.200000    -0.04531751 
825.600000    -0.07130449 
826.000000    -0.09263241 
826.400000    -0.10551368 
826.800000    -0.10597837 
827.200000    -0.09355154 
827.600000    -0.07177815 
828.000000    -0.04488908 
828.400000    -0.01495270 
828.800000    0.01637545 
829.200000    0.04548068 
829.600000    0.07130983 
830.000000    0.09245486 
830.400000    0.10510892 
830.800000    0.10540938 
831.200000    0.09299211 
831.600000    0.07136177 
832.000000    0.04460829 
832.400000    0.01468580 
832.800000    -0.01677576 
833.200000    -0.04616742 
833.600000    -0.07243525 
834.000000    -0.09403742 
834.400000    -0.10692565 
834.800000    -0.10704683 
835.200000    -0.09409498 
835.600000    -0.07180459 
836.000000    -0.04442124 
836.400000    -0.01390469 
836.800000    0.01808544 
837.200000    0.04799437 
837.600000    0.07489894 
838.000000    0.09707470 
838.400000    0.11007895 
838.800000    0.10955372 
839.200000    0.09536452 
839.600000    0.07173401 
840.000000    0.04321726 
840.400000    0.01179965 
840.800000    -0.02069586 
841.200000    -0.05084345 
841.600000    -0.07795784 
842.000000    -0.10009555 
842.400000    -0.11248288 
842.800000    -0.11068071 
843.200000    -0.09495243 
843.600000    -0.07001847 
844.000000    -0.04058435 
844.400000    -0.00856335 
844.800000    0.02393132 
845.200000    0.05368555 
845.600000    0.08021480 
846.000000    0.10137677 
846.400000    0.11235672 
846.800000    0.10907177 
847.200000    0.09229402 
847.600000    0.06690064 
848.000000    0.03737274 
848.400000    0.00544897 
848.800000    -0.02645173 
849.200000    -0.05532004 
849.600000    -0.08072684 
850.000000    -0.10042568 
850.400000    -0.10985959 
850.800000    -0.10555636 
851.200000    -0.08864629 
851.600000    -0.06375601 
852.000000    -0.03488859 
852.400000    -0.00358473 
852.800000    0.02754079 
853.200000    0.05556179 
853.600000    0.07998654 
854.000000    0.09854507 
854.400000    0.10699365 
854.800000    0.10235635 
855.200000    0.08588848 
855.600000    0.06184037 
856.000000    0.03377440 
856.400000    0.00306439 
856.800000    -0.02762562 
857.200000    -0.05534201 
857.600000    -0.07949321 
858.000000    -0.09776026 
858.400000    -0.10599288 
858.800000    -0.10138486 
859.200000    -0.08521044 
859.600000    -0.06154248 
860.000000    -0.03375122 
860.400000    -0.00310926 
860.800000    0.02775564 
861.200000    0.05586628 
861.600000    0.08056604 
862.000000    0.09936377 
862.400000    0.10785462 
862.800000    0.10308176 
863.200000    0.08641850 
863.600000    0.06214533 
864.000000    0.03374459 
864.400000    0.00247618 
864.800000    -0.02902203 
865.200000    -0.05788552 
865.600000    -0.08347561 
866.000000    -0.10299508 
866.400000    -0.11153853 
866.800000    -0.10589438 
867.200000    -0.08777519 
867.600000    -0.06201609 
868.000000    -0.03236473 
868.400000    -0.00012264 
868.800000    0.03190117 
869.200000    0.06117066 
869.600000    0.08710998 
870.000000    0.10657650 
870.400000    0.11427195 
870.800000    0.10701602 
871.200000    0.08709694 
871.600000    0.05987786 
872.000000    0.02918923 
872.400000    -0.00362946 
872.800000    -0.03547866 
873.200000    -0.06428490 
873.600000    -0.08946574 
874.000000    -0.10766304 
874.400000    -0.11366335 
874.800000    -0.10480655 
875.200000    -0.08388077 
875.600000    -0.05627271 
876.000000    -0.02551708 
876.400000    0.00701618 
876.800000    0.03797894 
877.200000    0.06564081 
877.600000    0.08932822 
878.000000    0.10570516 
878.400000    0.11007925 
878.800000    0.10048728 
879.200000    0.07983129 
879.600000    0.05301027 
880.000000    0.02306231 
880.400000    -0.00864075 
880.800000    -0.03861786 
881.200000    -0.06521040 
881.600000    -0.08764031 
882.000000    -0.10271674 
882.400000    -0.10627702 
882.800000    -0.09681951 
883.200000    -0.07707914 
883.600000    -0.05138932 
884.000000    -0.02237474 
884.400000    0.00866067 
884.800000    0.03820134 
885.200000    0.06448037 
885.600000    0.08662144 
886.000000    0.10146583 
886.400000    0.10501950 
886.800000    0.09589593 
887.200000    0.07669923 
887.600000    0.05151052 
888.000000    0.02278696 
888.400000    -0.00826750 
888.800000    -0.03816626 
889.200000    -0.06505491 
889.600000    -0.08795262 
890.000000    -0.10346422 
890.400000    -0.10729221 
890.800000    -0.09793097 
891.200000    -0.07814891 
891.600000    -0.05225866 
892.000000    -0.02281586 
892.400000    0.00900358 
892.800000    0.03973068 
893.200000    0.06764248 
893.600000    0.09164922 
894.000000    0.10788587 
894.400000    0.11147233 
894.800000    0.10081775 
895.200000    0.07925859 
895.600000    0.05169910 
896.000000    0.02088281 
896.400000    -0.01190031 
896.800000    -0.04314157 
897.200000    -0.07152731 
897.600000    -0.09582727 
898.000000    -0.11171956 
898.400000    -0.11398170 
898.800000    -0.10131816 
899.200000    -0.07780301 
899.600000    -0.04877787 
900.000000    -0.01695811 
900.400000    0.01611415 
900.800000    0.04692578 
901.200000    0.07462156 
901.600000    0.09779053 
902.000000    0.11198583 
902.400000    0.11231942 
902.800000    0.09816122 
903.200000    0.07392731 
903.600000    0.04476163 
904.000000    0.01306548 
904.400000    -0.01932822 
904.800000    -0.04896723 
905.200000    -0.07520925 
905.600000    -0.09652241 
906.000000    -0.10872713 
906.400000    -0.10770342 
906.800000    -0.09338428 
907.200000    -0.06992744 
907.600000    -0.04182151 
908.000000    -0.01108257 
908.400000    0.02029765 
908.800000    0.04886638 
909.200000    0.07392735 
909.600000    0.09391333 
910.000000    0.10498675 
910.400000    0.10363191 
910.800000    0.08999533 
911.200000    0.06778271 
911.600000    0.04088895 
912.000000    0.01104696 
912.400000    -0.01978361 
912.800000    -0.04807810 
913.200000    -0.07297697 
913.600000    -0.09285511 
914.000000    -0.10393719 
914.400000    -0.10283058 
914.800000    -0.08967284 
915.200000    -0.06797747 
915.600000    -0.04144276 
916.000000    -0.01169571 
916.400000    0.01941737 
916.800000    0.04833350 
917.200000    0.07410205 
917.600000    0.09492897 
918.000000    0.10668491 
918.400000    0.10563445 
918.800000    0.09191363 
919.200000    0.06934001 
919.600000    0.04188360 
920.000000    0.01123479 
920.400000    -0.02076045 
920.800000    -0.05061883 
921.200000    -0.07751304 
921.600000    -0.09937478 
922.000000    -0.11146409 
922.400000    -0.10955934 
922.800000    -0.09404995 
923.200000    -0.06949775 
923.600000    -0.04035859 
924.000000    -0.00840073 
924.400000    0.02428982 
924.800000    0.05448941 
925.200000    0.08164764 
925.600000    0.10338771 
926.000000    0.11453747 
926.400000    0.11082042 
926.800000    0.09322158 
927.200000    0.06696893 
927.600000    0.03668216 
928.000000    0.00406345 
928.400000    -0.02839779 
928.800000    -0.05787844 
929.200000    -0.08400398 
929.600000    -0.10419703 
930.000000    -0.11340044 
930.400000    -0.10793943 
930.800000    -0.08937801 
931.200000    -0.06294361 
931.600000    -0.03286135 
932.000000    -0.00067351 
932.400000    0.03079329 
932.800000    0.05899413 
933.200000    0.08353784 
933.600000    0.10184629 
934.000000    0.10936900 
934.400000    0.10320052 
934.800000    0.08509612 
935.200000    0.05974218 
935.600000    0.03075097 
936.000000    -0.00050089 
936.400000    -0.03104394 
936.800000    -0.05833524 
937.200000    -0.08186635 
937.600000    -0.09912461 
938.000000    -0.10596869 
938.400000    -0.09994057 
938.800000    -0.08272668 
939.200000    -0.05850221 
939.600000    -0.03044464 
940.000000    0.00021287 
940.400000    0.03051593 
940.800000    0.05779316 
941.200000    0.08140322 
941.600000    0.09876518 
942.000000    0.10573753 
942.400000    0.09990159 
942.800000    0.08291870 
943.200000    0.05886352 
943.600000    0.03082262 
944.000000    -0.00004491 
944.400000    -0.03083174 
944.800000    -0.05883786 
945.200000    -0.08334360 
945.600000    -0.10149147 
946.000000    -0.10872562 
946.400000    -0.10241940 
946.800000    -0.08446727 
947.200000    -0.05933428 
947.600000    -0.03030301 
948.000000    0.00144957 
948.400000    0.03294940 
948.800000    0.06172371 
949.200000    0.08705450 
949.600000    0.10568644 
950.000000    0.11252733 
950.400000    0.10482940 
950.800000    0.08503042 
951.200000    0.05821866 
951.600000    0.02787761 
952.000000    -0.00474816 
952.400000    -0.03647952 
952.800000    -0.06530780 
953.200000    -0.09051041 
953.600000    -0.10850586 
954.000000    -0.11400076 
954.400000    -0.10453592 
954.800000    -0.08315386 
955.200000    -0.05526747 
955.600000    -0.02426442 
956.000000    0.00852380 
956.400000    0.03970944 
956.800000    0.06773764 
957.200000    0.09180747 
957.600000    0.10824984 
958.000000    0.11208895 
958.400000    0.10146370 
958.800000    0.07969091 
959.200000    0.05194412 
959.600000    0.02124166 
960.000000    -0.01100456 
960.400000    -0.04128075 
960.800000    -0.06823781 
961.200000    -0.09096873 
961.600000    -0.10591289 
962.000000    -0.10862383 
962.400000    -0.09776139 
962.800000    -0.07655600 
963.200000    -0.04966779 
963.600000    -0.01971564 
964.000000    0.01186681 
964.400000    0.04149622 
964.800000    0.06780256 
965.200000    0.08977383 
965.600000    0.10393970 
966.000000    0.10620205 
966.400000    0.09549579 
966.800000    0.07490327 
967.200000    0.04870235 
967.600000    0.01924911 
968.000000    -0.01205552 
968.400000    -0.04159601 
968.800000    -0.06793288 
969.200000    -0.08993594 
969.600000    -0.10404266 
970.000000    -0.10616851 
970.400000    -0.09534565 
970.800000    -0.07469799 
971.200000    -0.04844374 
971.600000    -0.01885073 
972.000000    0.01270071 
972.400000    0.04259248 
972.800000    0.06942907 
973.200000    0.09194256 
