0.000000    0.77112491 
0.306741    0.77106101 
0.613537    0.77074465 
0.920516    0.76981392 
1.227871    0.76802170 
1.535843    0.76523745 
1.844707    0.76138111 
2.154773    0.75637256 
2.466370    0.75013990 
2.779849    0.74260781 
3.095571    0.73375926 
3.413894    0.72357790 
3.735154    0.71215674 
4.059661    0.69963466 
4.387671    0.68621504 
4.719372    0.67219519 
5.054863    0.65798340 
5.394116    0.64401295 
5.736951    0.63094941 
6.082926    0.61986340 
6.431202    0.61234593 
6.780557    0.60979775 
7.129308    0.61384796 
7.474958    0.62779709 
7.813841    0.65627372 
8.141421    0.69971748 
8.454935    0.73715327 
8.756066    0.72919456 
9.046479    0.68449842 
9.325616    0.64099713 
9.593142    0.61187674 
9.849536    0.59735713 
10.094991    0.59743466 
10.328686    0.61429597 
10.548260    0.65313921 
10.749645    0.71853119 
10.927523    0.79774450 
11.078008    0.83569047 
11.205154    0.75710901 
11.322442    0.57364201 
11.433859    0.40565852 
11.530147    0.31098823 
11.606294    0.26485039 
11.663345    0.24168545 
11.704505    0.22875725 
11.733466    0.22057978 
11.753702    0.21608268 
11.768060    0.21695592 
11.778645    0.22637249 
11.786938    0.24869134 
11.794028    0.29046627 
11.800927    0.36326832 
11.809289    0.49163966 
11.827024    0.74850866 
12.117589    0.37622773 
