0.000000    0.00000000 
0.306741    0.01332470 
0.613537    0.02564151 
0.920516    0.03674435 
1.227871    0.04674996 
1.535843    0.05570675 
1.844707    0.06355497 
2.154773    0.07017221 
2.466370    0.07541232 
2.779849    0.07912962 
3.095571    0.08119566 
3.413894    0.08149731 
3.735154    0.07995426 
4.059661    0.07649616 
4.387671    0.07106448 
4.719372    0.06359758 
5.054863    0.05398209 
5.394116    0.04197767 
5.736951    0.02708123 
6.082926    0.00838132 
6.431202    -0.01444613 
6.780557    -0.04070260 
7.129308    -0.07171906 
7.474958    -0.10930470 
7.813841    -0.15382110 
8.141421    -0.19996540 
8.454935    -0.22850368 
8.756066    -0.21448640 
9.046479    -0.16313461 
9.325616    -0.10039283 
9.593142    -0.04023456 
9.849536    0.01563987 
10.094991    0.06892477 
10.328686    0.12270108 
10.548260    0.17978214 
10.749645    0.24201562 
10.927523    0.30875420 
11.078008    0.37134905 
11.205154    0.40213282 
11.322442    0.36314808 
11.433859    0.25841420 
11.530147    0.13516045 
11.606294    0.02409191 
11.663345    -0.06861403 
11.704505    -0.14375653 
11.733466    -0.20299591 
11.753702    -0.24850283 
11.768060    -0.28305477 
11.778645    -0.30957798 
11.786938    -0.33066990 
11.794028    -0.34848444 
11.800927    -0.36502442 
11.809289    -0.38309351 
11.827024    -0.41154138 
12.117589    -0.56244993 
