0.000000    0.00000000 
0.398950    0.00817509 
0.797628    0.01510868 
1.195927    0.02021570 
1.593798    0.02341271 
1.991230    0.02473061 
2.388228    0.02410627 
2.784796    0.02139386 
3.180906    0.01644822 
3.576476    0.00928731 
3.971349    0.00040453 
4.365322    -0.00899147 
4.758215    -0.01756746 
5.149919    -0.02460883 
5.540403    -0.02984865 
5.929702    -0.03311004 
6.317896    -0.03420193 
6.705086    -0.03290295 
7.091371    -0.02890560 
7.476798    -0.02176051 
7.861300    -0.01098827 
8.244624    0.00317391 
8.626367    0.01881798 
9.006143    0.03396988 
9.383688    0.04760846 
9.758908    0.05858091 
10.131912    0.06554667 
10.502998    0.06751676 
10.872558    0.06418276 
11.240957    0.05582292 
11.608423    0.04289231 
11.974951    0.02548306 
12.340154    0.00301590 
12.703124    -0.02401686 
13.062519    -0.05453090 
13.416584    -0.08796465 
13.763560    -0.11879543 
14.103000    -0.13522058 
14.436269    -0.12859471 
14.764981    -0.10380766 
15.090140    -0.07185977 
15.412512    -0.03896340 
15.732651    -0.00587056 
16.050565    0.02789312 
16.365659    0.06256725 
16.676585    0.09964324 
16.981269    0.13806136 
17.277967    0.16850346 
17.567478    0.17127455 
17.852039    0.13844523 
18.132162    0.08814737 
18.408240    0.03989013 
18.682042    -0.00056745 
18.955883    -0.03372837 
19.231794    -0.06047600 
19.511164    -0.08136061 
19.794852    -0.09600685 
20.083457    -0.10372595 
20.377496    -0.10358265 
20.677356    -0.09476922 
20.983100    -0.07799320 
21.294376    -0.05633740 
21.610646    -0.03383976 
21.931485    -0.01325702 
22.256686    0.00392862 
22.586266    0.01619761 
22.920400    0.02311685 
23.259265    0.02519148 
23.602912    0.02311837 
23.951211    0.01771719 
24.303851    0.01009691 
24.660392    0.00191579 
25.020371    -0.00463919 
25.383388    -0.00767558 
25.749103    -0.00650709 
26.117175    -0.00186092 
26.487232    0.00460216 
26.858901    0.01110814 
27.231858    0.01637872 
27.605845    0.01979841 
27.980657    0.02124994 
28.356123    0.02052331 
28.732077    0.01656345 
29.108289    0.00756433 
29.484324    -0.00717960 
29.859524    -0.02519098 
30.233256    -0.04276776 
30.605169    -0.05679965 
30.975271    -0.06554501 
31.343802    -0.06950922 
31.711059    -0.07044999 
32.077319    -0.06936058 
32.442846    -0.06517052 
32.807842    -0.05515784 
33.172223    -0.03659218 
33.535153    -0.00771288 
33.894465    0.03146431 
34.246436    0.08006874 
34.585449    0.13735515 
34.905732    0.18882345 
35.207437    0.20239370 
35.495998    0.16909378 
35.775300    0.11658316 
36.048051    0.06521259 
36.316539    0.01751731 
36.581707    -0.02937279 
36.842746    -0.07692587 
37.097244    -0.12650058 
37.341756    -0.17701601 
37.573514    -0.22092482 
37.793866    -0.23886423 
38.008541    -0.21268094 
38.220921    -0.15128253 
38.423896    -0.07644629 
38.623621    -0.01295389 
38.824253    0.03316780 
39.030754    0.06422609 
39.248471    0.08043131 
39.478064    0.08664055 
39.721695    0.08241725 
39.980255    0.07080376 
40.253698    0.05522112 
40.541411    0.03868015 
40.842469    0.02339977 
41.155790    0.01081194 
41.480237    0.00228090 
41.814662    -0.00093043 
42.157895    0.00149476 
42.508691    0.00867865 
42.865731    0.01875140 
43.227704    0.02995953 
43.593402    0.04126224 
43.961793    0.05115465 
44.332115    0.05662126 
44.703889    0.05420573 
45.076689    0.04226698 
45.449779    0.02153342 
45.821852    -0.00637852 
46.191070    -0.03829280 
46.555409    -0.07159323 
46.913173    -0.10026132 
47.264099    -0.11472302 
47.609506    -0.11270706 
47.951269    -0.10121468 
48.291236    -0.08623816 
48.630923    -0.06861289 
48.971181    -0.04720552 
49.311974    -0.02148063 
49.652386    0.00837084 
49.990903    0.04039578 
50.325827    0.07426357 
50.655271    0.11042039 
50.977284    0.14598339 
51.291092    0.16803576 
51.598392    0.15878336 
51.900834    0.12031569 
52.198534    0.07298729 
52.492204    0.03065279 
52.783706    -0.00472388 
53.075170    -0.03401159 
53.368421    -0.05827255 
53.664676    -0.07861813 
53.964586    -0.09538721 
54.268464    -0.10808020 
54.576532    -0.11490564 
54.889051    -0.11313955 
55.206157    -0.10133096 
55.527580    -0.08156233 
55.852752    -0.05851725 
56.181224    -0.03623560 
56.512914    -0.01628454 
56.848008    0.00123835 
57.186786    0.01575212 
57.529485    0.02725468 
57.876166    0.03674919 
58.226670    0.04516039 
58.580693    0.05293239 
58.937903    0.05988304 
59.298041    0.06516119 
59.660938    0.06754282 
60.026444    0.06592411 
60.394307    0.05979832 
60.764107    0.04954326 
61.135288    0.03614282 
61.507263    0.02031270 
61.879433    0.00218462 
62.251173    -0.01702416 
62.621962    -0.03564506 
62.991444    -0.05342597 
63.359436    -0.06958562 
63.725997    -0.08196275 
64.091441    -0.08776110 
64.456162    -0.08525806 
64.820352    -0.07505823 
65.183915    -0.05949183 
65.546628    -0.04090635 
65.908325    -0.02044613 
66.268880    0.00174581 
66.628138    0.02435436 
66.985983    0.04668714 
67.342232    0.06937479 
67.696615    0.09136513 
68.049028    0.10845265 
68.399897    0.11418099 
68.749971    0.10493456 
69.099589    0.08394429 
69.448535    0.05789314 
69.796497    0.03133375 
70.143306    0.00525333 
70.488860    -0.01998270 
70.833139    -0.04384336 
71.176048    -0.06769070 
71.517220    -0.09195621 
71.856126    -0.11409734 
72.192614    -0.12711441 
72.527284    -0.12301595 
72.860740    -0.10149273 
73.192926    -0.07098045 
73.523712    -0.03991976 
73.853434    -0.01143861 
74.182723    0.01431505 
74.512296    0.03684404 
74.842760    0.05725885 
75.174418    0.07643344 
75.507289    0.09377564 
75.841325    0.10655107 
76.176684    0.11015991 
76.513651    0.10132345 
76.852195    0.08177202 
77.191869    0.05707084 
77.532235    0.03206273 
77.873167    0.00856956 
78.214827    -0.01264739 
78.557642    -0.03043290 
78.902180    -0.04535852 
79.248943    -0.05823738 
79.598265    -0.06900253 
79.950329    -0.07656056 
80.305220    -0.07920884 
80.662911    -0.07574435 
81.023187    -0.06652415 
81.385627    -0.05332975 
81.749705    -0.03815891 
82.114938    -0.02216092 
82.480948    -0.00562669 
82.847482    0.01061372 
83.214470    0.02528278 
83.582005    0.03849002 
83.950221    0.05078383 
84.319209    0.06200226 
84.689008    0.07101286 
85.059654    0.07603699 
85.431172    0.07553686 
85.803514    0.06913870 
86.176466    0.05775333 
86.549656    0.04277451 
86.922611    0.02504389 
87.294766    0.00447764 
87.665446    -0.01817738 
88.034009    -0.04157392 
88.399836    -0.06607009 
88.762256    -0.09064406 
89.120793    -0.11089615 
89.475655    -0.11975942 
89.827695    -0.11261672 
90.177608    -0.09193317 
90.525568    -0.06438362 
90.871565    -0.03505833 
91.215615    -0.00540865 
91.557639    0.02412881 
91.897461    0.05314207 
92.234617    0.08308130 
92.568185    0.11376423 
92.897172    0.14003141 
93.221648    0.14958526 
93.542810    0.13286401 
93.861094    0.09662062 
94.176183    0.05593302 
94.488480    0.01940084 
94.799246    -0.01179672 
95.110054    -0.03740943 
95.422372    -0.05849302 
95.737247    -0.07604937 
96.055284    -0.09016845 
96.376806    -0.09978125 
96.702038    -0.10253668 
97.031152    -0.09617370 
97.364076    -0.08109145 
97.700415    -0.06093623 
98.039714    -0.04004706 
98.381731    -0.02085194 
98.726463    -0.00385825 
99.074055    0.01032471 
99.424757    0.02112403 
99.778831    0.02911335 
100.136455    0.03524826 
100.497672    0.04025419 
100.862401    0.04448864 
101.230453    0.04797377 
101.601565    0.05050661 
101.975425    0.05171873 
102.351696    0.05105483 
102.730021    0.04789488 
103.110021    0.04181456 
103.491280    0.03257164 
103.873306    0.01978139 
104.255462    0.00303762 
104.636935    -0.01653281 
105.016897    -0.03688751 
105.394621    -0.05733972 
105.769523    -0.07646862 
106.141328    -0.09136436 
106.510218    -0.09878813 
106.876751    -0.09686637 
107.241527    -0.08597888 
107.604892    -0.06816251 
107.966853    -0.04569650 
108.327102    -0.01983655 
108.684965    0.00932149 
109.039426    0.04054606 
109.389192    0.07460829 
109.732423    0.11223358 
110.067011    0.14834299 
110.392400    0.16678505 
110.710551    0.15197295 
111.022937    0.11107339 
111.329727    0.06380388 
111.631670    0.02092313 
111.930286    -0.01650043 
112.227194    -0.04874546 
112.523675    -0.07708267 
112.820475    -0.10196110 
113.117989    -0.12239998 
113.416655    -0.13511855 
113.717275    -0.13448356 
114.020653    -0.11712512 
114.326826    -0.08744445 
114.635334    -0.05474610 
114.946182    -0.02579489 
115.260086    -0.00238942 
115.578112    0.01515960 
115.901346    0.02699194 
116.230605    0.03442420 
116.566295    0.03880800 
116.908443    0.04118266 
117.256792    0.04231869 
117.610920    0.04277734 
117.970318    0.04291021 
118.334449    0.04287693 
118.702771    0.04268668 
119.074750    0.04209353 
119.449868    0.04046200 
119.827627    0.03696610 
120.207541    0.03092402 
120.589104    0.02175446 
120.971727    0.00886845 
121.354666    -0.00738206 
121.737103    -0.02487030 
122.118315    -0.04211706 
122.497741    -0.05845761 
122.875015    -0.07263053 
123.250044    -0.08281705 
123.623041    -0.08729400 
123.994446    -0.08501270 
124.364743    -0.07586494 
124.734245    -0.06059366 
125.102951    -0.04027155 
125.470443    -0.01542340 
125.835765    0.01382388 
126.197514    0.04597532 
126.553912    0.08177468 
126.902687    0.12046974 
127.241861    0.15334694 
127.571816    0.16248609 
127.894843    0.13921347 
128.212122    0.09691335 
128.524044    0.05239255 
128.831546    0.01194493 
129.135863    -0.02446184 
129.438094    -0.05702128 
129.738920    -0.08696166 
130.038550    -0.11432416 
130.337026    -0.13696788 
130.634819    -0.14873510 
130.933109    -0.14136913 
131.232753    -0.11388688 
131.533492    -0.07631730 
131.835071    -0.04018000 
132.138239    -0.01052586 
132.444483    0.01221103 
132.755462    0.02810833 
133.072556    0.03855122 
133.396602    0.04513478 
133.727877    0.04911352 
134.066227    0.05138596 
134.411238    0.05252073 
134.762370    0.05279863 
135.119059    0.05227063 
135.480742    0.05086743 
135.846863    0.04846666 
136.216861    0.04480711 
136.590157    0.03945581 
136.966162    0.03199044 
137.344280    0.02207618 
137.723886    0.00937492 
138.104290    -0.00579977 
138.484786    -0.02173393 
138.864783    -0.03718693 
139.243834    -0.05182861 
139.621643    -0.06501172 
139.998073    -0.07543929 
140.373172    -0.08142291 
140.747142    -0.08148452 
141.120240    -0.07498308 
141.492659    -0.06234851 
141.864417    -0.04468415 
142.235294    -0.02284338 
142.604692    0.00312325 
142.971582    0.03186916 
143.334666    0.06293843 
143.692327    0.09639658 
144.042964    0.12770137 
144.386212    0.14525579 
144.723561    0.13800024 
145.056565    0.10896680 
145.385745    0.07124607 
145.711469    0.03408028 
146.034388    -0.00048428 
146.355153    -0.03221545 
146.674283    -0.06147458 
146.991948    -0.08949137 
147.307951    -0.11591309 
147.622088    -0.13694964 
147.934850    -0.14383114 
148.247349    -0.12902869 
148.559973    -0.09671665 
148.872328    -0.05942402 
149.184563    -0.02611181 
149.497737    0.00121482 
149.813330    0.02241331 
150.132818    0.03805927 
150.457313    0.04973489 
150.787415    0.05864602 
151.123258    0.06544585 
151.464643    0.07018860 
151.811198    0.07235842 
152.162495    0.07120946 
152.518109    0.06638524 
152.877605    0.05830322 
153.240528    0.04787013 
153.606394    0.03585634 
153.974689    0.02255156 
154.344865    0.00795117 
154.716358    -0.00728644 
155.088699    -0.02170994 
155.461583    -0.03493963 
155.834818    -0.04733034 
156.208262    -0.05877234 
156.581818    -0.06839145 
156.955475    -0.07467418 
157.329318    -0.07597238 
157.703449    -0.07133744 
158.077863    -0.06102970 
158.452370    -0.04615687 
158.826610    -0.02773112 
159.200059    -0.00597246 
159.571993    0.01824798 
159.941637    0.04335809 
160.308169    0.06960080 
160.670721    0.09541434 
161.028797    0.11527552 
161.382867    0.12139375 
161.734078    0.11024391 
162.083263    0.08630825 
162.430683    0.05713674 
162.776437    0.02745322 
163.120598    -0.00178572 
163.463138    -0.02978769 
163.803987    -0.05667745 
164.142852    -0.08377499 
164.479155    -0.11041281 
164.812429    -0.13137475 
165.143086    -0.13646799 
165.472143    -0.11950053 
165.799868    -0.08717263 
166.126002    -0.05165596 
166.450842    -0.01968495 
166.775324    0.00786262 
167.100629    0.03056616 
167.427895    0.04929357 
167.757925    0.06540951 
168.091105    0.07937820 
168.427511    0.09041427 
168.767099    0.09628875 
169.109838    0.09431671 
169.455619    0.08371153 
169.804115    0.06681423 
170.154875    0.04735813 
170.507531    0.02789370 
170.861859    0.00904102 
171.217707    -0.00875972 
171.575015    -0.02429410 
171.933822    -0.03766329 
172.294177    -0.04963351 
172.656088    -0.06041358 
173.019530    -0.06932484 
173.384496    -0.07492034 
173.751028    -0.07560131 
174.119166    -0.07051864 
174.488841    -0.06010696 
174.859815    -0.04577155 
175.231697    -0.02890490 
175.603977    -0.01002850 
175.976027    0.01025744 
176.347241    0.03022996 
176.717165    0.04970006 
177.085444    0.06865298 
177.451862    0.08530610 
177.816512    0.09602567 
178.179884    0.09709068 
178.542596    0.08755053 
178.905021    0.06999587 
179.267204    0.04827051 
179.629009    0.02489038 
179.990163    0.00037697 
180.350236    -0.02425291 
180.708781    -0.04846939 
181.065261    -0.07329129 
181.419006    -0.09783472 
181.769554    -0.11718375 
182.117243    -0.12297822 
182.462990    -0.11046407 
182.807274    -0.08440490 
183.150045    -0.05382406 
183.491365    -0.02422151 
183.831559    0.00343263 
184.171059    0.02841200 
184.510319    0.05102041 
184.849602    0.07257965 
185.188885    0.09300777 
185.528040    0.10959037 
185.867220    0.11659287 
186.206912    0.10895874 
186.547334    0.08807311 
186.888200    0.06095594 
187.229234    0.03383788 
187.570513    0.00886176 
187.912356    -0.01352792 
188.255222    -0.03250375 
188.599573    -0.04893905 
188.945696    -0.06374444 
189.293678    -0.07673058 
189.643510    -0.08633182 
189.995232    -0.08996875 
190.348958    -0.08563961 
190.704705    -0.07372081 
191.062284    -0.05682965 
191.421388    -0.03785454 
191.781709    -0.01833380 
192.142951    0.00126295 
192.504855    0.01957445 
192.867289    0.03585401 
193.230203    0.05077196 
193.593541    0.06446599 
193.957270    0.07582652 
194.321460    0.08268234 
194.686321    0.08284472 
195.052088    0.07560607 
195.418841    0.06229875 
195.786461    0.04526766 
196.154697    0.02629477 
196.523198    0.00587259 
196.891501    -0.01517489 
197.259164    -0.03547861 
197.625796    -0.05546606 
197.990989    -0.07503587 
198.354419    -0.09186810 
198.716116    -0.10149783 
199.076556    -0.09982591 
199.436288    -0.08670180 
199.795536    -0.06605389 
200.154258    -0.04237812 
200.512344    -0.01793292 
200.869613    0.00693739 
201.225815    0.03101931 
201.580696    0.05461119 
201.933850    0.07860555 
202.284727    0.10154869 
202.633033    0.11799357 
202.979206    0.12007140 
203.324026    0.10477983 
203.667751    0.07791909 
204.010254    0.04787228 
204.351601    0.01907580 
204.692102    -0.00780385 
205.032165    -0.03184060 
205.372207    -0.05361070 
205.712441    -0.07422224 
206.052827    -0.09323237 
206.393281    -0.10763478 
206.734010    -0.11206479 
207.075451    -0.10273030 
207.417745    -0.08188245 
207.760634    -0.05600516 
208.103914    -0.03027889 
208.447675    -0.00632501 
208.792186    0.01520220 
209.137850    0.03342175 
209.485075    0.04917789 
209.834127    0.06323086 
210.185099    0.07524671 
210.538016    0.08361003 
210.892944    0.08596834 
211.249974    0.08081756 
211.609082    0.06889683 
211.970061    0.05271591 
212.332608    0.03475031 
212.696422    0.01617117 
213.061190    -0.00261642 
213.426628    -0.02022595 
213.792564    -0.03603028 
214.158890    -0.05066011 
214.525498    -0.06414724 
214.892302    -0.07529138 
215.259331    -0.08190208 
215.626758    -0.08187367 
215.994791    -0.07460841 
216.363501    -0.06143777 
216.732782    -0.04455653 
217.102404    -0.02552560 
217.472008    -0.00465974 
217.841095    0.01719726 
218.209148    0.03876096 
218.575663    0.06052099 
218.940089    0.08199627 
219.302011    0.09996868 
219.661516    0.10881539 
220.019229    0.10417245 
220.375742    0.08713405 
220.731225    0.06306779 
221.085627    0.03684907 
221.438883    0.01030599 
221.790869    -0.01610981 
222.141430    -0.04137645 
222.490333    -0.06656637 
222.837101    -0.09203827 
223.181163    -0.11487661 
223.522459    -0.12739158 
223.861763    -0.12145793 
224.199750    -0.09784468 
224.536372    -0.06594556 
224.871553    -0.03409731 
225.205666    -0.00498891 
225.539354    0.02082913 
225.873375    0.04296669 
226.208363    0.06268816 
226.544664    0.08055221 
226.882392    0.09547960 
227.221660    0.10425455 
227.562742    0.10278922 
227.905866    0.08984024 
228.250899    0.06896022 
228.597496    0.04554785 
228.945453    0.02297733 
229.294789    0.00202990 
229.645652    -0.01641237 
229.998306    -0.03166106 
230.353025    -0.04454736 
230.709964    -0.05579068 
231.069149    -0.06526026 
231.430531    -0.07193541 
231.794060    -0.07434505 
232.159702    -0.07147045 
232.527373    -0.06347498 
232.896895    -0.05155864 
233.267994    -0.03712500 
233.640335    -0.02097401 
234.013498    -0.00327291 
234.386990    0.01492118 
234.760372    0.03222081 
235.133303    0.04878082 
235.505495    0.06453578 
235.876747    0.07805343 
236.247066    0.08667761 
236.616716    0.08775870 
236.986066    0.08042192 
237.355342    0.06614141 
237.724529    0.04746164 
238.093426    0.02621310 
238.461641    0.00274447 
238.828566    -0.02203130 
239.193524    -0.04719089 
239.555728    -0.07352779 
239.914259    -0.09976669 
240.268501    -0.12011779 
240.618830    -0.12546811 
240.966303    -0.11149630 
241.311513    -0.08395768 
241.654527    -0.05204942 
241.995496    -0.02085673 
242.334733    0.00882063 
242.672578    0.03609622 
243.009309    0.06172269 
243.344926    0.08673019 
243.679155    0.10995399 
244.011873    0.12613820 
244.343626    0.12684086 
244.675176    0.10853775 
245.006560    0.07806999 
245.337480    0.04552782 
245.668130    0.01613370 
245.999208    -0.00930644 
246.331642    -0.03003036 
246.666363    -0.04677423 
247.004044    -0.06073369 
247.345035    -0.07227359 
247.689439    -0.08069571 
248.037252    -0.08434302 
248.388434    -0.08158080 
248.742857    -0.07232065 
249.100241    -0.05845270 
249.460223    -0.04252716 
249.822462    -0.02616603 
250.186664    -0.00973649 
250.552547    0.00628142 
250.919882    0.02056755 
251.288539    0.03288098 
251.658430    0.04386443 
252.029452    0.05381108 
252.401498    0.06227999 
252.774489    0.06818443 
253.148412    0.07018434 
253.523300    0.06730170 
253.899157    0.05943543 
254.275875    0.04732689 
254.653205    0.03188350 
255.030726    0.01338104 
255.407790    -0.00794145 
255.783598    -0.03028306 
256.157367    -0.05311869 
256.528320    -0.07608377 
256.895842    -0.09626275 
257.259872    -0.10824086 
257.621048    -0.10724170 
257.980198    -0.09324171 
258.337791    -0.07071856 
258.693935    -0.04454997 
259.048582    -0.01712078 
259.401500    0.01120531 
259.752294    0.03924739 
260.100442    0.06783782 
260.445099    0.09762374 
260.785273    0.12538988 
261.120718    0.14112906 
261.452533    0.13353905 
261.781699    0.10414358 
262.108214    0.06616127 
262.432223    0.02993053 
262.754568    -0.00200429 
263.076406    -0.02923221 
263.398910    -0.05217204 
263.722948    -0.07211933 
264.048989    -0.08932793 
264.377246    -0.10245564 
264.707930    -0.10817568 
265.041338    -0.10289899 
265.377563    -0.08661537 
265.716302    -0.06392995 
266.057168    -0.04033257 
266.400046    -0.01865335 
266.745084    0.00063206 
267.092568    0.01672206 
267.442852    0.02932530 
267.796229    0.03935495 
268.152835    0.04764725 
268.512641    0.05449338 
268.875505    0.05962223 
269.241239    0.06238543 
269.609649    0.06212823 
269.980541    0.05851850 
270.353700    0.05161576 
270.728857    0.04176680 
271.105668    0.02937795 
271.483689    0.01456013 
271.862338    -0.00250044 
272.240953    -0.02024003 
272.618947    -0.03744492 
272.995849    -0.05407085 
273.371309    -0.06937400 
273.745171    -0.08134502 
274.117577    -0.08732697 
274.488918    -0.08543533 
274.859616    -0.07571640 
275.229901    -0.05990240 
275.599748    -0.04005360 
275.968880    -0.01720039 
276.336708    0.00851866 
276.702379    0.03563277 
277.064898    0.06435318 
277.423025    0.09472829 
277.775561    0.12230128 
278.122343    0.13643743 
278.464604    0.12778948 
278.803460    0.09978020 
279.139184    0.06425267 
279.472028    0.02934240 
279.802545    -0.00321957 
280.131339    -0.03289763 
280.458936    -0.06013988 
280.785539    -0.08614707 
281.111013    -0.11031866 
281.435245    -0.12844036 
281.758734    -0.13224489 
282.082346    -0.11629408 
282.406244    -0.08587604 
282.730069    -0.05198258 
283.053963    -0.02150294 
283.378728    0.00424686 
283.705474    0.02470467 
284.035321    0.04033073 
284.369110    0.05249985 
284.707295    0.06206540 
285.049991    0.06915531 
285.397104    0.07319012 
285.748442    0.07323972 
286.103762    0.06879513 
286.462762    0.06038341 
286.825078    0.04931977 
287.190320    0.03682984 
287.558093    0.02344919 
287.927977    0.00919184 
288.299521    -0.00541957 
288.672304    -0.01901315 
289.046018    -0.03111186 
289.420438    -0.04215404 
289.795383    -0.05235699 
290.170710    -0.06128436 
290.546344    -0.06783502 
290.922298    -0.07053734 
291.298658    -0.06819902 
291.675481    -0.06052963 
292.052706    -0.04813813 
292.430102    -0.03183765 
292.807215    -0.01184082 
293.183302    0.01149702 
293.557427    0.03630740 
293.928603    0.06233634 
294.295804    0.08845626 
294.658324    0.10983616 
295.016385    0.11900657 
295.371049    0.11155130 
295.723286    0.09048427 
296.073519    0.06269634 
296.421885    0.03318491 
296.768406    0.00332332 
297.112914    -0.02624688 
297.455119    -0.05517433 
297.794480    -0.08479452 
298.130127    -0.11441304 
298.461364    -0.13793704 
298.788699    -0.14310037 
299.113444    -0.12298459 
299.435978    -0.08654041 
299.756160    -0.04788684 
300.074576    -0.01377313 
300.392473    0.01513322 
300.711293    0.03855199 
301.032303    0.05771775 
301.356346    0.07365958 
301.683847    0.08644193 
302.014974    0.09487351 
302.349822    0.09661110 
302.688434    0.08979006 
303.030653    0.07527493 
303.376095    0.05658514 
303.724362    0.03732136 
304.075224    0.01915655 
304.428583    0.00228913 
304.784403    -0.01255148 
305.142717    -0.02465277 
305.503572    -0.03452064 
305.866960    -0.04293938 
306.232793    -0.05029918 
306.600926    -0.05643808 
306.971190    -0.06071623 
307.343434    -0.06225870 
307.717522    -0.06026095 
308.093304    -0.05431429 
308.470559    -0.04460944 
308.848956    -0.03165716 
309.228023    -0.01563789 
309.607105    0.00332163 
309.985425    0.02348737 
310.362274    0.04357795 
310.737062    0.06328814 
311.109368    0.08087099 
311.479135    0.09290720 
311.846776    0.09594827 
312.212962    0.08886581 
312.578231    0.07350072 
312.942808    0.05297932 
313.306642    0.02961802 
313.669418    0.00397089 
314.030520    -0.02317332 
314.389183    -0.05096301 
314.744449    -0.08037525 
315.095149    -0.10996335 
315.440508    -0.13237331 
315.781124    -0.13565777 
316.118325    -0.11547651 
316.452617    -0.08139103 
316.784071    -0.04524876 
317.113179    -0.01196164 
317.440745    0.01805684 
317.767625    0.04436276 
318.094495    0.06822819 
318.421667    0.09025888 
318.749188    0.10905705 
319.077205    0.12008436 
319.406240    0.11720343 
319.736731    0.09892242 
320.068508    0.07140291 
320.401231    0.04271923 
320.734994    0.01696511 
321.070308    -0.00525475 
321.407873    -0.02319896 
321.748401    -0.03722548 
322.092411    -0.04856068 
322.440139    -0.05791708 
322.791585    -0.06524520 
323.146613    -0.06981193 
323.505048    -0.07060052 
323.866699    -0.06701753 
324.231339    -0.05937930 
324.598673    -0.04866861 
324.968348    -0.03586338 
325.339957    -0.02146547 
325.713030    -0.00560968 
326.087036    0.01077693 
326.461504    0.02616425 
326.836091    0.04038648 
327.210548    0.05365410 
327.584706    0.06537996 
327.958522    0.07406641 
328.332113    0.07778613 
328.705716    0.07515452 
329.079539    0.06615968 
329.453628    0.05203234 
329.827832    0.03423234 
330.201794    0.01337553 
330.574895    -0.01019610 
330.946347    -0.03472090 
331.315323    -0.06009126 
331.680926    -0.08575811 
332.042464    -0.10758468 
332.400041    -0.11802550 
332.754617    -0.11154520 
333.107090    -0.09049730 
333.457793    -0.06235332 
333.806826    -0.03288821 
334.154296    -0.00378368 
334.500224    0.02430287 
334.844585    0.05094527 
335.187175    0.07744499 
335.527513    0.10341992 
335.865178    0.12432299 
336.200522    0.13080289 
336.534537    0.11641969 
336.867616    0.08651999 
337.199572    0.05248117 
337.530600    0.02117258 
337.861439    -0.00622947 
338.193061    -0.02907942 
338.526436    -0.04796943 
338.862264    -0.06418769 
339.200890    -0.07806470 
339.542410    -0.08855247 
339.886853    -0.09320117 
340.234269    -0.08955513 
340.584596    -0.07756194 
340.937545    -0.06014335 
341.292744    -0.04094302 
341.649916    -0.02199330 
342.008889    -0.00365019 
342.369543    0.01327002 
342.731848    0.02774001 
343.095835    0.04018428 
343.461508    0.05122354 
343.828815    0.06076672 
344.197690    0.06789777 
344.568097    0.07122186 
344.940047    0.06958701 
345.313527    0.06274682 
345.688427    0.05144492 
346.064501    0.03685418 
346.441373    0.01974024 
346.818511    0.00033323 
347.195264    -0.01993976 
347.571043    -0.03972395 
347.945361    -0.05907857 
348.317838    -0.07693360 
348.688346    -0.09026384 
349.057177    -0.09518755 
349.424917    -0.08960275 
349.792059    -0.07488831 
350.158784    -0.05454426 
350.525030    -0.03153768 
350.890565    -0.00686516 
351.254946    0.01873972 
351.617647    0.04410196 
351.978055    0.07008677 
352.335395    0.09599953 
352.689091    0.11680152 
353.039442    0.12345658 
353.387454    0.11065446 
353.733699    0.08356756 
354.078207    0.05191594 
354.421137    0.02140169 
354.762910    -0.00698176 
355.104035    -0.03234103 
355.445010    -0.05524278 
355.786097    -0.07681077 
356.127288    -0.09641449 
356.468566    -0.11046808 
356.810254    -0.11295993 
357.152836    -0.10052687 
357.496358    -0.07697127 
357.840505    -0.04978744 
358.185161    -0.02390931 
358.530554    -0.00042048 
358.877105    0.01991383 
359.225331    0.03680729 
359.575666    0.05139776 
359.928331    0.06429797 
360.283352    0.07492936 
360.640687    0.08150887 
361.000325    0.08187905 
361.362254    0.07513235 
361.726342    0.06251733 
362.092321    0.04647339 
362.459871    0.02890802 
362.828657    0.01044336 
363.198302    -0.00830546 
363.568474    -0.02567831 
363.938961    -0.04142642 
364.309610    -0.05596118 
364.680303    -0.06870099 
365.051015    -0.07785033 
365.421893    -0.08110563 
365.793194    -0.07705813 
366.165111    -0.06621356 
366.537648    -0.05053586 
366.910636    -0.03198613 
367.283764    -0.01138513 
367.656551    0.01067816 
368.028464    0.03245305 
368.399023    0.05391401 
368.767743    0.07494452 
369.134246    0.09295785 
369.498582    0.10290515 
369.861321    0.10032923 
370.223086    0.08552442 
370.584132    0.06320822 
370.944456    0.03822501 
371.304004    0.01269695 
371.662642    -0.01284919 
372.020198    -0.03714766 
372.376459    -0.06097891 
372.731027    -0.08475550 
373.083443    -0.10582840 
373.433683    -0.11744663 
373.782407    -0.11266474 
374.130225    -0.09204417 
374.477160    -0.06349193 
374.823134    -0.03428156 
375.168362    -0.00690886 
375.513236    0.01804114 
375.858237    0.03987549 
376.203773    0.05975424 
376.550010    0.07821910 
376.896926    0.09386667 
377.244570    0.10286924 
377.593225    0.10078536 
377.943129    0.08681241 
378.294159    0.06519415 
378.646017    0.04140151 
378.998564    0.01834210 
379.351836    -0.00341733 
379.705975    -0.02272644 
380.061224    -0.03935743 
380.417784    -0.05421952 
380.775727    -0.06743596 
381.135044    -0.07780186 
381.495762    -0.08304232 
381.857989    -0.08111091 
382.221790    -0.07185424 
382.587070    -0.05723034 
382.953592    -0.03977869 
383.321072    -0.02103512 
383.689182    -0.00143436 
384.057566    0.01774750 
384.425960    0.03534442 
384.794186    0.05177819 
385.162085    0.06692025 
385.529569    0.07914149 
385.896739    0.08566712 
386.263891    0.08413417 
386.631329    0.07440447 
386.999165    0.05864636 
387.367306    0.03958062 
387.735543    0.01875034 
388.103535    -0.00346690 
388.470849    -0.02562309 
388.837082    -0.04721112 
389.201802    -0.06873700 
389.564560    -0.08871483 
389.925178    -0.10268826 
390.284029    -0.10502173 
390.641762    -0.09372215 
390.998721    -0.07260470 
391.354908    -0.04746281 
391.710285    -0.02175638 
392.064829    0.00382069 
392.418491    0.02812528 
392.771241    0.05115332 
393.122918    0.07388022 
393.473196    0.09526376 
393.821896    0.11076468 
394.169388    0.11347881 
394.516324    0.10026209 
394.862920    0.07581379 
395.209026    0.04782921 
395.554645    0.02079014 
395.900020    -0.00445262 
396.245508    -0.02688454 
396.591530    -0.04664291 
396.938369    -0.06483163 
397.286098    -0.08130576 
397.634703    -0.09390495 
397.984310    -0.09872103 
398.335192    -0.09273133 
398.687459    -0.07697583 
399.040915    -0.05590209 
399.395297    -0.03365744 
399.750466    -0.01188990 
400.106362    0.00886715 
400.463018    0.02728076 
400.820547    0.04353074 
401.179023    0.05834170 
401.538432    0.07135119 
401.898754    0.08079577 
402.260073    0.08412293 
402.622553    0.07966397 
402.986269    0.06806213 
403.351108    0.05177531 
403.716837    0.03323932 
404.083175    0.01356425 
404.449786    -0.00671631 
404.816341    -0.02598279 
405.182616    -0.04391451 
405.548426    -0.06091155 
405.913608    -0.07602132 
406.278142    -0.08658655 
406.642271    -0.08934255 
407.006380    -0.08276035 
407.370716    -0.06839037 
407.735283    -0.04949386 
408.099944    -0.02865055 
408.464483    -0.00665730 
408.828575    0.01572841 
409.191894    0.03721533 
409.554124    0.05836962 
409.914878    0.07900328 
410.273842    0.09629062 
410.631104    0.10490068 
410.987218    0.10044612 
411.342690    0.08386416 
411.697632    0.06051852 
412.051981    0.03534951 
412.405719    0.01021771 
412.758819    -0.01436344 
413.111269    -0.03727709 
413.463031    -0.05935665 
413.813894    -0.08098318 
414.163565    -0.09997542 
414.512043    -0.11087048 
414.859830    -0.10780950 
415.207419    -0.09054280 
415.554822    -0.06515868 
415.901879    -0.03813126 
416.248626    -0.01221754 
416.595256    0.01201154 
416.942063    0.03344571 
417.289360    0.05277090 
417.637307    0.07071989 
417.985905    0.08638829 
418.335182    0.09673980 
418.685375    0.09771521 
419.036780    0.08760211 
419.389419    0.06911677 
419.743063    0.04706281 
420.097503    0.02473789 
420.452647    0.00304751 
420.808471    -0.01701492 
421.165068    -0.03450273 
421.522568    -0.05013264 
421.881031    -0.06425556 
422.240454    -0.07588650 
422.600884    -0.08278117 
422.962475    -0.08258549 
423.325381    -0.07465356 
423.689600    -0.06068369 
424.054958    -0.04336623 
424.421209    -0.02458397 
424.788063    -0.00487470 
425.155183    0.01479730 
425.522289    0.03307986 
425.889186    0.05030155 
426.255680    0.06646899 
426.621635    0.07996214 
426.987104    0.08773777 
427.352384    0.08698520 
427.717807    0.07733476 
428.083507    0.06115758 
428.449403    0.04156486 
428.815311    0.02037140 
429.180942    -0.00205448 
429.545911    -0.02441929 
429.909863    -0.04614553 
430.272408    -0.06783137 
430.633116    -0.08820881 
430.991785    -0.10297557 
431.348761    -0.10627817 
431.704699    -0.09561374 
432.059961    -0.07458910 
432.414546    -0.04923532 
432.768408    -0.02332289 
433.121544    0.00235236 
433.473934    0.02671436 
433.825586    0.04961150 
434.176388    0.07205358 
434.526059    0.09321558 
434.874421    0.10895444 
435.221796    0.11261028 
435.568813    0.10064286 
435.915708    0.07708920 
436.262319    0.04946880 
436.608596    0.02251417 
436.954731    -0.00274697 
437.301039    -0.02528309 
437.647922    -0.04500682 
437.995679    -0.06298488 
438.344418    -0.07913408 
438.694162    -0.09145739 
439.045054    -0.09630453 
439.397368    -0.09079444 
439.751221    -0.07579923 
440.106435    -0.05546810 
440.462747    -0.03380747 
440.819994    -0.01250387 
441.178087    0.00786690 
441.537030    0.02591172 
441.896923    0.04167506 
442.257850    0.05587491 
442.619823    0.06823874 
442.982843    0.07720433 
443.346994    0.08050931 
443.712421    0.07666261 
444.079193    0.06617588 
444.447213    0.05116550 
444.816260    0.03378028 
445.186051    0.01501395 
445.556222    -0.00472512 
445.926387    -0.02385929 
446.296248    -0.04180624 
446.665561    -0.05893236 
447.034111    -0.07435696 
447.401832    -0.08548550 
447.768939    -0.08902843 
448.135818    -0.08327647 
448.502752    -0.06952992 
448.869779    -0.05089644 
449.236771    -0.02994509 
449.603491    -0.00749108 
449.969557    0.01577566 
450.334558    0.03850964 
450.698069    0.06127935 
451.059577    0.08371658 
451.418676    0.10230764 
451.775504    0.11060423 
452.130754    0.10381920 
452.484979    0.08398436 
452.838267    0.05778604 
453.190578    0.03050028 
453.541964    0.00368963 
453.892484    -0.02186056 
454.242233    -0.04552604 
454.591207    -0.06843713 
454.939197    -0.09037401 
455.285989    -0.10797836 
455.631807    -0.11463672 
455.977292    -0.10535630 
456.322777    -0.08278713 
456.668105    -0.05475066 
457.013176    -0.02710393 
457.358198    -0.00144378 
457.703551    0.02135702 
458.049726    0.04085214 
458.397147    0.05813197 
458.746034    0.07349761 
459.096465    0.08563536 
459.448540    0.09164621 
459.802454    0.08870329 
460.158312    0.07672525 
460.515963    0.05883798 
460.875124    0.03882811 
461.235560    0.01874035 
461.597105    -0.00092253 
461.959645    -0.01890501 
462.323184    -0.03447924 
462.687765    -0.04830173 
463.053391    -0.06056723 
463.420040    -0.07034361 
463.787733    -0.07581798 
464.156569    -0.07528836 
464.526644    -0.06837239 
464.897935    -0.05628212 
465.270282    -0.04087077 
465.643423    -0.02340326 
466.016992    -0.00419956 
466.390512    0.01568977 
466.763542    0.03477224 
467.135716    0.05320621 
467.506707    0.07057727 
467.876321    0.08459631 
468.244675    0.09163039 
468.612190    0.08892855 
468.979293    0.07687230 
469.346153    0.05852042 
469.712717    0.03706760 
470.078801    0.01395640 
470.444057    -0.01040938 
470.808039    -0.03455322 
471.170277    -0.05881648 
471.530166    -0.08334362 
471.887121    -0.10500268 
472.241116    -0.11662631 
472.592893    -0.11153167 
472.943163    -0.09087563 
473.292067    -0.06248768 
473.639601    -0.03308107 
473.985938    -0.00480667 
474.331326    0.02163567 
474.676054    0.04565863 
475.020298    0.06844859 
475.363991    0.08998506 
475.707001    0.10737431 
476.049544    0.11446619 
476.392218    0.10608272 
476.735334    0.08420857 
477.078698    0.05646860 
477.422163    0.02907182 
477.765927    0.00392310 
478.110402    -0.01819336 
478.456131    -0.03662891 
478.803612    -0.05239966 
479.153147    -0.06609330 
479.504857    -0.07704472 
479.858794    -0.08331825 
480.215040    -0.08268576 
480.573630    -0.07449232 
480.934433    -0.06051616 
481.297176    -0.04363409 
481.661568    -0.02586531 
482.027343    -0.00779588 
482.394236    0.00983005 
482.762055    0.02555968 
483.130712    0.03939233 
483.500147    0.05182246 
483.870294    0.06254272 
484.241122    0.07029825 
484.612684    0.07340566 
484.985098    0.07071631 
485.358449    0.06235792 
485.732697    0.04955665 
486.107667    0.03369810 
486.483048    0.01540717 
486.858354    -0.00505057 
487.232986    -0.02599565 
487.606384    -0.04669299 
487.978020    -0.06712963 
488.347459    -0.08535935 
488.714619    -0.09718174 
489.079927    -0.09826798 
489.444011    -0.08767994 
489.807251    -0.06861926 
490.169714    -0.04541118 
490.531309    -0.02056724 
490.891799    0.00543719 
491.250804    0.03131373 
491.607893    0.05714519 
491.962452    0.08360539 
492.313761    0.10823844 
492.661602    0.12350960 
493.006730    0.12049268 
493.350026    0.09880246 
493.691660    0.06759685 
494.031640    0.03562005 
494.370318    0.00587949 
494.708245    -0.02100689 
495.046045    -0.04452756 
495.384211    -0.06589298 
495.722955    -0.08538194 
496.062323    -0.10109511 
496.402505    -0.10849137 
496.743933    -0.10299359 
497.086852    -0.08502987 
497.431059    -0.06043517 
497.776285    -0.03519462 
498.122548    -0.01181990 
498.470088    0.00910928 
498.819286    0.02651148 
499.170567    0.04079878 
499.524236    0.05291555 
499.880422    0.06302583 
500.239123    0.07031990 
500.600301    0.07335218 
500.963911    0.07097314 
501.329855    0.06327830 
501.697941    0.05158656 
502.067892    0.03746982 
502.439384    0.02183548 
502.812035    0.00492443 
503.185407    -0.01224998 
503.559119    -0.02815013 
503.932907    -0.04271810 
504.306575    -0.05607614 
504.680001    -0.06737985 
505.053186    -0.07486881 
505.426295    -0.07663985 
505.799572    -0.07178443 
506.173187    -0.06094807 
506.547143    -0.04572757 
506.921266    -0.02746650 
507.295186    -0.00649348 
507.668299    0.01639880 
508.039915    0.03962246 
508.409328    0.06334066 
508.775821    0.08636173 
509.138966    0.10413073 
509.499068    0.11006445 
509.856973    0.10085154 
510.213313    0.07988720 
510.568283    0.05355784 
510.921928    0.02608289 
511.274250    -0.00159349 
511.625137    -0.02849089 
511.974433    -0.05451714 
512.321776    -0.08074014 
512.666593    -0.10579908 
513.008572    -0.12353776 
513.348286    -0.12450373 
513.686641    -0.10553645 
514.023829    -0.07463682 
514.359742    -0.04197504 
514.694700    -0.01205097 
515.029376    0.01450296 
515.364586    0.03693424 
515.701076    0.05625561 
516.039308    0.07327993 
516.379481    0.08738622 
516.721705    0.09610753 
517.066175    0.09599353 
517.413054    0.08558314 
517.762225    0.06747187 
518.113363    0.04632187 
518.466213    0.02540374 
518.820690    0.00561804 
519.176805    -0.01228228 
519.534673    -0.02723562 
519.894460    -0.03968289 
520.256271    -0.05031523 
520.620117    -0.05911943 
520.985955    -0.06530790 
521.353739    -0.06770929 
521.723436    -0.06548614 
522.094980    -0.05868005 
522.468227    -0.04811364 
522.842941    -0.03479516 
523.218794    -0.01929343 
523.595334    -0.00180243 
523.972015    0.01636862 
524.348342    0.03370713 
524.723934    0.05015522 
525.098508    0.06522429 
525.471938    0.07709787 
525.844351    0.08316416 
526.216103    0.08148408 
526.587576    0.07211507 
526.958974    0.05690411 
527.330276    0.03801047 
527.701261    0.01650383 
528.071451    -0.00738895 
528.440170    -0.03211635 
528.806676    -0.05755559 
529.170102    -0.08363147 
529.529670    -0.10668739 
529.885325    -0.11883241 
530.237939    -0.11323870 
530.588384    -0.09171833 
530.936938    -0.06256320 
531.283709    -0.03236385 
531.628913    -0.00301733 
531.972748    0.02479645 
532.315390    0.05072368 
532.656819    0.07599415 
532.996743    0.10013355 
533.334906    0.11884691 
533.671681    0.12385287 
534.007889    0.10985454 
534.343800    0.08186325 
534.679195    0.04999591 
535.014178    0.02038699 
535.349324    -0.00579052 
535.685426    -0.02767710 
536.023314    -0.04564963 
536.363608    -0.06086295 
536.706633    -0.07353894 
537.052506    -0.08261397 
537.401288    -0.08594570 
537.753024    -0.08171791 
538.107643    -0.07030756 
538.464886    -0.05436495 
538.824420    -0.03683784 
539.185963    -0.01923869 
539.549281    -0.00191746 
539.914172    0.01404784 
540.280530    0.02761488 
540.648324    0.03915002 
541.017520    0.04915151 
541.388063    0.05746438 
541.759901    0.06327217 
542.133018    0.06548047 
542.507430    0.06328869 
542.883132    0.05660756 
543.260036    0.04602612 
543.637941    0.03231864 
544.016505    0.01581342 
544.395202    -0.00329004 
544.773368    -0.02328056 
545.150386    -0.04297472 
545.525722    -0.06214785 
545.898974    -0.07909938 
546.270075    -0.09040545 
546.639393    -0.09260044 
547.007519    -0.08467075 
547.374891    -0.06871372 
547.741655    -0.04801422 
548.107729    -0.02478077 
548.472797    0.00055439 
548.836290    0.02688482 
549.197537    0.05370888 
549.555678    0.08171803 
549.909747    0.10847381 
550.259341    0.12592724 
550.605255    0.12410266 
550.948569    0.10218859 
551.289613    0.06995839 
551.628497    0.03675077 
551.965645    0.00570531 
552.301632    -0.02262954 
552.637052    -0.04784783 
552.972312    -0.07119242 
553.307511    -0.09272394 
553.642625    -0.10984435 
553.977921    -0.11669178 
554.313999    -0.10799672 
554.651134    -0.08555936 
554.989072    -0.05725854 
555.327652    -0.02975273 
555.667144    -0.00516319 
556.008083    0.01585079 
556.351128    0.03266743 
556.696875    0.04627540 
557.045692    0.05753368 
557.397709    0.06641851 
557.752910    0.07201224 
558.111219    0.07298192 
558.472530    0.06858540 
558.836659    0.05942636 
559.203333    0.04708286 
559.572228    0.03300004 
559.942996    0.01778540 
560.315240    0.00166306 
560.688541    -0.01411765 
561.062564    -0.02827157 
561.437084    -0.04091204 
561.811944    -0.05223852 
562.187041    -0.06170585 
562.562362    -0.06807566 
562.938002    -0.06991742 
563.314114    -0.06635430 
563.690812    -0.05754380 
564.068079    -0.04442906 
564.445728    -0.02792058 
564.823364    -0.00822061 
565.200334    0.01397447 
565.575866    0.03678520 
565.949196    0.05996147 
566.319601    0.08223111 
566.686678    0.09935710 
567.050716    0.10556226 
567.412532    0.09796549 
567.772813    0.07926761 
568.131840    0.05484099 
568.489666    0.02850263 
568.846204    0.00122071 
569.201173    -0.02609796 
569.554206    -0.05302646 
569.904733    -0.08061529 
570.251976    -0.10737502 
570.595497    -0.12643017 
570.935938    -0.12727755 
571.274349    -0.10682921 
571.610999    -0.07426620 
571.945875    -0.04036702 
572.279424    -0.00944577 
572.612418    0.01794298 
572.945731    0.04123316 
573.280101    0.06159997 
573.615947    0.07964656 
573.953435    0.09429441 
574.292716    0.10230692 
574.634078    0.09972059 
574.977710    0.08574550 
575.323432    0.06443467 
575.670909    0.04126510 
576.019994    0.01930115 
576.370755    -0.00082456 
576.723384    -0.01813081 
577.078160    -0.03217944 
577.435329    -0.04380410 
577.795009    -0.05357265 
578.157192    -0.06127567 
578.521805    -0.06602271 
578.888766    -0.06674385 
579.257985    -0.06291465 
579.629325    -0.05491168 
580.002574    -0.04367541 
580.377443    -0.03006665 
580.753554    -0.01443685 
581.130414    0.00283914 
581.507480    0.02009321 
581.884309    0.03619958 
582.260578    0.05118712 
582.636073    0.06445123 
583.010744    0.07430926 
583.384753    0.07860556 
583.758427    0.07592181 
584.132075    0.06648412 
584.505842    0.05184367 
584.879662    0.03366361 
585.253258    0.01262029 
585.626073    -0.01089683 
585.997375    -0.03515487 
586.366385    -0.06008975 
586.732253    -0.08499627 
587.094360    -0.10550242 
587.452874    -0.11411708 
587.808709    -0.10602554 
588.162635    -0.08436575 
588.514912    -0.05658662 
588.865654    -0.02786236 
589.214984    0.00056124 
589.562943    0.02779410 
589.909527    0.05369603 
590.254523    0.07937094 
590.597494    0.10369977 
590.938194    0.12111715 
591.277155    0.12269249 
591.615228    0.10491296 
591.952593    0.07503801 
592.289104    0.04309610 
592.625029    0.01385744 
592.961015    -0.01197480 
593.297870    -0.03357352 
593.636357    -0.05179853 
593.976979    -0.06760482 
594.319958    -0.08070472 
594.665379    -0.08923726 
595.013348    -0.09036646 
595.363957    -0.08252759 
595.717100    -0.06735770 
596.072474    -0.04860096 
596.429783    -0.02929571 
596.788831    -0.01046729 
597.149482    0.00736124 
597.511675    0.02285561 
597.875436    0.03590611 
598.240795    0.04715982 
598.607732    0.05672029 
598.976200    0.06388673 
599.346171    0.06745193 
599.717654    0.06637789 
600.090646    0.06043224 
600.465070    0.05026772 
600.840742    0.03690704 
601.217360    0.02102954 
601.594478    0.00283721 
601.971514    -0.01640057 
602.347920    -0.03501734 
602.723257    -0.05285364 
603.097190    -0.06913948 
603.469591    -0.08152765 
603.840660    -0.08691174 
604.210854    -0.08337969 
604.580609    -0.07162793 
604.950133    -0.05422027 
605.319403    -0.03361101 
605.688194    -0.01075837 
606.056034    0.01382056 
606.422313    0.03859639 
606.786357    0.06396528 
607.147376    0.08928006 
607.504782    0.10986860 
607.858806    0.11747732 
608.210401    0.10704366 
608.560237    0.08274663 
608.908462    0.05317140 
609.255211    0.02369277 
609.600745    -0.00461381 
609.945323    -0.03076728 
610.289186    -0.05500519 
610.632358    -0.07832421 
610.974650    -0.09961524 
611.315998    -0.11413750 
611.656872    -0.11476696 
611.997895    -0.09884192 
612.339142    -0.07221022 
612.680398    -0.04325445 
613.021755    -0.01632091 
613.363631    0.00782741 
613.706608    0.02818921 
614.051295    0.04520606 
614.398127    0.05991059 
614.747302    0.07230014 
615.098874    0.08101758 
615.452886    0.08377091 
615.809393    0.07893475 
616.168332    0.06720720 
616.529470    0.05126136 
616.892505    0.03372395 
617.257160    0.01575928 
617.623163    -0.00224519 
617.990270    -0.01888238 
618.358343    -0.03336388 
618.727313    -0.04615610 
619.097117    -0.05734447 
619.467712    -0.06608175 
619.839118    -0.07086443 
620.211438    -0.07033035 
620.584777    -0.06411661 
620.959147    -0.05304584 
621.334424    -0.03845795 
621.710344    -0.02125371 
622.086476    -0.00167749 
622.462238    0.01892606 
622.837067    0.03905482 
623.210476    0.05867439 
623.582063    0.07657904 
623.951691    0.08948892 
624.319660    0.09340780 
624.686545    0.08655326 
625.052799    0.07085456 
625.418573    0.05007822 
625.783818    0.02702192 
626.148323    0.00244758 
626.511694    -0.02262470 
626.873483    -0.04732398 
627.233149    -0.07239330 
627.590050    -0.09638904 
627.943859    -0.11356040 
628.295082    -0.11572680 
628.644618    -0.10019303 
628.992852    -0.07334495 
629.339806    -0.04357237 
629.685653    -0.01489291 
630.030712    0.01203428 
630.375357    0.03615784 
630.719919    0.05826492 
631.064512    0.07902334 
631.409076    0.09693172 
631.753689    0.10748809 
632.098782    0.10522635 
632.444756    0.08925670 
632.791553    0.06502325 
633.138937    0.03910504 
633.486910    0.01464881 
633.835692    -0.00772485 
634.185630    -0.02687969 
634.537127    -0.04310481 
634.890469    -0.05731411 
635.245770    -0.06940859 
635.603048    -0.07797846 
635.962342    -0.08081048 
636.323712    -0.07641025 
636.687127    -0.06540782 
637.052393    -0.05015286 
637.419231    -0.03293922 
637.787344    -0.01478273 
638.156399    0.00385978 
638.526076    0.02139969 
638.896172    0.03710280 
639.266559    0.05134770 
639.637140    0.06378527 
640.007896    0.07291618 
640.378945    0.07667425 
640.750506    0.07367393 
641.122758    0.06420163 
641.495722    0.04992401 
641.869254    0.03261273 
642.243071    0.01306574 
642.616714    -0.00820470 
642.989649    -0.02937155 
643.361401    -0.05001085 
643.731524    -0.06994042 
644.099698    -0.08679780 
644.465987    -0.09614587 
644.830901    -0.09416754 
645.195010    -0.08106927 
645.558581    -0.06079673 
645.921624    -0.03751136 
646.284049    -0.01310481 
646.645639    0.01186990 
647.006114    0.03597607 
647.365172    0.05970256 
647.722377    0.08313312 
648.077319    0.10312891 
648.430099    0.11284742 
648.781435    0.10638813 
649.131914    0.08552365 
649.481596    0.05795626 
649.830467    0.02988846 
650.178716    0.00314930 
650.526616    -0.02145778 
650.874506    -0.04336322 
651.222634    -0.06365139 
651.571041    -0.08229538 
651.919701    -0.09688312 
652.268795    -0.10268814 
652.618734    -0.09593333 
652.969722    -0.07804131 
653.321592    -0.05463972 
653.674139    -0.03061945 
654.027346    -0.00767825 
654.381316    0.01347867 
654.736260    0.03173201 
655.092425    0.04768471 
655.449954    0.06189392 
655.808882    0.07363279 
656.169240    0.08084981 
656.531136    0.08118172 
656.894681    0.07380568 
657.259834    0.06029405 
657.626395    0.04335142 
657.994097    0.02492226 
658.362642    0.00560424 
658.731694    -0.01359766 
659.100990    -0.03115335 
659.470370    -0.04719401 
659.839714    -0.06175336 
660.208956    -0.07352886 
660.578180    -0.08012565 
660.947638    -0.07938533 
661.317594    -0.07100147 
661.688151    -0.05673977 
662.059224    -0.03899356 
662.430594    -0.01920225 
662.801904    0.00220764 
663.172693    0.02368983 
663.542553    0.04436398 
663.911101    0.06448390 
664.278001    0.08255160 
664.643189    0.09462691 
665.007049    0.09618326 
665.370159    0.08592008 
665.732843    0.06706188 
666.095132    0.04426019 
666.456953    0.02027599 
666.818161    -0.00426877 
667.178541    -0.02801926 
667.537899    -0.05078023 
667.895949    -0.07319295 
668.252339    -0.09357405 
668.606989    -0.10677463 
668.960393    -0.10649775 
669.313185    -0.09145656 
669.665557    -0.06719499 
670.017431    -0.04042312 
670.368849    -0.01430953 
670.719958    0.01051532 
671.070973    0.03283570 
671.422122    0.05319088 
671.773490    0.07223852 
672.125027    0.08870525 
672.476782    0.09883160 
672.829083    0.09807854 
673.182274    0.08535297 
673.536359    0.06461342 
673.891123    0.04121642 
674.246440    0.01810011 
674.602299    -0.00407529 
674.958773    -0.02402234 
675.316029    -0.04148502 
675.674204    -0.05724261 
676.033336    -0.07102591 
676.393444    -0.08100894 
676.754647    -0.08442727 
677.117141    -0.07949765 
677.481009    -0.06709642 
677.846129    -0.05008840 
678.212270    -0.03111423 
678.579173    -0.01125000 
678.946541    0.00884109 
679.314113    0.02748934 
679.681738    0.04451505 
680.049301    0.06019422 
680.416719    0.07346516 
680.784041    0.08184799 
681.151509    0.08268586 
681.519425    0.07514462 
681.887935    0.06093753 
682.256972    0.04286332 
682.626345    0.02284805 
682.995756    0.00144036 
683.364809    -0.02007270 
683.733156    -0.04052667 
684.100493    -0.06030087 
684.466525    -0.07847133 
684.831145    -0.09171598 
685.194643    -0.09552496 
685.557557    -0.08771319 
685.920239    -0.07059999 
686.282734    -0.04874741 
686.644956    -0.02540425 
687.006774    -0.00144966 
687.367980    0.02200774 
687.728400    0.04415901 
688.087825    0.06575203 
688.445959    0.08591924 
688.802656    0.10073248 
689.158244    0.10432940 
689.513330    0.09386657 
689.868217    0.07288422 
690.222855    0.04771185 
690.577195    0.02234783 
690.931288    -0.00230563 
691.285222    -0.02509736 
691.639149    -0.04575320 
691.993141    -0.06517020 
692.347139    -0.08275008 
692.701114    -0.09544682 
693.055312    -0.09860914 
693.410139    -0.08969843 
693.765744    -0.07122826 
694.121974    -0.04847599 
694.478662    -0.02521519 
694.835746    -0.00248577 
695.193222    0.01869179 
695.551186    0.03742506 
695.909747    0.05445051 
696.268933    0.06979216 
696.628738    0.08177208 
696.989277    0.08733345 
697.350799    0.08397035 
697.713479    0.07202935 
698.077255    0.05453733 
698.441916    0.03471556 
698.807233    0.01408887 
699.172948    -0.00675241 
699.538833    -0.02617712 
699.904771    -0.04387378 
700.270672    -0.06023250 
700.636457    -0.07428791 
701.002169    -0.08346539 
701.368057    -0.08480332 
701.734444    -0.07722801 
702.101480    -0.06256124 
702.469096    -0.04394273 
702.837106    -0.02358234 
703.205247    -0.00212882 
703.573181    0.01917949 
703.940634    0.03915009 
704.307380    0.05820512 
704.673199    0.07566831 
705.038010    0.08864852 
705.402063    0.09299981 
705.765833    0.08641524 
706.129648    0.07068603 
706.493542    0.04999670 
706.857408    0.02759561 
707.221094    0.00447740 
707.584374    -0.01839554 
707.947058    -0.03988038 
708.308956    -0.06062260 
708.669812    -0.08013945 
709.029468    -0.09524450 
709.388154    -0.10071823 
709.746414    -0.09326746 
710.104600    -0.07509257 
710.462706    -0.05172255 
710.820638    -0.02732290 
711.178359    -0.00308312 
711.535831    0.02004478 
711.893079    0.04120725 
712.250105    0.06124445 
712.606791    0.07985824 
712.963048    0.09425659 
713.319076    0.09961799 
713.675329    0.09262090 
714.032065    0.07506285 
714.389198    0.05224333 
714.746567    0.02842390 
715.104101    0.00495819 
715.461776    -0.01724542 
715.819658    -0.03711029 
716.177838    -0.05533850 
716.536322    -0.07197300 
716.895091    -0.08514275 
717.254285    -0.09130781 
717.614222    -0.08751365 
717.975132    -0.07423588 
718.336963    -0.05512842 
718.699515    -0.03393129 
719.062596    -0.01230963 
719.426017    0.00906255 
719.789646    0.02859766 
720.153455    0.04628515 
720.517413    0.06251088 
720.881483    0.07617547 
721.245739    0.08456871 
721.610445    0.08476224 
721.975894    0.07599566 
722.342179    0.06047216 
722.709184    0.04147519 
723.076709    0.02109875 
723.444498    -0.00006205 
723.812258    -0.02062804 
724.179781    -0.03960870 
724.546909    -0.05745552 
724.913493    -0.07350940 
725.279500    -0.08516874 
725.645162    -0.08885741 
726.010880    -0.08266108 
726.376916    -0.06813500 
726.743274    -0.04887519 
727.109819    -0.02772341 
727.476353    -0.00557189 
727.842588    0.01666102 
728.208266    0.03765223 
728.573156    0.05788907 
728.936988    0.07696127 
729.299593    0.09194764 
729.661167    0.09801953 
730.022222    0.09193123 
730.383137    0.07533288 
730.743947    0.05314767 
731.104555    0.02937092 
731.464865    0.00527195 
731.824743    -0.01828099 
732.184097    -0.04020074 
732.542821    -0.06123264 
732.900713    -0.08104817 
733.257621    -0.09658886 
733.613761    -0.10249532 
733.969670    -0.09508210 
734.325677    -0.07642059 
734.681730    -0.05236293 
735.037705    -0.02744633 
735.393580    -0.00303209 
735.749379    0.01987892 
736.105220    0.04041676 
736.461211    0.05939594 
736.817354    0.07663859 
737.173646    0.08981370 
737.530285    0.09486255 
737.887652    0.08886823 
738.245960    0.07313793 
738.605108    0.05217387 
738.964902    0.02990236 
739.325206    0.00776000 
739.685924    -0.01340737 
740.047053    -0.03222521 
740.408664    -0.04909961 
740.770794    -0.06431582 
741.133449    -0.07664468 
741.496729    -0.08345318 
741.860871    -0.08220970 
742.226087    -0.07263622 
742.592390    -0.05708004 
742.959617    -0.03857137 
743.327541    -0.01885162 
743.695889    0.00157163 
744.064363    0.02123463 
744.432763    0.03925876 
744.800944    0.05605999 
745.168778    0.07100474 
745.536243    0.08176407 
745.903544    0.08523286 
746.271023    0.07973672 
746.638911    0.06650764 
747.007207    0.04856632 
747.375765    0.02840453 
747.744339    0.00684686 
748.112572    -0.01524680 
748.480114    -0.03637894 
748.846659    -0.05685994 
749.211885    -0.07623477 
749.575597    -0.09154270 
749.937992    -0.09793734 
750.299615    -0.09215723 
750.660894    -0.07578766 
751.021914    -0.05366732 
751.382601    -0.02976593 
751.742856    -0.00537357 
752.102522    0.01862988 
752.461467    0.04114441 
752.819537    0.06291501 
753.176476    0.08349125 
753.532113    0.09946417 
753.886705    0.10499585 
754.240853    0.09636216 
754.594909    0.07625025 
754.948824    0.05108616 
755.302520    0.02548045 
755.656041    0.00067013 
756.009488    -0.02228100 
756.363049    -0.04278559 
756.716865    -0.06173768 
757.070947    -0.07883271 
757.425301    -0.09155332 
757.780141    -0.09572435 
758.135837    -0.08861810 
758.492557    -0.07196184 
758.850161    -0.05050435 
759.208450    -0.02809735 
759.567310    -0.00602209 
759.926674    0.01482376 
760.286582    0.03320465 
760.647130    0.04963352 
761.008365    0.06435623 
761.370301    0.07613965 
761.733030    0.08244737 
762.096765    0.08091833 
762.461684    0.07137007 
762.827774    0.05607267 
763.194858    0.03789508 
763.562697    0.01846805 
763.931000    -0.00170361 
764.299457    -0.02112201 
764.667858    -0.03887545 
765.036060    -0.05532832 
765.403947    -0.06985041 
765.771515    -0.08022758 
766.138970    -0.08356229 
766.506649    -0.07830876 
766.874781    -0.06560319 
767.243381    -0.04824869 
767.612306    -0.02859201 
767.981313    -0.00743340 
768.350031    0.01439057 
768.718092    0.03531127 
769.085176    0.05554845 
769.450960    0.07469137 
769.815249    0.08992620 
770.178225    0.09660541 
770.540418    0.09149872 
770.902269    0.07594272 
771.263891    0.05449602 
771.625220    0.03104750 
771.986148    0.00692910 
772.346490    -0.01707950 
772.706063    -0.03977132 
773.064671    -0.06184024 
773.422008    -0.08293036 
773.777849    -0.09967191 
774.132415    -0.10605176 
774.486326    -0.09797203 
774.839977    -0.07792240 
775.193346    -0.05247255 
775.546361    -0.02646295 
775.899076    -0.00121856 
776.251597    0.02224763 
776.604105    0.04333208 
776.956729    0.06294274 
777.309460    0.08073301 
777.662288    0.09399121 
778.015449    0.09819124 
778.369354    0.09041933 
778.724186    0.07268208 
779.079800    0.05018866 
779.436013    0.02701291 
779.792753    0.00444314 
780.150020    -0.01654267 
780.507923    -0.03485569 
780.866618    -0.05112099 
781.226187    -0.06552421 
781.586674    -0.07677137 
781.948189    -0.08234604 
782.310940    -0.08005134 
782.675080    -0.06994654 
783.040562    -0.05443924 
783.407191    -0.03635614 
783.774726    -0.01720792 
784.142886    0.00249958 
784.511383    0.02123244 
784.880038    0.03815825 
785.248739    0.05365669 
785.617399    0.06721427 
785.986021    0.07691651 
786.354777    0.08023815 
786.723949    0.07575445 
787.093733    0.06430390 
787.464136    0.04824271 
787.835009    0.02966054 
788.206086    0.00931545 
788.576961    -0.01208582 
788.947206    -0.03284241 
789.316449    -0.05294773 
789.684336    -0.07208438 
790.050635    -0.08765934 
790.415483    -0.09522647 
790.779390    -0.09143050 
791.142832    -0.07712660 
791.505971    -0.05648209 
791.868759    -0.03335938 
792.231071    -0.00923536 
792.592670    0.01521353 
792.953298    0.03862890 
793.312678    0.06160010 
793.670425    0.08381155 
794.026244    0.10172915 
794.380352    0.10882341 
794.733442    0.10052707 
795.085979    0.07952784 
795.437974    0.05297242 
795.789396    0.02602554 
796.140358    0.00004650 
796.491030    -0.02392999 
796.841648    -0.04546338 
797.192366    -0.06549543 
797.543184    -0.08355494 
797.894110    -0.09667426 
798.245419    -0.10005726 
798.597544    -0.09091036 
798.950639    -0.07180763 
799.304531    -0.04841076 
799.659055    -0.02481095 
800.014194    -0.00217322 
800.370023    0.01844600 
800.726730    0.03619572 
801.084522    0.05181461 
801.443510    0.06546016 
801.803749    0.07587911 
802.165336    0.08072616 
802.528437    0.07804713 
802.893150    0.06801957 
803.259386    0.05294039 
803.626927    0.03541731 
803.995512    0.01680425 
804.364836    -0.00241592 
804.734593    -0.02069652 
805.104587    -0.03715394 
805.474697    -0.05212695 
805.844839    -0.06516418 
806.215014    -0.07453355 
806.585376    -0.07794064 
806.956182    -0.07403123 
807.327622    -0.06344016 
807.699707    -0.04821508 
808.072294    -0.03026024 
808.445105    -0.01030214 
808.817705    0.01100214 
809.189616    0.03186306 
809.560426    0.05211027 
809.929747    0.07139411 
810.297334    0.08711593 
810.663325    0.09485360 
811.028241    0.09127932 
811.392587    0.07721255 
811.756555    0.05673488 
812.120118    0.03365407 
812.483152    0.00944120 
812.845402    -0.01523673 
813.206576    -0.03900621 
813.566352    -0.06245687 
813.924298    -0.08520990 
814.280085    -0.10348811 
814.633947    -0.11038937 
814.986623    -0.10129124 
815.338589    -0.07932827 
815.689859    -0.05204268 
816.040434    -0.02461408 
816.390467    0.00170152 
816.740171    0.02583506 
817.089812    0.04754966 
817.439549    0.06778682 
817.789373    0.08590861 
818.139305    0.09866881 
818.489650    0.10107667 
818.840846    0.09059760 
819.193004    0.07037190 
819.545928    0.04634594 
819.899473    0.02248185 
820.253658    -0.00019296 
820.608609    -0.02053122 
820.964565    -0.03792238 
821.321757    -0.05316445 
821.680310    -0.06631553 
822.040283    -0.07604809 
822.401778    -0.08006697 
822.764940    -0.07663399 
823.129831    -0.06616365 
823.496332    -0.05100659 
823.864206    -0.03363224 
824.233184    -0.01522737 
824.602950    0.00370089 
824.973201    0.02153650 
825.343748    0.03750099 
825.714478    0.05191658 
826.085320    0.06430948 
826.456285    0.07303557 
826.827526    0.07600174 
827.199281    0.07202901 
827.571719    0.06173531 
827.944845    0.04697859 
828.318509    0.02945975 
828.692420    0.00980561 
829.066120    -0.01128960 
829.439108    -0.03199794 
829.810948    -0.05210278 
830.181247    -0.07116631 
830.549765    -0.08654529 
830.916655    -0.09392087 
831.282442    -0.09018134 
831.647630    -0.07623250 
832.012417    -0.05601650 
832.376783    -0.03315050 
832.740592    -0.00900164 
833.103561    0.01574939 
833.465354    0.03973545 
833.825601    0.06354961 
834.183819    0.08667587 
834.539659    0.10502480 
834.893390    0.11138856 
835.245789    0.10131474 
835.597334    0.07848262 
835.948045    0.05068487 
836.297956    0.02295230 
836.647248    -0.00360104 
836.996156    -0.02786861 
837.344953    -0.04981753 
837.693776    -0.07035013 
838.042597    -0.08860809 
838.391443    -0.10098111 
838.740660    -0.10224645 
839.090696    -0.09022350 
839.441625    -0.06873450 
839.793236    -0.04401125 
840.145418    -0.01982559 
840.498242    0.00292720 
840.851892    0.02302066 
841.206659    0.04013843 
841.562793    0.05510705 
841.920425    0.06784792 
842.279620    0.07690761 
842.640482    0.07999232 
843.003145    0.07557795 
843.367634    0.06437543 
843.733798    0.04886402 
844.101387    0.03141299 
844.470124    0.01305072 
844.839693    -0.00563818 
845.209810    -0.02297666 
845.580310    -0.03837483 
845.951101    -0.05214535 
846.322130    -0.06377177 
846.693425    -0.07168310 
847.065137    -0.07399298 
847.437481    -0.06973401 
847.810597    -0.05956134 
848.184471    -0.04517861 
848.558942    -0.02807875 
848.933703    -0.00877517 
849.308279    0.01196094 
849.682162    0.03228467 
850.054914    0.05196353 
850.426151    0.07047789 
850.795658    0.08521283 
851.163602    0.09209463 
851.530492    0.08831897 
851.896814    0.07480953 
852.262771    0.05522023 
852.628340    0.03288259 
852.993367    0.00904002 
853.357525    -0.01564609 
853.720421    -0.03978071 
854.081620    -0.06391468 
854.440576    -0.08743013 
854.796904    -0.10600008 
855.150888    -0.11217564 
855.503337    -0.10158966 
855.854750    -0.07825486 
856.205167    -0.05010231 
856.554645    -0.02206022 
856.903378    0.00484399 
857.251595    0.02949017 
857.599548    0.05198013 
857.947333    0.07316482 
858.294880    0.09194278 
858.642220    0.10422475 
858.989758    0.10438730 
859.337971    0.09057468 
859.686912    0.06744493 
860.036368    0.04166271 
860.386288    0.01686072 
860.736822    -0.00614330 
861.088249    -0.02608493 
861.440935    -0.04300185 
861.795167    -0.05771232 
862.151091    -0.06997525 
862.508787    -0.07819423 
862.868369    -0.08009172 
863.229952    -0.07442367 
863.593517    -0.06227973 
863.958874    -0.04631104 
864.325758    -0.02878008 
864.693890    -0.01055204 
865.062970    0.00767447 
865.432747    0.02423340 
865.803095    0.03875448 
866.173948    0.05156212 
866.545274    0.06217847 
866.917102    0.06921491 
867.289561    0.07105886 
867.662821    0.06691172 
868.036983    0.05733692 
868.412012    0.04376590 
868.787733    0.02744174 
869.163823    0.00877188 
869.539787    -0.01147729 
869.915089    -0.03141110 
870.289274    -0.05067732 
870.661955    -0.06874198 
871.032919    -0.08313488 
871.402319    -0.09006986 
871.770641    -0.08690826 
872.138370    -0.07435832 
872.505728    -0.05567024 
872.872706    -0.03393796 
873.239132    -0.01037956 
873.604632    0.01442282 
873.968733    0.03898709 
874.330913    0.06376364 
874.690535    0.08811265 
875.047145    0.10750097 
875.401021    0.11405816 
875.753036    0.10318709 
876.103744    0.07917192 
876.453224    0.05030254 
876.801570    0.02161017 
877.149008    -0.00590357 
877.495789    -0.03112705 
877.842162    -0.05428893 
878.188197    -0.07619360 
878.533795    -0.09551588 
878.879003    -0.10769349 
879.224289    -0.10669796 
879.570162    -0.09102948 
879.916640    -0.06622549 
880.263516    -0.03939793 
880.610812    -0.01405149 
880.958777    0.00903570 
881.307804    0.02865269 
881.658345    0.04515070 
882.010729    0.05932780 
882.365121    0.07086712 
882.721606    0.07817295 
883.080281    0.07911813 
883.441222    0.07272892 
883.804358    0.06029237 
884.169461    0.04443905 
884.536251    0.02726100 
884.904441    0.00949605 
885.273731    -0.00811993 
885.643877    -0.02395979 
886.014759    -0.03770353 
886.386316    -0.04969854 
886.758513    -0.05959452 
887.131365    -0.06623635 
887.504966    -0.06823307 
