0.000000    0.00000000 
0.398497    0.00814459 
0.795669    0.01496051 
1.191086    0.01949009 
1.584700    0.02120253 
1.976667    0.01993182 
2.367096    0.01583754 
2.755860    0.00943136 
3.142548    0.00160397 
3.526636    -0.00644065 
3.907774    -0.01337623 
4.286007    -0.01801950 
4.661780    -0.01957904 
5.035706    -0.01781648 
5.408267    -0.01308584 
5.779617    -0.00624275 
6.149620    0.00155757 
6.518058    0.00911412 
6.884880    0.01539898 
7.250328    0.01967483 
7.614913    0.02150781 
7.979264    0.02072874 
8.343930    0.01740733 
8.709205    0.01186910 
9.075044    0.00473250 
9.441135    -0.00308953 
9.807122    -0.01047263 
10.172849    -0.01625602 
10.538495    -0.01946895 
10.904489    -0.01954295 
11.271257    -0.01644672 
11.638961    -0.01070138 
12.007403    -0.00326477 
12.376142    0.00468301 
12.744756    0.01198065 
13.113063    0.01767238 
13.481210    0.02109600 
13.849588    0.02188725 
14.218654    0.01995467 
14.588713    0.01547555 
14.959762    0.00892418 
15.331465    0.00109795 
15.703313    -0.00691552 
16.074896    -0.01387081 
16.446137    -0.01859035 
16.817328    -0.02022566 
17.188914    -0.01846792 
17.561181    -0.01363038 
17.934050    -0.00656884 
18.307114    0.00153078 
18.679875    0.00941598 
19.052023    0.01598967 
19.423586    0.02043658 
19.794910    0.02225800 
20.166487    0.02125955 
20.538729    0.01753882 
20.911767    0.01149460 
21.285376    0.00384444 
21.659078    -0.00438860 
22.032398    -0.01196606 
22.405146    -0.01762569 
22.777530    -0.02034901 
23.150015    -0.01962131 
23.522996    -0.01557616 
23.896529    -0.00895674 
24.270288    -0.00091272 
24.643768    0.00727460 
25.016581    0.01443291 
25.388660    0.01964614 
25.760286    0.02231019 
26.131958    0.02213523 
26.504154    0.01913559 
26.877115    0.01363119 
27.250720    0.00625936 
27.624536    -0.00202860 
27.998048    -0.01002927 
28.370956    -0.01644585 
28.743363    -0.02014194 
29.115701    -0.02042297 
29.488436    -0.01723151 
29.861743    -0.01116374 
30.235387    -0.00329941 
30.608877    0.00507210 
30.981754    0.01271491 
31.353848    0.01862247 
31.725356    0.02209471 
32.096746    0.02275026 
32.468542    0.02051657 
32.841081    0.01562717 
33.214349    0.00863222 
33.587980    0.00040354 
33.961441    -0.00790530 
34.334333    -0.01498765 
34.706635    -0.01961625 
35.078718    -0.02093170 
35.451085    -0.01867896 
35.824024    -0.01328229 
36.197413    -0.00572132 
36.570797    0.00272962 
36.943666    0.01078279 
37.315744    0.01734393 
37.687127    0.02161547 
38.058236    0.02312182 
38.429614    0.02170107 
38.801686    0.01749825 
39.174550    0.01097333 
39.547927    0.00291192 
39.921292    -0.00559587 
40.294163    -0.01325490 
40.666392    -0.01877082 
41.038257    -0.02113526 
41.410269    -0.01989457 
41.782817    -0.01528247 
42.155899    -0.00815071 
42.529123    0.00026684 
42.901948    0.00864616 
43.273999    0.01581070 
43.645261    0.02086462 
44.016082    0.02323530 
44.387012    0.02266909 
44.758552    0.01922093 
45.130925    0.01325815 
45.503964    0.00547404 
45.877194    -0.00311788 
46.250083    -0.01125479 
46.622361    -0.01759949 
46.994190    -0.02101262 
47.366052    -0.02084427 
47.738412    -0.01712190 
48.111391    -0.01054251 
48.484675    -0.00227328 
48.857712    0.00634235 
49.230031    0.01405135 
49.601491    0.01985789 
49.972345    0.02308835 
50.343112    0.02339479 
50.714340    0.02074221 
51.086354    0.01540736 
51.459095    0.00799190 
51.832144    -0.00057265 
52.204937    -0.00907154 
52.577088    -0.01615045 
52.948633    -0.02056707 
53.320003    -0.02149271 
53.691727    -0.01874576 
54.064067    -0.01284578 
54.436839    -0.00486110 
54.809535    0.00387396 
55.181629    0.01204704 
55.552872    0.01856804 
55.923416    0.02266061 
56.293734    0.02387783 
56.664405    0.02208975 
57.035850    0.01747737 
57.408133    0.01054373 
57.780918    0.00212677 
58.153634    -0.00662512 
58.525790    -0.01436362 
58.897273    -0.01976436 
59.268417    -0.02182862 
59.639772    -0.02015634 
60.011716    -0.01506517 
60.384200    -0.00749548 
60.756775    0.00125007 
61.128875    0.00981064 
61.500138    0.01700282 
61.870595    0.02194407 
62.240650    0.02408524 
62.610891    0.02320077 
62.981826    0.01937756 
63.353646    0.01302124 
63.726124    0.00487235 
64.098723    -0.00400071 
64.470880    -0.01228086 
64.842336    -0.01859293 
65.213303    -0.02179296 
65.584312    -0.02126788 
65.955843    -0.01711523 
66.327991    -0.01011355 
66.700399    -0.00149899 
67.072491    0.00734302 
67.443804    0.01514539 
67.814236    0.02091811 
68.184096    0.02400358 
68.553954    0.02407372 
68.924385    0.02111575 
69.295704    0.01543327 
69.667815    0.00766331 
70.040245    -0.00121651 
70.412384    -0.00993791 
70.783840    -0.01709686 
71.154677    -0.02142253 
71.525371    -0.02209385 
71.896475    -0.01897587 
72.268232    -0.01266072 
72.640408    -0.00429247 
73.012443    0.00473587 
73.383793    0.01307946 
73.754228    0.01963978 
74.123942    0.02364817 
74.493464    0.02467424 
74.863411    0.02260963 
75.234212    0.01766235 
75.605905    0.01037041 
75.978107    0.00161687 
76.350202    -0.00739654 
76.721681    -0.01526910 
77.092455    -0.02064084 
77.462906    -0.02251020 
77.833617    -0.02051323 
78.204966    -0.01503320 
78.576862    -0.00708459 
78.948806    0.00196876 
79.320201    0.01072945 
79.690690    0.01800193 
80.060340    0.02290850 
80.429603    0.02491371 
80.799108    0.02380963 
81.169380    0.01970388 
81.540599    0.01302820 
81.912501    0.00455775 
82.284503    -0.00459473 
82.656010    -0.01306276 
83.026773    -0.01942861 
83.397039    -0.02252848 
83.767381    -0.02176346 
84.138292    -0.01727796 
84.509842    -0.00991548 
84.881630    -0.00097500 
85.253038    0.00811264 
85.623594    0.01605714 
85.993219    0.02186364 
86.362263    0.02488097 
86.731343    0.02479323 
87.101062    0.02160338 
87.471739    0.01563544 
87.843252    0.00755455 
88.215083    -0.00162343 
88.586584    -0.01058335 
88.957350    -0.01787404 
89.327470    -0.02219161 
89.697460    -0.02271025 
90.067902    -0.01932351 
90.439030    -0.01267700 
90.810573    -0.00397567 
91.181927    0.00533630 
91.552523    0.01388156 
91.922137    0.02054721 
92.290999    0.02456283 
92.659680    0.02550301 
93.028839    0.02326802 
93.398924    0.01807844 
93.769962    0.01049197 
94.141533    0.00142252 
94.512973    -0.00788421 
94.883745    -0.01597495 
95.253765    -0.02144114 
95.623452    -0.02325385 
95.993430    -0.02105557 
96.364087    -0.01526969 
96.735308    -0.00697087 
97.106546    0.00241604 
97.477167    0.01144650 
97.846807    0.01889682 
98.215555    0.02387739 
98.583910    0.02585162 
98.952550    0.02461681 
99.322034    0.02029115 
99.692541    0.01332435 
100.063779    0.00452104 
100.435113    -0.00496227 
100.805907    -0.01370347 
101.175902    -0.02022842 
101.545374    -0.02333410 
101.914940    -0.02241586 
102.285121    -0.01765041 
102.655971    -0.00994062 
103.027048    -0.00065165 
103.397689    0.00873105 
103.767403    0.01688294 
104.136126    0.02279426 
104.504250    0.02581234 
104.872440    0.02562746 
105.241338    0.02225352 
105.611276    0.01603072 
105.982111    0.00764859 
106.353281    -0.00184130 
106.724093    -0.01107698 
107.094121    -0.01855641 
107.463469    -0.02293487 
107.832694    -0.02337123 
108.202407    -0.01977699 
108.572845    -0.01284337 
108.943705    -0.00383252 
109.314342    0.00576007 
109.684160    0.01452204 
110.052935    0.02132303 
110.420925    0.02538807 
110.788745    0.02629442 
111.157089    0.02394857 
111.526429    0.01858011 
111.896789    0.01076061 
112.267717    0.00142624 
112.638510    -0.00814430 
113.008598    -0.01645581 
113.377892    -0.02205754 
113.746834    -0.02389146 
114.116084    -0.02159541 
114.486045    -0.01561503 
114.856589    -0.00706567 
115.227135    0.00258267 
115.597016    0.01184803 
115.965851    0.01948213 
116.333742    0.02458245 
116.701217    0.02660694 
117.068992    0.02535118 
117.437659    0.02093361 
117.807413    0.01380721 
118.177951    0.00478620 
118.548605    -0.00495253 
118.918701    -0.01395327 
119.287953    -0.02069817 
119.656648    -0.02394073 
120.025435    -0.02304718 
120.394864    -0.01818996 
120.765003    -0.01029329 
121.135389    -0.00076019 
121.505325    0.00888261 
121.874291    0.01727574 
122.242216    0.02338469 
122.609511    0.02654063 
122.976874    0.02642306 
123.344990    0.02303794 
123.714221    0.01672035 
124.084431    0.00816034 
124.455034    -0.00157899 
124.825291    -0.01110774 
125.194733    -0.01887852 
125.563449    -0.02349140 
125.932014    -0.02405592 
126.301078    -0.02045710 
126.670902    -0.01339115 
127.041175    -0.00415237 
127.411217    0.00571817 
127.780391    0.01476352 
128.148449    0.02181809 
128.515653    0.02608250 
128.882645    0.02711765 
129.250166    0.02481830 
129.618726    0.01940538 
129.988371    0.01144636 
130.358641    0.00188249 
130.728789    -0.00798683 
131.098197    -0.01662601 
131.466745    -0.02252763 
131.834884    -0.02457408 
132.203313    -0.02235960 
132.572479    -0.01631676 
132.942267    -0.00758055 
133.312077    0.00233723 
133.681200    0.01190639 
134.049224    0.01983622 
134.416241    0.02519224 
134.782801    0.02740982 
135.149663    0.02626775 
135.517470    0.02187091 
135.886453    0.01466204 
136.256316    0.00545237 
136.626361    -0.00457002 
136.995857    -0.01391708 
137.364469    -0.02101624 
137.732467    -0.02455364 
138.100527    -0.02383513 
138.469250    -0.01900001 
138.838728    -0.01097622 
139.208488    -0.00120179 
139.577795    0.00874636 
139.946082    0.01745957 
140.313253    0.02386390 
140.679722    0.02726220 
141.046224    0.02731362 
141.413492    0.02400816 
141.781934    0.01766770 
142.151438    0.00897398 
142.521403    -0.00100738 
142.891041    -0.01086523 
143.259828    -0.01900704 
143.627817    -0.02396811 
143.995599    -0.02478948 
144.363872    -0.02130573 
144.732944    -0.01419685 
145.102516    -0.00477682 
145.471885    0.00536972 
145.840369    0.01473554 
146.207686    0.02211056 
146.574087    0.02666128 
146.940239    0.02792327 
147.306929    0.02577114 
147.674722    0.02040816 
148.043702    0.01238709 
148.413414    0.00264223 
148.783075    -0.00751791 
149.152005    -0.01652434 
149.520033    -0.02281063 
149.887597    -0.02518583 
150.255430    -0.02317835 
150.624031    -0.01718420 
150.993313    -0.00834069 
151.362663    0.00180602 
151.731330    0.01167611 
152.098855    0.01993008 
152.465303    0.02559400 
152.831230    0.02807388 
153.197431    0.02712617 
153.564596    0.02283672 
153.933005    0.01563141 
154.302381    0.00630929 
154.672007    -0.00394222 
155.041102    -0.01361518 
155.409271    -0.02109123 
155.776753    -0.02498959 
156.144242    -0.02454545 
156.512386    -0.01984630 
156.881324    -0.01180300 
157.250593    -0.00187178 
157.619428    0.00832957 
157.987219    0.01734548 
158.353833    0.02406056 
158.719677    0.02774539 
159.085505    0.02803424 
159.452096    0.02489592 
159.819909    0.01863235 
160.188869    0.00990710 
160.558379    -0.00022551 
160.927616    -0.01034972 
161.295995    -0.01884355 
161.663523    -0.02418608 
162.030783    -0.02534638 
162.398512    -0.02209288 
162.767070    -0.01506651 
163.136191    -0.00557876 
163.505160    0.00475786 
163.873257    0.01439320 
164.240155    0.02207377 
164.606080    0.02692955 
164.971702    0.02846732 
165.337841    0.02653760 
165.705111    0.02132104 
166.073644    0.01334816 
166.443005    0.00353439 
166.812398    -0.00681951 
167.181089    -0.01613073 
167.548847    -0.02279045 
167.916080    -0.02554103 
168.283537    -0.02383759 
168.651767    -0.01801973 
169.020727    -0.00920196 
169.389813    0.00105748 
169.758244    0.01114379 
170.125512    0.01967527 
170.491645    0.02563945 
170.857181    0.02841112 
171.222931    0.02772119 
171.589625    0.02363225 
171.957591    0.01654651 
172.326589    0.00723958 
172.695909    -0.00311904 
173.064735    -0.01302390 
173.432615    -0.02083323 
173.799742    -0.02511370 
174.166808    -0.02502895 
174.534503    -0.02059734 
174.903023    -0.01268481 
175.271940    -0.00273737 
175.640485    0.00760746 
176.008010    0.01685824 
176.374340    0.02386089 
176.739852    0.02785162 
177.105302    0.02843555 
177.471497    0.02555504 
177.838945    0.01948501 
178.207621    0.01086051 
178.576953    0.00070915 
178.946105    -0.00956930 
179.314438    -0.01834577 
179.681898    -0.02406043 
180.049038    -0.02561511 
180.416611    -0.02270103 
180.785029    -0.01589678 
181.154071    -0.00648438 
181.523033    0.00391820 
181.891162    0.01373161 
182.258084    0.02166442 
182.623980    0.02681054 
182.989499    0.02864617 
183.355471    0.02699544 
183.722547    0.02201340 
184.090904    0.01420313 
184.460149    0.00445132 
184.829492    -0.00596553 
185.198168    -0.01547335 
185.565889    -0.02244483 
185.933019    -0.02557236 
186.300308    -0.02423980 
186.668345    -0.01871591 
187.037145    -0.01006682 
187.406140    0.00016444 
187.774544    0.01034932 
188.141814    0.01907626 
188.507931    0.02529897 
188.873405    0.02836111 
189.239039    0.02796601 
189.605590    0.02414979 
189.973431    0.01728618 
190.342372    0.00811913 
190.711729    -0.00221327 
191.080674    -0.01222737 
191.448708    -0.02028036 
191.815966    -0.02490554 
192.183111    -0.02520365 
192.550853    -0.02111838 
192.919437    -0.01345325 
193.288481    -0.00362137 
193.657223    0.00674054 
194.024990    0.01611958 
194.391556    0.02333105 
194.757254    0.02758072 
195.122815    0.02844680 
195.489050    0.02584700 
195.856499    0.02003065 
196.225180    0.01160348 
196.594564    0.00156033 
196.963825    -0.00872934 
197.332298    -0.01765268 
197.699878    -0.02363902 
198.067074    -0.02554684 
198.434642    -0.02300034 
198.803036    -0.01650822 
199.172089    -0.00730125 
199.541132    0.00302402 
199.909411    0.01288261 
200.276515    0.02096136 
200.642579    0.02632709 
201.008217    0.02842953 
201.374248    0.02706795 
201.741338    0.02237178 
202.109710    0.01481443 
202.479017    0.00524742 
202.848501    -0.00509020 
203.217390    -0.01465420 
203.585351    -0.02182501 
203.952696    -0.02526932 
204.320146    -0.02431316 
204.688315    -0.01915183 
205.057270    -0.01078608 
205.426489    -0.00071957 
205.795201    0.00942854 
206.162840    0.01823379 
206.529339    0.02462636 
206.895162    0.02792428 
207.261085    0.02780644 
207.627864    0.02428471 
207.995902    0.01770553 
208.365056    0.00877966 
208.734689    -0.00139353 
209.103987    -0.01136813 
209.472427    -0.01952495 
209.840092    -0.02439218 
210.207603    -0.02503064 
210.575668    -0.02131804 
210.944574    -0.01398709 
211.313989    -0.00439693 
211.683186    0.00584164 
212.051483    0.01521584 
212.418618    0.02252519 
212.784874    0.02695373 
213.150938    0.02805758 
213.517601    0.02573292 
213.885414    0.02020569 
214.254432    0.01205289 
214.624172    0.00223324 
214.993841    -0.00792466 
215.362772    -0.01684387 
215.730822    -0.02296972 
216.098452    -0.02514452 
216.466393    -0.02294361 
216.835120    -0.01680841 
217.204517    -0.00790574 
217.573964    0.00221117 
217.942724    0.01197471 
218.310366    0.02006858 
218.676983    0.02554528 
219.043143    0.02783638 
219.409631    0.02672214 
219.777109    0.02231122 
220.145824    0.01505124 
220.515478    0.00575954 
220.885359    -0.00436743 
221.254717    -0.01383013 
221.623200    -0.02104180 
221.991072    -0.02467416 
222.359016    -0.02402236 
222.727641    -0.01922188 
223.097053    -0.01120437 
223.466783    -0.00141637 
223.836092    0.00855587 
224.204411    0.01729699 
224.571639    0.02373026 
224.938186    0.02715944 
225.304783    0.02724691 
225.672160    0.02398675 
226.040725    0.01770393 
226.410370    0.00908016 
226.780507    -0.00082439 
227.150361    -0.01061063 
227.519408    -0.01870357 
227.887698    -0.02365673 
228.255804    -0.02452321 
228.624409    -0.02113801 
228.993818    -0.01416914 
229.363751    -0.00491040 
229.733528    0.00507573 
230.102486    0.01430112 
230.470348    0.02157016 
230.837350    0.02605990 
231.204132    0.02731426 
231.571447    0.02521487 
231.939835    0.01996976 
232.309376    0.01213109 
232.679635    0.00262195 
233.049870    -0.00727595 
233.419441    -0.01603711 
233.788185    -0.02214804 
234.156521    -0.02446443 
234.525137    -0.02253778 
234.894505    -0.01675430 
235.264548    -0.00821293 
235.634695    0.00159256 
236.004242    0.01113295 
236.372758    0.01910829 
236.740301    0.02457176 
237.107385    0.02694747 
237.474744    0.02600484 
237.843012    0.02183898 
238.212438    0.01487867 
238.582758    0.00591266 
238.953314    -0.00390411 
239.323397    -0.01312424 
239.692661    -0.02021292 
240.061336    -0.02387601 
240.430058    -0.02340936 
240.799412    -0.01891228 
241.169521    -0.01125528 
241.539964    -0.00181946 
241.910051    0.00786090 
242.279231    0.01640136 
242.647386    0.02273754 
243.014884    0.02617359 
243.382399    0.02636636 
243.750620    0.02330093 
244.119940    0.01728863 
244.490272    0.00898879 
244.861075    -0.00057418 
245.231629    -0.01005155 
245.601440    -0.01792656 
245.970542    -0.02280305 
246.339461    -0.02375740 
246.708842    -0.02060950 
247.078987    -0.01397787 
247.449649    -0.00509011 
247.820202    0.00455331 
248.190020    0.01350864 
248.558825    0.02060437 
248.926822    0.02502630 
249.294596    0.02631819 
249.662849    0.02435678 
250.032090    0.01934100 
250.402399    0.01180652 
250.773380    0.00264756 
251.144350    -0.00689919 
251.514710    -0.01536693 
251.884309    -0.02130239 
252.253527    -0.02360361 
252.623006    -0.02182928 
252.993193    -0.01633345 
253.364027    -0.00815529 
253.734988    0.00127802 
254.105419    0.01049261 
254.474908    0.01822452 
254.843494    0.02354521 
255.211645    0.02588522 
255.580039    0.02501392 
255.949264    0.02102203 
256.319554    0.01432792 
256.690666    0.00569912 
257.061994    -0.00374672 
257.432884    -0.01261693 
257.803020    -0.01944140 
258.172616    -0.02298336 
258.542258    -0.02256810 
258.912492    -0.01828442 
259.283437    -0.01095617 
259.654711    -0.00189917 
260.025674    0.00741547 
260.395811    0.01565092 
260.765006    0.02177181 
261.133589    0.02509683 
261.502183    0.02528851 
261.871421    0.02233244 
262.241664    0.01653520 
262.612829    0.00854224 
262.984415    -0.00065088 
263.355762    -0.00974343 
263.726423    -0.01728303 
264.096435    -0.02194065 
264.466289    -0.02284146 
264.836578    -0.01981752 
265.207582    -0.01345841 
265.579077    -0.00493350 
265.950483    0.00432351 
266.321224    0.01292620 
266.691039    0.01974291 
267.060115    0.02398281 
267.428990    0.02520165 
267.798309    0.02328154 
268.168534    0.01842160 
268.539734    0.01115017 
268.911537    0.00234101 
269.283316    -0.00680867 
269.654530    -0.01489172 
270.025053    -0.02052582 
270.395245    -0.02267207 
270.765697    -0.02092271 
271.136817    -0.01562362 
271.508544    -0.00776860 
271.880397    0.00127978 
272.251770    0.01011116 
272.622284    0.01751105 
272.991976    0.02258338 
273.361277    0.02477784 
273.730808    0.02387457 
274.101103    0.01996970 
274.472362    0.01348076 
274.844351    0.00516351 
275.216505    -0.00389389 
275.588235    -0.01235041 
275.959266    -0.01880595 
276.329809    -0.02209665 
276.700410    -0.02160101 
277.071565    -0.01742249 
277.443372    -0.01035720 
277.815474    -0.00166345 
278.187282    0.00725422 
278.558329    0.01511729 
278.928512    0.02093274 
279.298143    0.02404646 
279.667797    0.02413762 
280.038050    0.02120179 
280.409222    0.01554949 
280.781220    0.00782085 
281.153576    -0.00100961 
281.525691    -0.00968410 
281.897171    -0.01681524 
282.268077    -0.02115005 
282.638869    -0.02187969 
283.010091    -0.01887001 
283.381985    -0.01270132 
283.754334    -0.00449701 
284.126601    0.00437331 
284.498258    0.01258576 
284.869075    0.01905801 
285.239230    0.02303306 
285.609222    0.02408847 
285.979640    0.02212052 
286.350895    0.01733705 
286.723026    0.01026783 
287.095676    0.00177523 
287.468266    -0.00697497 
287.840316    -0.01463095 
288.211735    -0.01988407 
288.582873    -0.02177016 
288.954276    -0.01993380 
289.326303    -0.01473355 
289.698882    -0.00713452 
290.071559    0.00155707 
290.443779    0.00999474 
290.815204    0.01701990 
291.185883    0.02177807 
291.556222    0.02374738 
291.926795    0.02272737 
292.298078    0.01882760 
292.670235    0.01247282 
293.043027    0.00441551 
293.415927    -0.00427710 
293.788404    -0.01230881 
294.160233    -0.01834727 
294.531635    -0.02130664 
294.903122    -0.02063141 
295.275137    -0.01645760 
295.647750    -0.00957141 
296.020615    -0.00118644 
296.393186    0.00735389 
296.765044    0.01483056 
297.136112    0.02029837 
297.506694    0.02313765 
297.877325    0.02305175 
298.248528    0.02005370 
298.620579    0.01446597 
298.993365    0.00693235 
299.366442    -0.00158368 
299.739261    -0.00985746 
300.111489    -0.01655958 
300.483213    -0.02051256 
300.854878    -0.02098156 
301.226979    -0.01788200 
301.599717    -0.01180424 
301.972869    -0.00384282 
302.345929    0.00468592 
302.718416    0.01251733 
303.090134    0.01862090 
303.461269    0.02227933 
303.832290    0.02309920 
304.203737    0.02099877 
304.575966    0.01620296 
304.948982    0.00925264 
305.322428    0.00100986 
305.695761    -0.00737936 
306.068559    -0.01460867 
306.440773    -0.01943886 
306.812751    -0.02098490 
307.184998    -0.01895749 
307.557825    -0.01374750 
307.931133    -0.00631100 
308.304485    0.00208765 
308.677372    0.01015922 
309.049499    0.01680133 
309.420941    0.02120607 
309.792093    0.02288715 
310.163490    0.02167133 
310.535563    0.01768979 
310.908432    0.01138336 
311.281850    0.00351125 
311.655319    -0.00486947 
312.028362    -0.01249722 
312.400811    -0.01810074 
312.772907    -0.02067216 
313.145139    -0.01973036 
313.517901    -0.01545943 
313.891227    -0.00865408 
314.264771    -0.00049950 
314.638021    0.00771139 
315.010603    0.01481509 
315.382471    0.01991546 
315.753929    0.02243182 
316.125482    0.02209802 
316.497604    0.01895217 
316.870516    0.01333772 
317.244079    0.00591301 
317.617852    -0.00235685 
317.991327    -0.01026741 
318.364226    -0.01653740 
318.736668    -0.02006178 
319.109088    -0.02018637 
319.481935    -0.01689180 
319.855362    -0.01079871 
320.229127    -0.00299164 
320.602746    0.00525364 
320.975783    0.01272666 
321.348086    0.01845015 
321.719858    0.02175189 
322.091559    0.02227463 
322.463687    0.01996622 
322.836553    0.01507664 
323.210127    0.00816619 
323.584047    0.00010568 
323.957806    -0.00796930 
324.331040    -0.01478978 
324.703746    -0.01918123 
325.076286    -0.02033875 
325.449132    -0.01804658 
325.822547    -0.01274051 
326.196401    -0.00538222 
326.570265    0.00279287 
326.943666    0.01054390 
327.316355    0.01682072 
327.688431    0.02086185 
328.060288    0.02221913 
328.432430    0.02075082 
328.805237    0.01661550 
329.178785    0.01027769 
329.552804    0.00251304 
329.926810    -0.00561982 
330.300374    -0.01288192 
330.673376    -0.01805359 
331.046083    -0.02020167 
331.418962    -0.01892459 
331.792361    -0.01446738 
332.166271    -0.00765023 
332.540333    0.00035395 
332.914064    0.00829134 
333.287132    0.01504851 
333.659531    0.01977812 
334.031577    0.02194165 
334.403757    0.02130847 
334.776505    0.01794776 
335.149996    0.01223094 
335.524057    0.00483906 
335.898251    -0.00325178 
336.272109    -0.01084742 
336.645405    -0.01670583 
337.018299    -0.01978922 
337.391224    -0.01952463 
337.764592    -0.01596497 
338.138507    -0.00977334 
338.512702    -0.00203835 
338.886707    0.00599221 
339.260125    0.01315322 
339.632846    0.01851622 
340.005100    0.02145323 
340.377338    0.02164501 
340.750028    0.01907285 
341.123432    0.01401743 
341.497481    0.00706649 
341.871799    -0.00089001 
342.245901    -0.00871460 
342.619473    -0.01516342 
342.992560    -0.01911762 
343.365539    -0.01985007 
343.738854    -0.01722446 
344.112719    -0.01173455 
344.486967    -0.00436394 
344.861167    0.00366573 
345.234876    0.01115122 
345.607891    0.01708912 
345.980344    0.02076356 
346.352639    0.02176679 
346.725257    0.01999291 
347.098538    0.01563378 
347.472512    0.00918514 
347.846884    0.00144851 
348.221177    -0.00650494 
348.595004    -0.01344756 
348.968300    -0.01820218 
349.341359    -0.01990618 
349.714639    -0.01824026 
350.088441    -0.01351990 
350.462709    -0.00660451 
350.837069    0.00133088 
351.211055    0.00905969 
351.584378    0.01551095 
351.957070    0.01988281 
352.329470    0.02167891 
352.702056    0.02070661 
353.075224    0.01707064 
353.449104    0.01117675 
353.823486    0.00373744 
354.197925    -0.00424927 
354.571981    -0.01158736 
354.945482    -0.01706312 
355.318630    -0.01969926 
355.691861    -0.01900408 
356.065551    -0.01511024 
356.439755    -0.00873621 
356.814174    -0.00098945 
357.188344    0.00689718 
357.561904    0.01379491 
357.934789    0.01881947 
358.307262    0.02138632 
358.679779    0.02121607 
359.052782    0.01832725 
359.426493    0.01303699 
359.800797    0.00596820 
360.175301    -0.00196004 
360.549537    -0.00959693 
360.923238    -0.01571257 
361.296499    -0.01923577 
361.669718    -0.01951479 
362.043317    -0.01649755 
362.417459    -0.01074649 
362.791936    -0.00328099 
363.166304    0.00467760 
363.540148    0.01195319 
363.913305    0.01758283 
364.285950    0.02089383 
364.658499    0.02151955 
365.031420    0.01939307 
365.405010    0.01474487 
365.779254    0.00810957 
366.153821    0.00032458 
366.528235    -0.00751467 
366.902145    -0.01418032 
367.275540    -0.01852913 
367.648749    -0.01976619 
368.022220    -0.01765870 
368.396211    -0.01260273 
368.770617    -0.00551022 
369.145038    0.00242875 
369.519023    0.01000479 
369.892326    0.01618331 
370.265028    0.02020563 
370.637495    0.02161812 
371.010205    0.02026875 
371.383527    0.01630214 
371.757543    0.01016459 
372.132005    0.00260810 
372.506455    -0.00533767 
372.880483    -0.01246468 
373.253966    -0.01757907 
373.627154    -0.01975958 
374.000493    -0.01859700 
374.374324    -0.01431051 
374.748648    -0.00768453 
375.123130    0.00014286 
375.497304    0.00794341 
375.870842    0.01461722 
376.243728    0.01932018 
376.616258    0.02151010 
376.988901    0.02094880 
377.362076    0.01769559 
377.735957    0.01210966 
378.110385    0.00485695 
378.484937    -0.00310464 
378.859157    -0.01060069 
379.232822    -0.01640656 
379.606081    -0.01949411 
379.979353    -0.01928818 
380.353041    -0.01582741 
380.727254    -0.00975294 
381.101738    -0.00213068 
381.476033    0.00580926 
381.849749    0.01291172 
382.222773    0.01825104 
382.595324    0.02119707 
382.967842    0.02142556 
383.340787    0.01891123 
383.714420    0.01392716 
384.088677    0.00705229 
384.463192    -0.00083334 
384.837489    -0.00860257 
385.211256    -0.01502034 
385.584534    -0.01897253 
385.957694    -0.01973053 
386.331176    -0.01715038 
386.705194    -0.01171428 
387.079588    -0.00439406 
387.453930    0.00359743 
387.827783    0.01106126 
388.200939    0.01699425 
388.573528    0.02067786 
388.945949    0.02170020 
389.318680    0.01995067 
389.692061    0.01561639 
390.066124    0.00918874 
390.440577    0.00146567 
390.814944    -0.00648376 
391.188837    -0.01343180 
391.562188    -0.01819863 
391.935292    -0.01991680 
392.308605    -0.01826150 
392.682432    -0.01354367 
393.056717    -0.00662068 
393.431085    0.00133172 
393.805068    0.00908396 
394.178374    0.01556085 
394.551035    0.01995596 
394.923391    0.02176856 
395.295923    0.02080209 
395.669036    0.01715822 
396.042859    0.01124106 
396.417184    0.00376374 
396.791561    -0.00427172 
397.165544    -0.01166145 
397.538957    -0.01718092 
397.912005    -0.01984161 
398.285131    -0.01914379 
398.658717    -0.01521816 
399.032820    -0.00878790 
399.407134    -0.00097008 
399.781187    0.00699100 
400.154612    0.01395586 
400.527341    0.01903164 
400.899643    0.02162745 
401.271984    0.02145946 
401.644816    0.01854358 
402.018366    0.01319671 
402.392518    0.00604515 
402.766867    -0.00198342 
403.140932    -0.00972364 
403.514436    -0.01592643 
403.887477    -0.01950115 
404.260460    -0.01978237 
404.633822    -0.01671498 
405.007728    -0.01087018 
405.381963    -0.00328459 
405.756068    0.00480035 
406.129615    0.01219041 
406.502439    0.01790889 
406.874720    0.02127386 
407.246891    0.02191290 
407.619439    0.01975600 
407.992675    0.01503337 
408.366584    0.00828361 
408.740824    0.00035449 
409.114905    -0.00764015 
409.488458    -0.01444668 
409.861470    -0.01889356 
410.234284    -0.02016296 
410.607367    -0.01801250 
410.980988    -0.01284548 
411.355036    -0.00559504 
411.729095    0.00252086 
412.102694    0.01026583 
412.475573    0.01658387 
412.847820    0.02070138 
413.219816    0.02215536 
413.592064    0.02078845 
413.964951    0.01674365 
414.338567    0.01047068 
414.712651    0.00273258 
415.086724    -0.00541968 
415.460347    -0.01274630 
415.833388    -0.01801579 
416.206105    -0.02027308 
416.578968    -0.01909008 
416.952336    -0.01468876 
417.326212    -0.00787660 
417.700238    0.00017348 
418.073923    0.00819709 
418.446921    0.01506439 
418.819213    0.01991001 
419.191115    0.02217826 
419.563123    0.02162312 
419.935687    0.01830049 
420.308996    0.01257143 
420.682884    0.00511176 
421.056906    -0.00309917 
421.430572    -0.01085216 
421.803639    -0.01687783 
422.176260    -0.02010323 
422.548881    -0.01992199 
422.921933    -0.01636600 
423.295536    -0.01009604 
423.669417    -0.00221621 
424.043089    0.00599916 
424.416132    0.01335541 
424.788424    0.01889724 
425.160199    0.02197466 
425.531929    0.02225105 
425.904110    0.01969426 
426.277031    0.01457612 
426.650628    0.00748258 
427.024515    -0.00068669 
427.398175    -0.00876874 
427.771264    -0.01547795 
428.143815    -0.01964399 
428.516222    -0.02049219 
428.888962    -0.01785806 
429.262269    -0.01223555 
429.635974    -0.00463504 
430.009617    0.00367923 
430.382721    0.01145843 
430.755059    0.01765964 
431.126768    0.02153658 
431.498278    0.02265941 
431.870110    0.02090664 
432.242641    0.01646061 
432.615919    0.00981617 
432.989632    0.00178771 
433.363266    -0.00652123 
433.736386    -0.01382937 
434.108904    -0.01889148 
434.481132    -0.02077932 
434.853565    -0.01913111 
435.226544    -0.01425714 
435.600016    -0.00704900 
435.973576    0.00126208 
436.346710    0.00938718 
436.719095    0.01620055 
437.090759    0.02085871 
437.462071    0.02283601 
437.833559    0.02191980 
438.205673    0.01820248 
438.578574    0.01208699 
438.952046    0.00429804 
439.325598    -0.00413165 
439.698730    -0.01194463 
440.071229    -0.01784435 
440.443302    -0.02076726 
440.815434    -0.02015805 
441.188052    -0.01612976 
441.561230    -0.00943029 
441.934641    -0.00123257 
442.307763    0.00715170 
442.680182    0.01452118 
443.051818    0.01993521 
443.422955    0.02276950 
443.794109    0.02271789 
444.165790    0.01978186 
444.538265    0.01427181 
444.911428    0.00681961 
445.284840    -0.00162227 
445.657962    -0.00983814 
446.030461    -0.01650380 
446.402423    -0.02044169 
446.774286    -0.02091145 
447.146542    -0.01781931 
447.519392    -0.01174593 
447.892613    -0.00377887 
448.265697    0.00476790 
448.638160    0.01262732 
449.009805    0.01876287 
449.380818    0.02244899 
449.751678    0.02328314 
450.122934    0.02117462 
450.494953    0.01634107 
450.867746    0.00931974 
451.240951    0.00097562 
451.614014    -0.00753309 
451.986500    -0.01487816 
452.358360    -0.01979228 
452.729956    -0.02136411 
453.101815    -0.01928902 
453.474259    -0.01395926 
453.847187    -0.00634843 
454.220141    0.00225178 
454.592586    0.01052258 
454.964215    0.01733544 
455.335105    0.02186153 
455.705675    0.02359857 
456.076494    0.02236141 
456.448018    0.01827390 
456.820383    0.01177692 
457.193323    0.00364193 
457.566302    -0.00504436 
457.938805    -0.01297200 
458.310642    -0.01880918 
458.682069    -0.02149116 
459.053612    -0.02050288 
459.425697    -0.01603014 
459.798359    -0.00890414 
460.171212    -0.00036766 
460.543699    0.00822536 
460.915406    0.01565989 
461.286290    0.02100237 
461.656686    0.02364728 
462.027155    0.02331278 
462.398224    0.02002876 
462.770148    0.01413999 
463.142776    0.00632149 
463.515618    -0.00242198 
463.888103    -0.01081922 
464.259907    -0.01750116 
464.631159    -0.02127361 
465.002348    -0.02142004 
465.373981    -0.01790816 
465.746233    -0.01139957 
466.118826    -0.00305767 
466.491209    0.00575112 
466.862887    0.01373612 
467.233689    0.01986053 
467.603853    0.02341277 
467.973908    0.02401119 
468.344436    0.02158996 
468.715805    0.01639650 
469.087995    0.00900579 
469.460592    0.00033049 
469.833002    -0.00841653 
470.204783    -0.01585591 
470.575916    -0.02068968 
470.946816    -0.02201189 
471.318037    -0.01956322 
471.689892    -0.01380904 
472.062231    -0.00580094 
472.434542    0.00310774 
472.806266    0.01156333 
473.177106    0.01842755 
473.547179    0.02287900 
473.916958    0.02443198 
474.287049    0.02292276 
474.657921    0.01850119 
475.029686    0.01164129 
475.402035    0.00315765 
475.774383    -0.00581052 
476.146189    -0.01389892 
476.517281    -0.01973467 
476.887963    -0.02224245 
477.258801    -0.02093635 
477.630229    -0.01606482 
478.002242    -0.00853543 
478.374406    0.00034154 
478.746125    0.00916814 
479.116987    0.01671099 
479.486981    0.02203761 
479.856493    0.02455470 
480.226131    0.02399816 
480.596449    0.02041958 
480.967695    0.01419122 
481.339681    0.00602465 
481.711869    -0.00302834 
482.083652    -0.01164309 
482.454709    -0.01840252 
482.825204    -0.02208695 
483.195670    -0.02199024 
483.566637    -0.01812707 
483.938258    -0.01122832 
484.310206    -0.00252722 
484.681885    0.00655738 
485.052783    0.01470651 
485.422749    0.02087613 
485.792064    0.02436091 
486.161305    0.02479253 
486.531088    0.02212271 
486.901788    0.01662141 
487.273358    0.00889417 
487.645338    -0.00010508 
488.017091    -0.00911272 
488.388158    -0.01669778 
488.758543    -0.02152526 
489.128704    -0.02268259 
489.499231    -0.01994086 
489.870428    -0.01382448 
490.242110    -0.00545355 
490.613715    0.00376040 
490.984657    0.01242686 
491.354644    0.01939233 
491.723831    0.02383566 
492.092736    0.02528007 
492.462007    0.02357529 
492.832135    0.01888870 
493.203221    0.01171839 
493.574916    0.00291287 
493.946589    -0.00634373 
494.317672    -0.01463600 
494.687997    -0.02054620 
495.057906    -0.02297668 
495.428006    -0.02145301 
495.798741    -0.01626761 
496.170084    -0.00839005 
496.541554    0.00080887 
496.912518    0.00988666 
497.282556    0.01758580 
497.651678    0.02296654 
498.020314    0.02543870 
498.389118    0.02474687 
498.758673    0.02095509 
499.129228    0.01445339 
499.500572    0.00597984 
499.872122    -0.00337570 
500.243229    -0.01224047 
500.613560    -0.01914793 
500.983304    -0.02284284 
501.353034    -0.02261196 
501.723307    -0.01849656 
502.094265    -0.01127938 
502.465545    -0.00225329 
502.836506    0.00711229 
503.206616    0.01546564 
503.575731    0.02174746 
503.944166    0.02524945 
504.312545    0.02560725 
504.681521    0.02278045 
505.051486    0.01705120 
505.422381    0.00904439 
505.793710    -0.00025582 
506.164789    -0.00954345 
506.535134    -0.01733783 
506.904757    -0.02225932 
507.274151    -0.02337150 
507.643941    -0.02045302 
508.014444    -0.01406570 
508.385444    -0.00538366 
508.756343    0.00412820 
509.126519    0.01303906 
509.495676    0.02017171 
509.863990    0.02469494 
510.232021    0.02613032 
510.600462    0.02433057 
510.969830    0.01946976 
511.340229    0.01205845 
511.711284    0.00296727 
512.082320    -0.00658450 
512.452728    -0.01513449 
512.822332    -0.02121484 
513.191496    -0.02368973 
513.560864    -0.02207319 
513.930906    -0.01667794 
514.301583    -0.00851824 
514.672379    0.00098196 
515.042621    0.01033366 
515.411869    0.01824733 
515.780142    0.02376559 
516.147903    0.02629087 
516.515851    0.02556614 
516.884606    0.02165750 
517.254435    0.01496151 
517.625114    0.00623078 
517.996022    -0.00341802 
518.366466    -0.01257096 
518.736086    -0.01971073 
519.105078    -0.02353412 
519.474052    -0.02329904 
519.843598    -0.01904821 
520.213868    -0.01159533 
520.584473    -0.00228161 
520.954735    0.00737385 
521.324087    0.01597995 
521.692382    0.02245190 
522.059958    0.02606749 
522.427478    0.02645566 
522.795639    0.02357344 
523.164863    0.01770411 
523.535092    0.00948003 
523.905804    -0.00009622 
524.276268    -0.00968516 
524.645960    -0.01775815 
525.014881    -0.02288201 
525.383549    -0.02407720 
525.752627    -0.02110506 
526.122455    -0.01454210 
526.492809    -0.00560219 
526.863052    0.00420006 
527.232527    0.01338870 
527.600918    0.02075359 
527.968409    0.02544306 
528.335593    0.02696709 
528.703209    0.02517187 
529.071811    0.02022836 
529.441522    0.01264869 
529.811953    0.00331398 
530.182388    -0.00653193 
530.552172    -0.01538536 
530.921101    -0.02172491 
531.289547    -0.02436238 
531.658192    -0.02277784 
532.027541    -0.01728053 
532.397563    -0.00891132 
532.767717    0.00086088 
533.137290    0.01049943 
533.505813    0.01867572 
533.873298    0.02440541 
534.240233    0.02707405 
534.607355    0.02641398 
534.975329    0.02248416 
535.344454    0.01567753 
535.714507    0.00674966 
536.084837    -0.00316772 
536.454703    -0.01262853 
536.823705    -0.02006642 
537.192028    -0.02412144 
537.560309    -0.02400393 
537.929180    -0.01973454 
538.298815    -0.01213704 
538.668816    -0.00258833 
539.038468    0.00734588 
539.407170    0.01623097 
539.774753    0.02294901 
540.141564    0.02675537 
540.508299    0.02726417 
540.875700    0.02442180 
541.244225    0.01850366 
541.613837    0.01013882 
541.983998    0.00033595 
542.353935    -0.00954377 
542.723074    -0.01793099 
543.091389    -0.02333717 
543.459407    -0.02472671 
543.827832    -0.02182242 
544.197038    -0.01519250 
544.566810    -0.00607289 
544.936487    0.00398083 
545.305371    0.01344788 
545.673116    0.02108015 
546.039901    0.02599830 
546.406340    0.02769317 
546.773211    0.02599688 
547.141113    0.02106888 
547.510200    0.01341264 
547.880086    0.00390711 
548.250024    -0.00619326 
548.619310    -0.01535522 
548.987696    -0.02200837 
549.355548    -0.02490534 
549.723577    -0.02347435 
550.092328    -0.01799735 
550.461798    -0.00951986 
550.831434    0.00045852 
551.200491    0.01035851 
551.568461    0.01881027 
551.935336    0.02479660 
552.301609    0.02767919 
552.668049    0.02717257 
553.035365    0.02332097 
553.403895    0.01650441 
553.773433    0.00746955 
554.143317    -0.00265121 
554.512760    -0.01239425 
554.881310    -0.02015411 
555.249126    -0.02451422 
555.616857    -0.02462506 
555.985175    -0.02046345 
556.354292    -0.01283905 
556.723819    -0.00314528 
557.093018    0.00701581 
557.461246    0.01616794 
557.828304    0.02315646 
558.194531    0.02720848 
558.560641    0.02791676 
558.927414    0.02521007 
559.295354    0.01934772 
559.664454    0.01094454 
560.034181    0.00100111 
560.403732    -0.00911598 
560.772481    -0.01781100 
561.140359    -0.02354654 
561.507886    -0.02522499 
561.875797    -0.02251237 
562.244513    -0.01594374 
562.613844    -0.00675391 
562.983121    0.00347594 
563.351611    0.01318622 
563.718930    0.02108976 
564.085234    0.02627465 
564.451141    0.02820646 
564.817456    0.02669672 
565.184823    0.02188607 
565.553436    0.01425994 
565.922929    0.00468240 
566.292542    -0.00559725 
566.661524    -0.01503250 
567.029578    -0.02201542 
567.397039    -0.02524029 
567.764635    -0.02407129 
568.132955    -0.01874110 
568.502034    -0.01027553 
568.871332    -0.00018562 
569.240077    0.00991722 
569.607720    0.01862431 
569.974223    0.02488297 
570.340065    0.02802615 
570.706032    0.02774518 
571.072869    0.02406355 
571.440959    0.01734085 
571.810131    0.00830423 
572.179724    -0.00192772 
572.548923    -0.01189084 
572.917223    -0.01995606 
573.284739    -0.02465778 
573.652115    -0.02508183 
574.020057    -0.02114413 
574.388827    -0.01361664 
574.758062    -0.00388714 
575.127014    0.00642103 
575.495007    0.01579636 
575.861802    0.02304759 
576.227711    0.02737025 
576.593451    0.02833130 
576.959826    0.02583710 
577.327384    0.02012500 
577.696160    0.01178751 
578.065641    0.00180516 
578.435011    -0.00846582 
578.803598    -0.01742042 
579.171281    -0.02348544 
579.538556    -0.02550431 
579.906175    -0.02307674 
580.274605    -0.01668526 
580.643698    -0.00754114 
581.012794    0.00276731 
581.381135    0.01265271 
581.748298    0.02079274 
582.114403    0.02624239 
582.480054    0.02843942 
582.846069    0.02717156 
583.213126    0.02255683 
583.581464    0.01505700 
583.950751    0.00551229 
584.320233    -0.00484683 
584.689127    -0.01447804 
585.057083    -0.02175311 
585.424398    -0.02531876 
585.791796    -0.02447431 
586.159902    -0.01939005 
586.528801    -0.01105152 
586.897978    -0.00096031 
587.266654    0.00925552 
587.634245    0.01815689 
588.000671    0.02465839 
588.366386    0.02806387 
588.732170    0.02803981 
589.098795    0.02458681 
589.466681    0.01804071 
589.835700    0.00910312 
590.205212    -0.00113175 
590.574390    -0.01121511 
590.942686    -0.01951330 
591.310164    -0.02452861 
591.677448    -0.02529023 
592.045262    -0.02164860 
592.413916    -0.01432221 
592.783086    -0.00467231 
593.152037    0.00567548 
593.520067    0.01518770 
593.886898    0.02264342 
594.252806    0.02720923 
594.618490    0.02842678 
594.984764    0.02617957 
595.352207    0.02068187 
595.720896    0.01250056 
596.090352    0.00258887 
596.459765    -0.00772057 
596.828437    -0.01683246 
597.196198    -0.02315876 
597.563505    -0.02550009 
597.931111    -0.02339461 
598.299518    -0.01726373 
598.668625    -0.00827689 
599.037799    0.00199147 
599.406277    0.01194380 
599.773599    0.02023427 
600.139846    0.02589104 
600.505592    0.02832702 
600.871648    0.02730769 
601.238710    0.02292927 
601.607052    0.01562936 
601.976383    0.00622053 
602.345971    -0.00409519 
602.715027    -0.01379669 
603.083161    -0.02125823 
603.450624    -0.02510176 
603.818121    -0.02457634 
604.186296    -0.01979074 
604.555278    -0.01167737 
604.924592    -0.00170751 
605.293471    0.00849552 
605.661312    0.01747904 
606.027994    0.02413576 
606.393936    0.02774669 
606.759895    0.02795723 
607.126645    0.02474766 
607.494632    0.01843163 
607.863767    0.00968421 
608.233446    -0.00043097 
608.602853    -0.01049457 
608.971418    -0.01889080 
609.339165    -0.02411647 
609.706678    -0.02516692 
610.074683    -0.02183751 
610.443520    -0.01478786 
610.812913    -0.00533463 
611.182153    0.00491747 
611.550537    0.01443414 
611.917754    0.02198020 
612.284042    0.02670312 
612.650063    0.02812541 
613.016619    0.02611212 
613.384296    0.02085779 
613.753204    0.01290536 
614.122904    0.00317810 
614.492616    -0.00702521 
614.861638    -0.01613899 
615.229770    -0.02258845 
615.597427    -0.02516042 
615.965339    -0.02335153 
616.334025    -0.01752589 
616.703425    -0.00879834 
617.072949    0.00129357 
617.441846    0.01116670 
617.809643    0.01947191 
618.176384    0.02522449 
618.542603    0.02782139 
618.909079    0.02701185 
619.276503    0.02287481 
619.645168    0.01582683 
620.014821    0.00665262 
620.384771    -0.00348091 
620.754247    -0.01309032 
621.122847    -0.02057879 
621.490781    -0.02457489 
621.858716    -0.02430413 
622.227294    -0.01982625 
622.596671    -0.01201502 
622.966419    -0.00229176 
623.335802    0.00775030 
623.704218    0.01666813 
624.071519    0.02334994 
624.438080    0.02706547 
624.804619    0.02744670 
625.171884    0.02445936 
625.540325    0.01839945 
625.909881    0.00991785 
626.279994    0.00004481 
626.649882    -0.00984140 
627.018983    -0.01816539 
627.387292    -0.02344957 
627.755353    -0.02468673 
628.123864    -0.02163821 
628.493180    -0.01490825 
628.863066    -0.00575516 
629.232857    0.00426118 
629.601869    0.01363083 
629.969781    0.02112507 
630.336789    0.02588674 
630.703513    0.02742875 
631.070714    0.02560446 
631.438966    0.02059401 
631.808394    0.01292008 
632.178600    0.00347602 
632.548849    -0.00648023 
632.918467    -0.01543008 
633.287245    -0.02183931 
633.655557    -0.02451276 
634.024094    -0.02293202 
634.393367    -0.01741583 
634.763346    -0.00901879 
635.133486    0.00077749 
635.503075    0.01042853 
635.871642    0.01860400 
636.239203    0.02432302 
636.606245    0.02697806 
636.973502    0.02631017 
637.341634    0.02238739 
637.710931    0.01561045 
638.081170    0.00673918 
638.451710    -0.00309697 
638.821823    -0.01246328 
639.191118    -0.01981381 
639.559779    -0.02381366 
639.928427    -0.02369473 
640.297676    -0.01948767 
640.667695    -0.01201112 
641.038100    -0.00262429 
641.408200    0.00713106 
641.777415    0.01584410 
642.145588    0.02241729 
642.513050    0.02612262 
642.880469    0.02658814 
643.248551    0.02377221 
643.617727    0.01795925 
643.987950    0.00978054 
644.358707    0.00023414 
644.729269    -0.00934834 
645.099105    -0.01744732 
645.468202    -0.02263586 
645.837060    -0.02393372 
646.206338    -0.02109305 
646.576381    -0.01467470 
646.946984    -0.00587501 
647.317533    0.00380656 
647.687380    0.01290493 
648.056210    0.02021704 
648.424190    0.02489621 
648.791890    0.02645677 
649.160019    0.02474880 
649.529117    0.01994515 
649.899305    0.01255456 
650.270219    0.00344479 
650.641177    -0.00616764 
651.011555    -0.01482006 
651.381153    -0.02103808 
651.750318    -0.02367167 
652.119691    -0.02221513 
652.489756    -0.01696120 
652.860495    -0.00890930 
653.231411    0.00052359 
653.601836    0.00984878 
653.971324    0.01777367 
654.339879    0.02333762 
654.707943    0.02594125 
655.076196    0.02532692 
655.445251    0.02155965 
655.815379    0.01503145 
656.186376    0.00648316 
656.557647    -0.00299035 
656.928523    -0.01200671 
657.298646    -0.01908369 
657.668186    -0.02294517 
658.037722    -0.02285627 
658.407823    -0.01884191 
658.778653    -0.01167809 
659.149859    -0.00266079 
659.520804    0.00673138 
659.890944    0.01513639 
660.260126    0.02148718 
660.628651    0.02507141 
660.997133    0.02552368 
661.366222    0.02280357 
661.736316    0.01719164 
662.107367    0.00930675 
662.478899    0.00012026 
662.850242    -0.00908183 
663.220913    -0.01684245 
663.590907    -0.02180167 
663.960690    -0.02303007 
664.330871    -0.02029565 
664.701769    -0.01413412 
665.073195    -0.00568621 
665.444583    0.00361457 
665.815333    0.01236099 
666.185150    0.01939090 
666.554186    0.02388191 
666.922964    0.02536100 
667.292138    0.02368400 
667.662202    0.01902448 
668.033259    0.01188468 
668.404966    0.00311343 
668.776698    -0.00611017 
669.147887    -0.01438100 
669.518362    -0.02029446 
669.888452    -0.02276413 
670.258751    -0.02132002 
670.629701    -0.01624958 
671.001283    -0.00850929 
671.373035    0.00054735 
671.744342    0.00949511 
672.114792    0.01709131 
672.484388    0.02240818 
672.853541    0.02486545 
673.222875    0.02421593 
673.592949    0.02052958 
673.964002    0.01419731 
674.335833    0.00594860 
674.707892    -0.00314978 
675.079569    -0.01176472 
675.450549    -0.01848123 
675.821007    -0.02209401 
676.191479    -0.02192070 
676.562487    -0.01800189 
676.934173    -0.01108793 
677.306206    -0.00241952 
677.677996    0.00658944 
678.049045    0.01463384 
678.419216    0.02068786 
678.788791    0.02406544 
679.158339    0.02441685 
679.528455    0.02171095 
679.899490    0.01623206 
680.271389    0.00859454 
680.643699    -0.00024918 
681.015810    -0.00905246 
681.387291    -0.01641893 
681.758159    -0.02106114 
682.128858    -0.02211420 
682.499947    -0.01938109 
682.871706    -0.01339149 
683.243952    -0.00524389 
683.616156    0.00368918 
683.987767    0.01206108 
684.358520    0.01875790 
684.728565    0.02299042 
685.098390    0.02430685 
685.468595    0.02257665 
685.839623    0.01798176 
686.211551    0.01102619 
686.584047    0.00254887 
686.956528    -0.00629943 
687.328488    -0.01416454 
687.699791    -0.01971089 
688.070763    -0.02192349 
688.441955    -0.02038404 
688.813762    -0.01539478 
689.186150    -0.00788725 
689.558682    0.00083728 
689.930788    0.00941412 
690.302100    0.01665411 
690.672632    0.02166943 
691.042775    0.02390703 
691.413107    0.02313820 
691.784135    0.01944573 
692.156060    0.01322797 
692.528673    0.00521270 
692.901457    -0.00355078 
693.273855    -0.01176888 
693.645604    -0.01808830 
694.016892    -0.02137683 
694.388226    -0.02101636 
694.760080    -0.01708198 
695.132562    -0.01031892 
695.505351    -0.00192884 
695.877894    0.00673059 
696.249739    0.01441041 
696.620776    0.02013061 
696.991282    0.02323845 
697.361791    0.02340783 
697.732847    0.02062506 
698.104755    0.01518718 
698.477437    0.00771432 
698.850456    -0.00084815 
699.223247    -0.00928092 
699.595436    -0.01623920 
699.967071    -0.02050587 
700.338584    -0.02128839 
700.710489    -0.01844187 
701.083024    -0.01251170 
701.455995    -0.00457409 
701.828898    0.00404645 
702.201229    0.01205931 
702.572761    0.01840106 
702.943654    0.02232192 
703.314374    0.02339926 
703.685478    0.02152472 
704.057359    0.01689779 
704.430058    0.01003471 
704.803242    0.00177650 
705.176364    -0.00674168 
705.548970    -0.01420564 
705.920972    -0.01934369 
706.292702    -0.02121642 
706.664676    -0.01947144 
707.037241    -0.01444669 
707.410336    -0.00707022 
707.783533    0.00139281 
708.156305    0.00963034 
708.528325    0.01650643 
708.899633    0.02117810 
709.270613    0.02312704 
709.641807    0.02215153 
710.013674    0.01835650 
710.386368    0.01215813 
710.759665    0.00429434 
711.133065    -0.00419025 
711.506064    -0.01202986 
711.878450    -0.01792585 
712.250435    -0.02082051 
712.622508    -0.02017130 
712.995094    -0.01610701 
713.368263    -0.00938916 
713.741683    -0.00119811 
714.114835    0.00715451 
714.487313    0.01447360 
714.859040    0.01982856 
715.230303    0.02260685 
715.601613    0.02251431 
715.973467    0.01956369 
716.346122    0.01407458 
716.719469    0.00668384 
717.093074    -0.00165837 
717.466413    -0.00974885 
717.839170    -0.01628661 
718.211431    -0.02012403 
718.583626    -0.02054897 
718.956228    -0.01748461 
719.329426    -0.01151168 
719.703003    -0.00370175 
720.076473    0.00465700 
720.449375    0.01232569 
720.821524    0.01829316 
721.193102    0.02185459 
721.564566    0.02262392 
721.936432    0.02052322 
722.309043    0.01577853 
722.682401    0.00892819 
723.056159    0.00082611 
723.429798    -0.00739760 
723.802918    -0.01446066 
724.175483    -0.01915262 
724.547837    -0.02061466 
724.920468    -0.01857292 
725.293672    -0.01341798 
725.667351    -0.00609119 
726.041078    0.00216617 
726.414362    0.01008871 
726.786923    0.01659372 
727.158835    0.02088710 
727.530483    0.02249147 
727.902382    0.02123933 
728.274942    0.01726560 
728.648272    0.01101283 
729.022121    0.00323841 
729.396001    -0.00500832 
729.769457    -0.01248155 
730.142333    -0.01793334 
730.514872    -0.02038253 
730.887548    -0.01937078 
731.260738    -0.01509395 
731.634464    -0.00834449 
732.008382    -0.00029356 
732.381997    0.00778593 
732.754949    0.01475056 
733.127202    0.01972102 
733.499060    0.02212936 
733.871015    0.02171902 
734.243523    0.01853566 
734.616792    0.01292862 
734.990675    0.00555945 
735.364737    -0.00260847 
735.738489    -0.01038027 
736.111672    -0.01649352 
736.484417    -0.01986937 
736.857155    -0.01988090 
737.230318    -0.01652919 
737.604046    -0.01044250 
737.978092    -0.00269944 
738.351980    0.00543974 
738.725292    0.01278362 
739.097887    0.01837296 
739.469976    0.02155034 
739.842011    0.02197029 
740.214476    0.01959036 
740.587665    0.01466893 
740.961533    0.00777315 
741.335720    -0.00022280 
741.709727    -0.00818635 
742.083209    -0.01486092 
742.456181    -0.01909405 
742.829005    -0.02010876 
743.202144    -0.01771553 
743.575839    -0.01236705 
743.949953    -0.00502848 
744.324055    0.00307348 
744.697687    0.01071385 
745.070615    0.01686026 
745.442949    0.02076754 
745.815084    0.02200134 
746.187513    0.02043180 
746.560601    0.01622829 
746.934407    0.00986525 
747.308654    0.00212614 
747.682862    -0.00592759 
748.056617    -0.01306279 
748.429822    -0.01807663 
748.802751    -0.02006226 
749.175868    -0.01864777 
749.549503    -0.01410270 
749.923629    -0.00725986 
750.297884    0.00070883 
750.671792    0.00856088 
751.045036    0.01519920 
751.417625    0.01979337 
751.789883    0.02182018 
752.162293    0.02106261 
752.535274    0.01760248 
752.908983    0.01182347 
753.283236    0.00441793 
753.657591    -0.00363013 
754.031590    -0.01112589 
754.405029    -0.01683784 
754.778083    -0.01975068 
755.151188    -0.01932187 
755.524741    -0.01563438 
755.898828    -0.00937238 
756.273168    -0.00163190 
756.647295    0.00634466 
757.020823    0.01340568 
757.393662    0.01863927 
757.766052    0.02143373 
758.138449    0.02148480 
758.511311    0.01878784 
758.884884    0.01363756 
759.259080    0.00663554 
759.633517    -0.00131620 
760.007715    -0.00907371 
760.381376    -0.01539689 
760.754568    -0.01918386 
761.127675    -0.01973599 
761.501135    -0.01695009 
761.875141    -0.01134804 
762.249510    -0.00392938 
762.623804    0.00408247 
762.997589    0.01149341 
763.370678    0.01731496 
763.743222    0.02084768 
764.115631    0.02169973 
764.488384    0.01978055 
764.861803    0.01529746 
765.235901    0.00876223 
765.610367    0.00099195 
765.984724    -0.00693042 
766.358596    -0.01377426 
766.731941    -0.01837300 
767.105069    -0.01988900 
767.478436    -0.01803720 
767.852328    -0.01316694 
768.226667    -0.00616172 
768.601066    0.00179399 
768.975064    0.00947759 
769.348387    0.01583068 
769.721088    0.02006758 
770.093519    0.02170860 
770.466160    0.02057733 
770.839400    0.01679490 
771.213347    0.01078435 
771.587776    0.00327592 
771.962233    -0.00471662 
772.336286    -0.01198843 
772.709784    -0.01732956 
773.082948    -0.01978215 
773.456225    -0.01888695 
773.829975    -0.01481354 
774.204233    -0.00831117 
774.578680    -0.00050460 
774.952849    0.00737084 
775.326390    0.01419507 
775.699260    0.01909844 
776.071735    0.02151292 
776.444282    0.02117589 
776.817337    0.01812294 
777.191101    0.01268946 
777.565441    0.00551796 
777.939946    -0.00245332 
778.314151    -0.01005932 
778.687804    -0.01606703 
779.061025    -0.01941841 
779.434222    -0.01949094 
779.807815    -0.01627089 
780.181943    -0.01035712 
780.556378    -0.00279375 
780.930665    0.00518879 
781.304396    0.01241885 
781.677430    0.01794625 
782.049962    0.02111451 
782.422423    0.02157400 
782.795283    0.01927501 
783.168828    0.01446617 
783.543021    0.00770191 
783.917514    -0.00015986 
784.291829    -0.00800592 
784.665626    -0.01459927 
785.038916    -0.01880234 
785.412050    -0.01984304 
785.785478    -0.01752425 
786.159440    -0.01228064 
786.533808    -0.00505488 
786.908163    0.00294658 
787.282057    0.01051255 
787.655256    0.01661704 
788.027862    0.02051530 
788.400258    0.02176961 
788.772929    0.02024465 
789.146234    0.01610301 
789.520234    0.00981118 
789.894659    0.00214339 
790.269039    -0.00584898 
790.642965    -0.01294234 
791.016337    -0.01794054 
791.389426    -0.01993811 
791.762688    -0.01855828 
792.136451    -0.01406072 
792.510695    -0.00726660 
792.885061    0.00066202 
793.259076    0.00848861 
793.632426    0.01511774 
794.005114    0.01971733 
794.377460    0.02176045 
794.749945    0.02102541 
795.122987    0.01758910 
795.496747    0.01183040 
795.871042    0.00443758 
796.245432    -0.00360805 
796.619458    -0.01111209 
796.992915    -0.01684047 
797.365977    -0.01977259 
797.739078    -0.01935924 
798.112619    -0.01567743 
798.486689    -0.00940804 
798.861006    -0.00164728 
799.235101    0.00635927 
799.608585    0.01345498 
799.981363    0.01872226 
800.353679    0.02154389 
800.725991    0.02161055 
801.098763    0.01891336 
801.472247    0.01374403 
801.846356    0.00670342 
802.220702    -0.00130370 
802.594799    -0.00912599 
802.968343    -0.01551152 
803.341399    -0.01934434 
803.714357    -0.01991347 
804.087664    -0.01710933 
804.461518    -0.01145552 
804.835733    -0.00396045 
805.209860    0.00413962 
805.583457    0.01163727 
805.956332    0.01753256 
806.328637    0.02111716 
806.700794    0.02199265 
807.073293    0.02006384 
807.446470    0.01553562 
807.820339    0.00892075 
808.194583    0.00104248 
808.568709    -0.00700301 
808.942330    -0.01396500 
809.315396    -0.01865308 
809.688229    -0.02020855 
810.061297    -0.01833511 
810.434898    -0.01338458 
810.808951    -0.00625546 
811.183057    0.00184572 
811.556735    0.00967360 
811.929702    0.01615068 
812.302013    0.02047730 
812.674033    0.02216420 
813.046263    0.02102888 
813.419109    0.01718952 
813.792688    0.01107038 
814.166767    0.00340955 
814.540874    -0.00476225 
814.914555    -0.01221328 
815.287645    -0.01770022 
815.660375    -0.02023348 
816.033209    -0.01933390 
816.406529    -0.01516998 
816.780369    -0.00850871 
817.154398    -0.00050469 
817.528123    0.00757420 
817.901176    0.01457971 
818.273510    0.01962140 
818.645418    0.02211738 
819.017392    0.02179635 
819.389894    0.01868943 
819.763142    0.01313235 
820.137001    0.00577538 
820.511038    -0.00242466 
820.884756    -0.01027127 
821.257882    -0.01648978 
821.630538    -0.01997901 
822.003156    -0.02008492 
822.376181    -0.01678470 
822.749765    -0.01069347 
823.123664    -0.00289032 
823.497396    0.00535243 
823.870524    0.01282490 
824.242898    0.01854774 
824.614722    0.02184474 
824.986460    0.02235387 
825.358614    0.02001852 
825.731497    0.01508585 
826.105078    0.00811658 
826.478986    -0.00001315 
826.852707    -0.00815659 
827.225870    -0.01502885 
827.598476    -0.01943855 
827.970897    -0.02056877 
828.343618    -0.01820150 
828.716902    -0.01278154 
829.090612    -0.00528797 
829.464301    0.00302331 
829.837481    0.01089264 
830.209900    0.01725523 
830.581665    0.02133926 
830.953190    0.02268969 
831.325000    0.02116090 
831.697490    0.01691118 
832.070739    0.01041065 
832.444459    0.00244944 
832.818142    -0.00588805 
833.191335    -0.01332694 
833.563918    -0.01860829 
833.936174    -0.02076793 
834.308599    -0.01939317 
834.681556    -0.01474279 
835.055027    -0.00767120 
835.428624    0.00060541 
835.801833    0.00879240 
836.174305    0.01574497 
836.546041    0.02059513 
836.917387    0.02279226 
837.288869    0.02209992 
837.660952    0.01858710 
838.033824    0.01263263 
838.407297    0.00493685 
838.780892    -0.00348881 
839.154101    -0.01139829 
839.526679    -0.01748848 
839.898803    -0.02066716 
840.270947    -0.02033223 
840.643555    -0.01654448 
841.016734    -0.01000958 
841.390183    -0.00187862 
841.763383    0.00653690 
842.135903    0.01402019 
842.507632    0.01960766 
842.878832    0.02265061 
843.250006    0.02281940 
843.621675    0.02009279 
843.994131    0.01475792 
844.367294    0.00742262 
844.740747    -0.00098333 
845.113946    -0.00925972 
845.486533    -0.01608278 
845.858562    -0.02025417 
846.230453    -0.02099255 
846.602706    -0.01815301 
846.975553    -0.01227007 
847.348799    -0.00440264 
847.721950    0.00414222 
848.094510    0.01208673 
848.466255    0.01837385 
848.837347    0.02225453 
849.208246    0.02330314 
849.579507    0.02140674 
849.951517    0.01676045 
850.324315    0.00987786 
850.697564    0.00160040 
851.070714    -0.00693263 
851.443314    -0.01439968 
851.815279    -0.01952053 
852.186950    -0.02134956 
852.558851    -0.01953358 
852.931328    -0.01441621 
853.304312    -0.00693625 
853.677362    0.00162833 
854.049940    0.00995326 
854.421713    0.01689243 
854.792731    0.02159477 
855.163392    0.02353551 
855.534259    0.02250796 
855.905803    0.01861459 
856.278185    0.01227369 
856.651167    0.00423329 
857.024224    -0.00444106 
857.396830    -0.01245164 
857.768767    -0.01846201 
858.140262    -0.02138156 
858.511832    -0.02065171 
858.883922    -0.01640912 
859.256595    -0.00944471 
859.629494    -0.00097984 
860.002064    0.00763294 
860.373878    0.01516550 
860.744862    0.02066420 
861.115330    0.02350179 
861.485832    0.02337525 
861.856906    0.02029338 
862.228828    0.01457868 
862.601477    0.00688230 
862.974385    -0.00181441 
863.346976    -0.01025740 
863.718904    -0.01708032 
864.090265    -0.02107079 
864.461531    -0.02147376 
864.833217    -0.01820770 
865.205527    -0.01188912 
865.578211    -0.00365283 
865.950730    0.00514268 
866.322578    0.01319776 
866.693555    0.01945732 
867.063873    0.02318850 
867.434044    0.02398861 
867.804650    0.02177127 
868.176078    0.01676268 
868.548333    0.00951485 
868.921028    0.00091668 
869.293573    -0.00783906 
869.665508    -0.01538194 
870.036785    -0.02040415 
870.407792    -0.02196862 
870.779084    -0.01977016 
871.150997    -0.01422693 
871.523412    -0.00635577 
871.895838    0.00250508 
872.267710    0.01099880 
872.638711    0.01797220 
873.008931    0.02258414 
873.378820    0.02432855 
873.748979    0.02302173 
874.119891    0.01879305 
874.491696    0.01209420 
874.864110    0.00371567 
875.236562    -0.00522605 
875.608504    -0.01338119 
875.979736    -0.01937492 
876.350531    -0.02210843 
876.721447    -0.02105394 
877.092932    -0.01641142 
877.465017    -0.00904798 
877.837290    -0.00025154 
878.209160    0.00858270 
878.580199    0.01620992 
878.950365    0.02167918 
879.320022    0.02437703 
879.689765    0.02401952 
880.060154    0.02063827 
880.431460    0.01458410 
880.803523    0.00654496 
881.175827    -0.00245111 
881.547762    -0.01109778 
881.918985    -0.01798264 
882.289626    -0.02187019 
882.660204    -0.02201809 
883.031253    -0.01839365 
883.402957    -0.01168364 
883.775019    -0.00309262 
884.146854    0.00596942 
884.517938    0.01417617 
884.888096    0.02046714 
885.257579    0.02411754 
885.626951    0.02473962 
885.996825    0.02226587 
886.367594    0.01694594 
886.739239    0.00936294 
887.111327    0.00044700 
887.483225    -0.00855914 
887.854459    -0.01623481 
888.225003    -0.02123700 
888.595290    -0.02262400 
888.965908    -0.02012276 
889.337189    -0.01421180 
889.708974    -0.00597715 
890.080725    0.00318483 
890.451848    0.01188116 
890.822033    0.01894455 
891.191404    0.02353552 
891.560460    0.02515832 
891.929843    0.02364414 
892.300055    0.01914125 
892.671222    0.01212670 
893.043023    0.00342602 
893.414840    -0.00579871 
893.786096    -0.01414671 
894.156599    -0.02019932 
894.526659    -0.02283745 
894.896875    -0.02154769 
895.267707    -0.01657703 
895.639157    -0.00885709 
896.010770    0.00026236 
896.381915    0.00934158 
896.752157    0.01711274 
897.121478    0.02261946 
897.490284    0.02525354 
897.859217    0.02474188 
898.228868    0.02113080 
898.599505    0.01479109 
898.970944    0.00643929 
899.342621    -0.00285692 
