0.000000    0.00000000 
0.400000    0.00815836 
0.800000    0.01492423 
1.200000    0.01924604 
1.600000    0.02051437 
2.000000    0.01854909 
2.400000    0.01360728 
2.800000    0.00642460 
3.200000    -0.00182124 
3.600000    -0.00970092 
4.000000    -0.01582202 
4.400000    -0.01909748 
4.800000    -0.01893572 
5.200000    -0.01536040 
5.600000    -0.00904049 
6.000000    -0.00116620 
6.400000    0.00683375 
6.800000    0.01361685 
7.200000    0.01815014 
7.600000    0.01979404 
8.000000    0.01832146 
8.400000    0.01394644 
8.800000    0.00734556 
9.200000    -0.00040161 
9.600000    -0.00798508 
10.000000    -0.01410266 
10.400000    -0.01769244 
10.800000    -0.01812411 
11.200000    -0.01533376 
11.600000    -0.00986008 
12.000000    -0.00273316 
12.400000    0.00476716 
12.800000    0.01138639 
13.200000    0.01610300 
13.600000    0.01823964 
14.000000    0.01751211 
14.400000    0.01405189 
14.800000    0.00840149 
15.200000    0.00146003 
15.600000    -0.00563610 
16.000000    -0.01169064 
16.400000    -0.01565839 
16.800000    -0.01685038 
17.200000    -0.01508154 
17.600000    -0.01071157 
18.000000    -0.00455942 
18.400000    0.00228084 
18.800000    0.00866105 
19.200000    0.01357487 
19.600000    0.01629476 
20.000000    0.01644788 
20.400000    0.01404480 
20.800000    0.00947246 
21.200000    0.00345093 
21.600000    -0.00305418 
22.000000    -0.00896920 
22.400000    -0.01329102 
22.800000    -0.01527724 
23.200000    -0.01460055 
23.600000    -0.01141850 
24.000000    -0.00633298 
24.400000    -0.00025344 
24.800000    0.00578971 
25.200000    0.01082821 
25.600000    0.01409914 
26.000000    0.01513696 
26.400000    0.01381859 
26.800000    0.01036956 
27.200000    0.00533473 
27.600000    -0.00048857 
28.000000    -0.00615791 
28.400000    -0.01073125 
28.800000    -0.01343385 
29.200000    -0.01381168 
29.600000    -0.01182711 
30.000000    -0.00786330 
30.400000    -0.00263553 
30.800000    0.00295938 
31.200000    0.00800965 
31.600000    0.01173336 
32.000000    0.01358320 
32.400000    0.01330806 
32.800000    0.01097568 
33.200000    0.00695986 
33.600000    0.00189337 
34.000000    -0.00341484 
34.400000    -0.00809763 
34.800000    -0.01137356 
35.200000    -0.01269252 
35.600000    -0.01184678 
36.000000    -0.00901242 
36.400000    -0.00470725 
36.800000    0.00032035 
37.200000    0.00523632 
37.600000    0.00926289 
38.000000    0.01179247 
38.400000    0.01246373 
38.800000    0.01119988 
39.200000    0.00821246 
39.600000    0.00397298 
40.000000    -0.00084787 
40.400000    -0.00547379 
40.800000    -0.00914424 
41.200000    -0.01124769 
41.600000    -0.01143879 
42.000000    -0.00970712 
42.400000    -0.00637602 
42.800000    -0.00203208 
43.200000    0.00259219 
43.600000    0.00675011 
44.000000    0.00979899 
44.400000    0.01128850 
44.800000    0.01101425 
45.200000    0.00903777 
45.600000    0.00567533 
46.000000    0.00145667 
46.400000    -0.00294659 
46.800000    -0.00682039 
47.200000    -0.00952616 
47.600000    -0.01061671 
48.000000    -0.00992256 
48.400000    -0.00758400 
48.800000    -0.00401904 
49.200000    0.00016226 
49.600000    0.00427226 
50.000000    0.00766173 
50.400000    0.00981657 
50.800000    0.01042512 
51.200000    0.00941369 
51.600000    0.00695168 
52.000000    0.00342807 
52.400000    -0.00060034 
52.800000    -0.00448799 
53.200000    -0.00760134 
53.600000    -0.00942778 
54.000000    -0.00967050 
54.400000    -0.00830516 
54.800000    -0.00558220 
55.200000    -0.00197442 
55.600000    0.00191486 
56.000000    0.00545897 
56.400000    0.00810797 
56.800000    0.00946664 
57.200000    0.00934413 
57.600000    0.00777451 
58.000000    0.00500970 
58.400000    0.00148559 
58.800000    -0.00223816 
59.200000    -0.00556142 
59.600000    -0.00794140 
60.000000    -0.00898836 
60.400000    -0.00853825 
60.800000    -0.00668304 
61.200000    -0.00375034 
61.600000    -0.00023820 
62.000000    0.00327714 
62.400000    0.00623874 
62.800000    0.00819379 
63.200000    0.00885526 
63.600000    0.00813680 
64.000000    0.00616093 
64.400000    0.00324124 
64.800000    -0.00016056 
65.200000    -0.00350115 
65.600000    -0.00624001 
66.000000    -0.00793037 
66.400000    -0.00829929 
66.800000    -0.00729816 
67.200000    -0.00511015 
67.600000    -0.00211260 
68.000000    0.00119511 
68.400000    0.00427997 
68.800000    0.00666135 
69.200000    0.00798097 
69.600000    0.00804979 
70.000000    0.00687013 
70.400000    0.00463289 
70.800000    0.00169101 
71.200000    -0.00149002 
71.600000    -0.00440122 
72.000000    -0.00657150 
72.400000    -0.00764840 
72.800000    -0.00746171 
73.200000    -0.00605445 
73.600000    -0.00367291 
74.000000    -0.00071874 
74.400000    0.00232453 
74.800000    0.00497350 
75.200000    0.00681987 
75.600000    0.00758817 
76.000000    0.00717135 
76.400000    0.00564286 
76.800000    0.00324550 
77.200000    0.00035760 
77.600000    -0.00256142 
78.000000    -0.00504170 
78.400000    -0.00668041 
78.800000    -0.00721234 
79.200000    -0.00655806 
79.600000    -0.00483768 
80.000000    -0.00234654 
80.400000    0.00050052 
80.800000    0.00324274 
81.200000    0.00544896 
81.600000    0.00678253 
82.000000    0.00704766 
82.400000    0.00621402 
82.800000    0.00441880 
83.200000    0.00194689 
83.600000    -0.00080984 
84.000000    -0.00341083 
84.400000    -0.00543673 
84.800000    -0.00655995 
85.200000    -0.00660248 
85.600000    -0.00556757 
86.000000    -0.00363761 
86.400000    -0.00113859 
86.800000    0.00151942 
87.200000    0.00391239 
87.600000    0.00566938 
88.000000    0.00652633 
88.400000    0.00636139 
88.800000    0.00520936 
89.200000    0.00325535 
89.600000    0.00080824 
90.000000    -0.00174414 
90.400000    -0.00399403 
90.800000    -0.00557962 
91.200000    -0.00624658 
91.600000    -0.00589282 
92.000000    -0.00458611 
92.400000    -0.00255011 
92.800000    -0.00012267 
93.200000    0.00230386 
93.600000    0.00434732 
94.000000    0.00569427 
94.400000    0.00614440 
94.800000    0.00563677 
95.200000    0.00425662 
95.600000    0.00222256 
96.000000    -0.00014468 
96.400000    -0.00246955 
96.800000    -0.00438009 
97.200000    -0.00556899 
97.600000    -0.00584651 
98.000000    -0.00517387 
98.400000    -0.00366934 
98.800000    -0.00158566 
99.200000    0.00073585 
99.600000    0.00292373 
100.000000    0.00463610 
100.400000    0.00561185 
100.800000    0.00570703 
101.200000    0.00491361 
101.600000    0.00335939 
102.000000    0.00128955 
102.400000    -0.00096884 
102.800000    -0.00305614 
103.200000    -0.00463728 
103.600000    -0.00545778 
104.000000    -0.00538795 
104.400000    -0.00444560 
104.800000    -0.00279188 
105.200000    -0.00070138 
105.600000    0.00148645 
106.000000    0.00342416 
106.400000    0.00481084 
106.800000    0.00543630 
107.200000    0.00521002 
107.600000    0.00417260 
108.000000    0.00248923 
108.400000    0.00042579 
108.800000    -0.00169041 
109.200000    -0.00352106 
109.600000    -0.00477172 
110.000000    -0.00524172 
110.400000    -0.00485912 
110.800000    -0.00369295 
111.200000    -0.00193983 
111.600000    0.00011177 
112.000000    0.00213140 
112.400000    0.00380072 
112.800000    0.00486234 
113.200000    0.00515691 
113.600000    0.00464471 
114.000000    0.00341014 
114.400000    0.00164905 
114.800000    -0.00035981 
115.200000    -0.00229680 
115.600000    -0.00385164 
116.000000    -0.00477447 
116.400000    -0.00491862 
116.800000    -0.00426594 
117.200000    -0.00292931 
117.600000    -0.00113157 
118.000000    0.00083410 
118.400000    0.00265376 
118.800000    0.00404283 
119.200000    0.00478889 
119.600000    0.00478174 
120.000000    0.00402796 
120.400000    0.00264904 
120.800000    0.00086346 
121.200000    -0.00104570 
121.600000    -0.00277409 
122.000000    -0.00404475 
122.400000    -0.00465430 
122.800000    -0.00450772 
123.200000    -0.00363456 
123.600000    -0.00218279 
124.000000    -0.00039196 
124.400000    0.00144850 
124.800000    0.00304711 
125.200000    0.00415586 
125.600000    0.00460676 
126.000000    0.00433522 
126.400000    0.00338827 
126.800000    0.00191703 
127.200000    0.00015443 
127.600000    -0.00161974 
128.000000    -0.00312240 
128.400000    -0.00411305 
128.800000    -0.00443414 
129.200000    -0.00403799 
129.600000    -0.00299455 
130.000000    -0.00147818 
130.400000    0.00026332 
130.800000    0.00195089 
131.200000    0.00331934 
131.600000    0.00415796 
132.000000    0.00434104 
132.400000    0.00384512 
132.800000    0.00275145 
133.200000    0.00123366 
133.600000    -0.00046795 
134.000000    -0.00208302 
134.400000    -0.00335379 
134.800000    -0.00407734 
135.200000    -0.00413978 
135.600000    -0.00353558 
136.000000    -0.00236786 
136.400000    -0.00082957 
136.800000    0.00083011 
137.200000    0.00234728 
137.600000    0.00348521 
138.000000    0.00406993 
138.400000    0.00401511 
138.800000    0.00333363 
139.200000    0.00213501 
139.600000    0.00060908 
140.000000    -0.00100251 
140.400000    -0.00244349 
140.800000    -0.00348396 
141.200000    -0.00395834 
141.600000    -0.00379334 
142.000000    -0.00302019 
142.400000    -0.00176848 
142.800000    -0.00024309 
143.200000    0.00131078 
143.600000    0.00264778 
144.000000    0.00356060 
144.400000    0.00391069 
144.800000    0.00364784 
145.200000    0.00281666 
145.600000    0.00154955 
146.000000    0.00004695 
146.400000    -0.00145302 
146.800000    -0.00271168 
147.200000    -0.00352837 
147.600000    -0.00377382 
148.000000    -0.00341189 
148.400000    -0.00250533 
148.800000    -0.00120426 
149.200000    0.00028006 
149.600000    0.00171069 
150.000000    0.00286312 
150.400000    0.00355966 
150.800000    0.00369550 
151.200000    0.00325328 
151.600000    0.00230497 
152.000000    0.00100097 
152.400000    -0.00045249 
152.800000    -0.00182487 
153.200000    -0.00289772 
153.600000    -0.00350026 
154.000000    -0.00353792 
154.400000    -0.00300813 
154.800000    -0.00200025 
155.200000    -0.00067963 
155.600000    0.00074080 
156.000000    0.00203569 
156.400000    0.00300292 
156.800000    0.00349420 
157.200000    0.00343648 
157.600000    0.00284204 
158.000000    0.00180615 
158.400000    0.00049272 
158.800000    -0.00089043 
159.200000    -0.00212371 
159.600000    -0.00301079 
160.000000    -0.00341082 
160.400000    -0.00326199 
160.800000    -0.00259172 
161.200000    -0.00151141 
161.600000    -0.00019694 
162.000000    0.00114105 
162.400000    0.00229145 
162.800000    0.00307558 
163.200000    0.00337390 
163.600000    0.00314316 
164.000000    0.00242215 
164.400000    0.00132556 
164.800000    0.00002678 
165.200000    -0.00126853 
165.600000    -0.00235456 
166.000000    -0.00305850 
166.400000    -0.00326906 
166.800000    -0.00295504 
167.200000    -0.00217024 
167.600000    -0.00104382 
168.000000    0.00024205 
168.400000    0.00148245 
168.800000    0.00248264 
169.200000    0.00308799 
169.600000    0.00320688 
170.000000    0.00282368 
170.400000    0.00200055 
170.800000    0.00086796 
171.200000    -0.00039503 
171.600000    -0.00158822 
172.000000    -0.00252196 
172.400000    -0.00304781 
172.800000    -0.00308324 
173.200000    -0.00262524 
173.600000    -0.00175048 
174.000000    -0.00060181 
174.400000    0.00063607 
174.800000    0.00176688 
175.200000    0.00261389 
175.600000    0.00304676 
176.000000    0.00300065 
176.400000    0.00248532 
176.800000    0.00158325 
177.200000    0.00043717 
177.600000    -0.00077163 
178.000000    -0.00185138 
178.400000    -0.00263043 
178.800000    -0.00298518 
179.200000    -0.00286070 
179.600000    -0.00227966 
180.000000    -0.00133810 
180.400000    -0.00018877 
180.800000    0.00098444 
181.200000    0.00199638 
181.600000    0.00268956 
182.000000    0.00295783 
182.400000    0.00276187 
182.800000    0.00213448 
183.200000    0.00117545 
183.600000    0.00003642 
184.000000    -0.00110230 
184.400000    -0.00205993 
184.800000    -0.00268424 
185.200000    -0.00287656 
185.600000    -0.00260813 
186.000000    -0.00192463 
186.400000    -0.00093805 
186.800000    0.00019240 
187.200000    0.00128673 
187.600000    0.00217296 
188.000000    0.00271372 
188.400000    0.00282674 
188.800000    0.00249667 
189.200000    0.00177701 
189.600000    0.00078184 
190.000000    -0.00033147 
190.400000    -0.00138653 
190.800000    -0.00221576 
191.200000    -0.00268746 
191.600000    -0.00272755 
192.000000    -0.00233175 
192.400000    -0.00156600 
192.800000    -0.00055493 
193.200000    0.00053909 
193.600000    0.00154264 
194.000000    0.00229863 
194.400000    0.00269037 
194.800000    0.00265881 
195.200000    0.00221097 
195.600000    0.00141852 
196.000000    0.00040690 
196.400000    -0.00066387 
196.800000    -0.00162400 
197.200000    -0.00232095 
197.600000    -0.00264427 
198.000000    -0.00254377 
198.400000    -0.00203772 
198.800000    -0.00120946 
199.200000    -0.00019308 
199.600000    0.00084898 
200.000000    0.00175218 
200.400000    0.00237569 
200.800000    0.00262372 
201.200000    0.00245957 
201.600000    0.00191073 
202.000000    0.00106453 
202.400000    0.00005481 
202.800000    -0.00095859 
203.200000    -0.00181489 
203.600000    -0.00237811 
204.000000    -0.00255926 
204.400000    -0.00233103 
204.800000    -0.00173213 
205.200000    -0.00086042 
205.600000    0.00014369 
206.000000    0.00112038 
206.400000    0.00191603 
206.800000    0.00240704 
207.200000    0.00251842 
207.600000    0.00223467 
208.000000    0.00160178 
208.400000    0.00072012 
208.800000    -0.00027086 
209.200000    -0.00121420 
209.600000    -0.00196016 
210.000000    -0.00239040 
210.400000    -0.00243731 
210.800000    -0.00209517 
211.200000    -0.00142077 
211.600000    -0.00052365 
212.000000    0.00045231 
212.400000    0.00135239 
212.800000    0.00203553 
213.200000    0.00239602 
213.600000    0.00237925 
214.000000    0.00198960 
214.400000    0.00128946 
214.800000    0.00038968 
215.200000    -0.00056737 
215.600000    -0.00143002 
216.000000    -0.00206132 
216.400000    -0.00236128 
216.800000    -0.00228328 
217.200000    -0.00184158 
217.600000    -0.00110874 
218.000000    -0.00020320 
218.400000    0.00073040 
218.800000    0.00154460 
219.200000    0.00211226 
219.600000    0.00234591 
220.000000    0.00221073 
220.400000    0.00172944 
220.800000    0.00097866 
221.200000    0.00007721 
221.600000    -0.00083226 
222.000000    -0.00160551 
222.400000    -0.00211987 
222.800000    -0.00229412 
223.200000    -0.00210183 
223.600000    -0.00157557 
224.000000    -0.00080114 
224.400000    0.00009685 
224.800000    0.00097553 
225.200000    0.00169661 
225.600000    0.00214790 
226.000000    0.00226025 
226.400000    0.00201773 
226.800000    0.00145969 
227.200000    0.00067470 
227.600000    -0.00021308 
228.000000    -0.00106308 
228.400000    -0.00174051 
228.800000    -0.00213801 
229.200000    -0.00219314 
229.600000    -0.00189860 
230.000000    -0.00130318 
230.400000    -0.00050342 
230.800000    0.00037255 
231.200000    0.00118590 
231.600000    0.00180908 
232.000000    0.00214549 
232.400000    0.00214398 
232.800000    0.00180628 
233.200000    0.00118649 
233.600000    0.00038276 
234.000000    -0.00047780 
234.400000    -0.00125890 
234.800000    -0.00183671 
235.200000    -0.00211979 
235.600000    -0.00206405 
236.000000    -0.00167990 
236.400000    -0.00103027 
236.800000    -0.00021995 
237.200000    0.00062177 
237.600000    0.00136194 
238.000000    0.00188485 
238.400000    0.00210974 
238.800000    0.00200283 
239.200000    0.00158216 
239.600000    0.00091467 
240.000000    0.00010595 
240.400000    -0.00071609 
240.800000    -0.00142121 
241.200000    -0.00189760 
241.600000    -0.00207003 
242.000000    -0.00191210 
242.400000    -0.00145049 
242.800000    -0.00076026 
243.200000    0.00004772 
243.600000    0.00084494 
244.000000    0.00150584 
244.400000    0.00192737 
244.800000    0.00204468 
245.200000    0.00184069 
245.600000    0.00134850 
246.000000    0.00064618 
246.400000    -0.00015520 
246.800000    -0.00092876 
247.200000    -0.00155186 
247.600000    -0.00192569 
248.000000    -0.00199142 
248.400000    -0.00173973 
248.800000    -0.00121219 
249.200000    -0.00049420 
249.600000    0.00029928 
250.000000    0.00104237 
250.400000    0.00161833 
250.800000    0.00193760 
251.200000    0.00195134 
251.600000    0.00165861 
252.000000    0.00110635 
252.400000    0.00038208 
252.800000    -0.00039956 
253.200000    -0.00111472 
253.600000    -0.00164993 
254.000000    -0.00192043 
254.400000    -0.00188397 
254.800000    -0.00154763 
255.200000    -0.00096649 
255.600000    -0.00023430 
256.000000    0.00053202 
256.400000    0.00121125 
256.800000    0.00169696 
257.200000    0.00191394 
257.600000    0.00182942 
258.000000    0.00145785 
258.400000    0.00085853 
258.800000    0.00012643 
259.200000    -0.00062249 
259.600000    -0.00126951 
260.000000    -0.00171206 
260.400000    -0.00188029 
260.800000    -0.00174844 
261.200000    -0.00133894 
261.600000    -0.00071846 
262.000000    0.00001324 
262.400000    0.00073971 
262.800000    0.00134641 
263.200000    0.00173868 
263.600000    0.00185614 
264.000000    0.00168170 
264.400000    0.00124387 
264.800000    0.00061234 
265.200000    -0.00011288 
265.600000    -0.00081697 
266.000000    -0.00138841 
266.400000    -0.00173681 
266.800000    -0.00180753 
267.200000    -0.00159052 
267.600000    -0.00112179 
268.000000    -0.00047724 
268.400000    0.00023996 
268.800000    0.00091614 
269.200000    0.00144516 
269.600000    0.00174486 
270.000000    0.00176951 
270.400000    0.00151651 
270.800000    0.00102661 
271.200000    0.00037747 
271.600000    -0.00032825 
272.000000    -0.00097895 
272.400000    -0.00147175 
272.800000    -0.00172892 
273.200000    -0.00171047 
273.600000    -0.00142056 
274.000000    -0.00090661 
274.400000    -0.00025134 
274.800000    0.00044090 
275.200000    0.00106085 
275.600000    0.00151159 
276.000000    0.00172341 
276.400000    0.00166429 
276.800000    0.00134456 
277.200000    0.00081516 
277.600000    0.00015973 
278.000000    -0.00051825 
278.400000    -0.00111168 
278.800000    -0.00152683 
279.200000    -0.00169831 
279.600000    -0.00159972 
280.000000    -0.00124779 
280.400000    -0.00069949 
280.800000    -0.00004255 
281.200000    0.00061881 
281.600000    0.00118055 
282.000000    0.00155503 
282.400000    0.00168444 
282.800000    0.00154943 
283.200000    0.00117191 
283.600000    0.00061160 
284.000000    -0.00004312 
284.400000    -0.00068895 
284.800000    -0.00122380 
285.200000    -0.00156310 
285.600000    -0.00165338 
286.000000    -0.00148096 
286.400000    -0.00107408 
286.800000    -0.00049817 
287.200000    0.00015492 
287.600000    0.00078182 
288.000000    0.00128400 
288.400000    0.00158310 
288.800000    0.00163290 
289.200000    0.00142626 
289.600000    0.00099608 
290.000000    0.00041025 
290.400000    -0.00023880 
290.800000    -0.00084846 
291.200000    -0.00132212 
291.600000    -0.00158468 
292.000000    -0.00159468 
292.400000    -0.00135110 
292.800000    -0.00089340 
293.200000    -0.00029500 
293.600000    0.00034875 
294.000000    0.00093597 
294.400000    0.00137430 
294.800000    0.00159527 
295.200000    0.00156475 
295.600000    0.00128805 
296.000000    0.00080906 
296.400000    0.00020347 
296.800000    -0.00043288 
297.200000    -0.00099906 
297.600000    -0.00140508 
298.000000    -0.00158642 
298.400000    -0.00151454 
298.800000    -0.00120151 
299.200000    -0.00069798 
299.600000    -0.00008474 
300.000000    0.00054045 
300.400000    0.00107860 
300.800000    0.00144506 
301.200000    0.00158264 
301.600000    0.00147031 
302.000000    0.00112633 
302.400000    0.00060537 
302.800000    -0.00000995 
303.200000    -0.00062194 
303.600000    -0.00113326 
304.000000    -0.00146253 
304.400000    -0.00155751 
304.800000    -0.00140364 
305.200000    -0.00102634 
305.600000    -0.00048670 
306.000000    0.00012864 
306.400000    0.00072160 
306.800000    0.00119839 
307.200000    0.00148419 
307.600000    0.00153467 
308.000000    0.00134272 
308.400000    0.00093934 
308.800000    0.00038885 
309.200000    -0.00022121 
309.600000    -0.00079378 
310.000000    -0.00123776 
310.400000    -0.00148263 
310.800000    -0.00148990 
311.200000    -0.00125938 
311.600000    -0.00082899 
312.000000    -0.00026844 
312.400000    0.00033237 
312.800000    0.00087790 
313.200000    0.00128215 
313.600000    0.00148207 
314.000000    0.00144718 
314.400000    0.00118408 
314.800000    0.00073521 
315.200000    0.00017223 
315.600000    -0.00041523 
316.000000    -0.00093378 
316.400000    -0.00130110 
316.800000    -0.00145926 
317.200000    -0.00138404 
317.600000    -0.00108876 
318.000000    -0.00062183 
318.400000    -0.00005870 
318.800000    0.00051063 
319.200000    0.00099605 
319.600000    0.00132153 
320.000000    0.00143689 
320.400000    0.00132530 
320.800000    0.00100564 
321.200000    0.00052938 
321.600000    -0.00002755 
322.000000    -0.00057666 
322.400000    -0.00103095 
322.800000    -0.00131879 
323.200000    -0.00139537 
323.600000    -0.00124987 
324.000000    -0.00090699 
324.400000    -0.00042264 
324.800000    0.00012538 
325.200000    0.00065001 
325.600000    0.00106885 
326.000000    0.00131696 
326.400000    0.00135676 
326.800000    0.00118350 
327.200000    0.00082575 
327.600000    0.00034081 
328.000000    -0.00019437 
328.400000    -0.00069522 
328.800000    -0.00108292 
329.200000    -0.00129693 
329.600000    -0.00130456 
330.000000    -0.00110611 
330.400000    -0.00073452 
330.800000    -0.00024978 
331.200000    0.00027091 
331.600000    0.00074560 
332.000000    0.00110043 
332.400000    0.00128097 
332.800000    0.00126042 
333.200000    0.00104338 
333.600000    0.00066493 
334.000000    0.00018507 
334.400000    -0.00032063 
334.800000    -0.00077285 
335.200000    -0.00110096 
335.600000    -0.00125412 
336.000000    -0.00120934 
336.400000    -0.00097492 
336.800000    -0.00058893 
337.200000    -0.00011289 
337.600000    0.00037816 
338.000000    0.00080761 
338.400000    0.00110908 
338.800000    0.00123658 
339.200000    0.00117131 
339.600000    0.00092436 
340.000000    0.00053483 
340.400000    0.00006378 
340.800000    -0.00041517 
341.200000    -0.00082726 
341.600000    -0.00110828 
342.000000    -0.00121466 
342.400000    -0.00113036 
342.800000    -0.00086929 
343.200000    -0.00047300 
343.600000    -0.00000397 
344.000000    0.00046441 
344.400000    0.00085927 
344.800000    0.00111955 
345.200000    0.00120527 
345.600000    0.00110354 
346.000000    0.00083044 
346.400000    0.00042853 
346.800000    -0.00003959 
347.200000    -0.00050091 
347.600000    -0.00088331 
348.000000    -0.00112684 
348.400000    -0.00119330 
348.800000    -0.00107229 
349.200000    -0.00078291 
349.600000    -0.00037072 
350.000000    0.00009956 
350.400000    0.00055433 
350.800000    0.00092255 
351.200000    0.00114683 
351.600000    0.00119220 
352.000000    0.00105146 
352.400000    0.00074631 
352.800000    0.00032411 
353.200000    -0.00014928 
353.600000    -0.00059966 
354.000000    -0.00095609 
354.400000    -0.00116211 
354.800000    -0.00118486 
355.200000    -0.00102042 
355.600000    -0.00069455 
356.000000    -0.00025856 
356.400000    0.00021887 
356.800000    0.00066260 
357.200000    0.00100286 
357.600000    0.00118612 
358.000000    0.00118340 
358.400000    0.00099476 
358.800000    0.00064935 
359.200000    0.00020110 
359.600000    -0.00027963 
360.000000    -0.00071693 
360.400000    -0.00104134 
360.800000    -0.00120103 
361.200000    -0.00117021 
361.600000    -0.00095343 
362.000000    -0.00058489 
362.400000    -0.00012296 
362.800000    0.00035923 
363.200000    0.00078539 
363.600000    0.00108820 
364.000000    0.00121977 
364.400000    0.00115910 
364.800000    0.00091540 
365.200000    0.00052670 
365.600000    0.00005409 
366.000000    -0.00042775 
366.400000    -0.00084231 
366.800000    -0.00112338 
367.200000    -0.00122584 
367.600000    -0.00113301 
368.000000    -0.00085945 
368.400000    -0.00044864 
368.800000    0.00003408 
369.200000    0.00051202 
369.600000    0.00090938 
370.000000    0.00116325 
370.400000    0.00123335 
370.800000    0.00110840 
371.200000    0.00080783 
371.600000    0.00037886 
372.000000    -0.00011075 
372.400000    -0.00058327 
372.800000    -0.00096334 
373.200000    -0.00119003 
373.600000    -0.00122678 
374.000000    -0.00106747 
374.400000    -0.00073740 
374.800000    -0.00028924 
375.200000    0.00020551 
375.600000    0.00066810 
376.000000    0.00102500 
376.400000    0.00121956 
376.800000    0.00122081 
377.200000    0.00102831 
377.600000    0.00067228 
378.000000    0.00020898 
378.400000    -0.00028805 
378.800000    -0.00073952 
379.200000    -0.00107304 
379.600000    -0.00123490 
380.000000    -0.00119885 
380.400000    -0.00097049 
380.800000    -0.00058637 
381.200000    -0.00010807 
381.600000    0.00038787 
382.000000    0.00082224 
382.400000    0.00112579 
382.800000    0.00125020 
383.200000    0.00117556 
383.600000    0.00091357 
384.000000    0.00050574 
384.400000    0.00001696 
384.800000    -0.00047465 
385.200000    -0.00089020 
385.600000    -0.00116271 
386.000000    -0.00124812 
386.400000    -0.00113257 
386.800000    -0.00083469 
387.200000    -0.00040260 
387.600000    0.00009406 
388.000000    0.00057546 
388.400000    0.00096448 
388.800000    0.00119899 
389.200000    0.00124167 
389.600000    0.00108580 
390.000000    0.00075636 
390.400000    0.00030608 
390.800000    -0.00019279 
391.200000    -0.00065999 
391.600000    -0.00102018 
392.000000    -0.00121520 
392.400000    -0.00121364 
392.800000    -0.00101605 
393.200000    -0.00065483 
393.600000    -0.00018877 
394.000000    0.00030663 
394.400000    0.00075155 
394.800000    0.00107470 
395.200000    0.00122465 
395.600000    0.00117789 
396.000000    0.00094246 
396.400000    0.00055657 
396.800000    0.00008259 
397.200000    -0.00040296 
397.600000    -0.00082166 
398.000000    -0.00110598 
398.400000    -0.00121030 
398.800000    -0.00111840 
399.200000    -0.00084609 
399.600000    -0.00043839 
400.000000    0.00003801 
400.400000    0.00050583 
400.800000    0.00088983 
401.200000    0.00112884 
401.600000    0.00118541 
402.000000    0.00105157 
402.400000    0.00074989 
402.800000    0.00032977 
403.200000    -0.00014055 
403.600000    -0.00058497 
404.000000    -0.00093185 
404.400000    -0.00112571 
404.800000    -0.00113625 
405.200000    -0.00096318 
405.600000    -0.00063608 
406.000000    -0.00020919 
406.400000    0.00024769 
406.800000    0.00066075 
407.200000    0.00096413 
407.600000    0.00111032 
408.000000    0.00107749 
408.400000    0.00087266 
408.800000    0.00053029 
409.200000    0.00010658 
409.600000    -0.00032968 
410.000000    -0.00070823 
410.400000    -0.00096875 
410.800000    -0.00107056 
411.200000    -0.00099910 
411.600000    -0.00076802 
412.000000    -0.00041659 
412.400000    -0.00000286 
412.800000    0.00040603 
413.200000    0.00074482 
413.600000    0.00096052 
414.000000    0.00102059 
414.400000    0.00091772 
414.800000    0.00067059 
415.200000    0.00032053 
415.600000    -0.00007530 
416.000000    -0.00045323 
416.400000    -0.00075328 
416.800000    -0.00092879 
417.200000    -0.00095376 
417.600000    -0.00082667 
418.000000    -0.00057036 
418.400000    -0.00022785 
418.800000    0.00014500 
419.200000    0.00048868 
419.600000    0.00074956 
420.000000    0.00088814 
420.400000    0.00088496 
420.800000    0.00074313 
421.200000    0.00048744 
421.600000    0.00016003 
422.000000    -0.00018648 
422.400000    -0.00049741 
422.800000    -0.00072470 
423.200000    -0.00083429 
423.600000    -0.00081133 
424.000000    -0.00066205 
424.400000    -0.00041233 
424.800000    -0.00010316 
425.200000    0.00021619 
425.600000    0.00049603 
426.000000    0.00069398 
426.400000    0.00078122 
426.800000    0.00074661 
427.200000    0.00059791 
427.600000    0.00036017 
428.000000    0.00007157 
428.400000    -0.00022269 
428.800000    -0.00047741 
429.200000    -0.00065431 
429.600000    -0.00072777 
430.000000    -0.00068851 
430.400000    -0.00054466 
430.800000    -0.00032012 
431.200000    -0.00005056 
431.600000    0.00022231 
432.000000    0.00045712 
432.400000    0.00061911 
432.800000    0.00068510 
433.200000    0.00064672 
433.600000    0.00051135 
434.000000    0.00030073 
434.400000    0.00004754 
434.800000    -0.00020962 
435.200000    -0.00043206 
435.600000    -0.00058674 
436.000000    -0.00065116 
436.400000    -0.00061664 
436.800000    -0.00048940 
437.200000    -0.00028950 
437.600000    -0.00004764 
438.000000    0.00019955 
438.400000    0.00041501 
438.800000    0.00056674 
439.200000    0.00063245 
439.600000    0.00060281 
440.000000    0.00048268 
440.400000    0.00029038 
440.800000    0.00005495 
441.200000    -0.00018814 
441.600000    -0.00040230 
442.000000    -0.00055525 
442.400000    -0.00062387 
442.800000    -0.00059778 
443.200000    -0.00048088 
443.600000    -0.00029080 
444.000000    -0.00005629 
444.400000    0.00018716 
444.800000    0.00040266 
445.200000    0.00055744 
445.600000    0.00062783 
446.000000    0.00060282 
446.400000    0.00048580 
446.800000    0.00029415 
447.200000    0.00005673 
447.600000    -0.00019040 
448.000000    -0.00040940 
448.400000    -0.00056640 
448.800000    -0.00063686 
449.200000    -0.00060935 
449.600000    -0.00048754 
450.000000    -0.00028970 
450.400000    -0.00004598 
450.800000    0.00020621 
451.200000    0.00042793 
451.600000    0.00058472 
452.000000    0.00065195 
452.400000    0.00061865 
452.800000    0.00048933 
453.200000    0.00028337 
453.600000    0.00003224 
454.000000    -0.00022530 
454.400000    -0.00044915 
454.800000    -0.00060412 
455.200000    -0.00066553 
455.600000    -0.00062319 
456.000000    -0.00048313 
456.400000    -0.00026677 
456.800000    -0.00000757 
457.200000    0.00025412 
457.600000    0.00047741 
458.000000    0.00062724 
458.400000    0.00067987 
458.800000    0.00062662 
459.200000    0.00047526 
459.600000    0.00024895 
460.000000    -0.00001726 
460.400000    -0.00028188 
460.800000    -0.00050336 
461.200000    -0.00064669 
461.600000    -0.00068899 
462.000000    -0.00062319 
462.400000    -0.00045925 
462.800000    -0.00022260 
463.200000    0.00004980 
463.600000    0.00031534 
464.000000    0.00053240 
464.400000    0.00066688 
464.800000    0.00069751 
465.200000    0.00061920 
465.600000    0.00044382 
466.000000    0.00019847 
466.400000    -0.00007868 
466.800000    -0.00034430 
467.200000    -0.00055667 
467.600000    -0.00068224 
468.000000    -0.00070101 
468.400000    -0.00060974 
468.800000    -0.00042249 
469.200000    -0.00016842 
469.600000    0.00011276 
470.000000    0.00037711 
470.400000    0.00058325 
470.800000    0.00069887 
471.200000    0.00070571 
471.600000    0.00060239 
472.000000    0.00040469 
472.400000    0.00014315 
472.800000    -0.00014158 
473.200000    -0.00040503 
473.600000    -0.00060584 
474.000000    -0.00071230 
474.400000    -0.00070737 
474.800000    -0.00059145 
475.200000    -0.00038238 
475.600000    -0.00011263 
476.000000    0.00017576 
476.400000    0.00043778 
476.800000    0.00063243 
477.200000    0.00072914 
477.600000    0.00071246 
478.000000    0.00058450 
478.400000    0.00036471 
478.800000    0.00008694 
479.200000    -0.00020569 
479.600000    -0.00046745 
480.000000    -0.00065714 
480.400000    -0.00074460 
480.800000    -0.00071556 
481.200000    -0.00057397 
481.600000    -0.00034152 
482.000000    -0.00005421 
482.400000    0.00024318 
482.800000    0.00050418 
483.200000    0.00068778 
483.600000    0.00076486 
484.000000    0.00072275 
484.400000    0.00056729 
484.800000    0.00032201 
485.200000    0.00002469 
485.600000    -0.00027841 
486.000000    -0.00053971 
486.400000    -0.00071778 
486.800000    -0.00078394 
487.200000    -0.00072694 
487.600000    -0.00055492 
488.000000    -0.00029419 
488.400000    0.00001476 
488.800000    0.00032365 
489.200000    0.00058392 
489.600000    0.00075436 
490.000000    0.00080755 
490.400000    0.00073424 
490.800000    0.00054491 
491.200000    0.00026833 
491.600000    -0.00005272 
492.000000    -0.00036798 
492.400000    -0.00062759 
492.800000    -0.00078994 
493.200000    -0.00082843 
493.600000    -0.00073590 
494.000000    -0.00052593 
494.400000    -0.00023084 
494.800000    0.00010329 
495.200000    0.00042393 
495.600000    0.00068029 
496.000000    0.00083137 
496.400000    0.00085241 
496.800000    0.00073895 
497.200000    0.00050764 
497.600000    0.00019393 
498.000000    -0.00015329 
498.400000    -0.00047922 
498.800000    -0.00073182 
499.200000    -0.00087011 
499.600000    -0.00087093 
500.000000    -0.00073287 
500.400000    -0.00047670 
500.800000    -0.00014223 
501.200000    0.00021794 
501.600000    0.00054674 
502.000000    0.00079166 
502.400000    0.00091308 
502.800000    0.00089059 
503.200000    0.00072637 
503.600000    0.00044510 
504.000000    0.00009034 
504.400000    -0.00028211 
504.800000    -0.00061294 
505.200000    -0.00084872 
505.600000    -0.00095070 
506.000000    -0.00090116 
506.400000    -0.00070661 
506.800000    -0.00039693 
507.200000    -0.00002075 
507.600000    0.00036229 
508.000000    0.00069100 
508.400000    0.00091240 
508.800000    0.00099017 
509.200000    0.00091054 
509.600000    0.00068465 
510.000000    0.00034711 
510.400000    -0.00004921 
510.800000    -0.00044133 
511.200000    -0.00076613 
511.600000    -0.00097056 
512.000000    -0.00102040 
512.400000    -0.00090608 
512.800000    -0.00064452 
513.200000    -0.00027662 
513.600000    0.00013927 
514.000000    0.00053660 
514.400000    0.00085137 
514.800000    0.00103231 
515.200000    0.00104918 
515.600000    0.00089770 
516.000000    0.00060054 
516.400000    0.00020402 
516.800000    -0.00022898 
517.200000    -0.00062889 
517.600000    -0.00093059 
518.000000    -0.00108416 
518.400000    -0.00106320 
518.800000    -0.00086952 
519.200000    -0.00053307 
519.600000    -0.00010726 
520.000000    0.00033965 
520.400000    0.00073552 
520.800000    0.00101600 
521.200000    0.00113489 
521.600000    0.00107161 
522.000000    0.00083472 
522.400000    0.00046089 
522.800000    0.00000931 
523.200000    -0.00044751 
523.600000    -0.00083529 
524.000000    -0.00109017 
524.400000    -0.00116932 
524.800000    -0.00105830 
525.200000    -0.00077373 
525.600000    -0.00036077 
526.000000    0.00011416 
526.400000    0.00057416 
526.800000    0.00094439 
527.200000    0.00116415 
527.600000    0.00119671 
528.000000    0.00103537 
528.400000    0.00070476 
528.800000    0.00025720 
529.200000    -0.00023540 
529.600000    -0.00069297 
530.000000    -0.00104032 
530.400000    -0.00121958 
530.800000    -0.00120007 
531.200000    -0.00098364 
531.600000    -0.00060459 
532.000000    -0.00012415 
532.400000    0.00037955 
532.800000    0.00082436 
533.200000    0.00113739 
533.600000    0.00126696 
534.000000    0.00119090 
534.400000    0.00092034 
534.800000    0.00049813 
535.200000    -0.00000773 
535.600000    -0.00051496 
536.000000    -0.00094025 
536.400000    -0.00121308 
536.800000    -0.00128757 
537.200000    -0.00115040 
537.600000    -0.00082322 
538.000000    -0.00035920 
538.400000    0.00016580 
538.800000    0.00066580 
539.200000    0.00105880 
539.600000    0.00128017 
540.000000    0.00129315 
540.400000    0.00109479 
540.800000    0.00071665 
541.200000    0.00021985 
541.600000    -0.00031459 
542.000000    -0.00079886 
542.400000    -0.00115285 
542.800000    -0.00131752 
543.200000    -0.00126501 
543.600000    -0.00100346 
544.000000    -0.00057574 
544.400000    -0.00005225 
544.800000    0.00048084 
545.200000    0.00093587 
545.600000    0.00123813 
546.000000    0.00133793 
546.400000    0.00121866 
546.800000    0.00089950 
547.200000    0.00043243 
547.600000    -0.00010609 
548.000000    -0.00062745 
548.400000    -0.00104546 
548.800000    -0.00129075 
549.200000    -0.00132250 
549.600000    -0.00113537 
550.000000    -0.00076050 
550.400000    -0.00026015 
550.800000    0.00028282 
551.200000    0.00077880 
551.600000    0.00114630 
552.000000    0.00132519 
552.400000    0.00128642 
552.800000    0.00103657 
553.200000    0.00061686 
553.600000    0.00009644 
554.000000    -0.00043882 
554.400000    -0.00090045 
554.800000    -0.00121203 
555.200000    -0.00132211 
555.600000    -0.00121287 
556.000000    -0.00090308 
556.400000    -0.00044484 
556.800000    0.00008537 
557.200000    0.00059966 
557.600000    0.00101338 
558.000000    0.00125894 
558.400000    0.00129675 
558.800000    0.00112147 
559.200000    0.00076268 
559.600000    0.00028007 
560.000000    -0.00024639 
560.400000    -0.00072955 
560.800000    -0.00108956 
561.200000    -0.00126725 
561.600000    -0.00123400 
562.000000    -0.00099653 
562.400000    -0.00059553 
562.800000    -0.00009855 
563.200000    0.00041155 
563.600000    0.00085053 
564.000000    0.00114670 
564.400000    0.00125243 
564.800000    0.00115174 
565.200000    0.00086260 
565.600000    0.00043379 
566.000000    -0.00006313 
566.400000    -0.00054570 
566.800000    -0.00093420 
567.200000    -0.00116493 
567.600000    -0.00120085 
568.000000    -0.00103765 
568.400000    -0.00070424 
568.800000    -0.00025751 
569.200000    0.00022752 
569.600000    0.00067044 
570.000000    0.00099877 
570.400000    0.00115979 
570.800000    0.00112879 
571.200000    0.00091285 
571.600000    0.00054927 
572.000000    0.00009932 
572.400000    -0.00036199 
572.800000    -0.00075838 
573.200000    -0.00102496 
573.600000    -0.00111901 
574.000000    -0.00102696 
574.400000    -0.00076635 
574.800000    -0.00038248 
575.200000    0.00005958 
575.600000    0.00048612 
576.000000    0.00082720 
576.400000    0.00102798 
576.800000    0.00105749 
577.200000    0.00091326 
577.600000    0.00062131 
578.000000    0.00023159 
578.400000    -0.00019050 
578.800000    -0.00057500 
579.200000    -0.00085899 
579.600000    -0.00099703 
580.000000    -0.00096851 
580.400000    -0.00078079 
580.800000    -0.00046748 
581.200000    -0.00008238 
581.600000    0.00030986 
582.000000    0.00064466 
582.400000    0.00086815 
582.800000    0.00094570 
583.200000    0.00086722 
583.600000    0.00064832 
584.000000    0.00032731 
584.400000    -0.00004136 
584.800000    -0.00039634 
585.200000    -0.00067950 
585.600000    -0.00084560 
586.000000    -0.00086953 
586.400000    -0.00075017 
586.800000    -0.00051009 
587.200000    -0.00019130 
587.600000    0.00015219 
588.000000    0.00046355 
588.400000    0.00069258 
588.800000    0.00080371 
589.200000    0.00078142 
589.600000    0.00063232 
590.000000    0.00038358 
590.400000    0.00007800 
590.800000    -0.00023318 
591.200000    -0.00049896 
591.600000    -0.00067689 
592.000000    -0.00073993 
592.400000    -0.00068055 
592.800000    -0.00051156 
593.200000    -0.00026341 
593.600000    0.00002129 
594.000000    0.00029516 
594.400000    0.00051391 
594.800000    0.00064349 
595.200000    0.00066530 
595.600000    0.00057877 
596.000000    0.00040092 
596.400000    0.00016314 
596.800000    -0.00009432 
597.200000    -0.00032908 
597.600000    -0.00050367 
598.000000    -0.00059148 
598.400000    -0.00058083 
598.800000    -0.00047645 
599.200000    -0.00029820 
599.600000    -0.00007730 
600.000000    0.00014913 
600.400000    0.00034433 
600.800000    0.00047786 
601.200000    0.00053024 
601.600000    0.00049578 
602.000000    0.00038293 
602.400000    0.00021250 
602.800000    0.00001384 
603.200000    -0.00018013 
603.600000    -0.00033842 
604.000000    -0.00043685 
604.400000    -0.00046176 
604.800000    -0.00041187 
605.200000    -0.00029799 
605.600000    -0.00014078 
606.000000    0.00003292 
606.400000    0.00019474 
606.800000    0.00031935 
607.200000    0.00038840 
607.600000    0.00039318 
608.000000    0.00033555 
608.400000    0.00022721 
608.800000    0.00008744 
609.200000    -0.00006030 
609.600000    -0.00019229 
610.000000    -0.00028833 
610.400000    -0.00033480 
610.800000    -0.00032659 
611.200000    -0.00026744 
611.600000    -0.00016902 
612.000000    -0.00004862 
612.400000    0.00007383 
612.800000    0.00017906 
613.200000    0.00025147 
613.600000    0.00028137 
614.000000    0.00026623 
614.400000    0.00021066 
614.800000    0.00012533 
615.200000    0.00002498 
615.600000    -0.00007408 
616.000000    -0.00015664 
616.400000    -0.00021086 
616.800000    -0.00022995 
617.200000    -0.00021292 
617.600000    -0.00016442 
618.000000    -0.00009366 
618.400000    -0.00001269 
618.800000    0.00006558 
619.200000    0.00012949 
619.600000    0.00017028 
620.000000    0.00018326 
620.400000    0.00016823 
620.800000    0.00012922 
621.200000    0.00007357 
621.600000    0.00001061 
622.000000    -0.00004992 
622.400000    -0.00009930 
622.800000    -0.00013110 
623.200000    -0.00014196 
623.600000    -0.00013179 
624.000000    -0.00010359 
624.400000    -0.00006268 
624.800000    -0.00001580 
625.200000    0.00003005 
625.600000    0.00006859 
626.000000    0.00009510 
626.400000    0.00010693 
626.800000    0.00010363 
627.200000    0.00008686 
627.600000    0.00005986 
628.000000    0.00002694 
628.400000    -0.00000727 
628.800000    -0.00003839 
629.200000    -0.00006282 
629.600000    -0.00007809 
630.000000    -0.00008303 
630.400000    -0.00007774 
630.800000    -0.00006342 
631.200000    -0.00004220 
631.600000    -0.00001674 
632.000000    0.00000998 
632.400000    0.00003500 
632.800000    0.00005562 
633.200000    0.00006963 
633.600000    0.00007546 
634.000000    0.00007238 
634.400000    0.00006055 
634.800000    0.00004108 
635.200000    0.00001600 
635.600000    -0.00001192 
636.000000    -0.00003937 
636.400000    -0.00006284 
636.800000    -0.00007909 
637.200000    -0.00008553 
637.600000    -0.00008070 
638.000000    -0.00006455 
638.400000    -0.00003858 
638.800000    -0.00000584 
639.200000    0.00002945 
639.600000    0.00006235 
640.000000    0.00008792 
640.400000    0.00010195 
640.800000    0.00010166 
641.200000    0.00008625 
641.600000    0.00005718 
642.000000    0.00001808 
642.400000    -0.00002561 
642.800000    -0.00006745 
643.200000    -0.00010088 
643.600000    -0.00012030 
644.000000    -0.00012202 
644.400000    -0.00010491 
644.800000    -0.00007081 
645.200000    -0.00002430 
645.600000    0.00002782 
646.000000    0.00007756 
646.400000    0.00011697 
646.800000    0.00013940 
647.200000    0.00014064 
647.600000    0.00011972 
648.000000    0.00007919 
648.400000    0.00002482 
648.800000    -0.00003515 
649.200000    -0.00009131 
649.600000    -0.00013455 
650.000000    -0.00015755 
650.400000    -0.00015603 
650.800000    -0.00012955 
651.200000    -0.00008170 
651.600000    -0.00001963 
652.000000    0.00004703 
652.400000    0.00010766 
652.800000    0.00015235 
653.200000    0.00017357 
653.600000    0.00016740 
654.000000    0.00013427 
654.400000    0.00007900 
654.800000    0.00001008 
655.200000    -0.00006161 
655.600000    -0.00012456 
656.000000    -0.00016845 
656.400000    -0.00018591 
656.800000    -0.00017373 
657.200000    -0.00013346 
657.600000    -0.00007123 
658.000000    0.00000317 
658.400000    0.00007788 
658.800000    0.00014087 
659.200000    0.00018187 
659.600000    0.00019405 
660.000000    0.00017522 
660.400000    0.00012814 
660.800000    0.00006018 
661.200000    -0.00001788 
661.600000    -0.00009353 
662.000000    -0.00015460 
662.400000    -0.00019119 
662.800000    -0.00019730 
663.200000    -0.00017184 
663.600000    -0.00011880 
664.000000    -0.00004662 
664.400000    0.00003314 
664.800000    0.00010773 
665.200000    0.00016521 
665.600000    0.00019638 
666.000000    0.00019627 
666.400000    0.00016494 
666.800000    0.00010741 
667.200000    0.00003291 
667.600000    -0.00004667 
668.000000    -0.00011863 
668.400000    -0.00017156 
668.800000    -0.00019711 
669.200000    -0.00019133 
669.600000    -0.00015529 
670.000000    -0.00009488 
670.400000    -0.00001979 
670.800000    0.00005802 
671.200000    0.00012622 
671.600000    0.00017416 
672.000000    0.00019441 
672.400000    0.00018403 
672.800000    0.00014488 
673.200000    0.00008335 
673.600000    0.00000926 
674.000000    -0.00006567 
674.400000    -0.00012973 
674.800000    -0.00017300 
675.200000    -0.00018894 
675.600000    -0.00017533 
676.000000    -0.00013461 
676.400000    -0.00007339 
676.800000    -0.00000139 
677.200000    0.00007013 
677.600000    0.00013012 
678.000000    0.00016946 
678.400000    0.00018232 
678.800000    0.00016703 
679.200000    0.00012625 
679.600000    0.00006652 
680.000000    -0.00000279 
680.400000    -0.00007099 
680.800000    -0.00012767 
681.200000    -0.00016430 
681.600000    -0.00017553 
682.000000    -0.00015992 
682.400000    -0.00012014 
682.800000    -0.00006247 
683.200000    0.00000416 
683.600000    0.00006959 
684.000000    0.00012395 
684.400000    0.00015915 
684.800000    0.00017007 
685.200000    0.00015528 
685.600000    0.00011721 
686.000000    0.00006175 
686.400000    -0.00000266 
686.800000    -0.00006630 
687.200000    -0.00011965 
687.600000    -0.00015478 
688.000000    -0.00016651 
688.400000    -0.00015320 
688.800000    -0.00011695 
689.200000    -0.00006325 
689.600000    -0.00000019 
690.000000    0.00006281 
690.400000    0.00011632 
690.800000    0.00015238 
691.200000    0.00016562 
691.600000    0.00015404 
692.000000    0.00011937 
692.400000    0.00006674 
692.800000    0.00000398 
693.200000    -0.00005955 
693.600000    -0.00011432 
694.000000    -0.00015210 
694.400000    -0.00016714 
694.800000    -0.00015707 
695.200000    -0.00012328 
695.600000    -0.00007070 
696.000000    -0.00000716 
696.400000    0.00005786 
696.800000    0.00011457 
697.200000    0.00015434 
697.600000    0.00017104 
698.000000    0.00016197 
698.400000    0.00012828 
698.800000    0.00007487 
699.200000    0.00000964 
699.600000    -0.00005760 
700.000000    -0.00011664 
700.400000    -0.00015842 
700.800000    -0.00017641 
701.200000    -0.00016762 
701.600000    -0.00013314 
702.000000    -0.00007799 
702.400000    -0.00001040 
702.800000    0.00005940 
703.200000    0.00012076 
703.600000    0.00016420 
704.000000    0.00018288 
704.400000    0.00017369 
704.800000    0.00013778 
705.200000    0.00008038 
705.600000    0.00001011 
706.000000    -0.00006236 
706.400000    -0.00012589 
706.800000    -0.00017062 
707.200000    -0.00018948 
707.600000    -0.00017931 
708.000000    -0.00014143 
708.400000    -0.00008141 
708.800000    -0.00000833 
709.200000    0.00006666 
709.600000    0.00013203 
710.000000    0.00017760 
710.400000    0.00019621 
710.800000    0.00018474 
711.200000    0.00014473 
711.600000    0.00008209 
712.000000    0.00000630 
712.400000    -0.00007107 
712.800000    -0.00013810 
713.200000    -0.00018436 
713.600000    -0.00020256 
714.000000    -0.00018967 
714.400000    -0.00014744 
714.800000    -0.00008215 
715.200000    -0.00000370 
715.600000    0.00007593 
716.000000    0.00014450 
716.400000    0.00019138 
716.800000    0.00020919 
717.200000    0.00019497 
717.600000    0.00015067 
718.000000    0.00008285 
718.400000    0.00000175 
718.800000    -0.00008027 
719.200000    -0.00015062 
719.600000    -0.00019839 
720.000000    -0.00021604 
720.400000    -0.00020061 
720.800000    -0.00015420 
721.200000    -0.00008368 
721.600000    0.00000033 
722.000000    0.00008505 
722.400000    0.00015749 
722.800000    0.00020643 
723.200000    0.00022415 
723.600000    0.00020764 
724.000000    0.00015911 
724.400000    0.00008566 
724.800000    -0.00000169 
725.200000    -0.00008968 
725.600000    -0.00016482 
726.000000    -0.00021543 
726.400000    -0.00023347 
726.800000    -0.00021578 
727.200000    -0.00016470 
727.600000    -0.00008769 
728.000000    0.00000373 
728.400000    0.00009566 
728.800000    0.00017401 
729.200000    0.00022656 
729.600000    0.00024492 
730.000000    0.00022584 
730.400000    0.00017175 
730.800000    0.00009050 
731.200000    -0.00000578 
731.600000    -0.00010247 
732.000000    -0.00018467 
732.400000    -0.00023950 
732.800000    -0.00025808 
733.200000    -0.00023703 
733.600000    -0.00017902 
734.000000    -0.00009247 
734.400000    0.00000966 
734.800000    0.00011181 
735.200000    0.00019821 
735.600000    0.00025525 
736.000000    0.00027365 
736.400000    0.00024998 
736.800000    0.00018721 
737.200000    0.00009444 
737.600000    -0.00001444 
738.000000    -0.00012282 
738.400000    -0.00021385 
738.800000    -0.00027309 
739.200000    -0.00029079 
739.600000    -0.00026351 
740.000000    -0.00019473 
740.400000    -0.00009448 
740.800000    0.00002217 
741.200000    0.00013732 
741.600000    0.00023301 
742.000000    0.00029402 
742.400000    0.00031025 
742.800000    0.00027839 
743.200000    0.00020256 
743.600000    0.00009381 
744.000000    -0.00003147 
744.400000    -0.00015400 
744.800000    -0.00025458 
745.200000    -0.00031704 
745.600000    -0.00033092 
746.000000    -0.00029316 
746.400000    -0.00020876 
746.800000    -0.00009011 
747.200000    0.00004479 
747.600000    0.00017508 
748.000000    0.00028026 
748.400000    0.00034340 
748.800000    0.00035382 
749.200000    0.00030893 
749.600000    0.00021473 
750.000000    0.00008507 
750.400000    -0.00006033 
750.800000    -0.00019891 
751.200000    -0.00030871 
751.600000    -0.00037187 
752.000000    -0.00037754 
752.400000    -0.00032373 
752.800000    -0.00021781 
753.200000    -0.00007553 
753.600000    0.00008135 
754.000000    0.00022833 
754.400000    0.00034207 
754.800000    0.00040397 
755.200000    0.00040330 
755.600000    0.00033894 
756.000000    0.00021980 
756.400000    0.00006364 
756.800000    -0.00010557 
757.200000    -0.00026129 
757.600000    -0.00037855 
758.000000    -0.00043797 
758.400000    -0.00042895 
758.800000    -0.00035160 
759.200000    -0.00021687 
759.600000    -0.00004506 
760.000000    0.00013723 
760.400000    0.00030125 
760.800000    0.00042060 
761.200000    0.00047547 
761.600000    0.00045586 
762.000000    0.00036342 
762.400000    0.00021137 
762.800000    0.00002271 
763.200000    -0.00017324 
763.600000    -0.00034534 
764.000000    -0.00046561 
764.400000    -0.00051377 
764.800000    -0.00048066 
765.200000    -0.00036998 
765.600000    -0.00019793 
766.000000    0.00000913 
766.400000    0.00021874 
766.800000    0.00039744 
767.200000    0.00051606 
767.600000    0.00055448 
768.000000    0.00050496 
768.400000    0.00037370 
768.800000    0.00018006 
769.200000    -0.00004615 
769.600000    -0.00026929 
770.000000    -0.00045342 
770.400000    -0.00056811 
770.800000    -0.00059352 
771.200000    -0.00052379 
771.600000    -0.00036836 
772.000000    -0.00015064 
772.400000    0.00009544 
772.800000    0.00033079 
773.200000    0.00051736 
773.600000    0.00062422 
774.000000    0.00063270 
774.400000    0.00053957 
774.800000    0.00035786 
775.200000    0.00011514 
775.600000    -0.00015061 
776.000000    -0.00039689 
776.400000    -0.00058348 
776.800000    -0.00067900 
777.200000    -0.00066625 
777.600000    -0.00054531 
778.000000    -0.00033385 
778.400000    -0.00006453 
778.800000    0.00022003 
779.200000    0.00047405 
779.600000    0.00065594 
780.000000    0.00073503 
780.400000    0.00069674 
780.800000    0.00054516 
781.200000    0.00030277 
781.600000    0.00000718 
782.000000    -0.00029463 
782.400000    -0.00055372 
782.800000    -0.00072716 
783.200000    -0.00078518 
783.600000    -0.00071633 
784.000000    -0.00052971 
784.400000    -0.00025379 
784.800000    0.00006793 
785.200000    0.00038388 
785.600000    0.00064264 
786.000000    0.00080133 
786.400000    0.00083261 
786.800000    0.00072935 
787.200000    0.00050610 
787.600000    0.00019714 
788.000000    -0.00014869 
788.400000    -0.00047565 
788.800000    -0.00073004 
789.200000    -0.00086909 
789.600000    -0.00086824 
790.000000    -0.00072548 
790.400000    -0.00046207 
790.800000    -0.00011932 
791.200000    0.00024792 
791.600000    0.00058013 
792.000000    0.00082273 
792.400000    0.00093501 
792.800000    0.00089687 
793.200000    0.00071234 
793.600000    0.00040931 
794.000000    0.00003539 
794.400000    -0.00034941 
794.800000    -0.00068233 
795.200000    -0.00090806 
795.600000    -0.00098806 
796.000000    -0.00090722 
796.400000    -0.00067669 
796.800000    -0.00033239 
797.200000    0.00007068 
797.600000    0.00046733 
798.000000    0.00079275 
798.400000    0.00099305 
798.800000    0.00103413 
799.200000    0.00090735 
799.600000    0.00063123 
800.000000    0.00024890 
800.400000    -0.00017856 
800.800000    -0.00058180 
801.200000    -0.00089438 
801.600000    -0.00106386 
802.000000    -0.00106069 
802.400000    -0.00088344 
802.800000    -0.00055937 
803.200000    -0.00014015 
803.600000    0.00030649 
804.000000    0.00070783 
804.400000    0.00099793 
804.800000    0.00112846 
805.200000    0.00107656 
805.600000    0.00084881 
806.000000    0.00048045 
806.400000    0.00003007 
806.800000    -0.00042957 
807.200000    -0.00082327 
807.600000    -0.00108570 
808.000000    -0.00117241 
808.400000    -0.00106750 
808.800000    -0.00078650 
809.200000    -0.00037410 
809.600000    0.00010314 
810.000000    0.00056767 
810.400000    0.00094359 
810.800000    0.00116900 
811.200000    0.00120607 
811.600000    0.00104724 
812.000000    0.00071670 
812.400000    0.00026678 
812.800000    -0.00023016 
813.200000    -0.00069328 
813.600000    -0.00104641 
814.000000    -0.00123068 
814.400000    -0.00121451 
814.800000    -0.00099912 
815.200000    -0.00061855 
815.600000    -0.00013417 
816.000000    0.00037545 
816.400000    0.00082735 
816.800000    0.00114767 
817.200000    0.00128365 
817.600000    0.00121211 
818.000000    0.00094331 
818.400000    0.00051957 
818.800000    0.00000870 
819.200000    -0.00050666 
819.600000    -0.00094235 
820.000000    -0.00122652 
820.400000    -0.00131166 
820.800000    -0.00118264 
821.200000    -0.00085952 
821.600000    -0.00039424 
822.000000    0.00013781 
822.400000    0.00065028 
822.800000    0.00105986 
823.200000    0.00129974 
823.600000    0.00133039 
824.000000    0.00114582 
824.400000    0.00077478 
824.800000    0.00027633 
825.200000    -0.00026937 
825.600000    -0.00077382 
826.000000    -0.00115453 
826.400000    -0.00134866 
826.800000    -0.00132358 
827.200000    -0.00108244 
827.600000    -0.00066380 
828.000000    -0.00013531 
828.400000    0.00041746 
828.800000    0.00090498 
829.200000    0.00124823 
829.600000    0.00139136 
830.000000    0.00131056 
830.400000    0.00101792 
830.800000    0.00055965 
831.200000    0.00000900 
831.600000    -0.00054535 
832.000000    -0.00101339 
832.400000    -0.00131856 
832.800000    -0.00141039 
833.200000    -0.00127305 
833.600000    -0.00092812 
834.000000    -0.00043106 
834.400000    0.00013785 
834.800000    0.00068673 
835.200000    0.00112696 
835.600000    0.00138734 
836.000000    0.00142546 
836.400000    0.00123436 
836.800000    0.00084378 
837.200000    0.00031564 
837.600000    -0.00026557 
838.000000    -0.00080612 
838.400000    -0.00121819 
838.800000    -0.00143420 
839.200000    -0.00141816 
839.600000    -0.00117178 
840.000000    -0.00073429 
840.400000    -0.00017605 
840.800000    0.00041298 
841.200000    0.00093790 
841.600000    0.00131409 
842.000000    0.00148068 
842.400000    0.00141017 
842.800000    0.00111282 
843.200000    0.00063522 
843.600000    0.00005322 
844.000000    -0.00053993 
844.400000    -0.00104841 
844.800000    -0.00138930 
845.200000    -0.00150639 
845.600000    -0.00137956 
846.000000    -0.00102836 
846.400000    -0.00050892 
846.800000    0.00009529 
847.200000    0.00068704 
847.600000    0.00117103 
848.000000    0.00146916 
848.400000    0.00153286 
848.800000    0.00135079 
849.200000    0.00095081 
849.600000    0.00039586 
850.000000    -0.00022572 
850.400000    -0.00081401 
850.800000    -0.00127352 
851.200000    -0.00152888 
851.600000    -0.00153737 
852.000000    -0.00129629 
852.400000    -0.00084359 
852.800000    -0.00025179 
853.200000    0.00038396 
853.600000    0.00096128 
854.000000    0.00138704 
854.400000    0.00159219 
854.800000    0.00154269 
855.200000    0.00124500 
855.600000    0.00074531 
856.000000    0.00012265 
856.400000    -0.00052338 
856.800000    -0.00108836 
857.200000    -0.00147996 
857.600000    -0.00163328 
858.000000    -0.00152182 
858.400000    -0.00116224 
858.800000    -0.00061175 
859.200000    0.00004122 
859.600000    0.00069145 
860.000000    0.00123397 
860.400000    0.00158093 
860.800000    0.00167554 
861.200000    0.00150109 
861.600000    0.00108385 
862.000000    0.00048924 
862.400000    -0.00018807 
862.800000    -0.00083902 
863.200000    -0.00135763 
863.600000    -0.00165840 
864.000000    -0.00169070 
864.400000    -0.00144756 
864.800000    -0.00096707 
865.200000    -0.00032630 
865.600000    0.00037143 
866.000000    0.00101334 
866.400000    0.00149549 
866.800000    0.00173934 
867.200000    0.00170429 
867.600000    0.00139416 
868.000000    0.00085701 
868.400000    0.00017789 
868.800000    -0.00053427 
869.200000    -0.00116391 
869.600000    -0.00160768 
870.000000    -0.00179163 
870.400000    -0.00168389 
870.800000    -0.00130035 
871.200000    -0.00070222 
871.600000    0.00001396 
872.000000    0.00073228 
872.400000    0.00133630 
872.800000    0.00172784 
873.200000    0.00184259 
873.600000    0.00166042 
874.000000    0.00120873 
874.400000    0.00055861 
874.800000    -0.00018608 
875.200000    -0.00090493 
875.600000    -0.00148036 
876.000000    -0.00181709 
876.400000    -0.00185822 
876.800000    -0.00159518 
877.200000    -0.00106947 
877.600000    -0.00036590 
878.000000    0.00040145 
878.400000    0.00110801 
878.800000    0.00163895 
879.200000    0.00190757 
879.600000    0.00186910 
880.000000    0.00152790 
880.400000    0.00093717 
880.800000    0.00019090 
881.200000    -0.00059067 
881.600000    -0.00128013 
882.000000    -0.00176383 
882.400000    -0.00196087 
882.800000    -0.00183708 
883.200000    -0.00141111 
883.600000    -0.00075152 
884.000000    0.00003457 
884.400000    0.00081930 
884.800000    0.00147500 
885.200000    0.00189481 
885.600000    0.00200972 
886.000000    0.00179959 
886.400000    0.00129649 
886.800000    0.00058012 
887.200000    -0.00023446 
887.600000    -0.00101491 
888.000000    -0.00163303 
888.400000    -0.00198607 
888.800000    -0.00201427 
889.200000    -0.00171128 
889.600000    -0.00112555 
890.000000    -0.00035230 
890.400000    0.00048238 
890.800000    0.00124245 
891.200000    0.00180405 
891.600000    0.00207535 
892.000000    0.00201116 
892.400000    0.00162022 
892.800000    0.00096407 
893.200000    0.00014780 
893.600000    -0.00069636 
894.000000    -0.00143018 
894.400000    -0.00193221 
894.800000    -0.00211826 
895.200000    -0.00195603 
895.600000    -0.00147087 
896.000000    -0.00074168 
896.400000    0.00011234 
896.800000    0.00095162 
897.200000    0.00163921 
897.600000    0.00206288 
898.000000    0.00215301 
898.400000    0.00189366 
898.800000    0.00132525 
899.200000    0.00053858 
899.600000    -0.00033920 
900.000000    -0.00116474 
900.400000    -0.00180186 
900.800000    -0.00214434 
901.200000    -0.00213414 
901.600000    -0.00177160 
902.000000    -0.00111564 
902.400000    -0.00027378 
902.800000    0.00061597 
903.200000    0.00140808 
903.600000    0.00197321 
904.000000    0.00221898 
904.400000    0.00210454 
904.800000    0.00164718 
905.200000    0.00091979 
905.600000    0.00003977 
906.000000    -0.00084948 
906.400000    -0.00160164 
906.800000    -0.00209182 
907.200000    -0.00223772 
907.600000    -0.00201402 
908.000000    -0.00145689 
908.400000    -0.00065794 
908.800000    0.00025138 
909.200000    0.00112186 
909.600000    0.00181114 
910.000000    0.00220669 
910.400000    0.00224370 
910.800000    0.00191529 
911.200000    0.00127375 
911.600000    0.00042255 
912.000000    -0.00049975 
912.400000    -0.00134175 
912.800000    -0.00196403 
913.200000    -0.00226271 
913.600000    -0.00218732 
914.000000    -0.00174972 
914.400000    -0.00102213 
914.800000    -0.00012479 
915.200000    0.00079452 
915.600000    0.00158503 
916.000000    0.00211766 
916.400000    0.00230555 
916.800000    0.00211777 
917.200000    0.00158423 
917.600000    0.00079109 
918.000000    -0.00013257 
918.400000    -0.00103535 
918.800000    -0.00176812 
919.200000    -0.00220901 
919.600000    -0.00228423 
920.000000    -0.00198091 
920.400000    -0.00134943 
920.800000    -0.00049466 
921.200000    0.00044199 
921.600000    0.00130640 
922.000000    0.00195716 
922.400000    0.00228833 
922.800000    0.00224611 
923.200000    0.00183731 
923.600000    0.00112822 
924.000000    0.00023437 
924.400000    -0.00069777 
924.800000    -0.00151454 
925.200000    -0.00208048 
925.600000    -0.00230137 
926.000000    -0.00214047 
926.400000    -0.00162488 
926.800000    -0.00084083 
927.200000    0.00008129 
927.600000    0.00098916 
928.000000    0.00173389 
928.400000    0.00219416 
928.800000    0.00229556 
929.200000    0.00202209 
929.600000    0.00141859 
930.000000    0.00058373 
930.400000    -0.00034562 
930.800000    -0.00121642 
931.200000    -0.00188463 
931.600000    -0.00223939 
932.000000    -0.00222208 
932.400000    -0.00183634 
932.800000    -0.00114736 
933.200000    -0.00027043 
933.600000    0.00064892 
934.000000    0.00145941 
934.400000    0.00202886 
934.800000    0.00226528 
935.200000    0.00213123 
935.600000    0.00164950 
936.000000    0.00089942 
936.400000    0.00000420 
936.800000    -0.00088879 
937.200000    -0.00163210 
937.600000    -0.00210282 
938.000000    -0.00222344 
938.400000    -0.00197507 
938.800000    -0.00140056 
939.200000    -0.00059684 
939.600000    0.00030201 
940.000000    0.00114753 
940.400000    0.00180152 
940.800000    0.00215828 
941.200000    0.00216123 
941.600000    0.00181150 
942.000000    0.00116747 
942.400000    0.00033541 
942.800000    -0.00054760 
943.200000    -0.00133599 
943.600000    -0.00189972 
944.000000    -0.00214625 
944.400000    -0.00203617 
944.800000    -0.00158979 
945.200000    -0.00088332 
945.600000    -0.00003536 
946.000000    0.00081344 
946.400000    0.00152396 
946.800000    0.00198122 
947.200000    0.00211257 
947.600000    0.00189880 
948.000000    0.00137677 
948.400000    0.00063330 
948.800000    -0.00020889 
949.200000    -0.00101102 
949.600000    -0.00164113 
950.000000    -0.00199604 
950.400000    -0.00201877 
950.800000    -0.00170795 
951.200000    -0.00111775 
951.600000    -0.00034806 
952.000000    0.00047286 
952.400000    0.00121001 
952.800000    0.00174391 
953.200000    0.00198956 
953.600000    0.00190957 
954.000000    0.00151961 
954.400000    0.00088545 
954.800000    0.00011220 
955.200000    -0.00067269 
955.600000    -0.00134037 
956.000000    -0.00178180 
956.400000    -0.00192601 
956.800000    -0.00175186 
957.200000    -0.00129117 
957.600000    -0.00062282 
958.000000    0.00014118 
958.400000    0.00087477 
958.800000    0.00145879 
959.200000    0.00180006 
959.600000    0.00184592 
960.000000    0.00159199 
960.400000    0.00108236 
960.800000    0.00040213 
961.200000    -0.00033645 
961.600000    -0.00101230 
962.000000    -0.00151536 
962.400000    -0.00176479 
962.800000    -0.00172229 
963.200000    -0.00139814 
963.600000    -0.00084891 
964.000000    -0.00016731 
964.400000    0.00053379 
964.800000    0.00114023 
965.200000    0.00155503 
965.600000    0.00171367 
966.000000    0.00159372 
966.400000    0.00121784 
966.800000    0.00064962 
967.200000    -0.00001690 
967.600000    -0.00067254 
968.000000    -0.00121080 
968.400000    -0.00154531 
968.800000    -0.00162390 
969.200000    -0.00143698 
969.600000    -0.00101861 
970.000000    -0.00044011 
970.400000    0.00020230 
970.800000    0.00080375 
971.200000    0.00126786 
971.600000    0.00152199 
972.000000    0.00152829 
972.400000    0.00128913 
972.800000    0.00084606 
973.200000    0.00027286 
973.600000    -0.00033662 
974.000000    -0.00088357 
974.400000    -0.00128038 
974.800000    -0.00146473 
975.200000    -0.00140964 
975.600000    -0.00112741 
976.000000    -0.00066705 
976.400000    -0.00010553 
976.800000    0.00046525 
977.200000    0.00095361 
977.600000    0.00128273 
978.000000    0.00140248 
978.400000    0.00129684 
978.800000    0.00098580 
979.200000    0.00052173 
979.600000    -0.00001928 
980.000000    -0.00054970 
980.400000    -0.00098468 
980.800000    -0.00125567 
981.200000    -0.00132136 
981.600000    -0.00117411 
982.000000    -0.00084066 
982.400000    -0.00037722 
982.800000    0.00014015 
983.200000    0.00062815 
983.600000    0.00100966 
984.000000    0.00122577 
984.400000    0.00124469 
984.800000    0.00106616 
985.200000    0.00072107 
985.600000    0.00026622 
986.000000    -0.00022490 
986.400000    -0.00067381 
986.800000    -0.00100961 
987.200000    -0.00118024 
987.600000    -0.00116060 
988.000000    -0.00095636 
988.400000    -0.00060251 
988.800000    -0.00015736 
989.200000    0.00030726 
989.600000    0.00071760 
990.000000    0.00100967 
990.400000    0.00113901 
990.800000    0.00108732 
991.200000    0.00086490 
991.600000    0.00050869 
992.000000    0.00007625 
992.400000    -0.00036337 
992.800000    -0.00074062 
993.200000    -0.00099642 
993.600000    -0.00109150 
994.000000    -0.00101250 
994.400000    -0.00077383 
994.800000    -0.00041506 
995.200000    0.00000575 
995.600000    0.00042152 
996.000000    0.00076685 
996.400000    0.00098822 
996.800000    0.00105213 
997.200000    0.00095007 
997.600000    0.00069952 
998.000000    0.00034108 
998.400000    -0.00006803 
998.800000    -0.00046295 
999.200000    -0.00078145 
999.600000    -0.00097371 
1000.000000    -0.00101027 
