0.000000    0.00000000 
0.400000    0.03682994 
0.800000    0.06531956 
1.200000    0.08082078 
1.600000    0.08202532 
2.000000    0.06999180 
2.400000    0.04735165 
2.800000    0.01795960 
3.200000    -0.01301495 
3.600000    -0.03907278 
4.000000    -0.05357824 
4.400000    -0.05274794 
4.800000    -0.03817333 
5.200000    -0.01568103 
5.600000    0.00821557 
6.000000    0.02870238 
6.400000    0.04305937 
6.800000    0.05016172 
7.200000    0.04993044 
7.600000    0.04298878 
8.000000    0.03052730 
8.400000    0.01431509 
8.800000    -0.00324324 
9.200000    -0.01917791 
9.600000    -0.03038649 
10.000000    -0.03452385 
10.400000    -0.03096820 
10.800000    -0.02111188 
11.200000    -0.00768230 
11.600000    0.00634195 
12.000000    0.01851163 
12.400000    0.02718712 
12.800000    0.03150196 
13.200000    0.03122725 
13.600000    0.02665537 
14.000000    0.01853776 
14.400000    0.00806176 
14.800000    -0.00318523 
15.200000    -0.01334506 
15.600000    -0.02058658 
16.000000    -0.02355792 
16.400000    -0.02181606 
16.800000    -0.01597306 
17.200000    -0.00745072 
17.600000    0.00199364 
18.000000    0.01070645 
18.400000    0.01739901 
18.800000    0.02124230 
19.200000    0.02186874 
19.600000    0.01934121 
20.000000    0.01411630 
20.400000    0.00700340 
20.800000    -0.00089768 
21.200000    -0.00831066 
21.600000    -0.01397449 
22.000000    -0.01690242 
22.400000    -0.01663242 
22.800000    -0.01335279 
23.200000    -0.00783035 
23.600000    -0.00117821 
24.000000    0.00542197 
24.400000    0.01094037 
24.800000    0.01462432 
25.200000    0.01604395 
25.600000    0.01509292 
26.000000    0.01197237 
26.400000    0.00716874 
26.800000    0.00141722 
27.200000    -0.00437035 
27.600000    -0.00923218 
28.000000    -0.01233437 
28.400000    -0.01315827 
28.800000    -0.01162764 
29.200000    -0.00811778 
29.600000    -0.00334263 
30.000000    0.00182676 
30.400000    0.00654180 
30.800000    0.01010728 
31.200000    0.01205384 
31.600000    0.01216553 
32.000000    0.01048153 
32.400000    0.00728340 
32.800000    0.00306773 
33.200000    -0.00150495 
33.600000    -0.00569546 
34.000000    -0.00880627 
34.400000    -0.01031859 
34.800000    -0.01000710 
35.200000    -0.00798902 
35.600000    -0.00468602 
36.000000    -0.00071491 
36.400000    0.00324921 
36.800000    0.00659399 
37.200000    0.00885187 
37.600000    0.00974195 
38.000000    0.00918274 
38.400000    0.00728739 
38.800000    0.00434731 
39.200000    0.00080312 
39.600000    -0.00280261 
40.000000    -0.00589580 
40.400000    -0.00796269 
40.800000    -0.00864909 
41.200000    -0.00784042 
41.600000    -0.00569389 
42.000000    -0.00260727 
42.400000    0.00086708 
42.800000    0.00413505 
43.200000    0.00666870 
43.600000    0.00808750 
44.000000    0.00820510 
44.400000    0.00704403 
44.800000    0.00482324 
45.200000    0.00192220 
45.600000    -0.00117680 
46.000000    -0.00396505 
46.400000    -0.00599383 
46.800000    -0.00695465 
47.200000    -0.00673309 
47.600000    -0.00542109 
48.000000    -0.00328548 
48.400000    -0.00070542 
48.800000    0.00190129 
49.200000    0.00414493 
49.600000    0.00571423 
50.000000    0.00640838 
50.400000    0.00615337 
50.800000    0.00500521 
51.200000    0.00314133 
51.600000    0.00083982 
52.000000    -0.00155423 
52.400000    -0.00367457 
52.800000    -0.00518863 
53.200000    -0.00585341 
53.600000    -0.00556084 
54.000000    -0.00436063 
54.400000    -0.00245324 
54.800000    -0.00015392 
55.200000    0.00216289 
55.600000    0.00412649 
56.000000    0.00542844 
56.400000    0.00586873 
56.800000    0.00538458 
57.200000    0.00405958 
57.600000    0.00211177 
58.000000    -0.00013893 
58.400000    -0.00232143 
58.800000    -0.00407607 
59.200000    -0.00511850 
59.600000    -0.00529086 
60.000000    -0.00458765 
60.400000    -0.00315021 
60.800000    -0.00123319 
61.200000    0.00084573 
61.600000    0.00275979 
62.000000    0.00422082 
62.400000    0.00501594 
62.800000    0.00503272 
63.200000    0.00427302 
63.600000    0.00285504 
64.000000    0.00100114 
64.400000    -0.00099078 
64.800000    -0.00279259 
65.200000    -0.00410282 
65.600000    -0.00470394 
66.000000    -0.00450541 
66.400000    -0.00355992 
66.800000    -0.00204819 
67.200000    -0.00023832 
67.600000    0.00156744 
68.000000    0.00308474 
68.400000    0.00408876 
68.800000    0.00444159 
69.200000    0.00410598 
69.600000    0.00314671 
70.000000    0.00172063 
70.400000    0.00005525 
70.800000    -0.00158390 
71.200000    -0.00293461 
71.600000    -0.00378215 
72.000000    -0.00399740 
72.400000    -0.00355951 
72.800000    -0.00255713 
73.200000    -0.00116836 
73.600000    0.00037455 
74.000000    0.00182647 
74.400000    0.00296793 
74.800000    0.00363528 
75.200000    0.00374001 
75.600000    0.00327740 
76.000000    0.00232501 
76.400000    0.00103183 
76.800000    -0.00040179 
77.200000    -0.00175236 
77.600000    -0.00280726 
78.000000    -0.00339970 
78.400000    -0.00343791 
78.800000    -0.00292178 
79.200000    -0.00194250 
79.600000    -0.00066511 
80.000000    0.00070160 
80.400000    0.00194094 
80.800000    0.00286272 
81.200000    0.00333081 
81.600000    0.00328092 
82.000000    0.00272764 
82.400000    0.00176098 
82.800000    0.00053310 
83.200000    -0.00076344 
83.600000    -0.00192418 
84.000000    -0.00276472 
84.400000    -0.00315128 
84.800000    -0.00302411 
85.200000    -0.00240832 
85.600000    -0.00140930 
86.000000    -0.00019367 
86.400000    0.00104017 
86.800000    0.00209534 
87.200000    0.00280782 
87.600000    0.00307095 
88.000000    0.00285032 
88.400000    0.00218760 
88.800000    0.00119333 
89.200000    0.00002943 
89.600000    -0.00111662 
90.000000    -0.00206214 
90.400000    -0.00265957 
90.800000    -0.00282075 
91.200000    -0.00253030 
91.600000    -0.00184561 
92.000000    -0.00088395 
92.400000    0.00019934 
92.800000    0.00123672 
93.200000    0.00207325 
93.600000    0.00258732 
94.000000    0.00270561 
94.400000    0.00241195 
94.800000    0.00174982 
95.200000    0.00081808 
95.600000    -0.00024077 
96.000000    -0.00125996 
96.400000    -0.00207418 
96.800000    -0.00254800 
97.200000    -0.00260137 
97.600000    -0.00222597 
98.000000    -0.00148757 
98.400000    -0.00051363 
98.800000    0.00053115 
99.200000    0.00147505 
99.600000    0.00216878 
100.000000    0.00250863 
100.400000    0.00245032 
100.800000    0.00201266 
101.200000    0.00127190 
101.600000    0.00034846 
102.000000    -0.00061185 
102.400000    -0.00145980 
102.800000    -0.00206516 
103.200000    -0.00233654 
103.600000    -0.00223551 
104.000000    -0.00178238 
104.400000    -0.00105246 
104.800000    -0.00016346 
105.200000    0.00074382 
105.600000    0.00152782 
106.000000    0.00206803 
106.400000    0.00228293 
106.800000    0.00214184 
107.200000    0.00166910 
107.600000    0.00094037 
108.000000    0.00007124 
108.400000    -0.00080046 
108.800000    -0.00153633 
109.200000    -0.00201971 
109.600000    -0.00217505 
110.000000    -0.00198037 
110.400000    -0.00147059 
110.800000    -0.00073097 
111.200000    0.00011789 
111.600000    0.00094029 
112.000000    0.00160728 
112.400000    0.00201649 
112.800000    0.00210719 
113.200000    0.00186871 
113.600000    0.00134147 
114.000000    0.00061045 
114.400000    -0.00020792 
114.800000    -0.00098391 
115.200000    -0.00159501 
115.600000    -0.00194564 
116.000000    -0.00198259 
116.400000    -0.00170336 
116.800000    -0.00115595 
117.200000    -0.00043017 
117.600000    0.00035748 
118.000000    0.00108271 
118.400000    0.00163282 
118.800000    0.00192365 
119.200000    0.00191198 
119.600000    0.00160181 
120.000000    0.00104362 
120.400000    0.00032679 
120.800000    -0.00043422 
121.200000    -0.00111804 
121.600000    -0.00161609 
122.000000    -0.00185050 
122.400000    -0.00178685 
122.800000    -0.00143923 
123.200000    -0.00086697 
123.600000    -0.00016374 
124.000000    0.00055832 
124.400000    0.00118655 
124.800000    0.00162478 
125.200000    0.00180725 
125.600000    0.00170779 
126.000000    0.00134336 
126.400000    0.00077169 
126.800000    0.00008294 
127.200000    -0.00061376 
127.600000    -0.00120740 
128.000000    -0.00160314 
128.400000    -0.00173840 
128.800000    -0.00159348 
129.200000    -0.00119472 
129.600000    -0.00060935 
130.000000    0.00006659 
130.400000    0.00072480 
130.800000    0.00126234 
131.200000    0.00159731 
131.600000    0.00168063 
132.000000    0.00150242 
132.400000    0.00109273 
132.800000    0.00051672 
133.200000    -0.00013503 
133.600000    -0.00076014 
134.000000    -0.00126019 
134.400000    -0.00155636 
134.800000    -0.00160245 
135.200000    -0.00139257 
135.600000    -0.00096217 
136.000000    -0.00038184 
136.400000    0.00025470 
136.800000    0.00084618 
137.200000    0.00130000 
137.600000    0.00154653 
138.000000    0.00154930 
138.400000    0.00131006 
138.800000    0.00086808 
139.200000    0.00029395 
139.600000    -0.00032125 
140.000000    -0.00088015 
140.400000    -0.00129444 
140.800000    -0.00149918 
141.200000    -0.00146332 
141.600000    -0.00119471 
142.000000    -0.00073842 
142.400000    -0.00016885 
142.800000    0.00042277 
143.200000    0.00094321 
143.600000    0.00131180 
144.000000    0.00147254 
144.400000    0.00140223 
144.800000    0.00111359 
145.200000    0.00065310 
145.600000    0.00009387 
146.000000    -0.00047552 
146.400000    -0.00096493 
146.800000    -0.00129704 
147.200000    -0.00141994 
147.600000    -0.00131563 
148.000000    -0.00100279 
148.400000    -0.00053328 
148.800000    0.00001681 
149.200000    0.00055983 
149.600000    0.00101067 
150.000000    0.00129988 
150.400000    0.00138393 
150.800000    0.00125147 
151.200000    0.00092464 
151.600000    0.00045563 
152.000000    -0.00008132 
152.400000    -0.00060130 
152.800000    -0.00102207 
153.200000    -0.00127727 
153.600000    -0.00132724 
154.000000    -0.00116551 
154.400000    -0.00081965 
154.800000    -0.00034639 
155.200000    0.00017804 
155.600000    0.00067044 
156.000000    0.00105391 
156.400000    0.00126958 
156.800000    0.00128534 
157.200000    0.00110030 
157.600000    0.00074467 
158.000000    0.00027505 
158.400000    -0.00023425 
158.800000    -0.00070273 
159.200000    -0.00105641 
159.600000    -0.00123972 
160.000000    -0.00122453 
160.400000    -0.00101471 
160.800000    -0.00064524 
161.200000    -0.00017617 
161.600000    0.00031744 
162.000000    0.00075765 
162.400000    0.00107594 
162.800000    0.00122358 
163.200000    0.00117886 
163.600000    0.00095005 
164.000000    0.00057403 
164.400000    0.00011058 
164.800000    -0.00036687 
165.200000    -0.00078270 
165.600000    -0.00107124 
166.000000    -0.00118731 
166.400000    -0.00111365 
166.800000    -0.00086354 
167.200000    -0.00047834 
167.600000    -0.00002036 
168.000000    0.00043742 
168.400000    0.00082314 
168.800000    0.00107717 
169.200000    0.00116104 
169.600000    0.00106299 
170.000000    0.00079953 
170.400000    0.00041275 
170.800000    -0.00003614 
171.200000    -0.00047621 
171.600000    -0.00083796 
172.000000    -0.00106441 
172.400000    -0.00112028 
172.800000    -0.00099774 
173.200000    -0.00071757 
173.600000    -0.00032552 
174.000000    0.00011540 
174.400000    0.00053523 
174.800000    0.00086819 
175.200000    0.00106286 
175.600000    0.00108988 
176.000000    0.00094618 
176.400000    0.00065527 
176.800000    0.00026353 
177.200000    -0.00016695 
177.600000    -0.00056804 
178.000000    -0.00087638 
178.400000    -0.00104351 
178.800000    -0.00104372 
179.200000    -0.00087819 
179.600000    -0.00057454 
180.000000    -0.00018210 
180.400000    0.00023638 
180.800000    0.00061484 
181.200000    0.00089435 
181.600000    0.00103209 
182.000000    0.00100763 
182.400000    0.00082585 
182.800000    0.00051599 
183.200000    0.00012716 
183.600000    -0.00027925 
184.000000    -0.00063907 
184.400000    -0.00089555 
184.800000    -0.00100841 
185.200000    -0.00096041 
185.600000    -0.00076013 
186.000000    -0.00044042 
186.400000    -0.00005285 
186.800000    0.00034075 
187.200000    0.00067828 
187.600000    0.00090714 
188.000000    0.00099224 
188.400000    0.00092128 
188.800000    0.00070637 
189.200000    0.00038205 
189.600000    -0.00000011 
190.000000    -0.00037957 
190.400000    -0.00069639 
190.800000    -0.00090073 
191.200000    -0.00096087 
191.600000    -0.00086821 
192.000000    -0.00063859 
192.400000    -0.00030942 
192.800000    0.00006652 
193.200000    0.00042970 
193.600000    0.00072322 
194.000000    0.00090167 
194.400000    0.00093791 
194.800000    0.00082709 
195.200000    0.00058729 
195.600000    0.00025667 
196.000000    -0.00011239 
196.400000    -0.00046147 
196.800000    -0.00073533 
197.200000    -0.00089083 
197.600000    -0.00090384 
198.000000    -0.00077321 
198.400000    -0.00052075 
198.800000    -0.00018747 
199.200000    0.00017321 
199.600000    0.00050423 
200.000000    0.00075385 
200.400000    0.00088366 
200.800000    0.00087430 
201.200000    0.00072819 
201.600000    0.00046902 
202.000000    0.00013801 
202.400000    -0.00021251 
202.800000    -0.00052723 
203.200000    -0.00075663 
203.600000    -0.00086484 
204.000000    -0.00083542 
204.400000    -0.00067392 
204.800000    -0.00040685 
205.200000    -0.00007720 
205.600000    0.00026262 
206.000000    0.00055915 
206.400000    0.00076630 
206.800000    0.00085234 
207.200000    0.00080464 
207.600000    0.00063142 
208.000000    0.00036039 
208.400000    0.00003442 
208.800000    -0.00029508 
209.200000    -0.00057625 
209.600000    -0.00076490 
210.000000    -0.00083163 
210.400000    -0.00076647 
210.800000    -0.00058044 
211.200000    -0.00030363 
211.600000    0.00001978 
212.000000    0.00033861 
212.400000    0.00060289 
212.800000    0.00077154 
213.200000    0.00081865 
213.600000    0.00073737 
214.000000    0.00054083 
214.400000    0.00026017 
214.800000    -0.00006031 
215.200000    -0.00036999 
215.600000    -0.00061990 
216.000000    -0.00077054 
216.400000    -0.00079824 
216.800000    -0.00069900 
217.200000    -0.00048913 
217.600000    -0.00020245 
218.000000    0.00011522 
218.400000    0.00041349 
218.800000    0.00064538 
219.200000    0.00077469 
219.600000    0.00078149 
220.000000    0.00066515 
220.400000    0.00044438 
220.800000    0.00015434 
221.200000    -0.00015887 
221.600000    -0.00044542 
222.000000    -0.00065973 
222.400000    -0.00076780 
222.800000    -0.00075278 
223.200000    -0.00061769 
223.600000    -0.00038482 
224.000000    -0.00009197 
224.400000    0.00021382 
224.800000    0.00048390 
225.200000    0.00067576 
225.600000    0.00075964 
226.000000    0.00072303 
226.400000    0.00057252 
226.800000    0.00033261 
227.200000    0.00004186 
227.600000    -0.00025328 
228.000000    -0.00050583 
228.400000    -0.00067581 
228.800000    -0.00073677 
229.200000    -0.00067992 
229.600000    -0.00051547 
230.000000    -0.00027074 
230.400000    0.00001451 
230.800000    0.00029469 
231.200000    0.00052570 
231.600000    0.00067182 
232.000000    0.00071119 
232.400000    0.00063886 
232.800000    0.00046741 
233.200000    0.00022470 
233.600000    -0.00005055 
234.000000    -0.00031488 
234.400000    -0.00052696 
234.800000    -0.00065408 
235.200000    -0.00067724 
235.600000    -0.00059404 
236.000000    -0.00041877 
236.400000    -0.00017994 
236.800000    0.00008449 
237.200000    0.00033320 
237.600000    0.00052798 
238.000000    0.00063943 
238.400000    0.00065134 
238.800000    0.00056287 
239.200000    0.00038847 
239.600000    0.00015560 
240.000000    -0.00009956 
240.400000    -0.00033759 
240.800000    -0.00052193 
241.200000    -0.00062443 
241.600000    -0.00062969 
242.000000    -0.00053742 
242.400000    -0.00036230 
242.800000    -0.00013171 
243.200000    0.00011868 
243.600000    0.00035037 
244.000000    0.00052791 
244.400000    0.00062418 
244.800000    0.00062445 
245.200000    0.00052853 
245.600000    0.00035089 
246.000000    0.00011852 
246.400000    -0.00013297 
246.800000    -0.00036468 
247.200000    -0.00054044 
247.600000    -0.00063238 
248.000000    -0.00062551 
248.400000    -0.00052018 
248.800000    -0.00033224 
249.200000    -0.00009065 
249.600000    0.00016696 
250.000000    0.00040017 
250.400000    0.00057208 
250.800000    0.00065506 
251.200000    0.00063518 
251.600000    0.00051453 
252.000000    0.00031118 
252.400000    0.00005659 
252.800000    -0.00020909 
253.200000    -0.00044328 
253.600000    -0.00060783 
254.000000    -0.00067536 
254.400000    -0.00063396 
254.800000    -0.00048942 
255.200000    -0.00026447 
255.600000    0.00000483 
256.000000    0.00027491 
256.400000    0.00050189 
256.800000    0.00064861 
257.200000    0.00069083 
257.600000    0.00062111 
258.000000    0.00045022 
258.400000    0.00020557 
258.800000    -0.00007312 
259.200000    -0.00034021 
259.600000    -0.00055162 
260.000000    -0.00067228 
260.400000    -0.00068210 
260.800000    -0.00057949 
261.200000    -0.00038164 
261.600000    -0.00012157 
262.000000    0.00015750 
262.400000    0.00040946 
262.800000    0.00059303 
263.200000    0.00067851 
263.600000    0.00065252 
264.000000    0.00052012 
264.400000    0.00030383 
264.800000    0.00003988 
265.200000    -0.00022786 
265.600000    -0.00045518 
266.000000    -0.00060495 
266.400000    -0.00065334 
266.800000    -0.00059372 
267.200000    -0.00043757 
267.600000    -0.00021222 
268.000000    0.00004405 
268.400000    0.00028864 
268.800000    0.00048184 
269.200000    0.00059324 
269.600000    0.00060652 
270.000000    0.00052166 
270.400000    0.00035463 
270.800000    0.00013439 
271.200000    -0.00010213 
271.600000    -0.00031620 
272.000000    -0.00047379 
272.400000    -0.00055095 
272.800000    -0.00053760 
273.200000    -0.00043870 
273.600000    -0.00027291 
274.000000    -0.00006902 
274.400000    0.00013920 
274.800000    0.00031863 
275.200000    0.00044213 
275.600000    0.00049255 
276.000000    0.00046490 
276.400000    0.00036662 
276.800000    0.00021576 
277.200000    0.00003771 
277.600000    -0.00013913 
278.000000    -0.00028787 
278.400000    -0.00038722 
278.800000    -0.00042448 
279.200000    -0.00039697 
279.600000    -0.00031184 
280.000000    -0.00018438 
280.400000    -0.00003519 
280.800000    0.00011322 
281.200000    0.00023976 
281.600000    0.00032768 
282.000000    0.00036651 
282.400000    0.00035306 
282.800000    0.00029128 
283.200000    0.00019130 
283.600000    0.00006772 
284.000000    -0.00006243 
284.400000    -0.00018190 
284.800000    -0.00027530 
285.200000    -0.00033080 
285.600000    -0.00034145 
286.000000    -0.00030589 
286.400000    -0.00022849 
286.800000    -0.00011891 
287.200000    0.00000897 
287.600000    0.00013849 
288.000000    0.00025219 
288.400000    0.00033392 
288.800000    0.00037100 
289.200000    0.00035614 
289.600000    0.00028889 
290.000000    0.00017629 
290.400000    0.00003246 
290.800000    -0.00012282 
291.200000    -0.00026661 
291.600000    -0.00037612 
292.000000    -0.00043230 
292.400000    -0.00042330 
292.800000    -0.00034690 
293.200000    -0.00021169 
293.600000    -0.00003632 
294.000000    0.00015283 
294.400000    0.00032567 
294.800000    0.00045312 
295.200000    0.00051211 
295.600000    0.00048973 
296.000000    0.00038603 
296.400000    0.00021467 
296.800000    0.00000143 
297.200000    -0.00021961 
297.600000    -0.00041148 
298.000000    -0.00054062 
298.400000    -0.00058289 
298.800000    -0.00052820 
299.200000    -0.00038284 
299.600000    -0.00016895 
300.000000    0.00007894 
300.400000    0.00031959 
300.800000    0.00051200 
301.200000    0.00062248 
301.600000    0.00063054 
302.000000    0.00053271 
302.400000    0.00034343 
302.800000    0.00009304 
303.200000    -0.00017705 
303.600000    -0.00042120 
304.000000    -0.00059741 
304.400000    -0.00067463 
304.800000    -0.00063843 
305.200000    -0.00049369 
305.600000    -0.00026399 
306.000000    0.00001242 
306.400000    0.00028911 
306.800000    0.00051944 
307.200000    0.00066441 
307.600000    0.00069919 
308.000000    0.00061731 
308.400000    0.00043181 
308.800000    0.00017316 
309.200000    -0.00011568 
309.600000    -0.00038635 
310.000000    -0.00059319 
310.400000    -0.00070107 
310.800000    -0.00069141 
311.200000    -0.00056550 
311.600000    -0.00034427 
312.000000    -0.00006473 
312.400000    0.00022635 
312.800000    0.00048033 
313.200000    0.00065479 
313.600000    0.00072055 
314.000000    0.00066642 
314.400000    0.00050105 
314.800000    0.00025166 
315.200000    -0.00004035 
315.600000    -0.00032612 
316.000000    -0.00055749 
316.400000    -0.00069513 
316.800000    -0.00071540 
317.200000    -0.00061454 
317.600000    -0.00040941 
318.000000    -0.00013471 
318.400000    0.00016301 
318.800000    0.00043326 
319.200000    0.00063022 
319.600000    0.00072045 
320.000000    0.00068856 
320.400000    0.00053982 
320.800000    0.00029944 
321.200000    0.00000844 
321.600000    -0.00028323 
322.000000    -0.00052522 
322.400000    -0.00067562 
322.800000    -0.00070844 
323.200000    -0.00061831 
323.600000    -0.00042151 
324.000000    -0.00015301 
324.400000    0.00013981 
324.800000    0.00040567 
325.200000    0.00059847 
325.600000    0.00068529 
326.000000    0.00065207 
326.400000    0.00050593 
326.800000    0.00027379 
327.200000    -0.00000248 
327.600000    -0.00027350 
328.000000    -0.00049134 
328.400000    -0.00061814 
328.800000    -0.00063296 
329.200000    -0.00053542 
329.600000    -0.00034548 
330.000000    -0.00009935 
330.400000    0.00015748 
330.800000    0.00037880 
331.200000    0.00052610 
331.600000    0.00057533 
332.000000    0.00052081 
332.400000    0.00037580 
332.800000    0.00016952 
333.200000    -0.00005854 
333.600000    -0.00026625 
334.000000    -0.00041663 
334.400000    -0.00048469 
334.800000    -0.00046170 
335.200000    -0.00035626 
335.600000    -0.00019199 
336.000000    -0.00000234 
336.400000    0.00017616 
336.800000    0.00031104 
337.200000    0.00037983 
337.600000    0.00037383 
338.000000    0.00029908 
338.400000    0.00017437 
338.800000    0.00002703 
339.200000    -0.00011294 
339.600000    -0.00021891 
340.000000    -0.00027274 
340.400000    -0.00026800 
340.800000    -0.00021061 
341.200000    -0.00011688 
341.600000    -0.00000947 
342.000000    0.00008775 
342.400000    0.00015482 
342.800000    0.00017979 
343.200000    0.00016083 
343.600000    0.00010613 
344.000000    0.00003154 
344.400000    -0.00004332 
344.800000    -0.00009973 
345.200000    -0.00012417 
345.600000    -0.00011144 
346.000000    -0.00006567 
346.400000    0.00000070 
346.800000    0.00007000 
347.200000    0.00012355 
347.600000    0.00014614 
348.000000    0.00012978 
348.400000    0.00007584 
348.800000    -0.00000499 
349.200000    -0.00009480 
349.600000    -0.00017236 
350.000000    -0.00021789 
350.400000    -0.00021773 
350.800000    -0.00016781 
351.200000    -0.00007506 
351.600000    0.00004355 
352.000000    0.00016419 
352.400000    0.00026110 
352.800000    0.00031194 
353.200000    0.00030279 
353.600000    0.00023148 
354.000000    0.00010858 
354.400000    -0.00004413 
354.800000    -0.00019764 
355.200000    -0.00032134 
355.600000    -0.00038919 
356.000000    -0.00038517 
356.400000    -0.00030696 
356.800000    -0.00016675 
357.200000    0.00001071 
357.600000    0.00019272 
358.000000    0.00034488 
358.400000    0.00043766 
358.800000    0.00045218 
359.200000    0.00038396 
359.600000    0.00024395 
360.000000    0.00005668 
360.400000    -0.00014414 
360.800000    -0.00032188 
361.200000    -0.00044383 
361.600000    -0.00048735 
362.000000    -0.00044416 
362.400000    -0.00032178 
362.800000    -0.00014213 
363.200000    0.00006275 
363.600000    0.00025659 
364.000000    0.00040553 
364.400000    0.00048405 
364.800000    0.00047933 
365.200000    0.00039314 
365.600000    0.00024122 
366.000000    0.00005028 
366.400000    -0.00014687 
366.800000    -0.00031708 
367.200000    -0.00043246 
367.600000    -0.00047498 
368.000000    -0.00043917 
368.400000    -0.00033259 
368.800000    -0.00017405 
369.200000    0.00000988 
369.600000    0.00018948 
370.000000    0.00033671 
370.400000    0.00042940 
370.800000    0.00045443 
371.200000    0.00040922 
371.600000    0.00030176 
372.000000    0.00014906 
372.400000    -0.00002554 
372.800000    -0.00019584 
373.200000    -0.00033654 
373.600000    -0.00042675 
374.000000    -0.00045296 
374.400000    -0.00041084 
374.800000    -0.00030594 
375.200000    -0.00015295 
375.600000    0.00002620 
376.000000    0.00020530 
376.400000    0.00035750 
376.800000    0.00045903 
377.200000    0.00049284 
377.600000    0.00045131 
378.000000    0.00033793 
378.400000    0.00016736 
378.800000    -0.00003608 
379.200000    -0.00024157 
379.600000    -0.00041627 
380.000000    -0.00053049 
380.400000    -0.00056276 
380.800000    -0.00050400 
381.200000    -0.00035971 
381.600000    -0.00014999 
382.000000    0.00009314 
382.400000    0.00033051 
382.800000    0.00052211 
383.200000    0.00063382 
383.600000    0.00064346 
384.000000    0.00054516 
384.400000    0.00035115 
384.800000    0.00009060 
385.200000    -0.00019452 
385.600000    -0.00045613 
386.000000    -0.00064815 
386.400000    -0.00073480 
386.800000    -0.00069739 
387.200000    -0.00053839 
387.600000    -0.00028168 
388.000000    0.00003101 
388.400000    0.00034701 
388.800000    0.00061172 
389.200000    0.00077806 
389.600000    0.00081476 
390.000000    0.00071220 
390.400000    0.00048458 
390.800000    0.00016816 
391.200000    -0.00018430 
391.600000    -0.00051229 
392.000000    -0.00075796 
392.400000    -0.00087650 
392.800000    -0.00084452 
393.200000    -0.00066473 
393.600000    -0.00036595 
394.000000    0.00000164 
394.400000    0.00037516 
394.800000    0.00068989 
395.200000    0.00089049 
395.600000    0.00094059 
396.000000    0.00082923 
396.400000    0.00057309 
396.800000    0.00021418 
397.200000    -0.00018686 
397.600000    -0.00056084 
398.000000    -0.00084195 
398.400000    -0.00097953 
398.800000    -0.00094743 
399.200000    -0.00074913 
399.600000    -0.00041749 
400.000000    -0.00000914 
400.400000    0.00040540 
400.800000    0.00075402 
401.200000    0.00097553 
401.600000    0.00103022 
402.000000    0.00090679 
402.400000    0.00062462 
402.800000    0.00023095 
403.200000    -0.00020679 
403.600000    -0.00061225 
404.000000    -0.00091355 
404.400000    -0.00105622 
404.800000    -0.00101336 
405.200000    -0.00079095 
405.600000    -0.00042710 
406.000000    0.00001469 
406.400000    0.00045684 
406.800000    0.00082146 
407.200000    0.00104401 
407.600000    0.00108457 
408.000000    0.00093485 
408.400000    0.00061988 
408.800000    0.00019410 
409.200000    -0.00026778 
409.600000    -0.00068367 
410.000000    -0.00097880 
410.400000    -0.00109946 
410.800000    -0.00102322 
411.200000    -0.00076330 
411.600000    -0.00036631 
412.000000    0.00009640 
412.400000    0.00054181 
412.800000    0.00089029 
413.200000    0.00107977 
413.600000    0.00107665 
414.000000    0.00088161 
414.400000    0.00052964 
414.800000    0.00008396 
415.200000    -0.00037505 
415.600000    -0.00076422 
416.000000    -0.00101292 
416.400000    -0.00107621 
416.800000    -0.00094343 
417.200000    -0.00064008 
417.600000    -0.00022288 
418.000000    0.00023114 
418.400000    0.00063912 
418.800000    0.00092757 
419.200000    0.00104553 
419.600000    0.00097338 
420.000000    0.00072604 
420.400000    0.00035015 
420.800000    -0.00008454 
421.200000    -0.00049786 
421.600000    -0.00081408 
422.000000    -0.00097605 
422.400000    -0.00095587 
422.800000    -0.00076000 
423.200000    -0.00042759 
423.600000    -0.00002247 
424.000000    0.00037929 
424.400000    0.00070381 
424.800000    0.00089297 
425.200000    0.00091470 
425.600000    0.00076823 
426.000000    0.00048375 
426.400000    0.00011642 
426.800000    -0.00026409 
427.200000    -0.00058674 
427.600000    -0.00079248 
428.000000    -0.00084535 
428.400000    -0.00073897 
428.800000    -0.00049721 
429.200000    -0.00016889 
429.600000    0.00018213 
430.000000    0.00048954 
430.400000    0.00069704 
430.800000    0.00076858 
431.200000    0.00069449 
431.600000    0.00049257 
432.000000    0.00020416 
432.400000    -0.00011406 
432.800000    -0.00040109 
433.200000    -0.00060329 
433.600000    -0.00068455 
434.000000    -0.00063287 
434.400000    -0.00046212 
434.800000    -0.00020861 
435.200000    0.00007659 
435.600000    0.00033797 
436.000000    0.00052634 
436.400000    0.00060802 
436.800000    0.00057069 
437.200000    0.00042512 
437.600000    0.00020252 
438.000000    -0.00005198 
438.400000    -0.00028826 
438.800000    -0.00046107 
439.200000    -0.00053870 
439.600000    -0.00050887 
440.000000    -0.00038064 
440.400000    -0.00018203 
440.800000    0.00004607 
441.200000    0.00025828 
441.600000    0.00041371 
442.000000    0.00048371 
442.400000    0.00045706 
442.800000    0.00034164 
443.200000    0.00016238 
443.600000    -0.00004396 
444.000000    -0.00023620 
444.400000    -0.00037691 
444.800000    -0.00043969 
445.200000    -0.00041410 
445.600000    -0.00030739 
446.000000    -0.00014257 
446.400000    0.00004654 
446.800000    0.00022224 
447.200000    0.00035043 
447.600000    0.00040715 
448.000000    0.00038292 
448.400000    0.00028425 
448.800000    0.00013197 
449.200000    -0.00004309 
449.600000    -0.00020631 
450.000000    -0.00032608 
450.400000    -0.00037994 
450.800000    -0.00035877 
451.200000    -0.00026827 
451.600000    -0.00012750 
452.000000    0.00003521 
452.400000    0.00018797 
452.800000    0.00030163 
453.200000    0.00035527 
453.600000    0.00033997 
454.000000    0.00026019 
454.400000    0.00013260 
454.800000    -0.00001744 
455.200000    -0.00016088 
455.600000    -0.00027063 
456.000000    -0.00032673 
456.400000    -0.00031994 
456.800000    -0.00025323 
457.200000    -0.00014085 
457.600000    -0.00000520 
458.000000    0.00012763 
458.400000    0.00023299 
458.800000    0.00029218 
459.200000    0.00029579 
459.600000    0.00024502 
460.000000    0.00015115 
460.400000    0.00003299 
460.800000    -0.00008684 
461.200000    -0.00018633 
461.600000    -0.00024810 
462.000000    -0.00026249 
462.400000    -0.00022899 
462.800000    -0.00015592 
463.200000    -0.00005843 
463.600000    0.00004465 
464.000000    0.00013452 
464.400000    0.00019582 
464.800000    0.00021928 
465.200000    0.00020299 
465.600000    0.00015232 
466.000000    0.00007848 
466.400000    -0.00000395 
466.800000    -0.00007988 
467.200000    -0.00013651 
467.600000    -0.00016549 
468.000000    -0.00016408 
468.400000    -0.00013522 
468.800000    -0.00008641 
469.200000    -0.00002797 
469.600000    0.00002914 
470.000000    0.00007542 
470.400000    0.00010436 
470.800000    0.00011333 
471.200000    0.00010352 
471.600000    0.00007924 
472.000000    0.00004669 
472.400000    0.00001247 
472.800000    -0.00001774 
473.200000    -0.00004010 
473.600000    -0.00005305 
474.000000    -0.00005711 
474.400000    -0.00005430 
474.800000    -0.00004728 
475.200000    -0.00003847 
475.600000    -0.00002943 
476.000000    -0.00002060 
476.400000    -0.00001141 
476.800000    -0.00000077 
477.200000    0.00001223 
477.600000    0.00002767 
478.000000    0.00004440 
478.400000    0.00005992 
478.800000    0.00007082 
479.200000    0.00007348 
479.600000    0.00006499 
480.000000    0.00004417 
480.400000    0.00001217 
480.800000    -0.00002728 
481.200000    -0.00006818 
481.600000    -0.00010323 
482.000000    -0.00012510 
482.400000    -0.00012798 
482.800000    -0.00010892 
483.200000    -0.00006880 
483.600000    -0.00001254 
484.000000    0.00005137 
484.400000    0.00011221 
484.800000    0.00015882 
485.200000    0.00018167 
485.600000    0.00017476 
486.000000    0.00013703 
486.400000    0.00007288 
486.800000    -0.00000823 
487.200000    -0.00009317 
487.600000    -0.00016725 
488.000000    -0.00021683 
488.400000    -0.00023181 
488.800000    -0.00020767 
489.200000    -0.00014655 
489.600000    -0.00005718 
490.000000    0.00004631 
490.400000    0.00014674 
490.800000    0.00022667 
491.200000    0.00027153 
491.600000    0.00027216 
492.000000    0.00022666 
492.400000    0.00014098 
492.800000    0.00002814 
493.200000    -0.00009366 
493.600000    -0.00020406 
494.000000    -0.00028391 
494.400000    -0.00031861 
494.800000    -0.00030080 
495.200000    -0.00023179 
495.600000    -0.00012162 
496.000000    0.00001241 
496.400000    0.00014853 
496.800000    0.00026403 
497.200000    0.00033904 
497.600000    0.00035992 
498.000000    0.00032165 
498.400000    0.00022891 
498.800000    0.00009555 
499.200000    -0.00005745 
499.600000    -0.00020523 
500.000000    -0.00032312 
500.400000    -0.00039070 
500.800000    -0.00039535 
501.200000    -0.00033460 
501.600000    -0.00021673 
502.000000    -0.00005975 
502.400000    0.00011148 
502.800000    0.00026910 
503.200000    0.00038682 
503.600000    0.00044420 
504.000000    0.00043016 
504.400000    0.00034500 
504.800000    0.00020066 
505.200000    0.00001915 
505.600000    -0.00017071 
506.000000    -0.00033786 
506.400000    -0.00045395 
506.800000    -0.00049823 
507.200000    -0.00046123 
507.600000    -0.00034666 
508.000000    -0.00017123 
508.400000    0.00003780 
508.800000    0.00024684 
509.200000    0.00042136 
509.600000    0.00053150 
510.000000    0.00055713 
510.400000    0.00049140 
510.800000    0.00034227 
511.200000    0.00013179 
511.600000    -0.00010708 
512.000000    -0.00033546 
512.400000    -0.00051480 
512.800000    -0.00061344 
513.200000    -0.00061219 
513.600000    -0.00050809 
514.000000    -0.00031542 
514.400000    -0.00006383 
514.800000    0.00020623 
515.200000    0.00045001 
515.600000    0.00062589 
516.000000    0.00070233 
516.400000    0.00066342 
516.800000    0.00051204 
517.200000    0.00027003 
517.600000    -0.00002477 
518.000000    -0.00032422 
518.400000    -0.00057762 
518.800000    -0.00074037 
519.200000    -0.00078184 
519.600000    -0.00069125 
520.000000    -0.00048019 
520.400000    -0.00018125 
520.800000    0.00015705 
521.200000    0.00047824 
521.600000    0.00072730 
522.000000    0.00086002 
522.400000    0.00085067 
522.800000    0.00069682 
523.200000    0.00042045 
523.600000    0.00006511 
524.000000    -0.00031074 
524.400000    -0.00064319 
524.800000    -0.00087372 
525.200000    -0.00095971 
525.600000    -0.00088247 
526.000000    -0.00065120 
526.400000    -0.00030214 
526.800000    0.00010730 
527.200000    0.00050816 
527.600000    0.00083156 
528.000000    0.00102050 
528.400000    0.00103967 
528.800000    0.00088185 
529.200000    0.00056977 
529.600000    0.00015318 
530.000000    -0.00029881 
530.400000    -0.00070896 
530.800000    -0.00100515 
531.200000    -0.00113323 
531.600000    -0.00106726 
532.000000    -0.00081477 
532.400000    -0.00041612 
532.800000    0.00006219 
533.200000    0.00053891 
533.600000    0.00093197 
534.000000    0.00117251 
534.400000    0.00121668 
534.800000    0.00105337 
535.200000    0.00070663 
535.600000    0.00023249 
536.000000    -0.00028977 
536.400000    -0.00077057 
536.800000    -0.00112544 
537.200000    -0.00129012 
537.600000    -0.00123258 
538.000000    -0.00095945 
538.400000    -0.00051540 
538.800000    0.00002452 
539.200000    0.00056793 
539.600000    0.00102116 
540.000000    0.00130528 
540.400000    0.00136949 
540.800000    0.00119989 
541.200000    0.00082226 
541.600000    0.00029843 
542.000000    -0.00028337 
542.400000    -0.00082308 
542.800000    -0.00122599 
543.200000    -0.00141974 
543.600000    -0.00136778 
544.000000    -0.00107655 
544.400000    -0.00059475 
544.800000    -0.00000480 
545.200000    0.00059179 
545.600000    0.00109213 
546.000000    0.00140957 
546.400000    0.00148832 
546.800000    0.00131283 
547.200000    0.00091069 
547.600000    0.00034862 
548.000000    -0.00027814 
548.400000    -0.00086157 
548.800000    -0.00129951 
549.200000    -0.00151393 
549.600000    -0.00146539 
550.000000    -0.00116067 
550.400000    -0.00065181 
550.800000    -0.00002671 
551.200000    0.00060660 
551.600000    0.00113893 
552.000000    0.00147862 
552.400000    0.00156687 
552.800000    0.00138745 
553.200000    0.00096954 
553.600000    0.00038327 
554.000000    -0.00027151 
554.400000    -0.00088185 
554.800000    -0.00134115 
555.200000    -0.00156822 
555.600000    -0.00152225 
556.000000    -0.00121054 
556.400000    -0.00068727 
556.800000    -0.00004353 
557.200000    0.00060909 
557.600000    0.00115817 
558.000000    0.00150970 
558.400000    0.00160364 
558.800000    0.00142373 
559.200000    0.00100007 
559.600000    0.00040448 
560.000000    -0.00026122 
560.400000    -0.00088215 
560.800000    -0.00135017 
561.200000    -0.00158319 
561.600000    -0.00154015 
562.000000    -0.00122870 
562.400000    -0.00070372 
562.800000    -0.00005718 
563.200000    0.00059862 
563.600000    0.00115084 
564.000000    0.00150535 
564.400000    0.00160225 
564.800000    0.00142554 
565.200000    0.00100553 
565.600000    0.00041400 
566.000000    -0.00024758 
566.400000    -0.00086498 
566.800000    -0.00133093 
567.200000    -0.00156419 
567.600000    -0.00152432 
568.000000    -0.00121907 
568.400000    -0.00070286 
568.800000    -0.00006658 
569.200000    0.00057901 
569.600000    0.00112283 
570.000000    0.00147242 
570.400000    0.00156915 
570.800000    0.00139761 
571.200000    0.00098786 
571.600000    0.00041048 
572.000000    -0.00023506 
572.400000    -0.00083713 
572.800000    -0.00129119 
573.200000    -0.00151838 
573.600000    -0.00147979 
574.000000    -0.00118351 
574.400000    -0.00068293 
574.800000    -0.00006668 
575.200000    0.00055761 
575.600000    0.00108234 
576.000000    0.00141832 
576.400000    0.00150950 
576.800000    0.00134185 
577.200000    0.00094536 
577.600000    0.00038902 
578.000000    -0.00023075 
578.400000    -0.00080637 
578.800000    -0.00123780 
579.200000    -0.00145030 
579.600000    -0.00140793 
580.000000    -0.00112001 
580.400000    -0.00063907 
580.800000    -0.00005088 
581.200000    0.00054130 
581.600000    0.00103508 
582.000000    0.00134651 
582.400000    0.00142390 
582.800000    0.00125606 
583.200000    0.00087373 
583.600000    0.00034426 
584.000000    -0.00023977 
584.400000    -0.00077647 
584.800000    -0.00117240 
585.200000    -0.00135922 
585.600000    -0.00130602 
586.000000    -0.00102466 
586.400000    -0.00056725 
586.800000    -0.00001612 
587.200000    0.00053143 
587.600000    0.00098042 
588.000000    0.00125460 
588.400000    0.00130897 
588.800000    0.00113688 
589.200000    0.00077063 
589.600000    0.00027574 
590.000000    -0.00026044 
590.400000    -0.00074387 
590.800000    -0.00109038 
591.200000    -0.00124069 
591.600000    -0.00117098 
592.000000    -0.00089679 
592.400000    -0.00046968 
592.800000    0.00003277 
593.200000    0.00052142 
593.600000    0.00091146 
594.000000    0.00113700 
594.400000    0.00116190 
594.800000    0.00098529 
595.200000    0.00064107 
595.600000    0.00019173 
596.000000    -0.00028273 
596.400000    -0.00069885 
596.800000    -0.00098455 
597.200000    -0.00109184 
597.600000    -0.00100521 
598.000000    -0.00074392 
598.400000    -0.00035773 
598.800000    0.00008276 
599.200000    0.00049926 
599.600000    0.00081977 
600.000000    0.00099089 
600.400000    0.00098642 
600.800000    0.00081119 
601.200000    0.00049945 
601.600000    0.00010845 
602.000000    -0.00029184 
602.400000    -0.00063122 
602.800000    -0.00085160 
603.200000    -0.00091720 
603.600000    -0.00082049 
604.000000    -0.00058285 
604.400000    -0.00024992 
604.800000    0.00011730 
605.200000    0.00045380 
605.600000    0.00070205 
606.000000    0.00082171 
606.400000    0.00079593 
606.800000    0.00063352 
607.200000    0.00036660 
607.600000    0.00004451 
608.000000    -0.00027524 
608.400000    -0.00053711 
608.800000    -0.00069731 
609.200000    -0.00073118 
609.600000    -0.00063701 
610.000000    -0.00043558 
610.400000    -0.00016565 
610.800000    0.00012356 
611.200000    0.00038142 
611.600000    0.00056471 
612.000000    0.00064475 
612.400000    0.00061166 
612.800000    0.00047527 
613.200000    0.00026273 
613.600000    0.00001322 
614.000000    -0.00022916 
614.400000    -0.00042315 
614.800000    -0.00053736 
615.200000    -0.00055534 
615.600000    -0.00047785 
616.000000    -0.00032202 
616.400000    -0.00011767 
616.800000    0.00009848 
617.200000    0.00028935 
617.600000    0.00042382 
618.000000    0.00048168 
618.400000    0.00045647 
618.800000    0.00035592 
619.200000    0.00019997 
619.600000    0.00001697 
620.000000    -0.00016144 
620.400000    -0.00030570 
620.800000    -0.00039322 
621.200000    -0.00041181 
621.600000    -0.00036129 
622.000000    -0.00025293 
622.400000    -0.00010704 
622.800000    0.00005080 
623.200000    0.00019424 
623.600000    0.00030046 
624.000000    0.00035364 
624.400000    0.00034725 
624.800000    0.00028457 
625.200000    0.00017780 
625.600000    0.00004577 
626.000000    -0.00008935 
626.400000    -0.00020567 
626.800000    -0.00028503 
627.200000    -0.00031578 
627.600000    -0.00029441 
628.000000    -0.00022586 
628.400000    -0.00012245 
628.800000    -0.00000169 
629.200000    0.00011660 
629.600000    0.00021349 
630.000000    0.00027388 
630.400000    0.00028877 
630.800000    0.00025653 
631.200000    0.00018307 
631.600000    0.00008078 
632.000000    -0.00003345 
632.400000    -0.00014093 
632.800000    -0.00022418 
633.200000    -0.00026972 
633.600000    -0.00027028 
634.000000    -0.00022595 
634.400000    -0.00014421 
634.800000    -0.00003870 
635.200000    0.00007300 
635.600000    0.00017223 
636.000000    0.00024238 
636.400000    0.00027162 
636.800000    0.00025489 
637.200000    0.00019485 
637.600000    0.00010148 
638.000000    -0.00000946 
638.400000    -0.00011906 
638.800000    -0.00020845 
639.200000    -0.00026203 
639.600000    -0.00027028 
640.000000    -0.00023146 
640.400000    -0.00015205 
640.800000    -0.00004570 
641.200000    0.00006909 
641.600000    0.00017218 
642.000000    0.00024536 
642.400000    0.00027551 
642.800000    0.00025704 
643.200000    0.00019293 
643.600000    0.00009430 
644.000000    -0.00002147 
644.400000    -0.00013376 
644.800000    -0.00022240 
645.200000    -0.00027132 
645.600000    -0.00027151 
646.000000    -0.00022274 
646.400000    -0.00013367 
646.800000    -0.00002032 
647.200000    0.00009683 
647.600000    0.00019653 
648.000000    0.00026067 
648.400000    0.00027756 
648.800000    0.00024406 
649.200000    0.00016624 
649.600000    0.00005824 
650.000000    -0.00006022 
650.400000    -0.00016747 
650.800000    -0.00024384 
651.200000    -0.00027535 
651.600000    -0.00025627 
652.000000    -0.00019024 
652.400000    -0.00008955 
652.800000    0.00002715 
653.200000    0.00013831 
653.600000    0.00022353 
654.000000    0.00026725 
654.400000    0.00026164 
654.800000    0.00020801 
655.200000    0.00011649 
655.600000    0.00000417 
656.000000    -0.00010807 
656.400000    -0.00019951 
656.800000    -0.00025336 
657.200000    -0.00025994 
657.600000    -0.00021841 
658.000000    -0.00013691 
658.400000    -0.00003091 
658.800000    0.00007971 
659.200000    0.00017444 
659.600000    0.00023592 
660.000000    0.00025315 
660.400000    0.00022345 
660.800000    0.00015284 
661.200000    0.00005486 
661.600000    -0.00005201 
662.000000    -0.00014785 
662.400000    -0.00021500 
662.800000    -0.00024135 
663.200000    -0.00022257 
663.600000    -0.00016278 
664.000000    -0.00007369 
664.400000    0.00002770 
664.800000    0.00012237 
665.200000    0.00019286 
665.600000    0.00022647 
666.000000    0.00021756 
666.400000    0.00016847 
666.800000    0.00008899 
667.200000    -0.00000563 
667.600000    -0.00009752 
668.000000    -0.00016961 
668.400000    -0.00020882 
668.800000    -0.00020842 
669.200000    -0.00016919 
669.600000    -0.00009918 
670.000000    -0.00001205 
670.400000    0.00007561 
670.800000    0.00014743 
671.200000    0.00019032 
671.600000    0.00019685 
672.000000    0.00016652 
672.400000    0.00010572 
672.800000    0.00002644 
673.200000    -0.00005611 
673.600000    -0.00012637 
674.000000    -0.00017142 
674.400000    -0.00018329 
674.800000    -0.00016045 
675.200000    -0.00010793 
675.600000    -0.00003626 
676.000000    0.00004063 
676.400000    0.00010814 
676.800000    0.00015374 
677.200000    0.00016929 
677.600000    0.00015251 
678.000000    0.00010727 
678.400000    0.00004275 
678.800000    -0.00002840 
679.200000    -0.00009252 
679.600000    -0.00013757 
680.000000    -0.00015537 
680.400000    -0.00014312 
680.800000    -0.00010381 
681.200000    -0.00004556 
681.600000    0.00002009 
682.000000    0.00008039 
682.400000    0.00012391 
682.800000    0.00014266 
683.200000    0.00013358 
683.600000    0.00009899 
684.000000    0.00004609 
684.400000    -0.00001454 
684.800000    -0.00007103 
685.200000    -0.00011255 
685.600000    -0.00013135 
686.000000    -0.00012425 
686.400000    -0.00009316 
686.800000    -0.00004460 
687.200000    0.00001164 
687.600000    0.00006446 
688.000000    0.00010365 
688.400000    0.00012184 
688.800000    0.00011590 
689.200000    0.00008744 
689.600000    0.00004243 
690.000000    -0.00001001 
690.400000    -0.00005951 
690.800000    -0.00009642 
691.200000    -0.00011374 
691.600000    -0.00010843 
692.000000    -0.00008194 
692.400000    -0.00003987 
692.800000    0.00000926 
693.200000    0.00005568 
693.600000    0.00009035 
694.000000    0.00010668 
694.400000    0.00010183 
694.800000    0.00007712 
695.200000    0.00003777 
695.600000    -0.00000825 
696.000000    -0.00005178 
696.400000    -0.00008436 
696.800000    -0.00009981 
697.200000    -0.00009544 
697.600000    -0.00007253 
698.000000    -0.00003594 
698.400000    0.00000688 
698.800000    0.00004741 
699.200000    0.00007781 
699.600000    0.00009238 
700.000000    0.00008867 
700.400000    0.00006786 
700.800000    0.00003444 
701.200000    -0.00000475 
701.600000    -0.00004192 
702.000000    -0.00006991 
702.400000    -0.00008353 
702.800000    -0.00008059 
703.200000    -0.00006220 
703.600000    -0.00003246 
704.000000    0.00000246 
704.400000    0.00003558 
704.800000    0.00006053 
705.200000    0.00007281 
705.600000    0.00007057 
706.000000    0.00005486 
706.400000    0.00002938 
706.800000    -0.00000047 
707.200000    -0.00002865 
707.600000    -0.00004974 
708.000000    -0.00006002 
708.400000    -0.00005808 
708.800000    -0.00004503 
709.200000    -0.00002415 
709.600000    -0.00000008 
710.000000    0.00002219 
710.400000    0.00003833 
710.800000    0.00004557 
711.200000    0.00004315 
711.600000    0.00003234 
712.000000    0.00001608 
712.400000    -0.00000175 
712.800000    -0.00001726 
713.200000    -0.00002734 
713.600000    -0.00003033 
714.000000    -0.00002627 
714.400000    -0.00001678 
714.800000    -0.00000464 
715.200000    0.00000697 
715.600000    0.00001523 
716.000000    0.00001829 
716.400000    0.00001572 
716.800000    0.00000857 
717.200000    -0.00000098 
717.600000    -0.00001011 
718.000000    -0.00001616 
718.400000    -0.00001722 
718.800000    -0.00001270 
719.200000    -0.00000346 
719.600000    0.00000832 
720.000000    0.00001967 
720.400000    0.00002750 
720.800000    0.00002934 
721.200000    0.00002403 
721.600000    0.00001204 
722.000000    -0.00000455 
722.400000    -0.00002235 
722.800000    -0.00003742 
723.200000    -0.00004610 
723.600000    -0.00004582 
724.000000    -0.00003580 
724.400000    -0.00001727 
724.800000    0.00000662 
725.200000    0.00003136 
725.600000    0.00005194 
726.000000    0.00006388 
726.400000    0.00006416 
726.800000    0.00005193 
727.200000    0.00002878 
727.600000    -0.00000143 
728.000000    -0.00003326 
728.400000    -0.00006069 
728.800000    -0.00007822 
729.200000    -0.00008204 
729.600000    -0.00007078 
730.000000    -0.00004587 
730.400000    -0.00001139 
730.800000    0.00002667 
731.200000    0.00006143 
731.600000    0.00008641 
732.000000    0.00009674 
732.400000    0.00009009 
732.800000    0.00006714 
733.200000    0.00003155 
733.600000    -0.00001066 
734.000000    -0.00005218 
734.400000    -0.00008564 
734.800000    -0.00010499 
735.200000    -0.00010656 
735.600000    -0.00008974 
736.000000    -0.00005710 
736.400000    -0.00001402 
736.800000    0.00003229 
737.200000    0.00007398 
737.600000    0.00010392 
738.000000    0.00011690 
738.400000    0.00011052 
738.800000    0.00008560 
739.200000    0.00004608 
739.600000    -0.00000169 
740.000000    -0.00004993 
740.400000    -0.00009071 
740.800000    -0.00011730 
741.200000    -0.00012517 
741.600000    -0.00011284 
742.000000    -0.00008202 
742.400000    -0.00003743 
742.800000    0.00001399 
743.200000    0.00006413 
743.600000    0.00010499 
744.000000    0.00012993 
744.400000    0.00013471 
744.800000    0.00011816 
745.200000    0.00008244 
745.600000    0.00003274 
746.000000    -0.00002345 
746.400000    -0.00007745 
746.800000    -0.00012069 
747.200000    -0.00014602 
747.600000    -0.00014891 
748.000000    -0.00012818 
748.400000    -0.00008632 
748.800000    -0.00002924 
749.200000    0.00003455 
749.600000    0.00009515 
750.000000    0.00014279 
750.400000    0.00016933 
750.800000    0.00016969 
751.200000    0.00014271 
751.600000    0.00009158 
752.000000    0.00002350 
752.400000    -0.00005123 
752.800000    -0.00012077 
753.200000    -0.00017354 
753.600000    -0.00020014 
754.000000    -0.00019503 
754.400000    -0.00015760 
754.800000    -0.00009257 
755.200000    -0.00000942 
755.600000    0.00007888 
756.000000    0.00015795 
756.400000    0.00021424 
756.800000    0.00023738 
757.200000    0.00022205 
757.600000    0.00016910 
758.000000    0.00008571 
758.400000    -0.00001550 
758.800000    -0.00011833 
759.200000    -0.00020555 
759.600000    -0.00026180 
760.000000    -0.00027628 
760.400000    -0.00024479 
760.800000    -0.00017077 
761.200000    -0.00006503 
761.600000    0.00005581 
762.000000    0.00017190 
762.400000    0.00026343 
762.800000    0.00031402 
763.200000    0.00031354 
763.600000    0.00026015 
764.000000    0.00016088 
764.400000    0.00003085 
764.800000    -0.00010906 
765.200000    -0.00023543 
765.600000    -0.00032629 
766.000000    -0.00036488 
766.400000    -0.00034282 
766.800000    -0.00026176 
767.200000    -0.00013353 
767.600000    0.00002161 
768.000000    0.00017818 
768.400000    0.00030964 
768.800000    0.00039291 
769.200000    0.00041235 
769.600000    0.00036264 
770.000000    0.00025000 
770.400000    0.00009154 
770.800000    -0.00008730 
771.200000    -0.00025673 
771.600000    -0.00038761 
772.000000    -0.00045642 
772.400000    -0.00044953 
772.800000    -0.00036588 
773.200000    -0.00021752 
773.600000    -0.00002791 
774.000000    0.00017186 
774.400000    0.00034811 
774.800000    0.00047031 
775.200000    0.00051627 
775.600000    0.00047609 
776.000000    0.00035419 
776.400000    0.00016894 
776.800000    -0.00004998 
777.200000    -0.00026626 
777.600000    -0.00044291 
778.000000    -0.00054869 
778.400000    -0.00056357 
778.800000    -0.00048262 
779.200000    -0.00031723 
779.600000    -0.00009356 
780.000000    0.00015168 
780.400000    0.00037726 
780.800000    0.00054437 
781.200000    0.00062327 
781.600000    0.00059842 
782.000000    0.00047148 
782.400000    0.00026146 
782.800000    0.00000201 
783.200000    -0.00026388 
783.600000    -0.00049092 
784.000000    -0.00063924 
784.400000    -0.00068151 
784.800000    -0.00060801 
785.200000    -0.00042877 
785.600000    -0.00017223 
786.000000    0.00011932 
786.400000    0.00039682 
786.800000    0.00061273 
787.200000    0.00072907 
787.600000    0.00072402 
788.000000    0.00059588 
788.400000    0.00036380 
788.800000    0.00006508 
789.200000    -0.00025069 
789.600000    -0.00052979 
790.000000    -0.00072347 
790.400000    -0.00079667 
790.800000    -0.00073440 
791.200000    -0.00054487 
791.600000    -0.00025842 
792.000000    0.00007741 
792.400000    0.00040597 
792.800000    0.00067105 
793.200000    0.00082649 
793.600000    0.00084404 
794.000000    0.00071840 
794.400000    0.00046846 
794.800000    0.00013466 
795.200000    -0.00022741 
795.600000    -0.00055615 
796.000000    -0.00079442 
796.400000    -0.00089966 
796.800000    -0.00085165 
797.200000    -0.00065648 
797.600000    -0.00034584 
798.000000    0.00002832 
798.400000    0.00040260 
798.800000    0.00071309 
799.200000    0.00090617 
799.600000    0.00094762 
800.000000    0.00082857 
800.400000    0.00056723 
800.800000    0.00020627 
801.200000    -0.00019392 
801.600000    -0.00056527 
802.000000    -0.00084352 
802.400000    -0.00097962 
802.800000    -0.00094854 
803.200000    -0.00075406 
803.600000    -0.00042832 
804.000000    -0.00002635 
804.400000    0.00038350 
804.800000    0.00073133 
805.200000    0.00095758 
805.600000    0.00102307 
806.000000    0.00091557 
806.400000    0.00065204 
806.800000    0.00027606 
807.200000    -0.00014920 
807.600000    -0.00055140 
808.000000    -0.00086136 
808.400000    -0.00102516 
808.800000    -0.00101379 
809.200000    -0.00082846 
809.600000    -0.00050055 
810.000000    -0.00008603 
810.400000    0.00034439 
810.800000    0.00071745 
811.200000    0.00096989 
811.600000    0.00105893 
812.000000    0.00096936 
812.400000    0.00071606 
812.800000    0.00034153 
813.200000    -0.00009097 
813.600000    -0.00050798 
814.000000    -0.00083832 
814.400000    -0.00102544 
814.800000    -0.00103734 
815.200000    -0.00087230 
815.600000    -0.00055911 
816.000000    -0.00015180 
816.400000    0.00027996 
816.800000    0.00066301 
817.200000    0.00093310 
817.600000    0.00104555 
818.000000    0.00098239 
818.400000    0.00075508 
818.800000    0.00040253 
819.200000    -0.00001546 
819.600000    -0.00042817 
820.000000    -0.00076590 
820.400000    -0.00097194 
820.800000    -0.00101230 
821.200000    -0.00088155 
821.600000    -0.00060348 
822.000000    -0.00022659 
822.400000    0.00018461 
822.800000    0.00056095 
823.200000    0.00084022 
823.600000    0.00097735 
824.000000    0.00095145 
824.400000    0.00076882 
824.800000    0.00046150 
825.200000    0.00008178 
825.600000    -0.00030655 
826.000000    -0.00063893 
826.400000    -0.00086084 
826.800000    -0.00093691 
827.200000    -0.00085671 
827.600000    -0.00063614 
828.000000    -0.00031413 
828.400000    0.00005439 
828.800000    0.00040813 
829.200000    0.00068969 
829.600000    0.00085475 
830.000000    0.00087887 
830.400000    0.00076083 
830.800000    0.00052228 
831.200000    0.00020387 
831.600000    -0.00014165 
832.000000    -0.00045806 
832.400000    -0.00069484 
832.800000    -0.00081534 
833.200000    -0.00080246 
833.600000    -0.00066106 
834.000000    -0.00041658 
834.400000    -0.00011032 
834.800000    0.00020772 
835.200000    0.00048708 
835.600000    0.00068476 
836.000000    0.00077167 
836.400000    0.00073662 
836.800000    0.00058753 
837.200000    0.00034972 
837.600000    0.00006165 
838.000000    -0.00023118 
838.400000    -0.00048338 
838.800000    -0.00065661 
839.200000    -0.00072541 
839.600000    -0.00068092 
840.000000    -0.00053183 
840.400000    -0.00030271 
840.800000    -0.00002982 
841.200000    0.00024470 
841.600000    0.00047925 
842.000000    0.00063895 
842.400000    0.00070059 
842.800000    0.00065582 
843.200000    0.00051209 
843.600000    0.00029147 
844.000000    0.00002733 
844.400000    -0.00024050 
844.800000    -0.00047164 
845.200000    -0.00063109 
845.600000    -0.00069450 
846.000000    -0.00065195 
846.400000    -0.00050943 
846.800000    -0.00028808 
847.200000    -0.00002101 
847.600000    0.00025158 
848.000000    0.00048843 
848.400000    0.00065324 
848.800000    0.00072015 
849.200000    0.00067767 
849.600000    0.00053056 
850.000000    0.00029955 
850.400000    0.00001858 
850.800000    -0.00026994 
851.200000    -0.00052136 
851.600000    -0.00069562 
852.000000    -0.00076375 
852.400000    -0.00071274 
852.800000    -0.00054808 
853.200000    -0.00029337 
853.600000    0.00001308 
854.000000    0.00032393 
854.400000    0.00059018 
854.800000    0.00076877 
855.200000    0.00082948 
855.600000    0.00075990 
856.000000    0.00056791 
856.400000    0.00028102 
856.800000    -0.00005727 
857.200000    -0.00039386 
857.600000    -0.00067428 
858.000000    -0.00085157 
858.400000    -0.00089429 
858.800000    -0.00079224 
859.200000    -0.00055877 
859.600000    -0.00022913 
860.000000    0.00014498 
860.400000    0.00050357 
860.800000    0.00078806 
861.200000    0.00095074 
861.600000    0.00096262 
862.000000    0.00081848 
862.400000    0.00053825 
862.800000    0.00016456 
863.200000    -0.00024353 
863.600000    -0.00061968 
864.000000    -0.00090101 
864.400000    -0.00103884 
864.800000    -0.00100732 
865.200000    -0.00080837 
865.600000    -0.00047198 
866.000000    -0.00005146 
866.400000    0.00038515 
866.800000    0.00076625 
867.200000    0.00102842 
867.600000    0.00112677 
868.000000    0.00104240 
868.400000    0.00078584 
868.800000    0.00039602 
869.200000    -0.00006539 
869.600000    -0.00052344 
870.000000    -0.00090201 
870.400000    -0.00113657 
870.800000    -0.00118545 
871.200000    -0.00103752 
871.600000    -0.00071460 
872.000000    -0.00026811 
872.400000    0.00022938 
872.800000    0.00069625 
873.200000    0.00105526 
873.600000    0.00124610 
874.000000    0.00123527 
874.400000    0.00102170 
874.800000    0.00063735 
875.200000    0.00014281 
875.600000    -0.00038197 
876.000000    -0.00085035 
876.400000    -0.00118334 
876.800000    -0.00132323 
877.200000    -0.00124391 
877.600000    -0.00095594 
878.000000    -0.00050504 
878.400000    0.00003541 
878.800000    0.00057674 
879.200000    0.00102968 
879.600000    0.00131896 
880.000000    0.00139542 
880.400000    0.00124403 
880.800000    0.00088666 
881.200000    0.00037914 
881.600000    -0.00019699 
882.000000    -0.00074724 
882.400000    -0.00117956 
882.800000    -0.00142000 
883.200000    -0.00142575 
883.600000    -0.00119312 
884.000000    -0.00075858 
884.400000    -0.00019278 
884.800000    0.00041143 
885.200000    0.00095453 
885.600000    0.00134666 
886.000000    0.00152217 
886.400000    0.00145007 
886.800000    0.00113927 
887.200000    0.00063771 
887.600000    0.00002535 
888.000000    -0.00059796 
888.400000    -0.00112860 
888.800000    -0.00147646 
889.200000    -0.00158079 
889.600000    -0.00142122 
890.000000    -0.00102184 
890.400000    -0.00044741 
890.800000    0.00020770 
891.200000    0.00083548 
891.600000    0.00133217 
892.000000    0.00161509 
892.400000    0.00163588 
892.800000    0.00138830 
893.200000    0.00090971 
893.600000    0.00027586 
894.000000    -0.00041048 
894.400000    -0.00103568 
894.800000    -0.00149411 
895.200000    -0.00170643 
895.600000    -0.00163390 
896.000000    -0.00128581 
896.400000    -0.00071831 
896.800000    -0.00002480 
897.200000    0.00068004 
897.600000    0.00127950 
898.000000    0.00167400 
898.400000    0.00179700 
898.800000    0.00162562 
899.200000    0.00118469 
899.600000    0.00054346 
900.000000    -0.00019452 
900.400000    -0.00090747 
900.800000    -0.00147532 
901.200000    -0.00180027 
901.600000    -0.00182439 
902.000000    -0.00154047 
902.400000    -0.00099392 
902.800000    -0.00027495 
903.200000    0.00049700 
903.600000    0.00119370 
904.000000    0.00169928 
904.400000    0.00192902 
904.800000    0.00184272 
905.200000    0.00145136 
905.600000    0.00081598 
906.000000    0.00003893 
906.400000    -0.00075185 
906.800000    -0.00142343 
907.200000    -0.00186052 
907.600000    -0.00198606 
908.000000    -0.00177554 
908.400000    -0.00126209 
908.800000    -0.00053082 
909.200000    0.00029611 
909.600000    0.00108063 
910.000000    0.00169197 
910.400000    0.00202796 
910.800000    0.00203120 
911.200000    0.00169830 
911.600000    0.00108086 
912.000000    0.00027824 
912.400000    -0.00057749 
912.800000    -0.00134266 
913.200000    -0.00188622 
913.600000    -0.00211294 
914.000000    -0.00198114 
914.400000    -0.00151079 
914.800000    -0.00078031 
915.200000    0.00008742 
915.600000    0.00094668 
916.000000    0.00165376 
916.400000    0.00209056 
916.800000    0.00218343 
917.200000    0.00191471 
917.600000    0.00132591 
918.000000    0.00051189 
918.400000    -0.00039336 
918.800000    -0.00123791 
919.200000    -0.00187736 
919.600000    -0.00220022 
920.000000    -0.00214852 
920.400000    -0.00172895 
920.800000    -0.00101200 
921.200000    -0.00011921 
921.600000    0.00079853 
922.000000    0.00158710 
922.400000    0.00211475 
922.800000    0.00229317 
923.200000    0.00209125 
923.600000    0.00154017 
924.000000    0.00072905 
924.400000    -0.00020837 
924.800000    -0.00111474 
925.200000    -0.00183527 
925.600000    -0.00224482 
926.000000    -0.00227084 
926.400000    -0.00190720 
926.800000    -0.00121563 
927.200000    -0.00031440 
927.600000    0.00064317 
928.000000    0.00149554 
928.400000    0.00210013 
928.800000    0.00235620 
929.200000    0.00222058 
929.600000    0.00171434 
930.000000    0.00091991 
930.400000    -0.00003131 
930.800000    -0.00097950 
931.200000    -0.00176286 
931.600000    -0.00224575 
932.000000    -0.00234343 
932.400000    -0.00203807 
932.800000    -0.00138226 
933.200000    -0.00048921 
933.600000    0.00048806 
934.000000    0.00138389 
934.400000    0.00204814 
934.800000    0.00237045 
935.200000    0.00229743 
935.600000    0.00184078 
936.000000    0.00107561 
936.400000    0.00012915 
936.800000    -0.00083929 
937.200000    -0.00166448 
937.600000    -0.00220393 
938.000000    -0.00236365 
938.400000    -0.00211584 
938.800000    -0.00150409 
939.200000    -0.00063516 
939.600000    0.00034095 
940.000000    0.00125794 
940.400000    0.00196172 
940.800000    0.00233555 
941.200000    0.00231823 
941.600000    0.00191327 
942.000000    0.00118833 
942.400000    0.00026479 
942.800000    -0.00070139 
943.200000    -0.00154528 
943.600000    -0.00212148 
944.000000    -0.00233029 
944.400000    -0.00213622 
944.800000    -0.00157460 
945.200000    -0.00074464 
945.600000    0.00020922 
946.000000    0.00112361 
946.400000    0.00184442 
946.800000    0.00225220 
947.200000    0.00228078 
947.600000    0.00192718 
948.000000    0.00125175 
948.400000    0.00036866 
948.800000    -0.00057223 
949.200000    -0.00141013 
949.600000    -0.00200097 
950.000000    -0.00224322 
950.400000    -0.00209653 
950.800000    -0.00158907 
951.200000    -0.00081183 
951.600000    0.00009879 
952.000000    0.00098592 
952.400000    0.00169964 
952.800000    0.00212176 
953.200000    0.00218438 
953.600000    0.00187996 
954.000000    0.00126198 
954.400000    0.00043622 
954.800000    -0.00045632 
955.200000    -0.00126282 
955.600000    -0.00184495 
956.000000    -0.00210344 
956.400000    -0.00199615 
956.800000    -0.00154552 
957.200000    -0.00083375 
957.600000    0.00001308 
958.000000    0.00084829 
958.400000    0.00153035 
958.800000    0.00194647 
959.200000    0.00203038 
959.600000    0.00177205 
960.000000    0.00121860 
960.400000    0.00046625 
960.800000    -0.00035554 
961.200000    -0.00110577 
961.600000    -0.00165610 
962.000000    -0.00191362 
962.400000    -0.00183743 
962.800000    -0.00144561 
963.200000    -0.00081111 
963.600000    -0.00004745 
964.000000    0.00071235 
964.400000    0.00133929 
964.800000    0.00172998 
965.200000    0.00182296 
965.600000    0.00160770 
966.000000    0.00112532 
966.400000    0.00046126 
966.800000    -0.00026916 
967.200000    -0.00094031 
967.600000    -0.00143785 
968.000000    -0.00167886 
968.400000    -0.00162630 
968.800000    -0.00129510 
969.200000    -0.00074846 
969.600000    -0.00008527 
970.000000    0.00057834 
970.400000    0.00112958 
970.800000    0.00147801 
971.200000    0.00156975 
971.600000    0.00139531 
972.000000    0.00098996 
972.400000    0.00042713 
972.800000    -0.00019440 
973.200000    -0.00076748 
973.600000    -0.00119508 
974.000000    -0.00140715 
974.400000    -0.00137256 
974.800000    -0.00110385 
975.200000    -0.00065387 
975.600000    -0.00010508 
976.000000    0.00044588 
976.400000    0.00090547 
976.800000    0.00119891 
977.200000    0.00128197 
977.600000    0.00114720 
978.000000    0.00082390 
978.400000    0.00037229 
978.800000    -0.00012741 
979.200000    -0.00058889 
979.600000    -0.00093474 
980.000000    -0.00110970 
980.400000    -0.00108968 
980.800000    -0.00088515 
981.200000    -0.00053799 
981.600000    -0.00011290 
982.000000    0.00031485 
982.400000    0.00067288 
982.800000    0.00090379 
983.200000    0.00097415 
983.600000    0.00087891 
984.000000    0.00064102 
984.400000    0.00030642 
984.800000    -0.00006447 
985.200000    -0.00040760 
985.600000    -0.00066629 
986.000000    -0.00080071 
986.400000    -0.00079411 
986.800000    -0.00065467 
987.200000    -0.00041282 
987.600000    -0.00011480 
988.000000    0.00018626 
988.400000    0.00043985 
988.800000    0.00060643 
989.200000    0.00066345 
989.600000    0.00060800 
990.000000    0.00045613 
990.400000    0.00023901 
990.800000    -0.00000328 
991.200000    -0.00022896 
991.600000    -0.00040180 
992.000000    -0.00049687 
992.400000    -0.00050411 
992.800000    -0.00042892 
993.200000    -0.00029012 
993.600000    -0.00011560 
994.000000    0.00006317 
994.400000    0.00021679 
994.800000    0.00032271 
995.200000    0.00036837 
995.600000    0.00035228 
996.000000    0.00028319 
996.400000    0.00017753 
996.800000    0.00005587 
997.200000    -0.00006100 
997.600000    -0.00015557 
998.000000    -0.00021614 
998.400000    -0.00023801 
998.800000    -0.00022328 
999.200000    -0.00017949 
999.600000    -0.00011742 
1000.000000    -0.00004876 
