0.000000    0.00000000 
0.398561    0.00817699 
0.795787    0.01504542 
1.191222    0.01988668 
1.584765    0.02249481 
1.976547    0.02284312 
2.366793    0.02086792 
2.755654    0.01652605 
3.143049    0.00996147 
3.528574    0.00179478 
3.911629    -0.00681002 
4.291744    -0.01457477 
4.668794    -0.02068270 
5.043049    -0.02479022 
5.415110    -0.02672146 
5.785776    -0.02632720 
6.155859    -0.02345086 
6.525933    -0.01798556 
6.896107    -0.01000340 
7.265930    -0.00006751 
7.634556    0.01053557 
8.001196    0.02032656 
8.365534    0.02835372 
8.727889    0.03416341 
9.089159    0.03747772 
9.450612    0.03804446 
9.813593    0.03557573 
10.179156    0.02968542 
10.547592    0.01989069 
10.917829    0.00599765 
11.287196    -0.01075623 
11.652468    -0.02766505 
12.011566    -0.04278253 
12.364517    -0.05500754 
12.713534    -0.06333181 
13.062322    -0.06691664 
13.414895    -0.06524895 
13.774329    -0.05811239 
14.141722    -0.04542010 
14.515315    -0.02690640 
14.889524    -0.00216394 
15.254816    0.02693511 
15.601082    0.05706499 
15.922907    0.08552334 
16.224938    0.10795231 
16.521926    0.11996614 
16.830807    0.11872446 
17.161196    0.10398291 
17.511841    0.07887094 
17.874226    0.04779325 
18.236732    0.01305661 
18.585598    -0.02425215 
18.907246    -0.06174751 
19.192002    -0.09872742 
19.440379    -0.13240954 
19.669926    -0.15837200 
19.913094    -0.17083941 
20.201216    -0.15945529 
20.532150    -0.11806512 
20.874946    -0.06385251 
21.208445    -0.01378674 
21.523303    0.02910368 
21.816475    0.06471822 
22.089204    0.09470709 
22.346899    0.11928253 
22.601205    0.13700942 
22.871283    0.14385154 
23.175566    0.13252292 
23.512031    0.09976023 
23.860291    0.05702425 
24.205999    0.01756412 
24.544923    -0.01441182 
24.878206    -0.03745010 
25.209228    -0.05282856 
25.541712    -0.06191310 
25.879362    -0.06504478 
26.225138    -0.06219657 
26.580006    -0.05379139 
26.942656    -0.04102541 
27.310295    -0.02584639 
27.680041    -0.01030172 
28.050058    0.00320723 
28.419948    0.01235261 
28.790283    0.01634301 
29.161778    0.01580035 
29.534702    0.01213299 
29.908768    0.00718066 
30.283614    0.00282027 
30.659151    0.00045902 
31.035243    0.00060330 
31.411525    0.00288632 
31.787810    0.00631850 
32.164072    0.00958473 
32.539743    0.01162765 
32.914063    0.01187212 
33.287182    0.00994037 
33.659904    0.00568178 
34.032922    -0.00076519 
34.406496    -0.00880566 
34.780312    -0.01731010 
35.153717    -0.02503238 
35.526211    -0.03091783 
35.897438    -0.03427957 
36.267186    -0.03479986 
36.635978    -0.03222266 
37.004954    -0.02620432 
37.375223    -0.01610125 
37.746956    -0.00117909 
38.117668    0.01775885 
38.482422    0.03837124 
38.836540    0.05850059 
39.178734    0.07560564 
39.512591    0.08718559 
39.845032    0.09178019 
40.183221    0.08907008 
40.532376    0.07930651 
40.894728    0.06262313 
41.267850    0.03866462 
41.642123    0.00627994 
41.998720    -0.03390583 
42.313993    -0.07854870 
42.571780    -0.12346609 
42.779952    -0.16169028 
42.969554    -0.18886084 
43.180517    -0.20163248 
43.447796    -0.18914032 
43.768298    -0.14237341 
44.104047    -0.07975898 
44.424605    -0.01983765 
44.711081    0.03430317 
44.953779    0.08184132 
45.152383    0.12318237 
45.314740    0.15824053 
45.455396    0.18764199 
45.597069    0.21287419 
45.777600    0.23541362 
46.063829    0.23428665 
46.405145    0.14709124 
46.698059    0.04577015 
46.954276    -0.02012235 
47.194685    -0.06244381 
47.437460    -0.08793335 
47.695378    -0.10099155 
47.976485    -0.10214550 
48.282496    -0.09335521 
48.609881    -0.07749877 
48.951701    -0.05813960 
49.301538    -0.03899814 
49.655942    -0.02293061 
50.014063    -0.01171200 
50.375909    -0.00621341 
50.740992    -0.00600708 
51.108195    -0.00926347 
51.476611    -0.01349333 
51.846448    -0.01628963 
52.218747    -0.01573523 
52.594622    -0.01049829 
52.973869    -0.00020395 
53.353974    0.01350782 
53.730990    0.02764189 
54.101436    0.04020336 
54.464749    0.05018964 
54.820248    0.05877768 
55.168492    0.06608159 
55.512336    0.07209948 
55.857540    0.07527434 
56.212178    0.07295270 
56.582115    0.06179418 
56.966102    0.04035830 
57.353692    0.00740531 
57.722716    -0.03417822 
58.050280    -0.07880556 
58.325420    -0.12104297 
58.558970    -0.15451499 
58.779495    -0.17525674 
59.018643    -0.18038130 
59.299030    -0.16552228 
59.621622    -0.13007326 
59.966308    -0.08271303 
60.309460    -0.03290696 
60.631652    0.01589551 
60.917960    0.06100031 
61.160468    0.10267810 
61.362316    0.13958803 
61.532672    0.17049187 
61.687370    0.19632038 
61.857248    0.21808127 
62.093656    0.23104697 
62.423142    0.18978390 
62.750288    0.09421748 
63.042558    0.01890419 
63.311908    -0.03138373 
63.570675    -0.06522758 
63.830127    -0.08701973 
64.098685    -0.09971792 
64.381650    -0.10485470 
64.680148    -0.10394236 
64.994472    -0.09847891 
65.324673    -0.08850819 
65.668640    -0.07497468 
66.022256    -0.06028504 
66.382779    -0.04637650 
66.748233    -0.03370443 
67.117862    -0.02225931 
67.491217    -0.01105232 
67.866760    0.00028317 
68.242852    0.01119379 
68.617423    0.02120633 
68.989423    0.03014379 
69.358269    0.03817743 
69.722727    0.04574135 
70.082823    0.05262075 
70.440085    0.05807479 
70.796972    0.06173986 
71.156771    0.06209713 
71.522660    0.05823146 
71.897637    0.04896862 
72.281152    0.03366652 
72.668613    0.01177129 
73.051354    -0.01545269 
73.418663    -0.04390437 
73.763880    -0.07108238 
74.087421    -0.09363985 
74.397839    -0.10900560 
74.708547    -0.11508142 
75.031430    -0.11123109 
75.373099    -0.09780081 
75.732871    -0.07654698 
76.103477    -0.04994938 
76.475829    -0.01953013 
76.839839    0.01359082 
77.184215    0.04690042 
77.499458    0.08016706 
77.781138    0.11223364 
78.034704    0.14000192 
78.279075    0.15943111 
78.542464    0.16494799 
78.846892    0.14869132 
79.186580    0.10977235 
79.537346    0.06237286 
79.882098    0.01798613 
80.212077    -0.02114275 
80.523006    -0.05425741 
80.813249    -0.08341422 
81.083306    -0.10946752 
81.337716    -0.13199747 
81.589233    -0.14893126 
81.858217    -0.15519230 
82.162617    -0.14329291 
82.500349    -0.11008895 
82.851028    -0.06645625 
83.199723    -0.02601553 
83.541417    0.00737174 
83.875147    0.03324163 
84.202025    0.05317703 
84.524597    0.06893703 
84.845010    0.08129231 
85.164682    0.09049778 
85.488016    0.09513890 
85.821492    0.09308660 
86.167844    0.08374380 
86.526325    0.06852385 
86.894766    0.04968269 
87.269044    0.02967417 
87.644945    0.00938959 
88.018879    -0.01020905 
88.389042    -0.02703460 
88.754103    -0.04112492 
89.112992    -0.05311831 
89.466415    -0.06279742 
89.816638    -0.06953183 
90.167008    -0.07264607 
90.521834    -0.07143990 
90.884686    -0.06564913 
91.256794    -0.05550030 
91.636511    -0.04152558 
92.020465    -0.02398395 
92.404483    -0.00286070 
92.783108    0.02004612 
93.151037    0.04220859 
93.504938    0.06280463 
93.844331    0.08086477 
94.173182    0.09444919 
94.499832    0.10142011 
94.833590    0.10037667 
95.180676    0.09105399 
95.542455    0.07435946 
95.916163    0.05210140 
96.295694    0.02569642 
96.671312    -0.00464892 
97.031571    -0.03647050 
97.366488    -0.06826564 
97.669284    -0.09965040 
97.942025    -0.12762931 
98.199681    -0.14797263 
98.466587    -0.15615671 
98.765352    -0.14661882 
99.100258    -0.11692960 
99.454980    -0.07497415 
99.810562    -0.03153112 
100.153701    0.00943274 
100.475540    0.04613325 
100.771190    0.07915894 
101.038926    0.10946778 
101.282460    0.13636173 
101.515031    0.15768971 
101.761008    0.16921061 
102.047795    0.16208490 
102.379025    0.12751047 
102.726595    0.07630381 
103.068837    0.02816527 
103.399818    -0.01095275 
103.719930    -0.04065527 
104.031981    -0.06294758 
104.338997    -0.08005862 
104.644477    -0.09283358 
104.953190    -0.10088666 
105.271236    -0.10280541 
105.604086    -0.09680410 
105.953009    -0.08270165 
106.314283    -0.06330981 
106.682595    -0.04259944 
107.053980    -0.02271528 
107.426184    -0.00419351 
107.797555    0.01201904 
108.166710    0.02501256 
108.533263    0.03499706 
108.897405    0.04285310 
109.259481    0.04922215 
109.620158    0.05428557 
109.980400    0.05789895 
110.341738    0.05961462 
110.706241    0.05879278 
111.075867    0.05479910 
111.451895    0.04708302 
111.834180    0.03519253 
112.220481    0.01853927 
112.606047    -0.00288064 
112.984412    -0.02647248 
113.349607    -0.04964072 
113.697951    -0.07126704 
114.030296    -0.08943555 
114.352993    -0.10191215 
114.675346    -0.10727644 
115.006485    -0.10467339 
115.352876    -0.09362481 
115.715939    -0.07476364 
116.091280    -0.04958670 
116.469574    -0.01904001 
116.837602    0.01613646 
117.180775    0.05287751 
117.486520    0.09024827 
117.749127    0.12614034 
117.977427    0.15659475 
118.196438    0.17780028 
118.440651    0.18446190 
118.737113    0.16601397 
119.075266    0.11885091 
119.420521    0.06153152 
119.751075    0.00925898 
120.057209    -0.03546130 
120.335744    -0.07306560 
120.587478    -0.10548279 
120.816518    -0.13342509 
121.032237    -0.15664507 
121.252988    -0.17344873 
121.507065    -0.17804000 
121.815708    -0.15715626 
122.158012    -0.10666595 
122.499083    -0.05096793 
122.829190    -0.00669426 
123.150821    0.02505074 
123.469077    0.04598907 
123.788553    0.05933224 
124.112602    0.06732665 
124.443377    0.07133665 
124.781725    0.07227822 
125.127636    0.07051733 
125.480881    0.06607711 
125.841010    0.05948440 
126.207376    0.05163722 
126.579268    0.04310527 
126.956058    0.03389350 
127.337014    0.02357611 
127.720709    0.01155121 
128.105053    -0.00202447 
128.487676    -0.01586767 
128.866327    -0.02878128 
129.239398    -0.04058389 
129.605600    -0.05160074 
129.964611    -0.06169273 
130.318161    -0.07009853 
130.669567    -0.07585241 
131.022876    -0.07788021 
131.382661    -0.07479102 
131.752632    -0.06546428 
132.133430    -0.04941230 
132.521207    -0.02632954 
132.906703    0.00387051 
133.275648    0.03835825 
133.613584    0.07427536 
133.913507    0.10841765 
134.182091    0.13613573 
134.438248    0.15389759 
134.706505    0.15843398 
135.006536    0.14591213 
135.341161    0.11601166 
135.696239    0.07529588 
136.052507    0.03131021 
136.393116    -0.01260965 
136.705379    -0.05373002 
136.981258    -0.09201996 
137.217697    -0.12752434 
137.420184    -0.15899359 
137.606587    -0.18493681 
137.807257    -0.20405213 
138.067254    -0.20398860 
138.394977    -0.15889600 
138.732906    -0.08537451 
139.049615    -0.02151454 
139.345674    0.02550267 
139.628007    0.05886660 
139.903981    0.08259621 
140.179835    0.09914811 
140.461174    0.10965688 
140.753036    0.11448502 
141.060699    0.11297619 
141.387883    0.10342064 
141.732914    0.08607112 
142.090017    0.06470118 
142.453683    0.04387500 
142.820856    0.02563514 
143.190294    0.00978189 
143.561271    -0.00389373 
143.933149    -0.01511340 
144.305422    -0.02394765 
144.676981    -0.03139634 
145.046096    -0.03834913 
145.412034    -0.04500813 
145.774452    -0.05183534 
146.133900    -0.05838861 
146.492257    -0.06352264 
146.852484    -0.06588144 
147.218122    -0.06400550 
147.591909    -0.05666999 
147.974333    -0.04325511 
148.362772    -0.02345512 
148.750548    0.00263018 
149.127397    0.03208789 
149.483307    0.06175251 
149.813509    0.08910567 
150.122031    0.11070560 
150.421238    0.12357515 
150.726542    0.12583137 
151.049835    0.11682585 
151.395267    0.09745038 
151.758748    0.07005300 
152.130488    0.03749152 
152.497862    0.00145079 
152.847117    -0.03567310 
153.166292    -0.07200438 
153.447000    -0.10745183 
153.689319    -0.14016455 
153.909294    -0.16665337 
154.137551    -0.18235134 
154.408284    -0.17870525 
154.732002    -0.14470219 
155.078073    -0.08843741 
155.417059    -0.03316724 
155.738869    0.01269857 
156.041641    0.04928845 
156.327300    0.07878218 
156.598644    0.10323349 
156.860063    0.12337284 
157.120250    0.13827671 
157.393742    0.14486971 
157.696450    0.13761134 
158.031341    0.11243513 
158.383881    0.07594674 
158.740412    0.04017173 
159.095202    0.01015808 
159.446369    -0.01361722 
159.794173    -0.03101552 
160.140339    -0.04362321 
160.486808    -0.05317528 
160.834361    -0.06098387 
161.182769    -0.06739782 
161.532219    -0.07169848 
161.884145    -0.07302231 
162.241007    -0.07067661 
162.605091    -0.06445855 
162.977412    -0.05453402 
163.357180    -0.04112744 
163.741824    -0.02427719 
164.127277    -0.00415115 
164.508635    0.01735500 
164.881443    0.03771390 
165.242918    0.05625258 
165.592302    0.07257288 
165.931579    0.08552771 
166.266725    0.09327109 
166.605937    0.09429073 
166.955733    0.08812077 
167.318903    0.07491516 
167.694075    0.05562316 
168.076209    0.03159913 
168.457414    0.00328984 
168.827834    -0.02733909 
169.177966    -0.05784433 
169.500730    -0.08771249 
169.795869    -0.11451614 
170.074429    -0.13429408 
170.356689    -0.14287163 
170.662837    -0.13607479 
170.999927    -0.11240191 
171.358229    -0.07729375 
171.722521    -0.03888961 
172.080237    -0.00109621 
172.422072    0.03399381 
172.742107    0.06567776 
173.036552    0.09529160 
173.305817    0.12233388 
173.559204    0.14437022 
173.817261    0.15716273 
174.105347    0.15372040 
174.433696    0.12732609 
174.785454    0.08422088 
175.139927    0.04004332 
175.487229    0.00174771 
175.823593    -0.02960328 
176.148553    -0.05452033 
176.463092    -0.07511955 
176.769213    -0.09239073 
177.071076    -0.10597329 
177.376353    -0.11397268 
177.694914    -0.11338950 
178.033332    -0.10187231 
178.389906    -0.08064775 
178.757336    -0.05488244 
179.128748    -0.02909724 
179.499478    -0.00465672 
179.866212    0.01730642 
180.226967    0.03571324 
180.581063    0.05132316 
180.928776    0.06480266 
181.271557    0.07585137 
181.612592    0.08338139 
181.956634    0.08597524 
182.308520    0.08255330 
182.671070    0.07297426 
183.044048    0.05814766 
183.424800    0.03948345 
183.809017    0.01785473 
184.190907    -0.00601653 
184.564501    -0.02952611 
184.925538    -0.05134195 
185.272114    -0.07134435 
185.605512    -0.08835340 
185.931468    -0.10012543 
186.259461    -0.10427274 
186.598711    -0.09938355 
186.953895    -0.08558505 
187.323696    -0.06475539 
187.702517    -0.03963032 
188.082558    -0.01159336 
188.454649    0.01820280 
188.810465    0.04715487 
189.144020    0.07513000 
189.453012    0.10132115 
189.742869    0.12281526 
190.028765    0.13550064 
190.330361    0.13495872 
190.660056    0.11821491 
191.014403    0.08801642 
191.380464    0.05220187 
191.746013    0.01629070 
192.101348    -0.01801433 
192.439417    -0.04896838 
192.755941    -0.07749645 
193.049455    -0.10392691 
193.324151    -0.12669136 
193.593573    -0.14240049 
193.878970    -0.14581019 
194.197135    -0.13097583 
194.544907    -0.09822981 
194.905114    -0.05822757 
195.264303    -0.02032935 
195.615422    0.01301925 
195.955153    0.04055508 
196.282588    0.06358362 
196.598186    0.08351518 
196.904493    0.10024404 
197.207955    0.11209389 
197.519137    0.11606113 
197.848316    0.10905231 
198.198396    0.09066316 
198.563610    0.06508372 
198.935636    0.03777940 
199.307996    0.01131654 
199.676163    -0.01311285 
200.037384    -0.03383578 
200.390507    -0.05133391 
200.735668    -0.06639102 
201.074617    -0.07874009 
201.411271    -0.08716805 
201.751414    -0.09001422 
202.100708    -0.08602719 
202.462044    -0.07528799 
202.834600    -0.05924545 
203.215044    -0.03975447 
203.598935    -0.01789025 
203.980897    0.00565450 
204.355325    0.02852022 
204.718131    0.04950741 
205.067451    0.06869608 
205.404298    0.08520585 
205.733704    0.09702618 
206.064316    0.10179228 
206.404989    0.09792216 
206.760645    0.08539300 
207.130629    0.06590795 
207.510164    0.04198244 
207.892224    0.01502123 
208.268022    -0.01412374 
208.628819    -0.04284919 
208.968063    -0.07071785 
209.282762    -0.09709136 
209.577053    -0.11926649 
209.864655    -0.13325761 
210.164753    -0.13476880 
210.491280    -0.12060524 
210.843429    -0.09241700 
211.209365    -0.05729193 
211.576483    -0.02121020 
211.934432    0.01386630 
212.275177    0.04593090 
212.593451    0.07558750 
212.886971    0.10325602 
213.159364    0.12739492 
213.424110    0.14466384 
213.703455    0.14982921 
214.016457    0.13631803 
214.361285    0.10322281 
214.719608    0.06147160 
215.076816    0.02176724 
215.425580    -0.01297773 
215.762607    -0.04150012 
216.087124    -0.06516094 
216.399843    -0.08540260 
216.703728    -0.10210654 
217.005650    -0.11359314 
217.316403    -0.11683681 
217.645988    -0.10875337 
217.996496    -0.08923189 
218.361602    -0.06295875 
218.733251    -0.03563278 
219.105545    -0.00972865 
219.474420    0.01360988 
219.837532    0.03291011 
220.194058    0.04881145 
220.544198    0.06226248 
220.889363    0.07321505 
221.232582    0.08077311 
221.578361    0.08364759 
221.931406    0.08078918 
222.294629    0.07212159 
222.668096    0.05860286 
223.049567    0.04153693 
223.435423    0.02168475 
223.820795    -0.00060768 
224.199987    -0.02329383 
224.568273    -0.04449942 
224.922979    -0.06409269 
225.264182    -0.08135171 
225.595906    -0.09443366 
225.926174    -0.10105793 
226.264124    -0.09954483 
226.615992    -0.08945099 
226.982823    -0.07180567 
227.360928    -0.04874809 
227.743532    -0.02190327 
228.121460    0.00810551 
228.484582    0.03868985 
228.824461    0.06880484 
229.136195    0.09787191 
229.422687    0.12309404 
229.698177    0.14029946 
229.984669    0.14482509 
230.300282    0.13222895 
230.646042    0.10271047 
231.007927    0.06418940 
231.370785    0.02469475 
231.723209    -0.01306072 
232.056959    -0.04712334 
232.366992    -0.07817577 
232.651364    -0.10682476 
232.914043    -0.13180872 
233.169038    -0.15010218 
233.440059    -0.15641956 
233.748318    -0.14294095 
234.091052    -0.10732364 
234.446366    -0.06224934 
234.798906    -0.02061076 
235.142819    0.01439566 
235.476632    0.04192791 
235.800959    0.06376646 
236.117330    0.08158759 
236.428673    0.09565162 
236.740465    0.10483938 
237.060680    0.10688593 
237.396481    0.09962160 
237.749529    0.08324367 
238.115665    0.06132923 
238.489121    0.03817109 
238.865245    0.01575424 
239.240434    -0.00523149 
239.612051    -0.02323392 
239.978748    -0.03793735 
240.340105    -0.05026222 
240.696483    -0.06068515 
241.049251    -0.06896222 
241.401012    -0.07431735 
241.755465    -0.07572334 
242.116312    -0.07245585 
242.485860    -0.06436536 
242.864351    -0.05177412 
243.249992    -0.03513661 
243.638883    -0.01451776 
244.024831    0.00945214 
244.400811    0.03390113 
244.761379    0.05734030 
245.103999    0.07903764 
245.430992    0.09695014 
245.750629    0.10834709 
246.074418    0.11103994 
246.412182    0.10390538 
246.768052    0.08725018 
247.139370    0.06322852 
247.518655    0.03454458 
247.895571    0.00234701 
248.258194    -0.03136559 
248.595925    -0.06464261 
248.901301    -0.09735897 
249.174237    -0.12724875 
249.427758    -0.15029339 
249.687256    -0.16158099 
249.979569    -0.15435516 
250.312026    -0.12391172 
250.665893    -0.07864003 
251.020043    -0.03244546 
251.362190    0.00941310 
251.685669    0.04536855 
251.987699    0.07643633 
252.268139    0.10392744 
252.530896    0.12752574 
252.787278    0.14523866 
253.057357    0.15269693 
253.361502    0.14261181 
253.700504    0.11107173 
254.054833    0.06840355 
254.409166    0.02834980 
254.758220    -0.00486929 
255.101121    -0.03035772 
255.438846    -0.04924132 
255.772874    -0.06366048 
256.104996    -0.07471172 
256.437575    -0.08249021 
256.773963    -0.08615529 
257.117978    -0.08454776 
257.472317    -0.07723275 
257.837356    -0.06515627 
258.211402    -0.05014819 
258.591758    -0.03359918 
258.975416    -0.01589040 
259.358982    0.00262752 
259.739076    0.02020510 
260.113263    0.03563681 
260.480315    0.04915414 
260.840113    0.06102633 
261.193830    0.07088292 
261.544518    0.07766665 
261.896861    0.08013096 
262.255599    0.07736855 
262.623928    0.06892538 
263.002587    0.05488777 
263.389324    0.03573100 
263.778518    0.01153093 
264.161301    -0.01670218 
264.527984    -0.04575377 
264.870981    -0.07441663 
265.188027    -0.10066396 
265.486193    -0.12080256 
265.780936    -0.13128235 
266.089586    -0.12932680 
266.422873    -0.11354243 
266.779425    -0.08609193 
267.148868    -0.05225453 
267.518299    -0.01594312 
267.874787    0.02111985 
268.207473    0.05649073 
268.508767    0.09050438 
268.776029    0.12247071 
269.017026    0.14974540 
269.253694    0.16838641 
269.517651    0.17176397 
269.830216    0.14937717 
270.175776    0.10184743 
270.524752    0.04907324 
270.862870    0.00324591 
271.185774    -0.03396849 
271.493456    -0.06349800 
271.787752    -0.08769336 
272.072022    -0.10746872 
272.352615    -0.12228264 
272.640468    -0.12985705 
272.948828    -0.12609614 
273.283892    -0.10787519 
273.638743    -0.07866963 
274.002136    -0.04719420 
274.367232    -0.01895059 
274.730906    0.00496873 
275.091868    0.02363412 
275.450032    0.03756526 
275.805905    0.04830268 
276.160018    0.05696996 
276.512974    0.06386620 
276.866113    0.06853069 
277.221641    0.07029215 
277.582184    0.06855479 
277.949855    0.06304596 
278.325440    0.05379956 
278.708267    0.04100741 
279.096179    0.02468935 
279.485193    0.00477956 
279.869816    -0.01704543 
280.244999    -0.03805745 
280.607582    -0.05749576 
280.956805    -0.07476843 
281.295404    -0.08832465 
281.630087    -0.09619433 
281.969226    -0.09700118 
282.319539    -0.09018144 
282.684078    -0.07581983 
283.061350    -0.05505944 
283.445566    -0.02929872 
283.827235    0.00102975 
284.194616    0.03355910 
284.537056    0.06618436 
284.847529    0.09811231 
285.127895    0.12621076 
285.393183    0.14607849 
285.667898    0.15301758 
285.973908    0.14180208 
286.314235    0.11123413 
286.672950    0.06977573 
287.032329    0.02723720 
287.379688    -0.01290445 
287.706523    -0.04873745 
288.008310    -0.08098293 
288.283795    -0.11037873 
288.537437    -0.13595319 
288.783746    -0.15500116 
289.047686    -0.16223497 
289.352332    -0.14868680 
289.693812    -0.11064058 
290.046910    -0.06263527 
290.395921    -0.01953926 
290.736273    0.01545740 
291.067742    0.04202149 
291.391815    0.06234226 
291.710561    0.07829892 
292.026815    0.09048953 
292.344851    0.09837641 
292.670631    0.10030578 
293.009679    0.09453854 
293.363756    0.08105879 
293.730220    0.06246477 
294.104642    0.04217853 
294.482944    0.02191795 
294.861672    0.00202819 
295.237816    -0.01628554 
295.609312    -0.03187639 
295.975099    -0.04515536 
296.334958    -0.05665318 
296.689690    -0.06630937 
297.041490    -0.07344012 
297.394072    -0.07693388 
297.751769    -0.07576787 
298.117931    -0.06937546 
298.493765    -0.05774965 
298.878025    -0.04133990 
299.266903    -0.02047430 
299.653842    0.00447134 
300.030833    0.03074259 
300.391293    0.05623072 
300.731740    0.08010203 
301.054224    0.10005047 
301.367955    0.11289429 
301.686108    0.11611649 
302.019840    0.10843520 
302.373441    0.09026463 
302.743278    0.06438011 
303.120833    0.03422272 
303.495337    0.00125066 
303.855215    -0.03243872 
304.190933    -0.06508857 
304.496192    -0.09678001 
304.771506    -0.12554931 
305.029685    -0.14753250 
305.295395    -0.15763785 
305.593955    -0.14901547 
305.930537    -0.11789586 
306.286465    -0.07364052 
306.642580    -0.02943376 
306.988155    0.01019461 
307.317507    0.04380772 
307.628431    0.07255342 
307.921002    0.09782879 
308.198810    0.11932326 
308.471763    0.13498774 
308.756902    0.14063632 
309.070681    0.13048319 
309.414185    0.10276947 
309.773250    0.06596058 
310.135137    0.03041856 
310.493783    -0.00036678 
310.846628    -0.02526014 
311.193226    -0.04448513 
311.534198    -0.05988628 
311.870791    -0.07249585 
312.205192    -0.08220090 
312.541133    -0.08784451 
312.883455    -0.08790019 
313.236239    -0.08148192 
313.600824    -0.06925499 
313.975551    -0.05308235 
314.357040    -0.03461091 
314.741325    -0.01445372 
315.123950    0.00674182 
315.500617    0.02678702 
315.868476    0.04463206 
316.226449    0.06048311 
316.575343    0.07402449 
316.918418    0.08405346 
317.261470    0.08888953 
317.611092    0.08720099 
317.971882    0.07859944 
318.344792    0.06365941 
318.727278    0.04365017 
319.114036    0.01955070 
319.497170    -0.00801701 
319.867709    -0.03623614 
320.218531    -0.06364900 
320.546177    -0.08943699 
320.854029    -0.11087771 
321.154223    -0.12419604 
321.463522    -0.12591926 
321.794610    -0.11397350 
322.148880    -0.08972569 
322.517935    -0.05835713 
322.890653    -0.02464578 
323.256234    0.00965563 
323.605114    0.04220304 
323.930559    0.07282739 
324.229217    0.10173467 
324.504422    0.12703581 
324.770476    0.14497610 
325.050866    0.15010436 
325.365178    0.13594853 
325.711250    0.10219392 
326.070624    0.06013547 
326.428647    0.02011215 
326.777586    -0.01517141 
327.113561    -0.04450697 
327.435166    -0.06940050 
327.742762    -0.09109757 
328.039740    -0.10913052 
328.334561    -0.12136384 
328.640446    -0.12411154 
328.968742    -0.11365661 
329.319965    -0.09030394 
329.685100    -0.06035389 
330.054956    -0.03043597 
330.423577    -0.00284364 
330.787113    0.02111955 
331.143619    0.04073055 
331.492503    0.05727938 
331.834251    0.07148051 
332.171058    0.08274852 
332.507387    0.08958341 
332.849299    0.09023767 
333.202050    0.08369621 
333.567489    0.07059252 
333.943673    0.05286281 
334.326471    0.03232982 
334.710907    0.00976003 
335.091468    -0.01361656 
335.463282    -0.03536428 
335.823341    -0.05504079 
336.170929    -0.07257662 
336.508393    -0.08680799 
336.841840    -0.09570011 
337.179836    -0.09718227 
337.529613    -0.09025743 
337.893760    -0.07554119 
338.269964    -0.05495391 
338.652890    -0.03056049 
339.035360    -0.00322422 
339.408831    0.02520603 
339.765716    0.05259534 
340.101146    0.07878918 
340.415153    0.10221840 
340.715792    0.11957916 
341.018617    0.12691641 
341.339519    0.12087588 
341.684944    0.10091998 
342.049114    0.07134083 
342.421118    0.03824733 
342.790702    0.00466196 
343.148756    -0.02762215 
343.488375    -0.05727284 
343.805269    -0.08514928 
344.099412    -0.11050858 
344.378869    -0.13057044 
344.661345    -0.14089834 
344.967289    -0.13593741 
345.304746    -0.11257922 
345.663146    -0.07668306 
346.027391    -0.03869763 
346.387694    -0.00352020 
346.738185    0.02725797 
347.075783    0.05320507 
347.399233    0.07596772 
347.709449    0.09587855 
348.011477    0.11149971 
348.315841    0.11983408 
348.635479    0.11711788 
348.977499    0.10131393 
349.338142    0.07546858 
349.708338    0.04613991 
350.080475    0.01754086 
350.449120    -0.00908012 
350.810598    -0.03196705 
351.163023    -0.05139336 
351.505893    -0.06837867 
351.840659    -0.08262287 
352.171658    -0.09260930 
352.505906    -0.09624189 
352.850594    -0.09182284 
353.209376    -0.07935245 
353.580898    -0.06089916 
353.960648    -0.03912731 
354.343198    -0.01551375 
354.722830    0.00895165 
355.094373    0.03183676 
355.454409    0.05245011 
355.801693    0.07095219 
356.138031    0.08633169 
356.469174    0.09655036 
356.803911    0.09931266 
357.150295    0.09324535 
357.511610    0.07885378 
357.885682    0.05835083 
358.267201    0.03423220 
358.649515    0.00763913 
359.024931    -0.01998103 
359.386393    -0.04633512 
359.729052    -0.07139092 
360.051863    -0.09422944 
360.360371    -0.11212065 
360.667418    -0.12139442 
360.988115    -0.11867867 
361.331001    -0.10277879 
361.693454    -0.07667031 
362.066283    -0.04584670 
362.439800    -0.01378163 
362.804961    0.01808696 
363.154171    0.04769024 
363.482160    0.07557332 
363.787111    0.10150109 
364.074178    0.12310122 
364.358116    0.13633675 
364.659072    0.13610659 
364.989687    0.11846122 
365.344827    0.08636316 
365.710037    0.04925765 
366.073903    0.01353635 
366.429088    -0.01895476 
366.771161    -0.04681657 
367.097888    -0.07135638 
367.409152    -0.09322084 
367.708999    -0.11117247 
368.007706    -0.12226558 
368.319716    -0.12243685 
368.655071    -0.10861969 
369.011657    -0.08279008 
369.379551    -0.05195392 
369.749927    -0.02165608 
370.116916    0.00641749 
370.476742    0.03050728 
370.827559    0.05070711 
371.168881    0.06820187 
371.502059    0.08289355 
371.831337    0.09334324 
372.163781    0.09740644 
372.506748    0.09327199 
372.864003    0.08084820 
373.234161    0.06231002 
373.612719    0.04058744 
373.994474    0.01733402 
374.374118    -0.00659878 
374.746811    -0.02895860 
375.109269    -0.04893551 
375.460091    -0.06685530 
375.800470    -0.08200593 
376.135075    -0.09262241 
376.471629    -0.09654517 
376.817965    -0.09225942 
377.178179    -0.07987279 
377.551251    -0.06115944 
377.932698    -0.03841450 
378.316391    -0.01285610 
378.694891    0.01445740 
379.060842    0.04093973 
379.408836    0.06615368 
379.736883    0.08944758 
380.049086    0.10834565 
380.356956    0.11931784 
380.675477    0.11898610 
381.014820    0.10572818 
381.374592    0.08162945 
381.746643    0.05174283 
382.121259    0.01996973 
382.489101    -0.01226258 
382.841869    -0.04266414 
383.173513    -0.07131720 
383.481180    -0.09825286 
383.768623    -0.12132596 
384.049542    -0.13662926 
384.344644    -0.13905841 
384.669324    -0.12395479 
385.020938    -0.09285858 
385.384754    -0.05513117 
385.748211    -0.01837165 
386.103416    0.01522823 
386.445593    0.04408618 
386.772313    0.06933631 
387.083160    0.09186298 
387.381629    0.11066772 
387.677513    0.12296841 
387.985542    0.12465733 
388.317089    0.11217341 
388.671146    0.08676594 
389.037569    0.05547174 
389.406959    0.02456065 
389.773305    -0.00397499 
390.132859    -0.02845013 
390.483861    -0.04876164 
390.825877    -0.06619510 
391.160098    -0.08086729 
391.490369    -0.09151704 
391.823277    -0.09610281 
392.165956    -0.09279185 
392.522405    -0.08130193 
392.891701    -0.06358594 
393.269712    -0.04253071 
393.651496    -0.01990183 
394.032007    0.00353588 
394.406518    0.02566436 
394.771716    0.04534311 
395.126074    0.06290737 
395.470364    0.07788825 
395.808433    0.08878132 
396.147091    0.09360166 
396.493804    0.09082065 
396.853169    0.08029721 
397.225183    0.06340736 
397.606282    0.04216771 
397.990988    0.01781136 
398.372228    -0.00895106 
398.742388    -0.03553618 
399.095454    -0.06095419 
399.428475    -0.08476620 
399.744099    -0.10476318 
400.052440    -0.11753864 
400.368226    -0.11968551 
400.703174    -0.10917978 
401.059283    -0.08722483 
401.429723    -0.05831785 
401.804793    -0.02672932 
402.174744    0.00594899 
402.530370    0.03747885 
402.864570    0.06730573 
403.173274    0.09567780 
403.458741    0.12068592 
403.733667    0.13855341 
404.019659    0.14415261 
404.335612    0.13192978 
404.681959    0.10151608 
405.043145    0.06218502 
405.404651    0.02335013 
405.757761    -0.01204305 
406.097474    -0.04233448 
406.421451    -0.06851391 
406.729345    -0.09169790 
407.024478    -0.11116190 
407.316372    -0.12435202 
407.620016    -0.12715419 
407.947817    -0.11552419 
408.299401    -0.09007589 
408.664107    -0.05807322 
409.032047    -0.02660690 
409.397390    0.00198861 
409.756833    0.02616941 
410.109019    0.04576376 
410.453764    0.06219341 
410.792081    0.07591366 
411.127004    0.08605792 
411.463833    0.09095133 
411.808625    0.08898199 
412.165360    0.07970298 
412.534122    0.06450147 
412.911956    0.04572872 
413.294734    0.02500671 
413.677904    0.00288881 
414.056719    -0.01895143 
414.427399    -0.03865384 
414.787835    -0.05626657 
415.137955    -0.07163604 
415.480364    -0.08362544 
415.820655    -0.09045358 
416.166020    -0.09046907 
416.522148    -0.08304177 
416.890835    -0.06886572 
417.269988    -0.04951638 
417.654908    -0.02636543 
418.038808    0.00010441 
418.413366    0.02777271 
418.771181    0.05462475 
419.107640    0.08027603 
419.423490    0.10276562 
419.727589    0.11865599 
420.035272    0.12426980 
420.360954    0.11689446 
420.709726    0.09665531 
421.075873    0.06768529 
421.449058    0.03515539 
421.818844    0.00141138 
422.175297    -0.03159633 
422.510529    -0.06265551 
422.819493    -0.09231126 
423.102753    -0.11915834 
423.371173    -0.13978678 
423.646402    -0.14921671 
423.951051    -0.14107164 
424.290169    -0.11235090 
424.647872    -0.07148495 
425.007191    -0.03033013 
425.358615    0.00677821 
425.697221    0.03822405 
426.021041    0.06474691 
426.329925    0.08785023 
426.626626    0.10732416 
426.919178    0.12116213 
427.221142    0.12568861 
427.545339    0.11678488 
427.893681    0.09394603 
428.256922    0.06334418 
428.625069    0.03246016 
428.992118    0.00427321 
429.354675    -0.01985964 
429.711272    -0.03914743 
430.061686    -0.05488606 
430.406576    -0.06796180 
430.747978    -0.07804363 
431.089694    -0.08393189 
431.436588    -0.08426686 
431.792753    -0.07833496 
432.159694    -0.06674809 
432.536109    -0.05112045 
432.918994    -0.03288584 
433.304482    -0.01255130 
433.687929    0.00904627 
434.064791    0.02953998 
434.431946    0.04802448 
434.788192    0.06453107 
435.134727    0.07832373 
435.475789    0.08783752 
435.818195    0.09128360 
436.168778    0.08754406 
436.531459    0.07663235 
436.906119    0.05957730 
437.289257    0.03783801 
437.674719    0.01211591 
438.053835    -0.01656395 
438.417466    -0.04533295 
438.758653    -0.07342896 
439.075171    -0.09938099 
439.373373    -0.11980081 
439.668719    -0.13063276 
439.979343    -0.12822263 
440.315558    -0.11093253 
440.674014    -0.08185689 
441.043246    -0.04741170 
441.411375    -0.01176770 
441.767655    0.02331608 
442.103482    0.05594102 
442.413129    0.08681378 
442.695425    0.11532248 
442.958352    0.13877841 
443.221836    0.15274404 
443.511530    0.15060811 
443.839786    0.12616879 
444.192667    0.08472110 
444.549797    0.04078647 
444.900172    0.00160837 
445.239080    -0.03115548 
445.565187    -0.05775667 
445.878825    -0.08014806 
446.182178    -0.09885419 
446.481073    -0.11272181 
446.785959    -0.11897846 
447.108422    -0.11405369 
447.453108    -0.09648766 
447.814477    -0.07018535 
448.183731    -0.04186353 
448.554695    -0.01529046 
448.923571    0.00846003 
449.288161    0.02793359 
449.647674    0.04347516 
450.002169    0.05629216 
450.352548    0.06674703 
450.700954    0.07425961 
451.050757    0.07782528 
451.405844    0.07649853 
451.769223    0.06999480 
452.141853    0.05889316 
452.522560    0.04413760 
452.908630    0.02633036 
453.295983    0.00562128 
453.679309    -0.01647985 
454.053672    -0.03744886 
454.415985    -0.05667114 
454.765638    -0.07367603 
455.105370    -0.08702575 
455.441687    -0.09470367 
455.782881    -0.09506814 
456.135459    -0.08752604 
456.501747    -0.07259623 
456.879658    -0.05177179 
457.263665    -0.02650436 
457.645266    0.00270519 
458.013999    0.03347401 
458.360556    0.06395699 
458.679273    0.09341183 
458.972411    0.11893867 
459.253676    0.13624937 
459.544491    0.14079453 
459.862526    0.12863463 
460.209423    0.10029914 
460.572524    0.06314797 
460.937359    0.02455559 
461.292395    -0.01287327 
461.628860    -0.04703189 
461.941174    -0.07841594 
462.227264    -0.10740092 
462.491874    -0.13235740 
462.750638    -0.14979350 
463.028321    -0.15388622 
463.344048    -0.13695889 
463.691104    -0.09912048 
464.047715    -0.05444775 
464.400410    -0.01403836 
464.744134    0.01971152 
465.077740    0.04622680 
465.401856    0.06751417 
465.718131    0.08492834 
466.030121    0.09831173 
466.344382    0.10607611 
466.669476    0.10569969 
467.011498    0.09540785 
467.369926    0.07652281 
467.739374    0.05343734 
468.114265    0.03007149 
468.490408    0.00771062 
468.864516    -0.01266082 
469.234417    -0.02965618 
469.599089    -0.04368528 
469.958366    -0.05556019 
470.313093    -0.06530636 
470.665352    -0.07232110 
471.018505    -0.07560995 
471.376533    -0.07424054 
471.742559    -0.06785799 
472.117668    -0.05672338 
472.500733    -0.04137741 
472.888655    -0.02213088 
473.276212    0.00078444 
473.656661    0.02503728 
474.024177    0.04825609 
474.375547    0.06978098 
474.711551    0.08813911 
475.038370    0.10085272 
475.366281    0.10553586 
475.705143    0.10089016 
476.060124    0.08703312 
476.430222    0.06564928 
476.809698    0.03926271 
477.189884    0.00921690 
477.559947    -0.02303296 
477.909528    -0.05489409 
478.231146    -0.08607760 
478.523487    -0.11473319 
478.796570    -0.13695937 
479.071928    -0.14788173 
479.372989    -0.14196972 
479.708244    -0.11631996 
480.065372    -0.07746596 
480.427078    -0.03618337 
480.781298    0.00276932 
481.120033    0.03748479 
481.438712    0.06802771 
481.735494    0.09564122 
482.012933    0.11975152 
482.281562    0.13787941 
482.560820    0.14542197 
482.870314    0.13587429 
483.212144    0.10663252 
483.570056    0.06695759 
483.929516    0.02863549 
484.283989    -0.00443912 
484.631021    -0.03101292 
484.970354    -0.05181397 
485.302744    -0.06871117 
485.629998    -0.08235766 
485.955799    -0.09206303 
486.285967    -0.09610030 
486.626664    -0.09266709 
486.981108    -0.08135806 
487.348084    -0.06413692 
487.723753    -0.04412796 
488.103876    -0.02324939 
488.484398    -0.00205869 
488.861553    0.01792490 
489.232636    0.03526189 
489.596292    0.05023489 
489.952601    0.06305247 
490.303260    0.07321068 
490.651837    0.07959344 
491.003360    0.08090396 
491.362564    0.07637924 
491.731913    0.06611742 
492.110945    0.05083732 
492.496735    0.03134692 
492.884144    0.00795156 
493.265921    -0.01790441 
493.634839    -0.04331265 
493.986029    -0.06740645 
494.318733    -0.08886354 
494.638481    -0.10494927 
494.956731    -0.11261075 
495.285953    -0.10971470 
495.633448    -0.09590928 
495.998451    -0.07324597 
496.374308    -0.04530046 
496.751952    -0.01441482 
497.120970    0.01813155 
497.471493    0.04978268 
497.796262    0.08045317 
498.092870    0.10910330 
498.368584    0.13246602 
498.642533    0.14585243 
498.938619    0.14353914 
499.268981    0.12130754 
499.623909    0.08396916 
499.985866    0.04292425 
500.342641    0.00431277 
500.686656    -0.02999575 
501.013688    -0.05952145 
501.321911    -0.08582297 
501.612752    -0.10888887 
501.893820    -0.12679000 
502.180485    -0.13568840 
502.490390    -0.13026349 
502.829785    -0.10757528 
503.188305    -0.07342281 
503.552485    -0.03797810 
503.914604    -0.00605225 
504.270839    0.02095572 
504.619752    0.04242451 
504.961296    0.05996151 
505.296404    0.07457431 
505.627669    0.08587229 
505.959972    0.09233461 
506.299519    0.09211095 
506.651060    0.08421412 
507.015448    0.06964600 
507.390013    0.05100661 
507.770632    0.03049588 
508.152917    0.00887735 
508.532389    -0.01270279 
508.905335    -0.03216124 
509.269581    -0.04923074 
509.624703    -0.06410158 
509.972332    -0.07616017 
510.316530    -0.08406493 
510.663301    -0.08624880 
511.018405    -0.08175648 
511.384815    -0.07076060 
511.761904    -0.05431772 
512.146268    -0.03366621 
512.532406    -0.00936471 
512.912852    0.01726639 
513.280120    0.04340009 
513.628994    0.06829376 
513.958422    0.09068518 
514.274001    0.10773518 
514.587943    0.11608499 
514.913926    0.11313086 
515.259756    0.09830705 
515.623874    0.07411549 
515.998525    0.04485745 
516.374269    0.01328464 
516.741131    -0.01917759 
517.090120    -0.05017644 
517.414812    -0.07989720 
517.713328    -0.10748751 
517.992779    -0.12987964 
518.271374    -0.14247164 
518.571664    -0.13964858 
518.904682    -0.11763155 
519.261029    -0.08141160 
519.624310    -0.04183975 
519.983187    -0.00464351 
520.330661    0.02836384 
520.662849    0.05661218 
520.978043    0.08166195 
521.277431    0.10358592 
521.567753    0.12052832 
521.862671    0.12886144 
522.177875    0.12393151 
522.519571    0.10350029 
522.879837    0.07251027 
523.246961    0.03956736 
523.613314    0.00906717 
523.974490    -0.01760321 
524.328305    -0.03933331 
524.674103    -0.05738258 
525.012343    -0.07272614 
525.345357    -0.08489320 
525.678063    -0.09226893 
526.017073    -0.09290568 
526.367808    -0.08566751 
526.731698    -0.07137248 
527.106231    -0.05253376 
527.487075    -0.03144631 
527.869477    -0.00898011 
528.248509    0.01364678 
528.620041    0.03424167 
528.981612    0.05254751 
529.332762    0.06860921 
529.675614    0.08147781 
530.015314    0.08944417 
530.359046    0.09071645 
530.713050    0.08439143 
531.079742    0.07102069 
531.457323    0.05221661 
531.841276    0.02957947 
532.225310    0.00378742 
532.601733    -0.02330758 
532.963575    -0.04935389 
533.306417    -0.07398999 
533.630459    -0.09566991 
533.942963    -0.11131231 
534.257364    -0.11743588 
534.587013    -0.11149633 
534.937521    -0.09355597 
535.304802    -0.06714552 
535.680011    -0.03689563 
536.053802    -0.00510565 
536.416974    0.02643007 
536.761955    0.05600678 
537.083814    0.08409756 
537.382537    0.10949792 
537.667110    0.12891102 
537.956020    0.13763826 
538.268739    0.13053344 
538.611100    0.10593182 
538.972176    0.07050802 
539.337905    0.03351779 
539.698773    -0.00121397 
540.048586    -0.03191750 
540.383816    -0.05843391 
540.702896    -0.08215259 
541.007367    -0.10276679 
541.304507    -0.11805448 
541.607841    -0.12424997 
541.931266    -0.11725765 
542.278789    -0.09618002 
542.642586    -0.06639239 
543.012352    -0.03516784 
543.380968    -0.00573511 
543.743761    0.02045524 
544.098135    0.04232631 
544.443031    0.06107748 
544.778879    0.07726300 
545.108705    0.08988561 
545.438757    0.09688550 
545.776894    0.09606566 
546.128697    0.08645634 
546.494522    0.06949195 
546.870491    0.04826113 
547.251335    0.02513622 
547.631679    0.00099227 
548.006389    -0.02228428 
548.371695    -0.04309323 
548.725711    -0.06168693 
549.068980    -0.07765165 
549.405364    -0.08942200 
549.742004    -0.09487114 
550.086921    -0.09227284 
550.445076    -0.08140403 
550.816283    -0.06384081 
551.196480    -0.04191657 
551.579899    -0.01712721 
551.959667    0.00959629 
552.328820    0.03563489 
552.682148    0.06011623 
553.017468    0.08264658 
553.337865    0.10111478 
553.653082    0.11227772 
553.976527    0.11297516 
554.318086    0.10168837 
554.678610    0.08013589 
555.051584    0.05265640 
555.428415    0.02285053 
555.800519    -0.00792544 
556.159874    -0.03734815 
556.500429    -0.06496913 
556.819087    -0.09089805 
557.118733    -0.11310624 
557.411289    -0.12780296 
557.715092    -0.13033886 
558.044220    -0.11704948 
558.397977    -0.08953866 
558.764735    -0.05540500 
559.133092    -0.02106659 
559.494849    0.01142891 
559.844247    0.04018311 
560.177820    0.06578379 
560.494314    0.08900103 
560.796814    0.10860398 
561.095257    0.12154221 
561.404843    0.12361427 
561.737434    0.11138262 
562.092464    0.08619409 
562.459972    0.05492438 
562.830278    0.02364430 
563.196800    -0.00567244 
563.555195    -0.03120540 
563.903188    -0.05296232 
564.240018    -0.07208929 
564.567257    -0.08823499 
564.890272    -0.09951391 
565.217929    -0.10325047 
565.558822    -0.09728983 
565.916165    -0.08183058 
566.286735    -0.06002559 
566.664488    -0.03563359 
567.043496    -0.01044595 
567.418363    0.01424660 
567.784913    0.03634232 
568.140738    0.05592299 
568.485464    0.07314205 
568.821734    0.08681593 
569.155786    0.09484870 
569.495911    0.09512630 
569.848575    0.08672095 
570.215170    0.07076135 
570.592383    0.04980050 
570.974766    0.02598567 
571.356109    0.00020136 
571.729884    -0.02548184 
572.090834    -0.04934398 
572.435974    -0.07143458 
572.766067    -0.09057553 
573.087464    -0.10414560 
573.411357    -0.10907732 
573.748724    -0.10321012 
574.104148    -0.08683568 
574.474372    -0.06308119 
574.852178    -0.03573250 
575.229682    -0.00660771 
575.598830    0.02268472 
575.952747    0.05019471 
576.286800    0.07624669 
576.600472    0.09984110 
576.900738    0.11795578 
577.202609    0.12642610 
577.522545    0.12123625 
577.867448    0.10130925 
578.230985    0.07130055 
578.601824    0.03814853 
578.970421    0.00529968 
579.329258    -0.02549947 
579.673060    -0.05302041 
579.998698    -0.07830600 
580.306413    -0.10094396 
580.602914    -0.11846537 
580.902476    -0.12686495 
581.221159    -0.12171637 
581.565403    -0.10141268 
581.927953    -0.07088524 
582.297252    -0.03790314 
582.664772    -0.00632548 
583.024813    0.02219533 
583.374078    0.04649861 
583.711048    0.06780821 
584.036232    0.08639554 
584.353922    0.10074183 
584.673060    0.10804722 
585.004303    0.10536280 
585.353666    0.09164337 
585.719023    0.06955271 
586.093606    0.04384402 
586.470723    0.01756263 
586.844800    -0.00809952 
587.211579    -0.03104359 
587.568566    -0.05101816 
587.914973    -0.06863153 
588.252520    -0.08318140 
588.586347    -0.09280806 
588.924235    -0.09530438 
589.273319    -0.08927003 
589.636352    -0.07525199 
590.011041    -0.05563642 
590.392411    -0.03292341 
590.774734    -0.00824308 
591.151923    0.01696817 
591.518721    0.04040900 
591.871781    0.06195572 
592.210568    0.08113926 
592.538984    0.09599510 
592.865787    0.10377037 
593.201523    0.10208887 
593.552992    0.09032885 
593.920006    0.07041204 
594.297204    0.04567533 
594.677503    0.01842027 
595.053188    -0.01030283 
595.416763    -0.03802296 
595.762557    -0.06423463 
596.087987    -0.08867032 
596.396492    -0.10902045 
596.699674    -0.12153877 
597.013805    -0.12222082 
597.350351    -0.10871331 
597.708509    -0.08321023 
598.078755    -0.05185402 
598.450886    -0.01939618 
598.816339    0.01249368 
599.168281    0.04168444 
599.502093    0.06851625 
599.815893    0.09327904 
600.113418    0.11411207 
600.406792    0.12734926 
600.713668    0.12830867 
601.046403    0.11345613 
601.402398    0.08505501 
601.769607    0.05112885 
602.137455    0.01775898 
602.498924    -0.01314952 
602.849641    -0.03980807 
603.187384    -0.06300119 
603.511755    -0.08356129 
603.825806    -0.10046159 
604.137835    -0.11104301 
604.459780    -0.11188013 
604.800629    -0.10068775 
605.160246    -0.07904027 
605.531489    -0.05217129 
605.906616    -0.02454775 
606.279623    0.00224159 
606.646070    0.02628493 
607.003402    0.04686720 
607.350640    0.06487673 
607.688895    0.08007900 
608.022429    0.09089250 
608.358463    0.09512027 
608.704465    0.09104287 
609.064229    0.07869766 
609.436381    0.06022555 
609.816368    0.03837363 
610.198790    0.01463713 
610.578008    -0.00995558 
610.948924    -0.03299565 
611.308106    -0.05388666 
611.654365    -0.07263719 
611.989937    -0.08792776 
612.321342    -0.09744837 
612.657817    -0.09886859 
613.006999    -0.09105472 
613.371077    -0.07497419 
613.746820    -0.05323929 
614.128337    -0.02825619 
614.508664    -0.00097088 
614.880202    0.02663907 
615.236479    0.05282612 
615.573468    0.07759814 
615.891803    0.09939455 
616.199552    0.11496289 
616.511208    0.12047767 
616.840581    0.11300157 
617.192133    0.09278773 
617.559802    0.06433984 
617.933689    0.03292890 
618.304546    0.00084743 
618.664127    -0.02995276 
619.006167    -0.05837883 
619.326851    -0.08509313 
619.627070    -0.10887765 
619.916174    -0.12646306 
620.211850    -0.13321563 
620.531368    -0.12440278 
620.878352    -0.09935508 
621.241844    -0.06500704 
621.608975    -0.02960881 
621.971049    0.00367034 
622.322526    0.03294425 
622.660457    0.05817187 
622.983738    0.08060927 
623.294294    0.09978336 
623.599454    0.11335166 
623.911823    0.11768161 
624.243231    0.10940504 
624.596182    0.08865312 
624.963495    0.06067614 
625.336155    0.03145738 
625.707566    0.00347832 
626.073195    -0.02161488 
626.430537    -0.04270694 
626.778627    -0.06083070 
627.118132    -0.07627396 
627.452397    -0.08786304 
627.787739    -0.09356812 
628.131468    -0.09150743 
628.488208    -0.08122250 
628.857702    -0.06439469 
629.236102    -0.04377936 
629.618428    -0.02121562 
629.999479    0.00250321 
630.374291    0.02524230 
630.739275    0.04567329 
631.092726    0.06400127 
631.435571    0.07953511 
631.772289    0.09048901 
632.110455    0.09471506 
632.457835    0.09073155 
632.818574    0.07866413 
633.191755    0.06027655 
633.572984    0.03778936 
633.956225    0.01236249 
634.334173    -0.01489366 
634.699606    -0.04137093 
635.047234    -0.06657276 
635.375383    -0.08964786 
635.688816    -0.10789797 
635.999579    -0.11769939 
636.322332    -0.11580355 
636.665905    -0.10107568 
637.028562    -0.07621392 
637.401768    -0.04628182 
637.775993    -0.01462827 
638.142135    0.01727596 
638.492369    0.04720924 
638.821144    0.07551419 
639.126646    0.10173512 
639.414745    0.12315983 
639.701317    0.13543129 
640.006714    0.13333671 
640.341815    0.11355950 
640.699509    0.08035428 
641.065194    0.04328206 
641.427992    0.00784998 
641.781031    -0.02407559 
642.120439    -0.05142582 
642.444425    -0.07560741 
642.753698    -0.09682389 
643.053949    -0.11329278 
643.357261    -0.12155612 
643.677850    -0.11750150 
644.022204    -0.09936130 
644.384563    -0.07127974 
644.754623    -0.04052336 
645.124709    -0.01114184 
645.489939    0.01536347 
645.847637    0.03744613 
646.196819    0.05598256 
646.537792    0.07179589 
646.873009    0.08423371 
647.207760    0.09153530 
647.549003    0.09173945 
647.902141    0.08388782 
648.268231    0.06904141 
648.644342    0.04979741 
649.025920    0.02836862 
649.408142    0.00560657 
649.786193    -0.01695428 
650.156259    -0.03729017 
650.516183    -0.05538306 
650.865892    -0.07109381 
651.208152    -0.08320272 
651.548767    -0.08985962 
651.894982    -0.08940636 
652.252256    -0.08130693 
652.621871    -0.06651569 
653.001225    -0.04684234 
653.385459    -0.02368196 
653.768101    0.00238263 
654.141642    0.02905677 
654.499691    0.05459542 
654.838632    0.07861018 
655.160009    0.09912811 
655.472623    0.11285071 
655.790395    0.11639676 
656.125331    0.10767842 
656.480661    0.08757909 
656.850739    0.06014734 
657.226439    0.02956002 
657.598352    -0.00248928 
657.957346    -0.03384052 
658.296144    -0.06350484 
658.610389    -0.09172582 
658.901921    -0.11658507 
659.182896    -0.13420408 
659.474153    -0.13947102 
659.793674    -0.12730455 
660.141971    -0.09793092 
660.504749    -0.06016920 
660.868228    -0.02257334 
661.223694    0.01211410 
661.565913    0.04210968 
661.892258    0.06827828 
662.202225    0.09156603 
662.499455    0.11094492 
662.794327    0.12347722 
663.102359    0.12481764 
663.435005    0.11128966 
663.790212    0.08458795 
664.156857    0.05241486 
664.525408    0.02114958 
664.890218    -0.00720304 
665.248234    -0.03092323 
665.598384    -0.05031038 
665.940770    -0.06664867 
666.277065    -0.07993050 
666.611454    -0.08881355 
666.950253    -0.09138417 
667.299400    -0.08626866 
667.661335    -0.07380968 
668.034299    -0.05622277 
668.414290    -0.03601925 
668.796852    -0.01441021 
669.177462    0.00770852 
669.552136    0.02811730 
669.918304    0.04606873 
670.275099    0.06179335 
670.623824    0.07470795 
670.968386    0.08342866 
671.314794    0.08634161 
671.669017    0.08241380 
672.034317    0.07180190 
672.410252    0.05567737 
672.793573    0.03540544 
673.179111    0.01159914 
673.559840    -0.01468315 
673.928425    -0.04065524 
674.279451    -0.06547198 
674.611342    -0.08802046 
674.928940    -0.10554671 
675.243828    -0.11467658 
675.569643    -0.11267753 
675.914720    -0.09879145 
676.278114    -0.07533993 
676.652373    -0.04652889 
677.028164    -0.01519297 
677.395600    0.01730981 
677.745528    0.04856767 
678.071151    0.07865266 
678.370150    0.10671692 
678.649397    0.12960761 
678.927256    0.14263298 
679.226749    0.14008791 
679.559324    0.11804165 
679.915403    0.08146416 
680.278054    0.04139092 
680.635584    0.00368208 
680.981005    -0.02972938 
681.310660    -0.05833929 
681.623098    -0.08366719 
681.919927    -0.10565103 
682.208723    -0.12223474 
682.504171    -0.12951056 
682.821998    -0.12265378 
683.166614    -0.09998517 
683.528234    -0.06760393 
683.894928    -0.03430560 
684.259614    -0.00398982 
684.618673    0.02178848 
684.970815    0.04234825 
685.316052    0.05914891 
685.655398    0.07297982 
685.991658    0.08322992 
686.329804    0.08833518 
686.675578    0.08673439 
687.032767    0.07797275 
687.401445    0.06339006 
687.778813    0.04535148 
688.161032    0.02553782 
688.544019    0.00452988 
688.923650    -0.01616363 
689.296670    -0.03464002 
689.661281    -0.05082746 
690.017408    -0.06474892 
690.367069    -0.07562366 
690.714559    -0.08209345 
691.065600    -0.08279581 
691.425121    -0.07709306 
691.795213    -0.06534736 
692.174780    -0.04855489 
692.560282    -0.02761352 
692.945946    -0.00282465 
693.324025    0.02391025 
693.687173    0.05006949 
694.030729    0.07492377 
694.355202    0.09651211 
694.668553    0.11156532 
694.984440    0.11681110 
695.315678    0.11014730 
695.667341    0.09192778 
696.035340    0.06549070 
696.410823    0.03493522 
696.783762    0.00218399 
697.143755    -0.03077149 
697.482020    -0.06235208 
697.792874    -0.09271678 
698.077282    -0.11992858 
698.347743    -0.14003607 
698.627362    -0.14771284 
698.937820    -0.13677482 
699.281115    -0.10586781 
699.640406    -0.06471780 
699.999621    -0.02402437 
700.349515    0.01280111 
700.685137    0.04413688 
701.004382    0.07109795 
701.307290    0.09476170 
701.597992    0.11428283 
701.887362    0.12686999 
702.191525    0.12803690 
702.522113    0.11366254 
702.875986    0.08548686 
703.240836    0.05209041 
703.607140    0.02043235 
703.969982    -0.00746159 
704.327113    -0.03010141 
704.678058    -0.04801854 
705.023240    -0.06267599 
705.364116    -0.07441653 
705.703902    -0.08234549 
706.047383    -0.08499586 
706.399241    -0.08125475 
706.761879    -0.07123714 
707.134611    -0.05649142 
707.514697    -0.03891773 
707.898567    -0.01949460 
708.282166    0.00128030 
708.661351    0.02144445 
709.033005    0.03943736 
709.395641    0.05527337 
709.749706    0.06868072 
710.097949    0.07862301 
710.445423    0.08362469 
710.798120    0.08244954 
711.160433    0.07475845 
711.533514    0.06112230 
711.915393    0.04257414 
712.301645    0.01982194 
712.685343    -0.00662525 
713.058091    -0.03401960 
713.412880    -0.06061347 
713.746430    -0.08536707 
714.062195    -0.10551907 
714.371595    -0.11746376 
714.689783    -0.11808458 
715.027595    -0.10598415 
715.385868    -0.08294252 
715.757246    -0.05344262 
716.131759    -0.02118749 
716.499030    0.01235250 
716.849321    0.04468933 
717.175304    0.07563404 
717.473766    0.10474293 
717.750166    0.12923528 
718.022016    0.14459811 
