0.000000    0.60560601 
0.238923    0.60560913 
0.478286    0.60549132 
0.719596    0.60485866 
0.965822    0.60298271 
1.221495    0.59885546 
1.492475    0.59143467 
1.785102    0.58025736 
2.104196    0.56648586 
2.449625    0.55389776 
2.813025    0.54835954 
3.178829    0.55437154 
3.531978    0.57031491 
3.866566    0.58784693 
4.187067    0.59799961 
4.502585    0.59772127 
4.820099    0.59072346 
5.140476    0.58395498 
5.458831    0.58302082 
5.768602    0.58916313 
6.066036    0.59946148 
6.352100    0.60933747 
6.631768    0.61497565 
6.912223    0.61439944 
7.200881    0.60762188 
7.503198    0.59668313 
7.820169    0.58561689 
8.146554    0.57950198 
8.472101    0.58195161 
8.786660    0.59223244 
9.085891    0.60491567 
9.372983    0.61324322 
9.655941    0.61326287 
9.943182    0.60554448 
10.239427    0.59452385 
10.543232    0.58629092 
10.847881    0.58527773 
11.145610    0.59174954 
11.432032    0.60215605 
11.707862    0.61167570 
11.978029    0.61654420 
12.249802    0.61493268 
12.530824    0.60694085 
12.826909    0.59461882 
13.139390    0.58205265 
13.463001    0.57455650 
13.786832    0.57612761 
14.099650    0.58628052 
14.396236    0.59943036 
14.679523    0.60836525 
14.957829    0.60870559 
15.240235    0.60076635 
15.532216    0.58894353 
15.832766    0.57959704 
16.134937    0.57765191 
16.430216    0.58373152 
16.713478    0.59428654 
16.982180    0.60032851 
17.244063    0.60567456 
17.507185    0.60462024 
17.780158    0.59672707 
18.069938    0.58370085 
18.378795    0.56967939 
18.701396    0.56045150 
19.025317    0.56083964 
19.337069    0.57097415 
19.629823    0.58514870 
19.906249    0.59543372 
20.175515    0.59666566 
20.448272    0.58861768 
20.731859    0.57545128 
21.026484    0.56401533 
21.324777    0.56030809 
21.616399    0.56577686 
21.894413    0.57689524 
22.158351    0.58817489 
22.413296    0.59521865 
22.667524    0.59565623 
22.930381    0.58890097 
23.210143    0.57614718 
23.510979    0.56089007 
23.829340    0.54895993 
24.152947    0.54630397 
24.466077    0.55468620 
24.758706    0.56925127 
25.031441    0.58152608 
25.293226    0.58513377 
25.555974    0.57862644 
25.829417    0.56518529 
26.116501    0.55138132 
26.411168    0.54436773 
26.701830    0.54749684 
26.978821    0.55830534 
27.239344    0.57105124 
27.487351    0.58051433 
27.731023    0.58365045 
27.980429    0.57931528 
28.245530    0.56790655 
28.533391    0.55189510 
28.843936    0.53659543 
29.166626    0.52903603 
29.483477    0.53359756 
29.779323    0.54759731 
30.050455    0.56245199 
30.304305    0.56998789 
30.553763    0.56683404 
30.811562    0.55448771 
31.085182    0.53837274 
31.372345    0.52636290 
31.661338    0.52460261 
31.938615    0.53311256 
32.197094    0.54651284 
32.438255    0.55860542 
32.668112    0.56386433 
32.898772    0.56354211 
33.141809    0.55551155 
33.407901    0.54057495 
33.702608    0.52238701 
34.020490    0.50802590 
34.343216    0.50515179 
34.648484    0.51557521 
34.924030    0.53245174 
35.172672    0.54550544 
35.407046    0.54838988 
35.642783    0.54018958 
35.894223    0.52602222 
36.165231    0.50872373 
36.448653    0.49869826 
36.728059    0.50081763 
36.987931    0.51021181 
37.224598    0.52452735 
37.443184    0.53576084 
37.653810    0.54111054 
37.868793    0.53936777 
38.101370    0.52983301 
38.363594    0.51303348 
38.660638    0.49302007 
38.982518    0.47845128 
39.303485    0.47779193 
39.597170    0.49101121 
39.853593    0.50852106 
40.080307    0.51985985 
40.293383    0.52033110 
40.510520    0.50999949 
40.746932    0.49178001 
41.008856    0.47231155 
41.286043    0.46124497 
41.555732    0.46322077 
41.800028    0.47585134 
42.015546    0.49053505 
42.209537    0.50204763 
42.393759    0.50834336 
42.581752    0.50843746 
42.788627    0.50102485 
43.030208    0.48492943 
43.316755    0.46232945 
43.639391    0.44253286 
43.964547    0.43737929 
44.255291    0.44884273 
44.497564    0.46634757 
44.700660    0.47827421 
44.883276    0.48010537 
45.065405    0.47194784 
45.266637    0.45488846 
45.502081    0.43209097 
45.768579    0.41282674 
46.036625    0.40765323 
46.274271    0.41667508 
46.471691    0.43045716 
46.636528    0.44253395 
46.781903    0.45119734 
46.921452    0.45646864 
47.069805    0.45770073 
47.245358    0.45220519 
47.471751    0.43538693 
47.766512    0.40679916 
48.107438    0.38072871 
48.429538    0.37476624 
48.685516    0.38619278 
48.874689    0.39916040 
49.018738    0.40426845 
49.140189    0.40180631 
49.258240    0.39400966 
49.393563    0.38092524 
49.574601    0.35908787 
49.825723    0.32795615 
50.105385    0.30523453 
50.329402    0.30311193 
50.479720    0.30742563 
50.578398    0.30879818 
50.646681    0.30726782 
50.698101    0.30537274 
50.741033    0.30520139 
50.781584    0.30810584 
50.826379    0.31493379 
50.888093    0.32568939 
51.008332    0.33517591 
51.351625    0.30740957 
51.844523    0.22882499 
52.060433    0.19374765 
52.135174    0.16522475 
52.159284    0.12831073 
52.167086    0.09627797 
52.169666    0.07265887 
52.170535    0.05570663 
52.170832    0.04324950 
52.170935    0.03367096 
52.170975    0.02589610 
52.171015    0.01930377 
52.171055    0.01364611 
52.171198    0.00895737 
52.172547    0.00535216 
52.172587    0.00272761 
52.184167    0.00139761 
52.243279    0.00075934 
52.307274    0.00052028 
52.351708    0.00047121 
52.380164    0.00044904 
52.399723    0.00042859 
52.415354    0.00041251 
52.430027    0.00040407 
52.445177    0.00040430 
52.460918    0.00041117 
52.476499    0.00042058 
52.491070    0.00042851 
52.504205    0.00043275 
52.515960    0.00043296 
52.526677    0.00043016 
52.536771    0.00042597 
52.546593    0.00042190 
52.556342    0.00041888 
52.566055    0.00041715 
52.575652    0.00041632 
52.585024    0.00041569 
52.594104    0.00041465 
52.602891    0.00041297 
52.611444    0.00041075 
52.619854    0.00040811 
52.628212    0.00040529 
52.636587    0.00040269 
52.645010    0.00040067 
52.653476    0.00039931 
52.661954    0.00039844 
52.670412    0.00039776 
52.678831    0.00039699 
52.687214    0.00039597 
52.695588    0.00039472 
52.703987    0.00039339 
52.712440    0.00039220 
52.720959    0.00039141 
52.729538    0.00039114 
52.738153    0.00039119 
52.746777    0.00039138 
52.755389    0.00039151 
52.763990    0.00039143 
52.772591    0.00039118 
52.781217    0.00039086 
52.789885    0.00039062 
52.798602    0.00039052 
52.807362    0.00039061 
52.816148    0.00039087 
52.824947    0.00039124 
52.833745    0.00039163 
52.842537    0.00039202 
52.851321    0.00039228 
52.860103    0.00039239 
52.868890    0.00039239 
52.877691    0.00039240 
52.886505    0.00039249 
52.895327    0.00039268 
52.904147    0.00039301 
52.912958    0.00039343 
52.921752    0.00039389 
52.930531    0.00039439 
52.939296    0.00039488 
52.948048    0.00039531 
52.956789    0.00039560 
52.965519    0.00039577 
52.974241    0.00039587 
52.982958    0.00039600 
52.991678    0.00039626 
53.000405    0.00039667 
53.009142    0.00039712 
53.017891    0.00039750 
53.026651    0.00039775 
53.035422    0.00039792 
53.044204    0.00039815 
