0.000000    0.00000000 
0.398560    0.00819566 
0.795766    0.01524353 
1.191108    0.02053451 
1.584419    0.02383470 
1.975791    0.02506078 
2.365463    0.02413095 
2.753685    0.02101123 
3.140572    0.01578423 
3.525980    0.00876039 
3.909500    0.00054172 
4.290609    -0.00784369 
4.668961    -0.01486611 
5.044691    -0.01874346 
5.418394    -0.01821477 
5.790654    -0.01338898 
6.161611    -0.00566935 
6.530989    0.00311943 
6.898439    0.01152701 
7.263841    0.01870115 
7.627399    0.02423304 
7.989620    0.02792337 
8.351224    0.02961959 
8.713021    0.02919161 
9.075769    0.02655771 
9.440005    0.02171653 
9.805906    0.01477581 
10.173200    0.00602855 
10.541184    -0.00383834 
10.908976    -0.01342530 
11.276055    -0.02051308 
11.642680    -0.02276231 
12.009522    -0.01918247 
12.376802    -0.01091051 
12.743989    -0.00028930 
13.110232    0.01054982 
13.474902    0.02027727 
13.837853    0.02821813 
14.199460    0.03403583 
14.560511    0.03752579 
14.922046    0.03853806 
15.285138    0.03696013 
15.650672    0.03270327 
16.019110    0.02569813 
16.390257    0.01596276 
16.763093    0.00384333 
17.135888    -0.00948612 
17.506945    -0.02141861 
17.875798    -0.02809010 
18.243410    -0.02652508 
18.610629    -0.01722599 
18.976972    -0.00356613 
19.341158    0.01100681 
19.702157    0.02438637 
20.059741    0.03559328 
20.414537    0.04422018 
20.767840    0.05008043 
21.121354    0.05304984 
21.476905    0.05300307 
21.836143    0.04978490 
22.200218    0.04319991 
22.569403    0.03303910 
22.942692    0.01920870 
23.317516    0.00212540 
23.690133    -0.01634331 
24.057480    -0.03157603 
24.419674    -0.03695663 
24.779070    -0.02931322 
25.136389    -0.01240151 
25.490063    0.00768635 
25.838312    0.02701853 
26.180538    0.04390974 
26.517564    0.05772948 
26.851371    0.06819449 
27.184694    0.07511405 
27.520595    0.07832044 
27.862031    0.07765202 
28.211419    0.07294086 
28.570177    0.06399168 
28.938199    0.05056083 
29.313262    0.03239107 
29.690474    0.00952781 
30.062489    -0.01642669 
30.422525    -0.03944035 
30.770205    -0.04838940 
31.110547    -0.03731683 
31.445417    -0.01311732 
31.772693    0.01471550 
32.090275    0.04133771 
32.397992    0.06497187 
32.697806    0.08477646 
32.993434    0.10013592 
33.289762    0.11055218 
33.592098    0.11564055 
33.905355    0.11514427 
34.233220    0.10897766 
34.577424    0.09725210 
34.937188    0.08021139 
35.308859    0.05806096 
35.685581    0.03084185 
36.057130    -0.00103409 
36.411700    -0.03400641 
36.743414    -0.05643440 
37.058514    -0.05441281 
37.364324    -0.03045893 
37.661056    0.00233402 
37.946366    0.03596659 
38.219090    0.06757397 
38.480387    0.09572702 
38.734151    0.11917937 
38.986803    0.13680553 
39.246394    0.14758964 
39.521147    0.15057085 
39.817521    0.14504585 
40.138237    0.13109352 
40.481342    0.10990476 
40.840875    0.08332062 
41.208298    0.05287757 
41.573423    0.01936834 
41.925148    -0.01587157 
42.255024    -0.04678472 
42.564853    -0.06023052 
42.864831    -0.04872711 
43.160561    -0.02096930 
43.451307    0.01151927 
43.735095    0.04317623 
44.011415    0.07184145 
44.282248    0.09607635 
44.552299    0.11453940 
44.828226    0.12606348 
45.117006    0.12978334 
45.423935    0.12537423 
45.750996    0.11339630 
46.096455    0.09534069 
46.455801    0.07306972 
46.823072    0.04807515 
47.191741    0.02130475 
47.555369    -0.00597522 
47.909299    -0.03010480 
48.253869    -0.04372366 
48.594441    -0.04081748 
48.935203    -0.02439250 
49.276133    -0.00288447 
49.615720    0.01761886 
49.953357    0.03457001 
50.289806    0.04722896 
50.626781    0.05552343 
50.966334    0.05963513 
51.310302    0.05988299 
51.659947    0.05668665 
52.015781    0.05052992 
52.377564    0.04190515 
52.744395    0.03127549 
53.114856    0.01913459 
53.487220    0.00619465 
53.859818    -0.00633558 
54.231567    -0.01656466 
54.602401    -0.02228946 
54.973040    -0.02219032 
55.344116    -0.01689730 
55.715583    -0.00856875 
56.086895    0.00050673 
56.457479    0.00879525 
56.827032    0.01556459 
57.195561    0.02059025 
57.563282    0.02389129 
57.930526    0.02558477 
58.297677    0.02580982 
58.665143    0.02466980 
59.033308    0.02220399 
59.402488    0.01841228 
59.772859    0.01331900 
60.144404    0.00706066 
60.516887    0.00000143 
60.889935    -0.00713712 
61.263214    -0.01321600 
61.636647    -0.01686421 
62.010434    -0.01701444 
62.384786    -0.01350445 
62.759600    -0.00718483 
63.134400    0.00057623 
63.508543    0.00849095 
63.881485    0.01564148 
64.252951    0.02147582 
64.622988    0.02569110 
64.991934    0.02812183 
65.360346    0.02866372 
65.728893    0.02722752 
66.098216    0.02372491 
66.468763    0.01810224 
66.840619    0.01044122 
67.213393    0.00115014 
67.586309    -0.00874860 
67.958630    -0.01737627 
68.330222    -0.02225927 
68.701641    -0.02151616 
69.073399    -0.01520744 
69.445268    -0.00525006 
69.816379    0.00596546 
70.185807    0.01664227 
70.553022    0.02575248 
70.918060    0.03279281 
71.281485    0.03753153 
71.644245    0.03984993 
72.007483    0.03965506 
72.372316    0.03683535 
72.739601    0.03125496 
73.109666    0.02280476 
73.482045    0.01155969 
73.855351    -0.00186070 
74.227639    -0.01566028 
74.597529    -0.02634571 
74.965329    -0.02970854 
75.332330    -0.02394117 
75.698819    -0.01134093 
76.063648    0.00403361 
76.425355    0.01910524 
76.783149    0.03230030 
77.137208    0.04297037 
77.488580    0.05086298 
77.838923    0.05585051 
78.190212    0.05781848 
78.544432    0.05662391 
78.903264    0.05207928 
79.267721    0.04395230 
79.637726    0.03200778 
80.011660    0.01618192 
80.386130    -0.00287194 
80.756737    -0.02250438 
81.120751    -0.03665675 
81.479503    -0.03814262 
81.835595    -0.02582448 
82.188845    -0.00566090 
82.537118    0.01611486 
82.878768    0.03625565 
83.213687    0.05351209 
83.543289    0.06739032 
83.870140    0.07761727 
84.197482    0.08398755 
84.528762    0.08632951 
84.867154    0.08449667 
85.215082    0.07835380 
85.573736    0.06774657 
85.942520    0.05246401 
86.318432    0.03225932 
86.695496    0.00721649 
87.065193    -0.02068842 
87.420448    -0.04411130 
87.762222    -0.05057893 
88.096337    -0.03569089 
88.424022    -0.00864450 
88.742755    0.02099427 
89.050578    0.04896875 
89.347710    0.07371151 
89.636651    0.09433607 
89.921785    0.11013420 
90.208713    0.12053465 
90.503384    0.12509917 
90.811122    0.12354836 
91.135646    0.11584795 
91.478282    0.10226900 
91.837504    0.08329263 
92.208775    0.05934829 
92.584417    0.03060785 
92.953598    -0.00244608 
93.304359    -0.03600777 
93.631519    -0.05794773 
93.942206    -0.05469792 
94.243834    -0.02985066 
94.536537    0.00335221 
94.818024    0.03722179 
95.087171    0.06904073 
95.345175    0.09738702 
95.596042    0.12097455 
95.846406    0.13862493 
96.104581    0.14925361 
96.378976    0.15182209 
96.675978    0.14559993 
96.997869    0.13078217 
97.342057    0.10882534 
97.702135    0.08183820 
98.069591    0.05149338 
98.434785    0.01861639 
98.787597    -0.01546902 
99.120639    -0.04501927 
99.435880    -0.05787619 
99.742769    -0.04709023 
100.046454    -0.02074192 
100.346123    0.01004844 
100.639904    0.03971354 
100.927459    0.06613852 
101.210756    0.08808305 
101.494021    0.10446858 
101.782928    0.11440794 
102.083197    0.11734685 
102.399053    0.11324764 
102.732102    0.10275283 
103.081131    0.08710200 
103.442749    0.06770141 
103.812267    0.04565836 
104.184314    0.02173575 
104.553359    -0.00295770 
104.915036    -0.02536198 
105.268738    -0.03928881 
105.618255    -0.03895103 
105.967253    -0.02570360 
106.316018    -0.00661872 
106.663203    0.01235906 
107.008028    0.02848537 
107.350898    0.04093049 
107.693129    0.04960984 
108.036465    0.05468014 
108.382637    0.05638243 
108.733049    0.05500508 
109.088599    0.05086197 
109.449602    0.04425158 
109.815777    0.03542562 
110.186255    0.02463048 
110.559626    0.01225383 
110.934120    -0.00089950 
111.308055    -0.01323007 
111.680550    -0.02221852 
112.051927    -0.02529362 
112.423061    -0.02163522 
112.794246    -0.01294133 
113.164923    -0.00205878 
113.534268    0.00869121 
113.901755    0.01801676 
114.267345    0.02538353 
114.631421    0.03065333 
114.994653    0.03385683 
115.357862    0.03506930 
115.721908    0.03433854 
116.087576    0.03165579 
116.455456    0.02697193 
116.825807    0.02025583 
117.198414    0.01160847 
117.572538    0.00146790 
117.947073    -0.00908486 
118.321038    -0.01807770 
118.694177    -0.02296665 
119.066980    -0.02194532 
119.439876    -0.01530927 
119.812562    -0.00519270 
120.184189    0.00594706 
120.553949    0.01636125 
120.921468    0.02510736 
121.286916    0.03176493 
121.650923    0.03617069 
122.014438    0.03826078 
122.378552    0.03799010 
122.744314    0.03529265 
123.112526    0.03007445 
123.483517    0.02226049 
123.856915    0.01193739 
124.231551    -0.00034285 
124.605744    -0.01305869 
124.978183    -0.02330045 
125.348894    -0.02745111 
125.718895    -0.02358077 
126.088637    -0.01317275 
126.457366    0.00033160 
126.823880    0.01395738 
127.187394    0.02601440 
127.547901    0.03575083 
127.906131    0.04287674 
128.263355    0.04727995 
128.621126    0.04889384 
128.981022    0.04763849 
129.344371    0.04339503 
129.711969    0.03600969 
130.083752    0.02535684 
130.458501    0.01154095 
130.833782    -0.00460005 
131.206675    -0.02056773 
131.575589    -0.03156845 
131.941521    -0.03254955 
132.306155    -0.02281552 
132.669326    -0.00663692 
133.029441    0.01110039 
133.385148    0.02750375 
133.736190    0.04134919 
134.083462    0.05219218 
134.428729    0.05985859 
134.774258    0.06424349 
135.122456    0.06524406 
135.475510    0.06273713 
135.835026    0.05656645 
136.201638    0.04653792 
136.574570    0.03246016 
136.951203    0.01435534 
137.327007    -0.00682816 
137.696877    -0.02756453 
138.058648    -0.04039988 
138.414878    -0.03816137 
138.768178    -0.02208983 
139.117704    0.00027083 
139.461264    0.02295484 
139.797716    0.04330831 
140.127639    0.06036461 
140.453120    0.07370087 
140.777273    0.08304871 
141.103703    0.08820700 
141.435971    0.08903096 
141.777074    0.08543123 
142.128955    0.07735679 
142.492036    0.06475054 
142.864737    0.04749883 
143.242961    0.02548922 
143.619804    -0.00080200 
143.986814    -0.02820604 
144.339172    -0.04753957 
144.680407    -0.04742531 
145.015577    -0.02820674 
145.344413    -0.00041236 
145.664400    0.02809037 
145.974321    0.05418400 
146.275188    0.07666787 
146.570088    0.09479032 
146.863662    0.10794062 
147.161354    0.11563807 
147.468521    0.11755315 
147.789506    0.11356150 
148.126802    0.10380900 
148.480501    0.08868551 
148.848040    0.06864784 
149.224118    0.04398566 
149.600587    0.01489668 
149.966970    -0.01714186 
150.314401    -0.04538527 
150.643561    -0.05616943 
150.962538    -0.04275816 
151.274693    -0.01463088 
151.578277    0.01715041 
151.871443    0.04764802 
152.154332    0.07506534 
152.429511    0.09827814 
152.701833    0.11627168 
152.977767    0.12815162 
153.264242    0.13318319 
153.567176    0.13090366 
153.890005    0.12137728 
154.232790    0.10537496 
154.592300    0.08414708 
154.962751    0.05885618 
155.336461    0.03018483 
155.704275    -0.00112875 
156.057274    -0.03174146 
156.392320    -0.05201114 
156.715680    -0.05092867 
157.034148    -0.03041821 
157.348324    -0.00178495 
157.656283    0.02717709 
157.957176    0.05345469 
158.252232    0.07580510 
158.544739    0.09334417 
158.839493    0.10531703 
159.141833    0.11117229 
159.456442    0.11067780 
159.786256    0.10404490 
160.131839    0.09196206 
160.491421    0.07540157 
160.861345    0.05527115 
161.236549    0.03221528 
161.610946    0.00694030 
161.978368    -0.01842793 
162.335350    -0.03814696 
162.684199    -0.04393252 
163.029930    -0.03329891 
163.374248    -0.01293737 
163.715867    0.00934471 
164.053592    0.02947767 
164.387645    0.04603849 
164.719598    0.05861075 
165.051873    0.06708136 
165.387170    0.07145906 
165.727946    0.07185274 
166.076017    0.06846651 
166.432298    0.06156757 
166.796672    0.05142880 
167.167944    0.03829901 
167.543840    0.02248405 
167.921166    0.00466944 
168.296428    -0.01333708 
168.667334    -0.02772168 
169.034329    -0.03344760 
169.399604    -0.02822445 
169.764192    -0.01505979 
170.127317    0.00090632 
170.487855    0.01605420 
170.845406    0.02875363 
171.200487    0.03849207 
171.554274    0.04520424 
171.908285    0.04896918 
172.264080    0.04989660 
172.623039    0.04808045 
172.986164    0.04357744 
173.353918    0.03641054 
173.726052    0.02661916 
174.101486    0.01440175 
174.478338    0.00043501 
174.854386    -0.01357823 
175.228123    -0.02447679 
175.599722    -0.02851244 
175.970391    -0.02405430 
176.340617    -0.01315584 
176.709679    0.00040647 
177.076542    0.01365792 
177.440679    0.02504122 
177.802305    0.03394047 
178.162261    0.04017892 
178.521775    0.04374095 
178.882222    0.04464895 
179.244901    0.04291315 
179.610830    0.03851315 
179.980535    0.03140802 
180.353846    0.02160591 
180.729723    0.00935571 
181.106331    -0.00445010 
181.481632    -0.01767170 
181.854579    -0.02670631 
182.225793    -0.02800407 
182.596395    -0.02096760 
182.966395    -0.00849781 
183.334755    0.00564064 
183.700441    0.01888252 
184.063103    0.02999262 
184.423190    0.03850009 
184.781774    0.04425806 
185.140298    0.04722511 
185.500305    0.04737490 
185.863190    0.04466075 
186.229949    0.03900661 
186.600921    0.03033280 
186.975528    0.01866309 
187.352119    0.00441249 
187.728226    -0.01100681 
188.101644    -0.02439909 
188.472000    -0.03107300 
188.840710    -0.02787124 
189.208700    -0.01626435 
189.575207    -0.00069472 
189.938813    0.01503357 
190.298667    0.02890767 
190.654913    0.04012117 
191.008590    0.04840115 
191.361344    0.05365454 
191.715102    0.05582596 
192.071759    0.05484749 
192.432880    0.05062157 
192.799384    0.04302019 
193.171212    0.03192018 
193.546999    0.01734979 
193.923944    -0.00007424 
194.298412    -0.01816813 
194.667918    -0.03206460 
195.033161    -0.03559710 
195.396420    -0.02676352 
195.758059    -0.00990258 
196.116499    0.00921899 
196.470216    0.02710645 
196.818863    0.04231308 
197.163378    0.05433244 
197.505664    0.06297230 
197.848184    0.06812450 
198.193556    0.06969818 
198.544163    0.06760166 
198.901781    0.06172937 
199.267189    0.05194554 
199.639759    0.03809303 
200.017021    0.02012859 
200.394482    -0.00132336 
200.766575    -0.02347441 
201.129966    -0.03945921 
201.486552    -0.04091304 
201.839723    -0.02691919 
202.189405    -0.00478184 
202.533440    0.01857105 
202.870415    0.03984851 
203.200653    0.05786327 
203.526087    0.07213196 
203.849780    0.08236373 
204.175371    0.08834396 
204.506519    0.08992221 
204.846353    0.08701732 
205.196968    0.07960817 
205.558969    0.06769211 
205.931041    0.05122392 
206.309507    0.03012483 
206.688017    0.00469761 
207.058359    -0.02269163 
207.414671    -0.04433958 
207.758993    -0.04861856 
208.096868    -0.03288949 
208.429125    -0.00654925 
208.753456    0.02158335 
209.068350    0.04767622 
209.374415    0.07033776 
209.674322    0.08880737 
209.972337    0.10248194 
210.273610    0.11087728 
210.583332    0.11365397 
210.905830    0.11066786 
211.243757    0.10202951 
211.597517    0.08808668 
211.965001    0.06927125 
212.341501    0.04588348 
212.719623    0.01811933 
213.089644    -0.01282255 
213.442667    -0.04126338 
213.777963    -0.05457559 
214.102929    -0.04440602 
214.421593    -0.01828737 
214.732538    0.01243462 
215.033816    0.04215057 
215.325349    0.06886233 
215.609388    0.09148934 
215.890331    0.10910040 
216.174092    0.12087783 
216.467057    0.12617110 
216.774778    0.12459435 
217.100684    0.11621094 
217.445255    0.10165253 
217.805948    0.08193490 
218.177684    0.05801638 
218.553338    0.03048796 
218.924119    0.00006327 
219.281182    -0.03005665 
219.620956    -0.05055971 
219.949076    -0.05033063 
220.272173    -0.03061561 
220.590887    -0.00249712 
220.903286    0.02606600 
221.208502    0.05195664 
221.507738    0.07393623 
221.804202    0.09116914 
222.102546    0.10295330 
222.407949    0.10877779 
222.725003    0.10842503 
223.056677    0.10207650 
223.403699    0.09033873 
223.764506    0.07407223 
224.135583    0.05408735 
224.511860    0.03097758 
224.887091    0.00547657 
225.254902    -0.02009173 
225.611871    -0.03952480 
225.960656    -0.04423921 
226.306343    -0.03228887 
226.650361    -0.01100264 
226.991280    0.01180490 
227.327970    0.03226029 
227.660816    0.04903135 
227.991591    0.06169996 
228.322924    0.07012116 
228.657701    0.07427499 
228.998505    0.07425590 
229.347189    0.07027007 
229.704589    0.06260201 
230.070392    0.05155210 
230.443098    0.03740360 
230.820051    0.02051885 
231.197667    0.00173223 
231.572254    -0.01676620 
231.941809    -0.03054207 
232.307435    -0.03434320 
232.671565    -0.02678543 
233.034920    -0.01198751 
233.396495    0.00469720 
233.755242    0.01996459 
234.111004    0.03246777 
234.464552    0.04183200 
234.817269    0.04804166 
235.170804    0.05118999 
235.526763    0.05139146 
235.886476    0.04874715 
236.250809    0.04332908 
236.619991    0.03518916 
236.993476    0.02442267 
237.369856    0.01134356 
237.747006    -0.00313547 
238.122728    -0.01691549 
238.495926    -0.02647512 
238.867252    -0.02831103 
239.237937    -0.02179667 
239.608136    -0.00980089 
239.976948    0.00389723 
240.343426    0.01670964 
240.707241    0.02740348 
241.068789    0.03553675 
241.429020    0.04100813 
241.789196    0.04382911 
242.150652    0.04402798 
242.514594    0.04161277 
242.881897    0.03656222 
243.252904    0.02884914 
243.627243    0.01853232 
244.003701    0.00598388 
244.380402    -0.00766825 
244.755535    -0.01997881 
245.128495    -0.02727735 
245.500150    -0.02659721 
245.871410    -0.01824228 
246.241976    -0.00544544 
246.610745    0.00832032 
246.976798    0.02087703 
247.339928    0.03122405 
247.700674    0.03899303 
248.060138    0.04407211 
248.419728    0.04642608 
248.780920    0.04602271 
249.145010    0.04280467 
249.512875    0.03668735 
249.884719    0.02759741 
250.259825    0.01560555 
250.636451    0.00126023 
251.012193    -0.01376278 
251.385191    -0.02597483 
251.755506    -0.03080239 
252.124591    -0.02589277 
252.493027    -0.01344533 
252.859825    0.00212799 
253.223595    0.01741708 
253.583620    0.03070581 
253.940163    0.04132426 
254.294326    0.04904621 
254.647765    0.05378734 
255.002381    0.05548573 
255.360015    0.05405979 
255.722155    0.04939401 
256.089617    0.04134193 
256.462201    0.02977306 
256.838365    0.01475046 
257.215141    -0.00296098 
257.588904    -0.02082210 
257.957559    -0.03353284 
258.322262    -0.03510812 
258.685177    -0.02456913 
259.046249    -0.00689476 
259.403740    0.01235786 
259.756230    0.03007620 
260.103556    0.04502358 
260.446826    0.05676648 
260.788079    0.06512584 
261.129879    0.06998581 
261.474907    0.07124094 
261.825572    0.06878165 
262.183628    0.06248080 
262.549764    0.05217682 
262.923157    0.03768513 
263.301018    0.01895103 
263.678409    -0.00332119 
264.049403    -0.02597760 
264.410845    -0.04143348 
264.765199    -0.04115350 
265.115851    -0.02529229 
265.462349    -0.00191984 
265.802423    0.02218562 
266.134807    0.04401598 
266.460078    0.06249007 
266.780468    0.07711868 
267.099356    0.08757289 
267.420699    0.09360142 
267.748423    0.09502854 
268.085840    0.09176365 
268.435100    0.08379479 
268.796708    0.07114328 
269.169074    0.05378705 
269.548061    0.03164276 
269.926652    0.00497068 
270.295793    -0.02381828 
270.649078    -0.04647458 
270.988946    -0.05045654 
271.321507    -0.03335563 
271.647591    -0.00549347 
271.964809    0.02406645 
272.271684    0.05156805 
272.568958    0.07560739 
272.859589    0.09532137 
273.148303    0.10998753 
273.440846    0.11901357 
273.743024    0.12196490 
274.059633    0.11863494 
274.393482    0.10915287 
274.744749    0.09399812 
275.110804    0.07381088 
275.486289    0.04908269 
275.863189    0.02008538 
276.231213    -0.01206947 
276.580945    -0.04182166 
276.911541    -0.05623928 
277.231023    -0.04635593 
277.544050    -0.01975992 
277.849417    0.01179025 
278.145145    0.04249162 
278.431049    0.07026639 
278.709335    0.09393415 
278.984541    0.11244109 
279.262924    0.12484846 
279.551309    0.13039351 
279.855592    0.12860829 
280.179250    0.11956567 
280.522438    0.10405309 
280.882078    0.08334786 
281.252631    0.05865677 
281.626807    0.03072795 
281.996035    0.00033601 
282.352025    -0.02940270 
282.691697    -0.04961722 
283.020705    -0.04974564 
283.345650    -0.03086055 
283.667317    -0.00365163 
283.983859    0.02393879 
284.294405    0.04871854 
284.600072    0.06946452 
284.903840    0.08543030 
285.209949    0.09603635 
285.522992    0.10091277 
285.846898    0.09998980 
286.184074    0.09356424 
286.534954    0.08227108 
286.898023    0.06690047 
287.270122    0.04815895 
287.646786    0.02661125 
288.022632    0.00310860 
288.392440    -0.01990121 
288.753761    -0.03672093 
289.109016    -0.04029184 
289.462219    -0.02947192 
289.814378    -0.01061233 
290.164211    0.00949834 
290.510697    0.02734397 
290.854073    0.04171165 
291.195711    0.05231256 
291.537637    0.05915009 
291.882047    0.06232872 
292.230903    0.06201145 
292.585635    0.05840057 
292.946946    0.05170696 
293.314699    0.04212335 
293.687844    0.02985194 
294.064425    0.01525101 
294.441783    -0.00079173 
294.817262    -0.01619928 
295.189503    -0.02728391 
295.559272    -0.03011970 
295.928159    -0.02380777 
296.296565    -0.01144685 
296.663637    0.00277053 
297.028428    0.01601816 
297.390629    0.02700847 
297.750676    0.03532756 
298.109539    0.04092779 
298.468471    0.04388149 
298.828769    0.04427680 
299.191592    0.04217377 
299.557787    0.03759177 
299.927736    0.03052908 
300.301190    0.02103609 
300.677165    0.00938949 
301.054031    -0.00356628 
301.430019    -0.01593454 
301.804177    -0.02461417 
302.176933    -0.02650484 
302.549233    -0.02086148 
302.921181    -0.00997302 
303.291936    0.00283787 
303.660530    0.01510978 
304.026503    0.02556594 
304.390072    0.03368882 
304.752017    0.03931360 
305.113481    0.04240253 
305.475756    0.04294279 
305.840073    0.04090324 
306.207399    0.03622051 
306.578214    0.02881968 
306.952285    0.01870550 
307.328502    0.00619235 
307.704996    -0.00763471 
308.079869    -0.02029847 
308.452421    -0.02793880 
308.823538    -0.02730473 
309.194188    -0.01859049 
309.564023    -0.00516946 
309.931815    0.00930732 
310.296541    0.02256802 
310.657962    0.03357594 
311.016667    0.04194241 
311.373877    0.04753403 
311.731179    0.05028943 
312.090250    0.05014522 
312.452590    0.04700728 
312.819247    0.04074536 
313.190504    0.03122425 
313.565573    0.01842732 
313.942397    0.00280320 
314.317989    -0.01397058 
314.689869    -0.02799842 
315.057982    -0.03374415 
315.424187    -0.02816693 
315.789256    -0.01392006 
316.151993    0.00372840 
316.510785    0.02094035 
316.864904    0.03591651 
317.214813    0.04798717 
317.561974    0.05691318 
317.908491    0.06258010 
318.256743    0.06489321 
318.609024    0.06374533 
318.967189    0.05900319 
319.332275    0.05049798 
319.704097    0.03804079 
320.080800    0.02154423 
320.458604    0.00148464 
320.832444    -0.01984537 
321.198685    -0.03651901 
321.558308    -0.04041366 
321.914559    -0.02908532 
322.267868    -0.00857205 
322.616228    0.01406161 
322.957976    0.03507135 
323.293044    0.05304978 
323.622964    0.06746265 
323.950456    0.07802243 
324.278905    0.08452004 
324.611836    0.08679626 
324.952402    0.08474103 
325.302885    0.07828450 
325.664234    0.06736352 
326.035591    0.05187416 
326.413793    0.03168479 
326.792974    0.00699996 
327.165135    -0.02013032 
327.523936    -0.04261545 
327.870547    -0.04878909 
328.210495    -0.03463504 
328.545000    -0.00886607 
328.871758    0.01927619 
329.189032    0.04557494 
329.497185    0.06851160 
329.798691    0.08730457 
330.097673    0.10135416 
330.399209    0.11018273 
330.708511    0.11345208 
331.030041    0.11100353 
331.366694    0.10291074 
331.719198    0.08946969 
332.085777    0.07106409 
332.461989    0.04795994 
332.840567    0.02030318 
333.211656    -0.01087586 
333.565744    -0.04024404 
333.901259    -0.05510480 
334.225583    -0.04600746 
334.543230    -0.01993374 
334.852899    0.01131873 
335.152513    0.04177148 
335.441846    0.06929823 
335.723065    0.09275581 
336.000609    0.11115904 
336.280579    0.12364179 
336.569666    0.12950141 
336.873796    0.12828820 
337.196728    0.12000937 
337.539117    0.10529285 
337.898408    0.08522462 
338.269374    0.06086833 
338.644687    0.03288017 
339.015297    0.00191386 
339.371928    -0.02906688 
339.710402    -0.05089237 
340.036240    -0.05183460 
340.356617    -0.03240289 
340.672533    -0.00385610 
340.982059    0.02543904 
341.284213    0.05217993 
341.580114    0.07504216 
341.872993    0.09310992 
342.167680    0.10559855 
342.469641    0.11192110 
342.783771    0.11180179 
343.113240    0.10540543 
343.458805    0.09338892 
343.818765    0.07672401 
344.189409    0.05634339 
344.565510    0.03291625 
344.940732    0.00715663 
345.308611    -0.01877506 
345.665503    -0.03892952 
346.013865    -0.04465751 
346.358962    -0.03346402 
346.702520    -0.01242365 
347.043203    0.01044046 
347.379831    0.03104568 
347.712714    0.04797776 
348.043565    0.06080254 
348.374967    0.06937958 
348.709771    0.07369874 
349.050541    0.07386682 
349.399117    0.07010464 
349.756345    0.06271237 
350.121952    0.05200446 
350.494526    0.03827132 
350.871554    0.02186112 
351.249623    0.00352924 
351.625134    -0.01475889 
351.995921    -0.02893415 
352.362730    -0.03386646 
352.727888    -0.02765246 
353.092311    -0.01379893 
353.455133    0.00244542 
353.815267    0.01760400 
354.172426    0.03018504 
354.527230    0.03974912 
354.880940    0.04626086 
355.235118    0.04980943 
355.591341    0.05050675 
355.950968    0.04844616 
356.314955    0.04368374 
356.683690    0.03624463 
357.056830    0.02617731 
357.433190    0.01370341 
357.810803    -0.00044876 
358.187425    -0.01447948 
358.561628    -0.02511456 
358.933709    -0.02861472 
359.304897    -0.02357472 
359.675585    -0.01228824 
360.044977    0.00142649 
360.412032    0.01468273 
360.776262    0.02601215 
361.137932    0.03484944 
361.497928    0.04103767 
361.857520    0.04456274 
362.218122    0.04543770 
362.581065    0.04365637 
362.947392    0.03917739 
363.317642    0.03193750 
363.691622    0.02192497 
364.068234    0.00937805 
364.445534    -0.00479182 
364.821371    -0.01835095 
365.194663    -0.02750278 
365.566105    -0.02853634 
365.936865    -0.02094211 
366.306879    -0.00786787 
366.675009    0.00677593 
367.040178    0.02041286 
367.402061    0.03183827 
367.761179    0.04060197 
368.118710    0.04656058 
368.476217    0.04966467 
368.835371    0.04987320 
369.197683    0.04711989 
369.564239    0.04130329 
369.935413    0.03231020 
370.310571    0.02012082 
370.687876    0.00510741 
371.064526    -0.01129753 
371.437971    -0.02565808 
371.807771    -0.03274761 
372.175576    -0.02903495 
372.542419    -0.01628952 
372.907406    0.00050739 
373.268986    0.01729981 
373.626309    0.03205084 
373.979652    0.04397726 
374.330269    0.05281200 
374.680064    0.05845016 
375.031224    0.06081854 
375.385882    0.05983329 
375.745772    0.05538444 
376.111891    0.04733001 
376.484120    0.03551988 
376.860843    0.01992765 
377.238758    0.00109777 
377.613501    -0.01874089 
377.981990    -0.03420195 
378.345047    -0.03811146 
378.705473    -0.02815008 
379.063734    -0.00947823 
379.418071    0.01140850 
379.766909    0.03082390 
380.110060    0.04732222 
380.448779    0.06038761 
380.785384    0.06979037 
381.122775    0.07538256 
381.463968    0.07705012 
381.811640    0.07470333 
382.167696    0.06826368 
382.532856    0.05763701 
382.906210    0.04269838 
383.284785    0.02338985 
383.663320    0.00025403 
384.035258    -0.02392671 
384.396555    -0.04170941 
384.749451    -0.04353910 
385.098080    -0.02833125 
385.442539    -0.00440567 
385.780595    0.02068189 
386.110893    0.04352667 
386.433994    0.06290929 
386.752215    0.07827303 
387.069101    0.08924135 
387.388795    0.09553550 
387.715375    0.09697966 
388.052201    0.09351805 
388.401342    0.08521256 
388.763120    0.07218938 
389.135740    0.05454226 
389.514955    0.03229131 
389.893842    0.00575763 
390.263677    -0.02272050 
390.618334    -0.04528733 
390.960156    -0.04986218 
391.295226    -0.03374330 
391.624609    -0.00678421 
391.946080    0.02193395 
392.258211    0.04853845 
392.561727    0.07161738 
392.859463    0.09036439 
393.155886    0.10412320 
393.456349    0.11236746 
393.766152    0.11474162 
394.089565    0.11113032 
394.428975    0.10173164 
394.784367    0.08702480 
395.153192    0.06757362 
395.530427    0.04377955 
395.908610    0.01593903 
396.278375    -0.01454286 
396.631759    -0.04170102 
396.969002    -0.05328052 
397.297377    -0.04222640 
397.620382    -0.01646096 
397.936530    0.01320797 
398.244059    0.04151204 
398.543117    0.06657249 
398.836072    0.08740557 
399.127203    0.10319373 
399.422000    0.11324490 
399.726126    0.11706249 
400.044248    0.11444945 
400.378993    0.10563499 
400.730383    0.09128392 
401.095864    0.07226506 
401.470670    0.04930647 
401.848158    0.02289297 
402.220257    -0.00596102 
402.579549    -0.03318349 
402.924461    -0.04910833 
403.260878    -0.04493804 
403.593664    -0.02433039 
403.922469    0.00229845 
404.245490    0.02831178 
404.562324    0.05118963 
404.874508    0.06996875 
405.185201    0.08406913 
405.498517    0.09306060 
405.818706    0.09669244 
406.149290    0.09495589 
406.492379    0.08812037 
406.848292    0.07668548 
407.215510    0.06122540 
407.590827    0.04223282 
407.969537    0.02017447 
408.345868    -0.00386228 
408.714531    -0.02649681 
409.074033    -0.04062664 
409.427935    -0.03945357 
409.779811    -0.02445996 
410.129637    -0.00341023 
410.475886    0.01753264 
410.817899    0.03566343 
411.156462    0.05011292 
411.493498    0.06064102 
411.831538    0.06719916 
412.173191    0.06982590 
412.520703    0.06863002 
412.875606    0.06377671 
413.238479    0.05545492 
413.608799    0.04384524 
413.984850    0.02915138 
414.363736    0.01181075 
414.741748    -0.00690449 
415.115614    -0.02383885 
415.484528    -0.03368565 
415.850489    -0.03216628 
416.215338    -0.02051054 
416.578783    -0.00403813 
416.939558    0.01261808 
417.296948    0.02712341 
417.651263    0.03864731 
418.003676    0.04699291 
418.355866    0.05217218 
418.709668    0.05424917 
419.066778    0.05328706 
419.428504    0.04932800 
419.795551    0.04238732 
420.167814    0.03247912 
420.544204    0.01972396 
420.922605    0.00464110 
421.300257    -0.01124171 
421.674936    -0.02464233 
422.046442    -0.03096967 
422.416295    -0.02745067 
422.785424    -0.01591470 
423.153151    -0.00083895 
423.518265    0.01411922 
423.880121    0.02708429 
424.238987    0.03734290 
424.595894    0.04469226 
424.952351    0.04910268 
425.310041    0.05058211 
425.670550    0.04912754 
426.035119    0.04470804 
426.404396    0.03726900 
426.778187    0.02678416 
427.155254    0.01342528 
427.533315    -0.00202103 
427.909678    -0.01739441 
428.282743    -0.02859410 
428.653161    -0.03105681 
429.022508    -0.02360540 
429.390983    -0.00964013 
429.757402    0.00627196 
430.120575    0.02113661 
430.480163    0.03360356 
430.836794    0.04319507 
431.191822    0.04977086 
431.547007    0.05328909 
431.904203    0.05371854 
432.265058    0.05100860 
432.630730    0.04508026 
433.001591    0.03584144 
433.376935    0.02327209 
433.754770    0.00769290 
434.132022    -0.00957977 
434.505755    -0.02518711 
434.875248    -0.03364150 
435.242284    -0.03078223 
435.608246    -0.01807594 
435.972395    -0.00080031 
436.333163    0.01661189 
436.689663    0.03193877 
437.042180    0.04434194 
437.392015    0.05354564 
437.741128    0.05944975 
438.091764    0.06199258 
438.446083    0.06110929 
438.805828    0.05671739 
439.171975    0.04870881 
439.544387    0.03696651 
439.921455    0.02147907 
440.299919    0.00274829 
440.675429    -0.01716626 
441.044756    -0.03316754 
441.408476    -0.03812932 
441.769439    -0.02922542 
442.128397    -0.01118925 
442.483757    0.00941268 
442.833941    0.02869288 
443.178690    0.04510309 
443.519160    0.05810708 
443.857554    0.06748663 
444.196654    0.07311140 
444.539366    0.07488280 
444.888270    0.07272330 
445.245219    0.06656477 
445.610927    0.05632446 
445.984573    0.04189384 
446.363385    0.02323758 
446.742458    0.00089912 
447.115658    -0.02249151 
447.479078    -0.04000351 
447.834584    -0.04256944 
448.186097    -0.02866862 
448.533892    -0.00592996 
448.875881    0.01820573 
449.210689    0.04022730 
449.538743    0.05888047 
449.862138    0.07364396 
450.184136    0.08419358 
450.508571    0.09029185 
450.839239    0.09178438 
451.179303    0.08861185 
451.530767    0.08080368 
451.894030    0.06843010 
452.267504    0.05152672 
452.647261    0.03009016 
453.026812    0.00449331 
453.398024    -0.02282214 
453.755335    -0.04413767 
454.101026    -0.04807370 
454.440621    -0.03232865 
454.774931    -0.00630173 
455.101759    0.02131998 
455.419739    0.04676955 
455.729592    0.06869114 
456.034034    0.08636292 
456.337265    0.09922201 
456.644247    0.10682531 
456.959867    0.10888308 
457.288066    0.10531198 
457.631097    0.09627745 
457.989032    0.08214719 
458.359561    0.06332736 
458.737912    0.04008656 
459.116808    0.01271182 
459.487092    -0.01712919 
459.841376    -0.04288857 
460.180628    -0.05226401 
460.511828    -0.03954053 
460.837662    -0.01338410 
461.156372    0.01591533 
461.466312    0.04356379 
461.767843    0.06784833 
462.063506    0.08785033 
462.357646    0.10281185 
462.655676    0.11210355 
462.963079    0.11528727 
463.284302    0.11220958 
463.621803    0.10310596 
463.975517    0.08858633 
464.342848    0.06941184 
464.718933    0.04619386 
465.096889    0.01936794 
465.468324    -0.00985362 
465.825890    -0.03664162 
466.168946    -0.05042758 
466.503946    -0.04329967 
466.835085    -0.02074745 
467.161481    0.00668925 
467.481371    0.03302893 
467.794620    0.05608818 
468.103099    0.07495655 
468.410313    0.08901618 
468.720715    0.09779085 
469.038820    0.10099549 
469.368298    0.09860735 
469.711232    0.09091143 
470.067734    0.07844792 
470.435924    0.06183400 
470.812104    0.04158451 
471.190978    0.01818324 
471.566155    -0.00712775 
471.932079    -0.03035196 
472.287883    -0.04338731 
472.638006    -0.03957204 
472.985929    -0.02202455 
473.331183    0.00065702 
473.672190    0.02258151 
474.008540    0.04138335 
474.341394    0.05630281 
474.673084    0.06707770 
475.006533    0.07360510 
475.344674    0.07588355 
475.689935    0.07401365 
476.043850    0.06818770 
476.406806    0.05864692 
476.777899    0.04562991 
477.154880    0.02939210 
477.534224    0.01044664 
477.911629    -0.00969994 
478.283621    -0.02728334 
478.649912    -0.03622697 
479.013176    -0.03244306 
479.375251    -0.01847282 
479.735531    -0.00047844 
480.092702    0.01695967 
480.446269    0.03178492 
480.796877    0.04333712 
481.146022    0.05148402 
481.495645    0.05625590 
481.847746    0.05772611 
482.204068    0.05597389 
482.565835    0.05106810 
482.933537    0.04306058 
483.306736    0.03201459 
483.683931    0.01813089 
484.062595    0.00209405 
484.439754    -0.01422704 
484.813396    -0.02706367 
485.183864    -0.03169620 
485.552926    -0.02614093 
485.921273    -0.01324071 
486.288025    0.00227956 
486.652045    0.01705332 
487.012915    0.02950706 
487.371125    0.03909721 
487.727858    0.04570124 
488.084674    0.04933033 
488.443215    0.05001960 
488.804940    0.04778994 
489.170891    0.04263638 
489.541471    0.03454037 
489.916230    0.02353987 
490.293717    0.00993395 
490.671619    -0.00525684 
491.047542    -0.01956851 
491.420453    -0.02886498 
491.791328    -0.02930665 
492.161499    -0.02076770 
492.530855    -0.00691795 
492.898229    0.00812977 
493.262627    0.02184886 
493.623879    0.03313558 
493.982659    0.04161556 
494.340251    0.04719389 
494.698249    0.04985416 
495.058281    0.04958280 
495.421742    0.04634297 
495.789543    0.04007120 
496.161849    0.03070791 
496.537840    0.01831379 
496.915593    0.00338422 
497.292429    -0.01249096 
497.666159    -0.02582090 
498.036679    -0.03172997 
498.405603    -0.02738796 
498.773768    -0.01487740 
499.140288    0.00110571 
499.503777    0.01687092 
499.863522    0.03057704 
500.219823    0.04152404 
500.573843    0.04948853 
500.927296    0.05439703 
501.282122    0.05620093 
501.640183    0.05483473 
502.002956    0.05020245 
502.371226    0.04217945 
502.744757    0.03065515 
503.121983    0.01569977 
503.499927    -0.00195178 
503.874950    -0.01986422 
504.244858    -0.03289292 
504.610692    -0.03505692 
504.974659    -0.02512014 
505.336864    -0.00786740 
505.695685    0.01111137 
506.049745    0.02861301 
506.398882    0.04335439 
506.744177    0.05489530 
507.087617    0.06306683 
507.431689    0.06776682 
507.778982    0.06890204 
508.131802    0.06637265 
508.491801    0.06005986 
508.859577    0.04981314 
509.234255    0.03547193 
509.613067    0.01704113 
509.991265    -0.00464923 
510.363364    -0.02629519 
510.726740    -0.04046861 
511.083886    -0.03939296 
511.437805    -0.02372771 
511.787923    -0.00120926 
512.132104    0.02180022 
512.469226    0.04246143 
512.799920    0.05976086 
513.126347    0.07326730 
513.451699    0.08270848 
513.779644    0.08788023 
514.113767    0.08863980 
514.457030    0.08491009 
514.811269    0.07666502 
515.176740    0.06388352 
515.551668    0.04649634 
515.931808    0.02444915 
516.310254    -0.00168274 
516.678831    -0.02857027 
517.033234    -0.04701378 
517.377189    -0.04617500 
517.715503    -0.02693169 
518.047826    0.00034184 
518.371802    0.02806226 
518.686425    0.05323025 
518.992875    0.07469950 
519.294299    0.09176775 
519.595250    0.10386989 
519.900930    0.11056853 
520.216314    0.11158604 
520.545262    0.10685938 
520.889766    0.09657963 
521.249478    0.08112982 
521.621501    0.06090217 
522.000294    0.03612732 
522.377629    0.00715763 
522.743585    -0.02369931 
523.091448    -0.04812524 
523.424334    -0.05298520 
523.749526    -0.03564330 
524.068558    -0.00699478 
524.379321    0.02345968 
524.680460    0.05183748 
524.972814    0.07665702 
525.259513    0.09693544 
525.545585    0.11181038 
525.837113    0.12056693 
526.140071    0.12270582 
526.459034    0.11807179 
526.796103    0.10700738 
527.150433    0.09032799 
527.518431    0.06900615 
527.894227    0.04377860 
528.270034    0.01515728 
528.636875    -0.01530070 
528.987865    -0.04164560 
529.324220    -0.05233634 
529.653330    -0.04130192 
529.978657    -0.01639441 
530.298878    0.01200151 
530.612391    0.03873388 
530.919414    0.06195334 
531.222225    0.08076071 
531.524752    0.09447105 
531.831806    0.10255877 
532.148077    0.10473653 
532.477129    0.10104448 
532.820647    0.09189961 
533.178148    0.07800817 
533.547127    0.06012816 
533.923369    0.03886277 
534.301262    0.01478616 
534.674451    -0.01060825 
535.038018    -0.03281423 
535.392177    -0.04360472 
535.741692    -0.03758957 
536.089477    -0.01918046 
536.434754    0.00320025 
536.776060    0.02428769 
537.113191    0.04206223 
537.447425    0.05590516 
537.781075    0.06563073 
538.116914    0.07119914 
538.457622    0.07266785 
538.805331    0.07018761 
539.161290    0.06398317 
539.525671    0.05430672 
539.897463    0.04140055 
540.274451    0.02554985 
540.653332    0.00736511 
541.030291    -0.01148555 
541.402537    -0.02723085 
541.770190    -0.03440949 
542.135618    -0.02995596 
542.500189    -0.01662594 
542.863216    0.00005184 
543.223506    0.01605084 
543.580615    0.02954515 
543.935093    0.03995235 
544.288229    0.04717970 
544.641685    0.05128881 
544.997177    0.05237531 
545.356205    0.05052584 
545.719834    0.04580096 
546.088506    0.03823803 
546.461868    0.02789765 
546.838654    0.01500724 
547.216744    0.00029983 
547.593702    -0.01438392 
547.967967    -0.02561782 
548.339875    -0.02940605 
548.710811    -0.02421888 
549.081256    -0.01251724 
549.450398    0.00163433 
549.817185    0.01522195 
550.181154    0.02675297 
550.542629    0.03567357 
550.902566    0.04184194 
551.262287    0.04525623 
551.623229    0.04594110 
551.986708    0.04390458 
552.353712    0.03912512 
552.724681    0.03156764 
553.099305    0.02126107 
553.476376    0.00850517 
553.853906    -0.00569581 
554.229824    -0.01900097 
554.603232    -0.02760176 
554.974955    -0.02801533 
555.346122    -0.02006708 
555.716607    -0.00701669 
556.085295    0.00734082 
556.451188    0.02057102 
556.814028    0.03155507 
557.174360    0.03988501 
557.533335    0.04543886 
557.892444    0.04817940 
558.253252    0.04807361 
558.617144    0.04506289 
558.985070    0.03905850 
559.357281    0.02997378 
559.733061    0.01784335 
560.110592    0.00313953 
560.487267    -0.01256808 
560.860914    -0.02580419 
561.231392    -0.03168742 
561.600269    -0.02734144 
561.968349    -0.01479114 
562.334706    0.00129242 
562.697905    0.01721428 
563.057190    0.03111890 
563.412842    0.04228956 
563.766036    0.05048487 
564.118535    0.05561214 
564.472357    0.05760242 
564.829465    0.05636857 
565.191440    0.05179124 
565.559159    0.04371905 
565.932429    0.03200743 
566.309634    0.01668091 
566.687607    -0.00157263 
567.062377    -0.02028735 
567.431471    -0.03402788 
567.795986    -0.03629827 
568.158337    -0.02572980 
568.518620    -0.00750852 
568.875077    0.01243874 
569.226264    0.03081696 
569.572072    0.04633410 
569.913730    0.05853456 
570.253442    0.06722138 
570.593948    0.07226417 
570.938091    0.07355000 
571.288395    0.07097132 
571.646653    0.06441230 
572.013506    0.05372859 
572.387985    0.03875205 
572.767045    0.01943859 
573.145408    -0.00348392 
573.516820    -0.02672779 
573.878086    -0.04234371 
574.231969    -0.04154658 
574.581996    -0.02488333 
574.927653    -0.00087621 
575.266680    0.02363412 
575.597948    0.04569835 
575.922234    0.06425365 
576.241988    0.07879723 
576.560796    0.08898386 
576.882759    0.09455729 
577.211849    0.09535358 
577.551288    0.09131302 
577.902988    0.08247021 
578.267077    0.06889802 
578.641491    0.05062192 
579.021572    0.02762613 
579.399884    0.00039465 
579.767534    -0.02795970 
580.119507    -0.04814648 
580.459651    -0.04838921 
580.793532    -0.02897029 
581.121163    -0.00078804 
581.440195    0.02806374 
581.749576    0.05440692 
582.050505    0.07700372 
582.346279    0.09505363 
582.641750    0.10789555 
582.942497    0.11501349 
583.253844    0.11607932 
583.579839    0.11103089 
583.922414    0.10014051 
584.280941    0.08395001 
584.652157    0.06303760 
585.030248    0.03778070 
585.406928    0.00857831 
585.772412    -0.02240778 
586.120016    -0.04729073 
586.452688    -0.05317725 
586.777912    -0.03684164 
587.097616    -0.00877948 
587.409844    0.02130656 
587.713221    0.04933598 
588.008497    0.07377975 
588.298670    0.09366890 
588.588575    0.10816409 
588.884039    0.11658124 
589.190724    0.11847396 
589.512878    0.11376098 
589.852350    0.10285160 
590.208219    0.08658483 
590.577032    0.06590958 
590.953267    0.04153704 
591.329698    0.01401336 
591.698148    -0.01503207 
592.052548    -0.03986988 
592.394159    -0.04987959 
592.729645    -0.03958313 
593.062109    -0.01620314 
593.390278    0.01044786 
593.712639    0.03532022 
594.029403    0.05661386 
594.342644    0.07357326 
594.655823    0.08570633 
594.973057    0.09267470 
595.298284    0.09434004 
595.634476    0.09081607 
595.983082    0.08247429 
596.343793    0.06985251 
596.714581    0.05349090 
597.091864    0.03383966 
597.470723    0.01147720 
597.845585    -0.01194625 
598.212317    -0.03191572 
598.571321    -0.04094586 
598.926601    -0.03469850 
599.280373    -0.01743836 
599.631763    0.00329063 
599.979405    0.02272870 
600.323096    0.03901531 
600.663957    0.05160561 
601.004021    0.06038109 
601.345729    0.06535485 
601.691456    0.06660299 
602.043136    0.06424846 
602.401975    0.05844190 
602.768237    0.04933355 
603.141113    0.03707060 
603.518626    0.02188975 
603.897728    0.00444291 
604.274900    -0.01344977 
604.647707    -0.02787415 
605.016481    -0.03358563 
605.383380    -0.02813418 
605.749398    -0.01457104 
606.113691    0.00184708 
606.475088    0.01744025 
606.833210    0.03055392 
607.188645    0.04065100 
607.542708    0.04763225 
607.897082    0.05153372 
608.253510    0.05241644 
608.613519    0.05032803 
608.978188    0.04528928 
609.347937    0.03730133 
609.722323    0.02640250 
610.099901    0.01284245 
610.478316    -0.00250690 
610.854986    -0.01744543 
611.228524    -0.02802153 
611.599660    -0.03008528 
611.969874    -0.02280131 
612.339357    -0.00949108 
612.707061    0.00555230 
613.071952    0.01951529 
613.433762    0.03112231 
613.793076    0.03993124 
614.151111    0.04583301 
614.509417    0.04882053 
614.869595    0.04889989 
615.233043    0.04605840 
615.600707    0.04025629 
615.972844    0.03145038 
616.348788    0.01969534 
616.726829    0.00541717 
617.104472    -0.01001045 
617.479494    -0.02350745 
617.851467    -0.03051880 
618.221777    -0.02787257 
618.591443    -0.01686254 
618.959859    -0.00181349 
619.325732    0.01346250 
619.688267    0.02691186 
620.047605    0.03770922 
620.404718    0.04558620 
620.761135    0.05046723 
621.118622    0.05232063 
621.478887    0.05110556 
621.843296    0.04675481 
622.212593    0.03917830 
622.586605    0.02831194 
622.963984    0.01428766 
623.342183    -0.00211602 
623.718134    -0.01859079 
624.090019    -0.03055299 
624.458689    -0.03281834 
624.826002    -0.02419466 
625.192120    -0.00870308 
625.555659    0.00861711 
625.915343    0.02466566 
626.270917    0.03812034 
626.623219    0.04852232 
626.973897    0.05571938 
627.325041    0.05964018 
627.678826    0.06021942 
628.037173    0.05737511 
628.401406    0.05099929 
628.771910    0.04096391 
629.147764    0.02718827 
629.526451    0.00990221 
629.904029    -0.00960460 
630.276598    -0.02757545 
630.643138    -0.03732864 
631.006049    -0.03364586 
631.367132    -0.01857795 
631.725447    0.00133627 
632.079185    0.02109895 
632.427515    0.03843830 
632.771046    0.05254375 
633.111580    0.06312090 
633.451678    0.07002198 
633.794193    0.07314074 
634.141834    0.07238962 
634.496742    0.06769020 
634.860090    0.05895418 
635.231665    0.04606673 
635.609449    0.02893893 
635.989296    0.00784187 
636.365344    -0.01546646 
636.732586    -0.03554681 
637.091070    -0.04328720 
637.444797    -0.03397054 
637.795277    -0.01317472 
638.140760    0.01084759 
638.479456    0.03347468 
638.811221    0.05297062 
639.137674    0.06868227 
639.461752    0.08025693 
639.787126    0.08744646 
640.117596    0.09008294 
640.456492    0.08808687 
640.806134    0.08146569 
641.167358    0.07027663 
641.539123    0.05455823 
641.918132    0.03430401 
642.298560    0.00974902 
642.672583    -0.01729821 
643.033752    -0.04044674 
643.382688    -0.04846923 
643.724982    -0.03632907 
644.062503    -0.01181876 
644.393303    0.01556661 
644.715698    0.04121155 
645.029986    0.06346594 
645.338499    0.08155925 
645.645124    0.09493338 
645.954610    0.10315290 
646.271752    0.10593001 
646.600546    0.10316965 
646.943445    0.09500688 
647.300849    0.08176935 
647.670850    0.06383406 
648.049124    0.04146552 
648.428872    0.01493564 
648.801323    -0.01429004 
649.158935    -0.04032940 
649.501781    -0.05140606 
649.836495    -0.04072559 
650.166205    -0.01579363 
650.489352    0.01290137 
650.804194    0.04012912 
651.110915    0.06402636 
651.411842    0.08368782 
651.711056    0.09841038 
652.013669    0.10762071 
652.324892    0.11092984 
652.649003    0.10821284 
652.988465    0.09968820 
653.343408    0.08589300 
653.711558    0.06748695 
654.088400    0.04500092 
654.467364    0.01884679 
654.840329    -0.00974057 
655.200131    -0.03596406 
655.546056    -0.04947242 
655.884229    -0.04251821 
656.218633    -0.02040683 
656.548346    0.00651992 
656.871619    0.03232561 
657.188327    0.05483976 
657.500308    0.07319094 
657.810970    0.08681689 
658.124607    0.09529405 
658.445563    0.09837376 
658.777387    0.09604232 
659.122145    0.08855544 
659.480033    0.07638484 
659.849307    0.06006100 
660.226385    0.04002644 
660.606007    0.01674188 
660.981758    -0.00847230 
661.348121    -0.03137984 
661.704439    -0.04364019 
662.055216    -0.03885734 
662.403677    -0.02067914 
662.749153    0.00223935 
663.090063    0.02421709 
663.426092    0.04302285 
663.758509    0.05793492 
664.089759    0.06868723 
664.422869    0.07516029 
664.760868    0.07733252 
665.106260    0.07528384 
665.460617    0.06918720 
665.824303    0.05926635 
666.196317    0.04574413 
666.574209    0.02886528 
666.954152    0.00916616 
667.331514    -0.01168954 
667.702712    -0.02949624 
668.067795    -0.03765069 
668.429792    -0.03227162 
668.790427    -0.01677986 
669.148854    0.00222457 
669.503738    0.02026520 
669.854744    0.03545901 
670.202748    0.04722383 
670.549502    0.05543667 
670.897178    0.06011120 
671.247962    0.06130167 
671.603704    0.05907566 
671.965634    0.05349998 
672.334125    0.04463119 
672.708486    0.03254237 
673.086825    0.01746377 
673.466141    0.00019354 
673.843068    -0.01705582 
674.215631    -0.02987176 
674.584669    -0.03311630 
674.952246    -0.02542118 
675.318844    -0.01069322 
675.683358    0.00594232 
676.044695    0.02127096 
676.402677    0.03393422 
676.758103    0.04350625 
677.112449    0.04990628 
677.467518    0.05315276 
677.825106    0.05327823 
678.186725    0.05030168 
678.553347    0.04422008 
678.925164    0.03502364 
679.301369    0.02277943 
679.680043    0.00788126 
680.058408    -0.00838129 
680.433900    -0.02298220 
680.805856    -0.03117333 
681.175748    -0.02931693 
681.544865    -0.01846012 
681.912750    -0.00313818 
682.278126    0.01253088 
682.640190    0.02633172 
682.999098    0.03739434 
683.355853    0.04545483 
683.712011    0.05045750 
684.069347    0.05239564 
684.429561    0.05125672 
684.793994    0.04700520 
685.163368    0.03958475 
685.537514    0.02896195 
685.915147    0.01528130 
686.293843    -0.00072550 
686.670655    -0.01693523 
687.043719    -0.02910611 
687.413668    -0.03224301 
687.782300    -0.02480956 
688.149970    -0.01033258 
688.515469    0.00628050 
688.877553    0.02182765 
689.235888    0.03488998 
689.591166    0.04497418 
689.944853    0.05193400 
690.298846    0.05572015 
690.655130    0.05629244 
691.015460    0.05359218 
691.381057    0.04753423 
691.752291    0.03801937 
692.128364    0.02501189 
692.507080    0.00880340 
692.885045    -0.00930340 
693.258965    -0.02582481 
693.627990    -0.03486715 
693.994112    -0.03186677 
694.358898    -0.01843597 
694.721581    -0.00029560 
695.080534    0.01788244 
695.434909    0.03383457 
695.785112    0.04673063 
696.132622    0.05629685 
696.479598    0.06242629 
696.828472    0.06504942 
697.181560    0.06409819 
697.540701    0.05949300 
697.906889    0.05113169 
698.279900    0.03889840 
698.657924    0.02276893 
699.037354    0.00322398 
699.413391    -0.01762994 
699.782468    -0.03438720 
700.145263    -0.03937743 
700.504925    -0.02970059 
700.862232    -0.01064227 
701.215503    0.01084358 
701.563184    0.03081539 
701.905166    0.04775175 
702.242832    0.06111938 
702.578637    0.07068424 
702.915610    0.07630100 
703.256844    0.07786789 
703.605027    0.07532005 
703.961997    0.06861706 
704.328336    0.05771291 
704.702957    0.04253531 
705.082726    0.02308071 
705.462306    -0.00004647 
705.835234    -0.02399790 
706.197693    -0.04136381 
706.552023    -0.04288472 
706.902267    -0.02775733 
707.248520    -0.00422928 
707.588681    0.02030284 
707.921546    0.04250546 
708.247784    0.06119266 
708.569736    0.07584092 
708.890884    0.08610809 
709.215215    0.09174739 
709.546572    0.09261269 
709.888029    0.08867414 
710.241350    0.08000902 
710.606568    0.06674331 
710.981646    0.04896696 
711.362183    0.02674782 
711.741340    0.00065587 
712.111123    -0.02630154 
712.467074    -0.04561307 
712.812580    -0.04651778 
713.152771    -0.02885229 
713.487813    -0.00255083 
713.815538    0.02447640 
714.134921    0.04898004 
714.447021    0.06977258 
714.754780    0.08619239 
715.062449    0.09772430 
715.374847    0.10397930 
715.696520    0.10473443 
716.030912    0.09998396 
716.379707    0.08995803 
716.742432    0.07504223 
717.116305    0.05560827 
717.496179    0.03190546 
717.874596    0.00444271 
718.242945    -0.02418619 
718.596010    -0.04588944 
718.937066    -0.04915511 
719.272257    -0.03246067 
719.602560    -0.00584980 
719.925958    0.02200426 
720.241325    0.04746408 
720.549604    0.06920993 
720.853705    0.08649841 
721.157961    0.09873448 
721.467344    0.10546345 
721.786537    0.10643143 
722.119016    0.10165808 
722.466349    0.09147133 
722.827865    0.07641482 
723.200655    0.05703788 
723.579691    0.03374186 
723.958015    0.00708077 
724.327751    -0.02068367 
724.683875    -0.04257025 
725.028912    -0.04796690 
725.368843    -0.03410819 
725.705247    -0.00968691 
726.036401    0.01648376 
726.361090    0.04035643 
726.679972    0.06051487 
726.995480    0.07632051 
727.311279    0.08733849 
727.631530    0.09327113 
727.960105    0.09399778 
728.299855    0.08961595 
728.652082    0.08043693 
729.016283    0.06689322 
729.390104    0.04939961 
729.769404    0.02831975 
730.148471    0.00435834 
730.521081    -0.02005304 
730.883640    -0.03861401 
731.238357    -0.04279577 
731.589769    -0.03073253 
731.938969    -0.00961847 
732.284449    0.01294314 
732.625117    0.03318829 
732.961436    0.04981082 
733.295274    0.06238729 
733.629365    0.07075509 
733.966721    0.07486140 
734.310082    0.07474525 
734.661460    0.07053471 
735.021802    0.06242178 
735.390775    0.05061521 
735.766633    0.03532886 
736.146195    0.01693056 
736.525142    -0.00349360 
736.899275    -0.02291294 
737.267045    -0.03547047 
737.630672    -0.03548542 
737.992778    -0.02347093 
738.353385    -0.00547344 
738.711128    0.01296112 
739.065204    0.02906618 
739.416010    0.04187591 
739.764947    0.05115054 
740.113987    0.05688401 
740.465250    0.05913911 
740.820635    0.05799914 
741.181529    0.05354992 
741.548565    0.04586848 
741.921424    0.03503639 
742.298688    0.02123836 
742.677844    0.00506503 
743.055780    -0.01182042 
743.430137    -0.02585229 
743.800928    -0.03210991 
744.170003    -0.02787704 
744.538391    -0.01549619 
744.905385    0.00014711 
745.269810    0.01532189 
745.631153    0.02822719 
745.989829    0.03823114 
746.346983    0.04519051 
746.704168    0.04912050 
747.063029    0.05006801 
747.425041    0.04806848 
747.791264    0.04313325 
748.162127    0.03525974 
748.537224    0.02449435 
748.915171    0.01111968 
749.293721    -0.00391705 
749.670478    -0.01830962 
750.044282    -0.02808802 
750.415966    -0.02934197 
750.786896    -0.02158898 
751.157107    -0.00823647 
751.525504    0.00658887 
751.891074    0.02024544 
752.253579    0.03154844 
752.613616    0.04009021 
752.972395    0.04576846 
753.331457    0.04856781 
753.692394    0.04847580 
754.056591    0.04545484 
754.424977    0.03944002 
754.797767    0.03037115 
755.174221    0.01830724 
755.552522    0.00372920 
755.930105    -0.01183115 
756.304819    -0.02501917 
756.676475    -0.03110937 
757.046582    -0.02723087 
757.415986    -0.01523207 
757.783871    0.00034961 
758.148881    0.01582875 
758.510283    0.02931919 
758.868326    0.04008914 
759.224112    0.04790289 
759.579291    0.05268524 
759.935745    0.05438914 
760.295281    0.05295037 
760.659333    0.04827353 
761.028652    0.04023709 
761.402981    0.02874523 
761.780753    0.01391318 
762.159067    -0.00342248 
762.534498    -0.02067779 
762.905182    -0.03269270 
763.272300    -0.03389031 
763.637859    -0.02357112 
764.001782    -0.00655899 
764.362475    0.01184415 
764.718673    0.02864517 
765.070302    0.04264443 
765.418470    0.05343218 
765.765119    0.06085774 
766.112634    0.06483527 
766.463445    0.06528575 
766.819661    0.06211923 
767.182694    0.05522244 
767.552883    0.04445458 
767.929085    0.02969984 
768.308328    0.01112620 
