0.000000    0.00000000 
0.099687    0.00206667 
0.199351    0.00411207 
0.298976    0.00611716 
0.398549    0.00806515 
0.498057    0.00994132 
0.597487    0.01173292 
0.696829    0.01342903 
0.796074    0.01502032 
0.895214    0.01649893 
0.994243    0.01785824 
1.093156    0.01909275 
1.191951    0.02019791 
1.290624    0.02117000 
1.389175    0.02200598 
1.487605    0.02270344 
1.585914    0.02326049 
1.684105    0.02367568 
1.782179    0.02394801 
1.880141    0.02407681 
1.977994    0.02406178 
2.075742    0.02390298 
2.173388    0.02360078 
2.270937    0.02315595 
2.368391    0.02256962 
2.465754    0.02184336 
2.563030    0.02097920 
2.660218    0.01997972 
2.757322    0.01884812 
2.854341    0.01758829 
2.951274    0.01620494 
3.048120    0.01470368 
3.144875    0.01309120 
3.241537    0.01137536 
3.338101    0.00956540 
3.434559    0.00767204 
3.530906    0.00570767 
3.627134    0.00368650 
3.723235    0.00162467 
3.819200    -0.00045963 
3.915022    -0.00254616 
4.010692    -0.00461262 
4.106204    -0.00663482 
4.201550    -0.00858692 
4.296727    -0.01044179 
4.391731    -0.01217160 
4.486561    -0.01374846 
4.581219    -0.01514528 
4.675709    -0.01633665 
4.770035    -0.01729989 
4.864205    -0.01801591 
4.958228    -0.01847018 
5.052114    -0.01865332 
5.145874    -0.01856164 
5.239518    -0.01819725 
5.333055    -0.01756792 
5.426495    -0.01668668 
5.519844    -0.01557114 
5.613108    -0.01424262 
5.706291    -0.01272524 
5.799393    -0.01104493 
5.892415    -0.00922852 
5.985354    -0.00730294 
6.078208    -0.00529447 
6.170973    -0.00322827 
6.263642    -0.00112793 
6.356212    0.00098473 
6.448677    0.00308988 
6.541033    0.00516965 
6.633274    0.00720813 
6.725398    0.00919129 
6.817403    0.01110685 
6.909286    0.01294412 
7.001048    0.01469387 
7.092690    0.01634816 
7.184213    0.01790018 
7.275623    0.01934412 
7.366923    0.02067503 
7.458119    0.02188870 
7.549218    0.02298155 
7.640230    0.02395054 
7.731161    0.02479308 
7.822022    0.02550698 
7.912824    0.02609037 
8.003577    0.02654167 
8.094292    0.02685954 
8.184981    0.02704288 
8.275656    0.02709077 
8.366328    0.02700250 
8.457009    0.02677754 
8.547709    0.02641558 
8.638440    0.02591654 
8.729212    0.02528058 
8.820033    0.02450815 
8.910913    0.02360006 
9.001857    0.02255752 
9.092874    0.02138221 
9.183967    0.02007640 
9.275140    0.01864304 
9.366395    0.01708589 
9.457731    0.01540963 
9.549149    0.01362008 
9.640645    0.01172433 
9.732214    0.00973094 
9.823851    0.00765018 
9.915547    0.00549419 
10.007295    0.00327722 
10.099084    0.00101583 
10.190904    -0.00127095 
10.282744    -0.00356155 
10.374594    -0.00583177 
10.466443    -0.00805492 
10.558282    -0.01020202 
10.650103    -0.01224224 
10.741901    -0.01414344 
10.833672    -0.01587303 
10.925415    -0.01739896 
11.017132    -0.01869087 
11.108826    -0.01972138 
11.200504    -0.02046731 
11.292174    -0.02091089 
11.383846    -0.02104067 
11.475528    -0.02085215 
11.567231    -0.02034806 
11.658962    -0.01953813 
11.750728    -0.01843856 
11.842533    -0.01707113 
11.934380    -0.01546203 
12.026268    -0.01364066 
12.118193    -0.01163838 
12.210149    -0.00948731 
12.302130    -0.00721934 
12.394125    -0.00486528 
12.486124    -0.00245428 
12.578116    -0.00001337 
12.670089    0.00243279 
12.762033    0.00486199 
12.853937    0.00725447 
12.945791    0.00959283 
13.037587    0.01186190 
13.129319    0.01404851 
13.220980    0.01614131 
13.312568    0.01813058 
13.404081    0.02000799 
13.495518    0.02176647 
13.586881    0.02339996 
13.678175    0.02490332 
13.769403    0.02627216 
13.860572    0.02750272 
13.951690    0.02859175 
14.042767    0.02953647 
14.133811    0.03033444 
14.224836    0.03098351 
14.315851    0.03148181 
14.406870    0.03182766 
14.497906    0.03201957 
14.588971    0.03205622 
14.680078    0.03193645 
14.771241    0.03165925 
14.862471    0.03122379 
14.953780    0.03062944 
15.045180    0.02987582 
15.136681    0.02896280 
15.228290    0.02789060 
15.320015    0.02665989 
15.411863    0.02527182 
15.503837    0.02372820 
15.595938    0.02203162 
15.688167    0.02018558 
15.780522    0.01819476 
15.872997    0.01606519 
15.965586    0.01380451 
16.058279    0.01142231 
16.151065    0.00893039 
16.243930    0.00634315 
16.336858    0.00367791 
16.429832    0.00095527 
16.522835    -0.00180055 
16.615848    -0.00456152 
16.708853    -0.00729568 
16.801833    -0.00996716 
16.894772    -0.01253655 
16.987658    -0.01496148 
17.080482    -0.01719762 
17.173237    -0.01920003 
17.265922    -0.02092488 
17.358539    -0.02233140 
17.451096    -0.02338408 
17.543601    -0.02405465 
17.636067    -0.02432390 
17.728507    -0.02418289 
17.820934    -0.02363354 
17.913359    -0.02268844 
18.005793    -0.02136995 
18.098241    -0.01970867 
18.190705    -0.01774152 
18.283185    -0.01550969 
18.375674    -0.01305654 
18.468164    -0.01042580 
18.560644    -0.00766004 
18.653099    -0.00479954 
18.745515    -0.00188148 
18.837876    0.00106048 
18.930167    0.00399640 
19.022372    0.00690005 
19.114478    0.00974867 
19.206474    0.01252276 
19.298348    0.01520577 
19.390094    0.01778368 
19.481706    0.02024477 
19.573181    0.02257919 
19.664520    0.02477876 
19.755723    0.02683665 
19.846797    0.02874714 
19.937748    0.03050548 
20.028584    0.03210763 
20.119317    0.03355019 
20.209959    0.03483023 
20.300525    0.03594520 
20.391030    0.03689284 
20.481492    0.03767112 
20.571927    0.03827820 
20.662355    0.03871234 
20.752794    0.03897192 
20.843263    0.03905539 
20.933781    0.03896128 
21.024367    0.03868819 
21.115039    0.03823479 
21.205814    0.03759986 
21.296707    0.03678232 
21.387735    0.03578126 
21.478908    0.03459602 
21.570240    0.03322625 
21.661738    0.03167204 
21.753409    0.02993401 
21.845256    0.02801348 
21.937280    0.02591265 
22.029479    0.02363482 
22.121846    0.02118469 
22.214373    0.01856865 
22.307045    0.01579517 
22.399848    0.01287523 
22.492762    0.00982284 
22.585763    0.00665558 
22.678827    0.00339516 
22.771926    0.00006806 
22.865031    -0.00329394 
22.958115    -0.00665331 
23.051148    -0.00996647 
23.144105    -0.01318391 
23.236964    -0.01625067 
23.329706    -0.01910739 
23.422320    -0.02169211 
23.514799    -0.02394268 
23.607144    -0.02579985 
23.699365    -0.02721079 
23.791473    -0.02813262 
23.883487    -0.02853553 
23.975425    -0.02840519 
24.067309    -0.02774375 
24.159156    -0.02656958 
24.250981    -0.02491564 
24.342792    -0.02282674 
24.434593    -0.02035624 
24.526382    -0.01756248 
24.618150    -0.01450555 
24.709885    -0.01124450 
24.801569    -0.00783524 
24.893184    -0.00432910 
24.984707    -0.00077207 
25.076119    0.00279549 
25.167399    0.00633882 
25.258527    0.00982835 
25.349487    0.01323927 
25.440265    0.01655095 
25.530850    0.01974637 
25.621235    0.02281158 
25.711414    0.02573519 
25.801388    0.02850793 
25.891160    0.03112224 
25.980735    0.03357195 
26.070122    0.03585201 
26.159335    0.03795823 
26.248387    0.03988709 
26.337297    0.04163560 
26.426084    0.04320113 
26.514770    0.04458134 
26.603379    0.04577409 
26.691934    0.04677736 
26.780463    0.04758918 
26.868992    0.04820763 
26.957548    0.04863079 
27.046158    0.04885671 
27.134851    0.04888340 
27.223652    0.04870886 
27.312589    0.04833103 
27.401686    0.04774784 
27.490966    0.04695722 
27.580452    0.04595716 
27.670164    0.04474570 
27.760117    0.04332104 
27.850328    0.04168161 
27.940806    0.03982616 
28.031559    0.03775389 
28.122590    0.03546462 
28.213899    0.03295899 
28.305480    0.03023874 
28.397322    0.02730700 
28.489409    0.02416870 
28.581721    0.02083105 
28.674231    0.01730416 
28.766908    0.01360171 
28.859714    0.00974180 
28.952611    0.00574787 
29.045552    0.00164977 
29.138492    -0.00251518 
29.231382    -0.00670118 
29.324177    -0.01085309 
29.416832    -0.01490606 
29.509308    -0.01878573 
29.601575    -0.02240950 
29.693599    -0.02588262 
29.785346    -0.02894611 
29.876815    -0.03148501 
29.968017    -0.03341071 
30.058975    -0.03465027 
30.149719    -0.03515339 
30.240287    -0.03489736 
30.330712    -0.03388923 
30.421028    -0.03216459 
30.511259    -0.02978336 
30.601419    -0.02682356 
30.691511    -0.02337413 
30.781531    -0.01952809 
30.871462    -0.01537680 
30.961282    -0.01100572 
31.050964    -0.00649178 
31.140478    -0.00190212 
31.229795    0.00270617 
31.318885    0.00728557 
31.407721    0.01179719 
31.496281    0.01620970 
31.584546    0.02049820 
31.672503    0.02464306 
31.760142    0.02862897 
31.847461    0.03244403 
31.934462    0.03607900 
32.021150    0.03952669 
32.107539    0.04278141 
32.193644    0.04583859 
32.279485    0.04869441 
32.365086    0.05134560 
32.450475    0.05378924 
32.535683    0.05602256 
32.620743    0.05804295 
32.705692    0.05984780 
32.790566    0.06143452 
32.875406    0.06280048 
32.960252    0.06394300 
33.045148    0.06485934 
33.130134    0.06554671 
33.215253    0.06600225 
33.300547    0.06622303 
33.386057    0.06620605 
33.471824    0.06594827 
33.557886    0.06544657 
33.644279    0.06469778 
33.731036    0.06369871 
33.818188    0.06244617 
33.905703    0.06170407 
33.993670    0.05994654 
34.082108    0.05792895 
34.171032    0.05564164 
34.260448    0.05307650 
34.350359    0.05022872 
34.440759    0.04709745 
34.531633    0.04368522 
34.622961    0.03999670 
34.714711    0.03603748 
34.806844    0.03181361 
34.899314    0.02733202 
34.992063    0.02260186 
35.085026    0.01763639 
35.178129    0.01245523 
35.271292    0.00708659 
35.364427    0.00156952 
35.457444    -0.00404384 
35.550251    -0.00968611 
35.642760    -0.01527260 
35.734891    -0.02070004 
35.826574    -0.02584663 
35.917758    -0.03057441 
36.008413    -0.03473489 
36.098531    -0.03817835 
36.188131    -0.04076644 
36.277249    -0.04238660 
36.365942    -0.04296541 
36.454269    -0.04247786 
36.542292    -0.04095003 
36.630065    -0.03845453 
36.717625    -0.03510002 
36.805151    -0.03064507 
36.892499    -0.02602771 
36.979657    -0.02096681 
37.066602    -0.01558600 
37.153302    -0.00999396 
37.239719    -0.00428277 
37.325815    0.00147177 
37.411552    0.00720860 
37.496897    0.01287937 
37.581820    0.01844618 
37.666299    0.02387956 
37.750317    0.02915659 
37.833865    0.03425945 
37.916940    0.03917414 
37.999548    0.04388955 
38.081700    0.04839669 
38.163161    0.05338959 
38.244200    0.05753722 
38.324844    0.06145926 
38.405130    0.06514614 
38.485021    0.06886486 
38.564652    0.07207179 
38.644080    0.07501371 
38.723360    0.07769291 
38.802605    0.07981771 
38.881806    0.08197595 
38.961021    0.08387292 
39.040309    0.08550564 
39.119730    0.08687019 
39.199348    0.08796195 
39.279224    0.08877604 
39.359422    0.08930760 
39.439954    0.08990468 
39.520932    0.08986211 
39.602412    0.08951861 
39.684446    0.08887132 
39.767083    0.08791965 
39.850369    0.08666169 
39.934344    0.08509304 
40.019043    0.08320829 
40.104492    0.08100296 
40.190712    0.07847412 
40.277716    0.07561954 
40.365507    0.07243679 
40.454077    0.06862052 
40.543408    0.06478622 
40.633474    0.06062092 
40.724234    0.05612468 
40.815640    0.05129849 
40.907627    0.04614466 
41.000121    0.04066736 
41.093031    0.03487353 
41.186257    0.02877408 
41.279682    0.02238542 
41.373182    0.01573168 
41.466620    0.00884753 
41.559852    0.00178174 
41.652731    -0.00539852 
41.745110    -0.01260289 
41.836851    -0.01971324 
41.927830    -0.02658025 
42.017949    -0.03302297 
42.107142    -0.03883345 
42.195381    -0.04378844 
42.282652    -0.04777350 
42.369031    -0.05041193 
42.454603    -0.05165055 
42.539472    -0.05143288 
42.623808    -0.04962781 
42.707648    -0.04666492 
42.791066    -0.04255415 
42.874104    -0.03749265 
42.956779    -0.03168481 
43.039085    -0.02532340 
43.120995    -0.01857801 
43.202474    -0.01159036 
43.283380    -0.00449430 
43.363761    0.00268509 
43.443576    0.00983819 
43.522791    0.01691419 
43.601378    0.02387348 
43.679314    0.03068549 
43.756586    0.03732717 
43.833189    0.04378111 
43.909129    0.05003348 
43.984420    0.05607246 
44.059085    0.06188738 
44.133153    0.06746842 
44.206662    0.07280642 
44.279658    0.07789277 
44.352193    0.08271922 
44.424325    0.08727774 
44.496118    0.09156042 
44.567642    0.09555943 
44.638971    0.09926700 
44.710183    0.10267535 
44.781362    0.10577667 
44.852592    0.10856310 
44.923962    0.11102674 
44.995560    0.11315964 
45.067478    0.11495385 
45.139807    0.11640145 
45.212637    0.11749463 
45.286057    0.11822573 
45.360154    0.11858729 
45.435011    0.11857217 
45.510707    0.11817360 
45.587316    0.11738535 
45.664905    0.11620185 
45.743534    0.11461839 
45.823253    0.11263129 
45.904103    0.11023803 
45.986115    0.10743736 
46.069307    0.10422936 
46.153684    0.10061544 
46.239237    0.09659837 
46.325944    0.09218215 
46.413766    0.08737201 
46.502650    0.08217419 
46.592526    0.07659574 
46.683310    0.07064438 
46.774899    0.06432833 
46.867175    0.05765661 
46.960006    0.05063944 
47.053242    0.04328919 
47.146722    0.03562164 
47.240270    0.02765783 
47.333698    0.01942668 
47.426786    0.01084150 
47.519364    0.00224196 
47.611229    -0.00644768 
47.702190    -0.01511774 
47.792063    -0.02361785 
47.880694    -0.03179569 
47.967970    -0.03938594 
48.053833    -0.04611828 
48.138281    -0.05170385 
48.221374    -0.05586964 
48.303224    -0.05839950 
48.383979    -0.05917077 
48.463907    -0.05798588 
48.543065    -0.05533209 
48.621580    -0.05121628 
48.699542    -0.04588347 
48.776867    -0.03973196 
48.853698    -0.03271271 
48.930026    -0.02519514 
49.005830    -0.01735465 
49.081073    -0.00933037 
49.155713    -0.00122901 
49.229711    0.00687003 
49.302985    0.01492176 
49.375552    0.02286649 
49.447392    0.03068256 
49.518492    0.03834361 
49.588850    0.04582994 
49.658471    0.05312643 
49.727370    0.06021908 
49.795571    0.06709472 
49.863106    0.07374106 
49.930015    0.08014612 
49.996347    0.08629792 
50.062159    0.09218452 
50.127515    0.09779403 
50.192487    0.10311468 
50.257156    0.10813461 
50.321606    0.11284176 
50.385931    0.11722377 
50.450229    0.12126802 
50.514603    0.12496155 
50.579161    0.12829102 
50.644015    0.13124270 
50.709279    0.13380266 
50.775069    0.13595666 
50.841502    0.13769002 
50.908694    0.13898758 
50.976758    0.13983429 
51.045805    0.14021594 
51.115938    0.14011964 
51.187255    0.13953407 
51.259843    0.13844967 
51.333778    0.13685918 
51.409125    0.13475821 
51.485931    0.13214556 
51.564230    0.12902358 
51.644038    0.12539838 
51.725350    0.12127977 
51.808144    0.11668087 
51.892379    0.11161769 
51.977993    0.10610915 
52.064908    0.10017690 
52.153026    0.09384417 
52.242234    0.08713451 
52.332390    0.07998613 
52.423365    0.07260444 
52.515003    0.06491375 
52.607137    0.05693514 
52.699589    0.04868942 
52.792175    0.04019847 
52.884701    0.03148725 
52.976970    0.02258638 
53.068781    0.01353581 
53.159937    0.00438969 
53.250243    -0.00477734 
53.339518    -0.01386294 
53.427602    -0.02272980 
53.514365    -0.03120010 
53.599717    -0.03905431 
53.683623    -0.04603783 
53.766102    -0.05187864 
53.847235    -0.05631660 
53.927154    -0.05914063 
54.006153    -0.06002454 
54.084295    -0.05936085 
54.161753    -0.05703476 
54.238675    -0.05322530 
54.315021    -0.04829370 
54.391002    -0.04221935 
54.466654    -0.03540085 
54.541987    -0.02805835 
54.616986    -0.02037559 
54.691621    -0.01249937 
54.765856    -0.00454302 
54.839655    0.00340834 
54.912937    0.01131904 
54.985723    0.01909715 
55.057989    0.02672851 
55.129723    0.03418489 
55.200921    0.04144525 
55.271586    0.04849286 
55.341732    0.05531267 
55.411380    0.06189094 
55.480561    0.06821489 
55.549313    0.07427208 
55.617684    0.08005000 
55.685730    0.08553603 
55.753511    0.09071748 
55.821100    0.09558178 
55.888571    0.10011658 
55.956008    0.10430970 
56.023499    0.10814894 
56.091136    0.11162198 
56.159016    0.11471636 
56.227237    0.11741965 
56.295900    0.11971972 
56.365106    0.12160490 
56.434955    0.12306413 
56.505545    0.12408718 
56.576968    0.12466500 
56.649313    0.12479005 
56.722661    0.12445659 
56.797086    0.12366105 
56.872650    0.12240217 
56.949406    0.12068124 
57.027394    0.11850220 
57.106641    0.11587211 
57.187161    0.11280135 
57.268952    0.10930333 
57.351998    0.10539392 
57.436270    0.10109093 
57.521724    0.09641378 
57.608303    0.09138313 
57.695927    0.08593541 
57.784525    0.08027478 
57.874004    0.07432568 
57.964264    0.06810964 
58.055196    0.06164755 
58.146681    0.05495969 
58.238597    0.04806619 
58.330815    0.04098784 
58.423202    0.03374733 
58.515624    0.02637072 
58.607950    0.01893007 
58.700048    0.01141108 
58.791788    0.00387426 
58.883045    -0.00361649 
58.973705    -0.01097934 
59.063672    -0.01811114 
59.152868    -0.02488545 
59.241243    -0.03115307 
59.328778    -0.03674677 
59.415489    -0.04149111 
59.501426    -0.04521772 
59.586673    -0.04778439 
59.671333    -0.04909449 
59.755524    -0.04911181 
59.839363    -0.04786672 
59.922953    -0.04545162 
60.006298    -0.04205715 
60.089536    -0.03771868 
60.172702    -0.03270466 
60.255810    -0.02719187 
60.338854    -0.02133879 
60.421813    -0.01528150 
60.504659    -0.00913321 
60.587364    -0.00298525 
60.669896    0.00309060 
60.752230    0.00903918 
60.834345    0.01481866 
60.916225    0.02039759 
60.997860    0.02575244 
61.079250    0.03086562 
61.160399    0.03572404 
61.241319    0.04031790 
61.322028    0.04463991 
61.402550    0.04868461 
61.482913    0.05244790 
61.563153    0.05592670 
61.643306    0.05911874 
61.723412    0.06202238 
61.803517    0.06463656 
61.883664    0.06696070 
61.963902    0.06899468 
62.044278    0.07073878 
62.124839    0.07219371 
62.205635    0.07336053 
62.286749    0.07390294 
62.368184    0.07450372 
62.449983    0.07482293 
62.532185    0.07486307 
62.614828    0.07462715 
62.697946    0.07411871 
62.781568    0.07334187 
62.865722    0.07230135 
62.950427    0.07100244 
63.035700    0.06945101 
63.121553    0.06765340 
63.207992    0.06561643 
63.295019    0.06334728 
63.382629    0.06085345 
63.470813    0.05814270 
63.559557    0.05522303 
63.648842    0.05210270 
63.738644    0.04879027 
63.828934    0.04529469 
63.919677    0.04162545 
64.010838    0.03779276 
64.102374    0.03380786 
64.194240    0.02968335 
64.286387    0.02543361 
64.378763    0.02107539 
64.471317    0.01662841 
64.563992    0.01211609 
64.656733    0.00756642 
64.749487    0.00301268 
64.842202    -0.00150569 
64.934828    -0.00594251 
65.027322    -0.01024453 
65.119647    -0.01435164 
65.211776    -0.01819766 
65.303689    -0.02171214 
65.395378    -0.02482308 
65.486910    -0.02707049 
65.578239    -0.02920120 
65.669384    -0.03075394 
65.760374    -0.03169176 
65.851241    -0.03199664 
65.942018    -0.03167148 
66.032738    -0.03074003 
66.123426    -0.02924498 
66.214105    -0.02724429 
66.304788    -0.02480665 
66.395481    -0.02200662 
66.486181    -0.01892010 
66.576883    -0.01562060 
66.667573    -0.01217651 
66.758237    -0.00864936 
66.848858    -0.00509296 
66.939417    -0.00155324 
67.029899    0.00193146 
67.120288    0.00532978 
67.210571    0.00861653 
67.300738    0.01177188 
67.390782    0.01478056 
67.480698    0.01763111 
67.570485    0.02031519 
67.660145    0.02282699 
67.749681    0.02516278 
67.839102    0.02732043 
67.928415    0.02929911 
68.017632    0.03109898 
68.106766    0.03272096 
68.195831    0.03416657 
68.284842    0.03543772 
68.373814    0.03653665 
68.462766    0.03746579 
68.551714    0.03822772 
68.640675    0.03882505 
68.729668    0.03926046 
68.818708    0.03953659 
68.907812    0.03965605 
68.996998    0.03962142 
69.086281    0.03943519 
69.175674    0.03909981 
69.265193    0.03861767 
69.354850    0.03799109 
69.444656    0.03722239 
69.534623    0.03631385 
69.624759    0.03526778 
69.715072    0.03408652 
69.805568    0.03277255 
69.896251    0.03132847 
69.987124    0.02975711 
70.078189    0.02806162 
70.169443    0.02624553 
70.260885    0.02431292 
70.352510    0.02226850 
70.444311    0.02011780 
70.536279    0.01786735 
70.628404    0.01552485 
70.720673    0.01309941 
70.813073    0.01060177 
70.905589    0.00804457 
70.998204    0.00544253 
71.090902    0.00281275 
71.183664    0.00017486 
71.276473    -0.00244886 
71.369312    -0.00503337 
71.462166    -0.00755104 
71.555020    -0.00997179 
71.647861    -0.01226363 
71.740681    -0.01439322 
71.833473    -0.01632687 
71.926233    -0.01803157 
72.018960    -0.01947634 
72.111658    -0.02063363 
72.204332    -0.02148067 
72.296989    -0.02200080 
72.389638    -0.02218436 
72.482288    -0.02202938 
72.574947    -0.02154169 
72.667623    -0.02073458 
72.760347    -0.01965148 
72.853098    -0.01830912 
72.945877    -0.01672007 
73.038683    -0.01491658 
73.131512    -0.01293254 
73.224356    -0.01080221 
73.317209    -0.00855915 
73.410059    -0.00623535 
73.502897    -0.00386066 
73.595711    -0.00146233 
73.688489    0.00093514 
73.781220    0.00331011 
73.873894    0.00564364 
73.966502    0.00791946 
74.059036    0.01012365 
74.151488    0.01224449 
74.243854    0.01427218 
74.336130    0.01619863 
74.428314    0.01801717 
74.520406    0.01972241 
74.612405    0.02130999 
74.704316    0.02277647 
74.796142    0.02411908 
74.887888    0.02533571 
74.979560    0.02642468 
75.071166    0.02738473 
75.162713    0.02821490 
75.254211    0.02891446 
75.345669    0.02948287 
75.437098    0.02991973 
75.528508    0.03022474 
75.619909    0.03039768 
75.711313    0.03043840 
75.802731    0.03034680 
75.894173    0.03012284 
75.985650    0.02976655 
76.077171    0.02927802 
76.168747    0.02865747 
76.260387    0.02790522 
76.352099    0.02702180 
76.443889    0.02600796 
76.535765    0.02486475 
76.627730    0.02359358 
76.719790    0.02219633 
76.811947    0.02067547 
76.904201    0.01903416 
76.996552    0.01727640 
77.088998    0.01540719 
77.181535    0.01343276 
77.274158    0.01136068 
77.366860    0.00920019 
77.459633    0.00696235 
77.552467    0.00466030 
77.645351    0.00230950 
77.738274    -0.00007205 
77.831225    -0.00246371 
77.924190    -0.00484203 
78.017158    -0.00718082 
78.110119    -0.00945129 
78.203063    -0.01162239 
78.295983    -0.01366131 
78.388873    -0.01553429 
78.481731    -0.01720760 
78.574556    -0.01864870 
78.667352    -0.01982761 
78.760124    -0.02071829 
78.852878    -0.02129997 
78.945624    -0.02155827 
79.038370    -0.02148604 
79.131126    -0.02108376 
79.223901    -0.02035952 
79.316701    -0.01932850 
79.409529    -0.01801213 
79.502390    -0.01643687 
79.595280    -0.01463293 
79.688196    -0.01263285 
79.781133    -0.01047023 
79.874081    -0.00817856 
79.967031    -0.00579032 
80.059969    -0.00333621 
80.152884    -0.00084474 
80.245763    0.00165814 
80.338592    0.00414913 
80.431361    0.00660756 
80.524056    0.00901534 
80.616670    0.01135673 
80.709192    0.01361820 
80.801617    0.01578816 
80.893939    0.01785676 
80.986155    0.01981565 
81.078264    0.02165778 
81.170266    0.02337723 
81.262163    0.02496900 
81.353960    0.02642889 
81.445663    0.02775334 
81.537278    0.02893936 
81.628814    0.02998436 
81.720280    0.03088614 
81.811689    0.03164280 
81.903051    0.03225264 
81.994379    0.03271418 
82.085686    0.03302608 
82.176986    0.03318716 
82.268293    0.03319631 
82.359619    0.03305258 
82.450980    0.03275510 
82.542387    0.03230315 
82.633854    0.03169615 
82.725392    0.03093371 
82.817013    0.03001564 
82.908726    0.02894206 
83.000540    0.02771344 
83.092461    0.02633071 
83.184495    0.02479534 
83.276645    0.02310948 
83.368912    0.02127615 
83.461295    0.01929939 
83.553792    0.01718448 
83.646395    0.01493819 
83.739099    0.01256907 
83.831892    0.01008775 
83.924762    0.00750728 
84.017695    0.00484349 
84.110676    0.00211534 
84.203686    -0.00065471 
84.296709    -0.00344048 
84.389727    -0.00621184 
84.482722    -0.00893470 
84.575680    -0.01157119 
84.668586    -0.01408014 
84.761430    -0.01641793 
84.854205    -0.01853963 
84.946909    -0.02040059 
85.039543    -0.02195838 
85.132112    -0.02317483 
85.224624    -0.02401819 
85.317092    -0.02446508 
85.409528    -0.02450197 
85.501946    -0.02412612 
85.594359    -0.02334567 
85.686777    -0.02217906 
85.779208    -0.02065373 
85.871657    -0.01880433 
85.964122    -0.01667069 
86.056600    -0.01429565 
86.149083    -0.01172316 
86.241562    -0.00899659 
86.334021    -0.00615740 
86.426447    -0.00324422 
86.518823    -0.00029225 
86.611133    0.00266700 
86.703362    0.00560578 
86.795494    0.00849995 
86.887516    0.01132880 
86.979416    0.01407464 
87.071186    0.01672257 
87.162818    0.01926004 
87.254308    0.02167659 
87.345654    0.02396351 
87.436856    0.02611353 
87.527917    0.02812064 
87.618843    0.02997982 
87.709640    0.03168686 
87.800319    0.03323822 
87.890892    0.03463088 
87.981370    0.03586226 
88.071770    0.03693006 
88.162107    0.03783226 
88.252398    0.03856700 
88.342662    0.03913257 
88.432917    0.03952736 
88.523182    0.03974983 
88.613476    0.03979849 
88.703819    0.03967191 
88.794229    0.03936871 
88.884725    0.03888757 
88.975324    0.03822725 
89.066042    0.03738665 
89.156895    0.03636481 
89.247894    0.03516100 
89.339053    0.03377480 
89.430378    0.03220617 
89.521878    0.03045561 
89.613557    0.02852428 
89.705414    0.02641418 
89.797448    0.02412839 
89.889653    0.02167131 
89.982021    0.01904902 
90.074539    0.01626960 
90.167191    0.01334358 
90.259958    0.01028447 
90.352817    0.00710923 
90.445743    0.00383893 
90.538710    0.00049931 
90.631689    -0.00287862 
90.724652    -0.00625814 
90.817569    -0.00959649 
90.910414    -0.01284489 
91.003165    -0.01594900 
91.095804    -0.01884984 
91.188317    -0.02148554 
91.280697    -0.02379364 
91.372946    -0.02571418 
91.465071    -0.02719309 
91.557083    -0.02818585 
91.649002    -0.02866073 
91.740845    -0.02860124 
91.832634    -0.02800741 
91.924387    -0.02689572 
92.016119    -0.02529754 
92.107840    -0.02325656 
92.199554    -0.02082549 
92.291260    -0.01806249 
92.382949    -0.01502783 
92.474608    -0.01178106 
92.566222    -0.00837873 
92.657771    -0.00487298 
92.749234    -0.00131058 
92.840589    0.00226734 
92.931816    0.00582529 
93.022894    0.00933310 
93.113807    0.01276543 
93.204540    0.01610119 
93.295080    0.01932303 
93.385420    0.02241672 
93.475554    0.02537067 
93.565482    0.02817546 
93.655205    0.03082345 
93.744728    0.03330843 
93.834061    0.03562531 
93.923214    0.03776992 
94.012202    0.03973878 
94.101042    0.04152896 
94.189754    0.04313789 
94.278357    0.04456332 
94.366876    0.04580320 
94.455335    0.04685558 
94.543759    0.04771862 
94.632175    0.04839049 
94.720611    0.04886938 
94.809093    0.04915343 
94.897649    0.04924077 
94.986306    0.04912947 
95.075091    0.04881758 
95.164029    0.04830309 
95.253144    0.04758401 
95.342459    0.04665836 
95.431994    0.04552421 
95.521768    0.04417974 
95.611795    0.04262332 
95.702089    0.04085360 
95.792657    0.03886959 
95.883506    0.03667087 
95.974636    0.03425771 
96.066044    0.03163133 
96.157721    0.02879418 
96.249651    0.02737338 
96.341836    0.02406975 
96.434251    0.02056624 
96.526863    0.01687359 
96.619639    0.01300592 
96.712535    0.00898168 
96.805509    0.00482478 
96.898511    0.00056602 
96.991490    -0.00375546 
97.084395    -0.00809072 
97.177176    -0.01237991 
97.269785    -0.01655175 
97.362181    -0.02052398 
97.454334    -0.02420510 
97.546222    -0.02749771 
97.637836    -0.03030359 
97.729183    -0.03253015 
97.820280    -0.03409782 
97.911153    -0.03494718 
98.001837    -0.03504476 
98.092366    -0.03438626 
98.182775    -0.03299659 
98.273091    -0.03092674 
98.363333    -0.02824817 
98.453510    -0.02504588 
98.543619    -0.02141130 
98.633650    -0.01743610 
98.723585    -0.01320739 
98.813398    -0.00880450 
98.903061    -0.00429736 
98.992546    0.00025413 
99.081822    0.00479967 
99.170863    0.00929782 
99.259644    0.01371484 
99.348144    0.01802358 
99.436348    0.02220233 
99.524244    0.02623380 
99.611826    0.03010425 
99.699092    0.03380275 
99.786047    0.03732057 
99.872700    0.04065067 
99.959063    0.04378734 
100.045156    0.04672585 
100.130999    0.04946224 
100.216618    0.05199308 
100.302042    0.05431538 
100.387302    0.05642641 
100.472433    0.05832363 
100.557472    0.06000463 
100.642457    0.06146704 
100.727427    0.06270855 
100.812423    0.06372677 
100.897487    0.06451932 
100.982660    0.06508374 
101.067984    0.06541750 
101.153499    0.06551798 
101.239245    0.06538249 
101.325261    0.06500827 
101.411584    0.06439249 
101.498247    0.06353224 
101.585282    0.06242461 
101.672718    0.06106664 
101.760578    0.05945544 
101.848885    0.05758816 
101.937613    0.05619690 
102.026822    0.05381635 
102.116516    0.05117441 
102.206694    0.04826237 
102.297347    0.04507370 
102.388459    0.04160596 
102.480005    0.03786141 
102.571953    0.03384648 
102.664261    0.02957073 
102.756880    0.02504602 
102.849751    0.02028651 
102.942807    0.01530976 
103.035976    0.01013868 
103.129178    0.00480422 
103.222326    -0.00065179 
103.315334    -0.00617393 
103.408115    -0.01169074 
103.500586    -0.01711309 
103.592674    -0.02233357 
103.684320    -0.02722764 
103.775481    -0.03165727 
103.866138    -0.03547776 
103.956292    -0.03854788 
104.045968    -0.04074258 
104.135209    -0.04196649 
104.224070    -0.04216532 
104.312610    -0.04133254 
104.400886    -0.03950952 
104.488943    -0.03677909 
104.576813    -0.03325439 
104.664511    -0.02906573 
104.752036    -0.02434811 
104.839372    -0.01923128 
104.926494    -0.01383309 
105.013368    -0.00825601 
105.099957    -0.00258616 
105.186224    0.00310598 
105.272133    0.00876389 
105.357652    0.01434293 
105.442754    0.01980815 
105.527419    0.02513237 
105.611634    0.03029447 
105.695390    0.03527793 
105.778688    0.04006978 
105.861535    0.04465963 
105.943945    0.04903908 
106.025937    0.05320112 
106.107537    0.05713984 
106.188776    0.06085006 
106.269691    0.06432717 
106.350321    0.06756697 
106.430712    0.07056552 
106.510912    0.07331908 
106.590972    0.07582404 
106.670947    0.07807684 
106.750893    0.08007398 
106.830867    0.08181196 
106.910930    0.08328728 
106.991141    0.08449642 
107.071559    0.08543582 
107.152245    0.08610189 
107.233256    0.08649097 
107.314651    0.08659936 
107.396485    0.08642330 
107.478809    0.08595897 
107.561673    0.08520253 
107.645124    0.08415015 
107.729200    0.08279810 
107.813940    0.08114277 
107.899373    0.07918078 
107.985522    0.07690905 
108.072405    0.07432484 
108.160031    0.07142580 
108.248399    0.06821000 
108.337502    0.06467594 
108.427320    0.06082259 
108.517825    0.05664950 
108.608977    0.05215702 
108.700722    0.04734653 
108.793000    0.04222105 
108.885732    0.03678585 
108.978831    0.03104953 
109.072197    0.02502532 
109.165718    0.01873284 
109.259272    0.01220047 
109.352730    0.00546820 
109.445954    -0.00140879 
109.538809    -0.00835608 
109.631160    -0.01527567 
109.722883    -0.02204235 
109.813874    -0.02850163 
109.904051    -0.03447125 
109.993368    -0.03974810 
110.081813    -0.04412193 
110.169416    -0.04739579 
110.256239    -0.04941034 
110.342368    -0.05006681 
110.427901    -0.04934187 
110.512933    -0.04728998 
110.597543    -0.04403236 
110.681789    -0.03973657 
110.765701    -0.03459278 
110.849285    -0.02879242 
110.932528    -0.02251277 
111.015318    -0.01596166 
111.097691    -0.00913893 
111.179607    -0.00221999 
111.261026    0.00471521 
111.341908    0.01160408 
111.422218    0.01839871 
111.501930    0.02506334 
111.581024    0.03157140 
111.659490    0.03790260 
111.737328    0.04404070 
111.814544    0.04997221 
111.891153    0.05568571 
111.967179    0.06117136 
112.042654    0.06642049 
112.117615    0.07142516 
112.192109    0.07617790 
112.266185    0.08067155 
112.339901    0.08489914 
112.413320    0.08885388 
112.486508    0.09252911 
112.559538    0.09591823 
112.632482    0.09901465 
112.705421    0.10181170 
112.778434    0.10430263 
112.851603    0.10648060 
112.925013    0.10833867 
112.998747    0.10986986 
113.072890    0.11106725 
113.147525    0.11192399 
113.222734    0.11243351 
113.298595    0.11258955 
113.375185    0.11238631 
113.452573    0.11181845 
113.530826    0.11088116 
113.610003    0.10957021 
113.690156    0.10788195 
113.771329    0.10581346 
113.853556    0.10336262 
113.936862    0.10052825 
114.021260    0.09731012 
114.106751    0.09370910 
114.193324    0.08972709 
114.280954    0.08536703 
114.369602    0.08063289 
114.459216    0.07552960 
114.549728    0.07006304 
114.641054    0.06423998 
114.733098    0.05806816 
114.825747    0.05155644 
114.918876    0.04471532 
115.012342    0.03755778 
115.105992    0.03010079 
115.199632    0.02220217 
115.293117    0.01425066 
115.386264    0.00610221 
115.478887    -0.00217799 
115.570802    -0.01049972 
115.661835    -0.01874094 
115.751831    -0.02674190 
115.840664    -0.03430208 
115.928222    -0.04125628 
116.014488    -0.04722212 
116.099483    -0.05197665 
116.183281    -0.05528292 
116.266075    -0.05679930 
116.347942    -0.05678251 
116.429026    -0.05511566 
116.509457    -0.05193224 
116.589334    -0.04743654 
116.668724    -0.04186890 
116.747657    -0.03547362 
116.826135    -0.02847567 
116.904006    -0.02114074 
116.981357    -0.01345716 
117.058152    -0.00564060 
117.134352    0.00221733 
117.209918    0.01004681 
117.284816    0.01779522 
117.358977    0.02545119 
117.432422    0.03293817 
117.505144    0.04025912 
117.577142    0.04739515 
117.648426    0.05433060 
117.719012    0.06105307 
117.788928    0.06755085 
117.858209    0.07381240 
117.926897    0.07982695 
117.995045    0.08558414 
118.062711    0.09107318 
118.129960    0.09628306 
118.196867    0.10120284 
118.263508    0.10582190 
118.329971    0.11012974 
118.396344    0.11411574 
118.462722    0.11776895 
118.529205    0.12107824 
118.595896    0.12403226 
118.662898    0.12661942 
118.730319    0.12882781 
118.798268    0.13064531 
118.866850    0.13205978 
118.936171    0.13305922 
119.006336    0.13363208 
119.077442    0.13376753 
119.149583    0.13345584 
119.222844    0.13268860 
119.297302    0.13145897 
119.373026    0.12976206 
119.450069    0.12759536 
119.528473    0.12495890 
119.608267    0.12185522 
119.689463    0.11828959 
119.772055    0.11427019 
119.856024    0.10980797 
119.941331    0.10491625 
120.027920    0.09961000 
120.115721    0.09390543 
120.204635    0.08771745 
120.294567    0.08127866 
120.385400    0.07449319 
120.477001    0.06737839 
120.569223    0.05995172 
120.661909    0.05223093 
120.754889    0.04423463 
120.847986    0.03598348 
120.941012    0.02750227 
121.033774    0.01882306 
121.126076    0.00998935 
121.217721    0.00106147 
121.308519    -0.00787705 
121.398293    -0.01671248 
121.486889    -0.02529428 
121.574182    -0.03343082 
121.660094    -0.04089039 
121.744598    -0.04741099 
121.827724    -0.05272158 
121.909657    -0.05638986 
121.990446    -0.05859314 
122.070253    -0.05906553 
122.149248    -0.05782324 
122.227587    -0.05498646 
122.305398    -0.05075462 
122.382770    -0.04537145 
122.459756    -0.03909077 
122.536225    -0.03221947 
122.612309    -0.02480104 
122.687987    -0.01709780 
122.763228    -0.00924186 
122.837997    -0.00133465 
122.912255    0.00654738 
122.985925    0.01437515 
123.059021    0.02205913 
123.131529    0.02959256 
123.203437    0.03695122 
123.274744    0.04411580 
123.345457    0.05107132 
123.415592    0.05780449 
123.485174    0.06430271 
123.554237    0.07055433 
123.622822    0.07654825 
123.690980    0.08227310 
123.758766    0.08771714 
123.826246    0.09286866 
123.893491    0.09771617 
123.960578    0.10224828 
124.027592    0.10645349 
124.094620    0.11032005 
124.161757    0.11383605 
124.229099    0.11698951 
124.296746    0.11976845 
124.364801    0.12216082 
124.433365    0.12415464 
124.502541    0.12573821 
124.572430    0.12690058 
124.643129    0.12763174 
124.714732    0.12792267 
124.787326    0.12776539 
124.860991    0.12715331 
124.935799    0.12608181 
125.011810    0.12454874 
125.089074    0.12255454 
125.167627    0.12010235 
125.247491    0.11719834 
125.328674    0.11385210 
125.411170    0.11007661 
125.494955    0.10588771 
125.579993    0.10130350 
125.666231    0.09634360 
125.753605    0.09102841 
125.842024    0.08529290 
125.931409    0.07933982 
126.021657    0.07309168 
126.112658    0.06656794 
126.204289    0.05978784 
126.296422    0.05277054 
126.388922    0.04553559 
126.481647    0.03810383 
126.574453    0.03049893 
126.667189    0.02274923 
126.759707    0.01489016 
126.851873    0.00702042 
126.943537    -0.00088140 
127.034562    -0.00871114 
127.124828    -0.01636729 
127.214232    -0.02372148 
127.302700    -0.03061724 
127.390189    -0.03687280 
127.476697    -0.04229001 
127.562261    -0.04667017 
127.646960    -0.04983581 
127.730900    -0.05165495 
127.814208    -0.05206172 
127.897015    -0.05106741 
127.979441    -0.04875838 
128.061586    -0.04528157 
128.143522    -0.04082249 
128.225197    -0.03559838 
128.306718    -0.02974163 
128.388083    -0.02347904 
128.469275    -0.01696321 
128.550265    -0.01031851 
128.631021    -0.00364365 
128.711508    0.00298453 
128.791696    0.00950737 
128.871561    0.01588078 
128.951085    0.02207191 
129.030259    0.02805624 
129.109079    0.03381532 
129.187550    0.03933504 
129.265685    0.04460441 
129.343504    0.04961462 
129.421032    0.05435836 
129.498303    0.05882939 
129.575356    0.06302217 
129.652234    0.06693166 
129.728984    0.07055324 
129.805660    0.07388258 
129.882317    0.07691564 
129.959011    0.07964863 
130.035804    0.08207809 
130.112757    0.08420082 
130.189930    0.08601398 
130.267387    0.08751514 
130.345187    0.08870229 
130.423391    0.08957397 
130.502055    0.09012936 
130.581235    0.09036831 
130.660980    0.09029140 
130.741339    0.08989999 
130.822353    0.08919617 
130.904059    0.08818277 
130.986490    0.08686332 
131.069669    0.08524208 
131.153618    0.08332402 
131.238346    0.08111481 
131.323861    0.07862081 
131.410160    0.07584896 
131.497235    0.07280672 
131.585068    0.06950202 
131.673635    0.06594322 
131.762886    0.06195764 
131.852800    0.05794083 
131.943335    0.05369818 
132.034438    0.04924008 
132.126052    0.04457755 
132.218115    0.03972258 
132.310559    0.03468855 
132.403309    0.02949080 
132.496290    0.02414752 
132.589421    0.01868076 
132.682619    0.01311777 
132.775801    0.00749244 
132.868885    0.00184699 
132.961791    -0.00376633 
133.054445    -0.00928372 
133.146783    -0.01462876 
133.238749    -0.01971218 
133.330305    -0.02443311 
133.421429    -0.02868228 
133.512116    -0.03234738 
133.602497    -0.03484912 
133.692499    -0.03706392 
133.782166    -0.03843901 
133.871552    -0.03893468 
133.960715    -0.03854688 
134.049712    -0.03730799 
134.138589    -0.03528312 
134.227383    -0.03256289 
134.316117    -0.02925424 
134.404804    -0.02547106 
134.493440    -0.02132613 
134.582014    -0.01692498 
134.670509    -0.01236212 
134.758901    -0.00771916 
134.847168    -0.00306454 
134.935283    0.00154576 
135.023227    0.00606697 
135.110979    0.01046389 
135.198526    0.01470942 
135.285857    0.01878299 
135.372967    0.02266933 
135.459856    0.02635734 
135.546527    0.02983917 
135.632990    0.03310949 
135.719257    0.03616488 
135.805344    0.03900338 
135.891272    0.04162413 
135.977064    0.04402703 
136.062744    0.04621262 
136.148339    0.04818182 
136.233879    0.04993585 
136.319394    0.05147612 
136.404915    0.05280418 
136.490473    0.05392165 
136.576099    0.05483018 
136.661827    0.05553141 
136.747685    0.05602701 
136.833706    0.05631859 
136.919917    0.05640775 
137.006346    0.05629608 
137.093019    0.05598511 
137.179962    0.05547640 
137.267195    0.05477148 
137.354740    0.05387188 
137.442613    0.05277918 
137.530829    0.05149500 
137.619400    0.05002104 
137.708336    0.04835913 
137.797642    0.04651125 
137.887320    0.04447962 
137.977369    0.04226675 
138.067785    0.03987556 
138.158559    0.03730951 
138.249679    0.03457270 
138.341130    0.03167016 
138.432890    0.02860800 
138.524938    0.02539378 
138.617245    0.02203682 
138.709780    0.01854866 
138.802511    0.01494351 
138.895400    0.01123890 
138.988408    0.00745622 
139.081495    0.00362142 
139.174620    -0.00023435 
139.267705    -0.00372797 
139.360764    -0.00740722 
139.453766    -0.01098624 
139.546678    -0.01441211 
139.639478    -0.01762709 
139.732146    -0.02057009 
139.824674    -0.02317894 
139.917057    -0.02539333 
140.009302    -0.02715829 
140.101419    -0.02842786 
140.193426    -0.02916862 
140.285345    -0.02936244 
140.377196    -0.02900802 
140.469001    -0.02812111 
140.560778    -0.02673317 
140.652539    -0.02488881 
140.744294    -0.02264243 
140.836043    -0.02005449 
140.927783    -0.01718791 
141.019505    -0.01410501 
141.111195    -0.01086503 
141.202838    -0.00752250 
141.294417    -0.00412621 
141.385913    -0.00071880 
141.477309    0.00266318 
141.568588    0.00598899 
141.659736    0.00923316 
141.750741    0.01237493 
141.841592    0.01539755 
141.932284    0.01828777 
142.022813    0.02103518 
142.113179    0.02363178 
142.203384    0.02607151 
142.293432    0.02834987 
142.383333    0.03046359 
142.473094    0.03241041 
142.562730    0.03418882 
142.652253    0.03579788 
142.741680    0.03723708 
142.831027    0.03850623 
142.920314    0.03960536 
143.009559    0.04053465 
143.098782    0.04129434 
143.188004    0.04188472 
143.277245    0.04230610 
143.366527    0.04255875 
143.455870    0.04264293 
143.545293    0.04255885 
143.634818    0.04230667 
143.724461    0.04188655 
143.814242    0.04129862 
143.904175    0.04054301 
143.994278    0.03961991 
144.084562    0.03852959 
144.175040    0.03727244 
144.265721    0.03584906 
144.356612    0.03426033 
144.447718    0.03250752 
144.539041    0.03059237 
144.630582    0.02851730 
144.722336    0.02628553 
144.814298    0.02390130 
144.906459    0.02137015 
144.998805    0.01869915 
145.091322    0.01589728 
145.183991    0.01297581 
145.276792    0.00994868 
145.369702    0.00683303 
145.462695    0.00364959 
145.555744    0.00042323 
145.648824    -0.00281667 
145.741906    -0.00603592 
145.834965    -0.00919532 
145.927978    -0.01225092 
146.020924    -0.01515443 
146.113787    -0.01785429 
146.206557    -0.02029714 
146.299228    -0.02242991 
146.391801    -0.02420229 
146.484281    -0.02556961 
146.576679    -0.02649561 
146.669010    -0.02695504 
146.761291    -0.02693547 
146.853537    -0.02643831 
146.945764    -0.02547860 
147.037986    -0.02408390 
147.130210    -0.02229216 
147.222440    -0.02014914 
147.314676    -0.01770554 
147.406911    -0.01501426 
147.499136    -0.01212797 
147.591338    -0.00909723 
147.683501    -0.00596907 
147.775609    -0.00278617 
147.867643    0.00041360 
147.959586    0.00359723 
148.051422    0.00673642 
148.143136    0.00980722 
148.234716    0.01278961 
148.326152    0.01566703 
148.417437    0.01842590 
148.508564    0.02105521 
148.599534    0.02354606 
148.690346    0.02589133 
148.781004    0.02808536 
148.871514    0.03012365 
148.961885    0.03200264 
149.052127    0.03371954 
149.142253    0.03527214 
149.232278    0.03665865 
149.322217    0.03787766 
149.412089    0.03892798 
149.501912    0.03980862 
149.591705    0.04051871 
149.681488    0.04105745 
149.771282    0.04142411 
149.861108    0.04161795 
149.950986    0.04163828 
150.040936    0.04148440 
150.130978    0.04115565 
150.221131    0.04065135 
150.311413    0.03997092 
150.401840    0.03911382 
150.492428    0.03807966 
150.583189    0.03686821 
150.674136    0.03547949 
150.765276    0.03391386 
150.856616    0.03217211 
150.948161    0.03025561 
151.039910    0.02816646 
151.131862    0.02590769 
151.224011    0.02348348 
151.316349    0.02089946 
151.408862    0.01816301 
151.501536    0.01528366 
151.594352    0.01227354 
151.687288    0.00914782 
151.780319    0.00592529 
151.873419    0.00262888 
151.966559    -0.00071376 
152.059711    -0.00406984 
152.152845    -0.00740102 
152.245936    -0.01066333 
152.338958    -0.01380736 
152.431890    -0.01677899 
152.524718    -0.01952060 
152.617430    -0.02197300 
152.710024    -0.02407792 
152.802502    -0.02578110 
152.894873    -0.02703556 
152.987152    -0.02780486 
153.079356    -0.02806582 
153.171503    -0.02781032 
153.263612    -0.02704589 
153.355700    -0.02579509 
153.447778    -0.02409355 
153.539854    -0.02198731 
153.631929    -0.01952954 
153.724000    -0.01677729 
153.816059    -0.01378850 
153.908091    -0.01061955 
154.000081    -0.00732343 
154.092010    -0.00394852 
154.183860    -0.00053797 
154.275609    0.00287050 
154.367241    0.00624449 
154.458737    0.00955657 
154.550083    0.01278376 
154.641267    0.01590706 
154.732280    0.01891090 
154.823116    0.02178256 
154.913770    0.02451180 
155.004245    0.02709036 
155.094543    0.02951161 
155.184671    0.03177027 
155.274637    0.03386209 
155.364453    0.03578367 
155.454135    0.03753225 
155.543697    0.03910559 
155.633158    0.04050180 
155.722538    0.04171928 
155.811858    0.04275661 
155.901140    0.04361251 
155.990408    0.04428578 
156.079685    0.04477526 
156.168995    0.04507982 
156.258362    0.04519832 
156.347810    0.04512961 
156.437363    0.04487255 
156.527041    0.04442598 
156.616867    0.04378880 
156.706860    0.04295990 
156.796886    0.04342448 
156.887126    0.04220470 
156.977595    0.04078879 
157.068303    0.03917603 
157.159258    0.03736568 
157.250466    0.03535704 
157.341930    0.03314981 
157.433647    0.03074433 
157.525613    0.02814211 
157.617819    0.02534627 
157.710249    0.02236209 
157.802886    0.01919756 
157.895706    0.01586388 
157.988680    0.01237612 
158.081778    0.00875372 
158.174962    0.00502115 
158.268196    0.00120855 
158.361438    -0.00264765 
158.454648    -0.00650417 
158.547788    -0.01031043 
158.640821    -0.01400853 
158.733716    -0.01753363 
158.826448    -0.02081515 
158.919000    -0.02377880 
159.011363    -0.02634970 
159.103539    -0.02845639 
159.195538    -0.03003546 
159.287378    -0.03103634 
159.379081    -0.03142556 
159.470673    -0.03118972 
159.562181    -0.03033663 
159.653627    -0.02889451 
159.745029    -0.02690925 
159.836399    -0.02444037 
159.927738    -0.02155630 
160.019044    -0.01832967 
160.110306    -0.01483318 
160.201508    -0.01113634 
160.292630    -0.00730320 
160.383649    -0.00339110 
160.474543    0.00054994 
160.565287    0.00447717 
160.655860    0.00835462 
160.746243    0.01215253 
160.836421    0.01584650 
160.926381    0.01941677 
161.016114    0.02284745 
161.105615    0.02612586 
161.194885    0.02924191 
161.283926    0.03218760 
161.372747    0.03495660 
161.461357    0.03754388 
161.549771    0.03994542 
161.638007    0.04215797 
161.726085    0.04417886 
161.814027    0.04600586 
161.901859    0.04763702 
161.989607    0.04907062 
162.077300    0.05030505 
162.164967    0.05133880 
162.252639    0.05217038 
162.340348    0.05279827 
162.428123    0.05322097 
162.515997    0.05343690 
162.603999    0.05344444 
162.692161    0.05324195 
162.780511    0.05282769 
162.869076    0.05219995 
162.957882    0.05135697 
163.046951    0.05029703 
163.136306    0.04901847 
163.225962    0.04751974 
163.315935    0.04579949 
163.406235    0.04385662 
163.496869    0.04169046 
163.587839    0.03930085 
163.679143    0.03668837 
163.770771    0.03385457 
163.862712    0.03080227 
163.954947    0.02753593 
164.047451    0.02406212 
164.140194    0.02039011 
164.233141    0.01653253 
164.326249    0.01250622 
164.419474    0.00833317 
164.512765    0.00404163 
164.606070    -0.00033273 
164.699335    -0.00474566 
164.792506    -0.00914330 
164.885532    -0.01346142 
164.978368    -0.01762536 
165.070975    -0.02155081 
165.163325    -0.02514594 
165.255402    -0.02831505 
165.347201    -0.03096371 
165.438734    -0.03300531 
165.530019    -0.03436818 
165.621088    -0.03500218 
165.711974    -0.03488372 
165.802713    -0.03401804 
165.893337    -0.03243842 
165.983871    -0.03020232 
166.074333    -0.02738548 
166.164727    -0.02407498 
166.255050    -0.02036246 
166.345289    -0.01633839 
166.435426    -0.01208773 
166.525436    -0.00768727 
166.615290    -0.00320424 
166.704962    0.00130400 
166.794423    0.00578948 
166.883649    0.01021274 
166.972619    0.01454178 
167.061313    0.01875091 
167.149721    0.02281964 
167.237832    0.02673180 
167.325646    0.03047458 
167.413163    0.03403793 
167.500391    0.03741392 
167.587341    0.04059627 
167.674029    0.04357997 
167.760475    0.04636099 
167.846704    0.04893600 
167.932741    0.05130222 
168.018617    0.05345724 
168.104364    0.05539890 
168.190017    0.05712523 
168.275613    0.05863431 
168.361063    0.06057114 
168.446532    0.06166832 
168.532060    0.06254483 
168.617688    0.06319388 
168.703457    0.06360926 
168.789410    0.06378658 
168.875586    0.06372368 
168.962024    0.06342015 
169.048758    0.06287648 
169.135822    0.06209305 
169.223246    0.06106933 
169.311055    0.05980368 
169.399274    0.05829345 
169.487922    0.05653549 
169.577015    0.05452665 
169.666564    0.05226427 
169.756574    0.04974651 
169.847044    0.04697248 
169.937967    0.04394229 
170.029329    0.04065709 
170.121108    0.03711922 
170.213277    0.03333246 
170.305798    0.02930252 
170.398628    0.02503771 
170.491716    0.02054985 
170.585002    0.01585536 
170.678421    0.01097662 
170.771903    0.00594353 
170.865371    0.00079528 
170.958748    -0.00441777 
171.051956    -0.00963224 
171.144922    -0.01477016 
171.237580    -0.01973820 
171.329872    -0.02442825 
171.421758    -0.02871988 
171.513214    -0.03248545 
171.604238    -0.03559795 
171.694843    -0.03794119 
171.785063    -0.03942105 
171.874942    -0.03997593 
171.964533    -0.03958397 
172.053886    -0.03826538 
172.143046    -0.03607939 
172.232047    -0.03311640 
172.320908    -0.02948756 
172.409634    -0.02531371 
172.498218    -0.02071569 
172.586641    -0.01580710 
172.674875    -0.01068965 
172.762891    -0.00545108 
172.850653    -0.00016482 
172.938130    0.00510916 
173.025292    0.01032275 
173.112112    0.01543790 
173.198569    0.02042482 
173.284648    0.02526027 
173.370340    0.02992621 
173.455643    0.03440850 
173.540560    0.03869605 
173.625100    0.04277998 
173.709280    0.04665308 
173.793119    0.05030941 
173.876644    0.05374394 
173.959885    0.05695235 
174.042877    0.05993086 
174.125658    0.06267615 
174.208269    0.06518524 
174.290756    0.06745541 
174.373166    0.06948419 
174.455546    0.07126921 
174.537947    0.07280819 
174.620420    0.07409883 
174.703016    0.07513876 
174.785787    0.07592552 
174.868785    0.07645650 
174.952058    0.07672896 
175.035657    0.07674009 
175.119627    0.07648698 
175.204014    0.07596673 
175.288859    0.07517645 
