0.000000    0.00000000 
0.306792    0.01333534 
0.613804    0.02588429 
0.921469    0.03768500 
1.230355    0.04882385 
1.541112    0.05923343 
1.854471    0.06877111 
2.171241    0.07726816 
2.492313    0.08454857 
2.818648    0.09043768 
3.151216    0.09476725 
3.491083    0.09738143 
3.839202    0.09815819 
4.196388    0.09696995 
4.563232    0.09373081 
4.939976    0.08839656 
5.326442    0.08095067 
5.721923    0.07141279 
6.125100    0.05980765 
6.533952    0.04613564 
6.945611    0.03027208 
7.356043    0.01166218 
7.759406    -0.01022685 
8.148096    -0.03409526 
8.513015    -0.06039176 
8.843203    -0.08957718 
9.126771    -0.12116442 
9.354508    -0.15342472 
9.525842    -0.18350791 
9.651526    -0.20912335 
9.750898    -0.23035347 
9.848054    -0.24960513 
9.973120    -0.27043375 
10.197120    -0.29685898 
10.597638    -0.27297136 
10.888659    -0.11368151 
11.062756    -0.00621042 
11.180780    0.05692895 
11.267632    0.09926445 
11.336138    0.13054483 
11.394394    0.15550112 
11.448307    0.17710489 
11.503476    0.19755496 
11.567267    0.21891457 
11.652217    0.24361672 
11.779692    0.27358947 
11.974406    0.29952227 
12.229824    0.28002854 
12.495634    0.21695716 
12.764958    0.16965972 
13.051612    0.14477686 
13.359721    0.12656087 
13.682011    0.10312499 
14.007685    0.07382752 
14.329368    0.04349117 
14.642999    0.01467351 
14.945369    -0.01256012 
15.233642    -0.03774932 
15.506181    -0.06132721 
15.763372    -0.08323850 
16.008699    -0.10282018 
16.249465    -0.11921048 
16.496151    -0.13081081 
16.759300    -0.13520223 
17.046163    -0.13081891 
17.356970    -0.11765277 
17.685516    -0.09869995 
18.024795    -0.07905942 
18.370751    -0.06237940 
18.721353    -0.05013076 
19.075660    -0.04254316 
19.434138    -0.03959587 
19.796017    -0.04038960 
20.160130    -0.04365426 
20.527381    -0.04789856 
20.898642    -0.05130199 
21.273708    -0.05227179 
21.654726    -0.04964215 
22.042746    -0.04252511 
22.435415    -0.03121304 
22.829766    -0.01615876 
23.221900    0.00250334 
23.606245    0.02307205 
23.976766    0.04466928 
24.329240    0.06674128 
24.663394    0.08685858 
24.981867    0.10289148 
25.288739    0.11403018 
25.588835    0.12099286 
25.886014    0.12574373 
26.182008    0.12989020 
26.478410    0.13376733 
26.782289    0.13610313 
27.105978    0.13277294 
27.455825    0.11834260 
27.825343    0.09225916 
28.200930    0.05981713 
28.570944    0.02712519 
28.929771    -0.00260327 
29.275672    -0.02806524 
29.608120    -0.05010871 
29.925909    -0.07052793 
30.226012    -0.09063067 
30.502701    -0.11159177 
30.748366    -0.13401245 
30.956979    -0.15734195 
31.128146    -0.18015866 
31.270296    -0.20133710 
31.401392    -0.22119612 
31.550374    -0.24160964 
31.769443    -0.26275108 
32.119334    -0.25669931 
32.461991    -0.14485542 
32.707927    -0.03891019 
32.902625    0.02580206 
33.069767    0.07014751 
33.223332    0.10317157 
33.374456    0.12806213 
33.531771    0.14825771 
33.705722    0.16290968 
33.906903    0.17038302 
34.142353    0.16791991 
34.410401    0.15462533 
34.700590    0.13509722 
35.002832    0.11708466 
35.311934    0.10482755 
35.624418    0.09830395 
35.939246    0.09583281 
36.258980    0.09474253 
36.587108    0.09253790 
36.926242    0.08757454 
37.276554    0.07847172 
37.635047    0.06494673 
37.997483    0.04815414 
38.359967    0.02942057 
38.719075    0.00947578 
39.071293    -0.01122653 
39.413008    -0.03155863 
39.741141    -0.05178228 
40.054245    -0.07155598 
40.350603    -0.09110999 
40.631998    -0.10920419 
40.903686    -0.12403355 
41.173324    -0.13484893 
41.450160    -0.13955462 
41.741673    -0.13720654 
42.053230    -0.12836367 
42.384767    -0.11262703 
42.732129    -0.09257066 
43.088765    -0.07056971 
43.449354    -0.04910218 
43.811706    -0.02996843 
44.175892    -0.01357297 
44.542458    -0.00002438 
44.910271    0.01023297 
45.278011    0.01735131 
45.646270    0.02231040 
46.017061    0.02622655 
46.390251    0.03027685 
46.763060    0.03577466 
47.133870    0.04345809 
47.501400    0.05371413 
47.859319    0.06797275 
48.197728    0.08687714 
48.510856    0.10831133 
48.796640    0.13009688 
49.059591    0.15023151 
49.316904    0.16529559 
49.594886    0.16987538 
49.914446    0.15580319 
50.268997    0.11880755 
50.628614    0.07011806 
50.972226    0.02433598 
51.293221    -0.01489263 
51.591092    -0.04822345 
51.866170    -0.07640547 
52.117283    -0.10092679 
52.346197    -0.12392859 
52.557374    -0.14523858 
52.751863    -0.16405320 
52.928722    -0.18093919 
53.092846    -0.19704879 
53.261714    -0.21317184 
53.468562    -0.22834867 
53.755968    -0.22933699 
54.106650    -0.17786991 
54.428595    -0.09220066 
54.706333    -0.02537846 
54.958500    0.02039948 
55.200768    0.05169858 
55.442931    0.07318303 
55.691152    0.08769157 
55.949597    0.09667867 
56.220240    0.10115257 
56.502612    0.10240442 
56.794859    0.10201588 
57.095006    0.10140991 
57.401008    0.10152649 
57.710730    0.10284387 
58.023831    0.10492784 
58.342448    0.10607286 
58.668824    0.10405650 
59.004965    0.09670628 
59.351967    0.08250898 
59.707473    0.06319515 
60.068283    0.04256576 
60.430919    0.02247988 
60.790717    0.00391277 
61.145502    -0.01171893 
61.496724    -0.02422409 
61.848197    -0.03401863 
62.202107    -0.04143720 
62.557856    -0.04718629 
62.913865    -0.05194896 
63.269496    -0.05603022 
63.625231    -0.05971585 
63.981958    -0.06320530 
64.339379    -0.06690592 
64.696410    -0.07091711 
65.052185    -0.07501096 
65.406199    -0.07895605 
65.758866    -0.08235023 
66.112276    -0.08426853 
66.469659    -0.08373944 
66.834340    -0.07980532 
67.208644    -0.07152530 
67.592582    -0.05852381 
67.983225    -0.04138709 
68.375429    -0.02111847 
68.762961    0.00157022 
69.138860    0.02519949 
69.496369    0.04957865 
69.829342    0.07536931 
70.130340    0.10244411 
70.391155    0.13052484 
70.609196    0.15812049 
70.793215    0.18297553 
70.962529    0.20387929 
71.144585    0.22010773 
71.376526    0.22679882 
71.688223    0.20533665 
72.035587    0.13831155 
72.346178    0.05850257 
72.609135    -0.00486794 
72.836030    -0.05190215 
73.037868    -0.08780653 
73.222579    -0.11634156 
73.396990    -0.13969800 
73.568538    -0.15891895 
0.000000    0.00000000 
0.306792    0.01333534 
0.613804    0.02588429 
0.921469    0.03768500 
1.230355    0.04882385 
1.541112    0.05923343 
1.854471    0.06877111 
2.171241    0.07726816 
2.492313    0.08454857 
2.818648    0.09043768 
3.151216    0.09476725 
3.491083    0.09738143 
3.839202    0.09815819 
4.196388    0.09696995 
4.563232    0.09373081 
4.939976    0.08839656 
5.326442    0.08095067 
5.721923    0.07141279 
6.125100    0.05980765 
6.533952    0.04613564 
6.945611    0.03027208 
7.356043    0.01166218 
7.759406    -0.01022685 
8.148096    -0.03409526 
8.513015    -0.06039176 
8.843203    -0.08957718 
9.126771    -0.12116442 
9.354508    -0.15342472 
9.525842    -0.18350791 
9.651526    -0.20912335 
9.750898    -0.23035347 
9.848054    -0.24960513 
9.973120    -0.27043375 
10.197120    -0.29685898 
10.597638    -0.27297136 
10.888659    -0.11368151 
11.062756    -0.00621042 
11.180780    0.05692895 
11.267632    0.09926445 
11.336138    0.13054483 
11.394394    0.15550112 
11.448307    0.17710489 
11.503476    0.19755496 
11.567267    0.21891457 
11.652217    0.24361672 
11.779692    0.27358947 
11.974406    0.29952227 
12.229824    0.28002854 
12.495634    0.21695716 
12.764958    0.16965972 
13.051612    0.14477686 
13.359721    0.12656087 
13.682011    0.10312499 
14.007685    0.07382752 
14.329368    0.04349117 
14.642999    0.01467351 
14.945369    -0.01256012 
15.233642    -0.03774932 
15.506181    -0.06132721 
15.763372    -0.08323850 
16.008699    -0.10282018 
16.249465    -0.11921048 
16.496151    -0.13081081 
16.759300    -0.13520223 
17.046163    -0.13081891 
17.356970    -0.11765277 
17.685516    -0.09869995 
18.024795    -0.07905942 
18.370751    -0.06237940 
18.721353    -0.05013076 
19.075660    -0.04254316 
19.434138    -0.03959587 
19.796017    -0.04038960 
20.160130    -0.04365426 
20.527381    -0.04789856 
20.898642    -0.05130199 
21.273708    -0.05227179 
21.654726    -0.04964215 
22.042746    -0.04252511 
22.435415    -0.03121304 
22.829766    -0.01615876 
23.221900    0.00250334 
23.606245    0.02307205 
23.976766    0.04466928 
24.329240    0.06674128 
24.663394    0.08685858 
24.981867    0.10289148 
25.288739    0.11403018 
25.588835    0.12099286 
25.886014    0.12574373 
26.182008    0.12989020 
26.478410    0.13376733 
26.782289    0.13610313 
27.105978    0.13277294 
27.455825    0.11834260 
27.825343    0.09225916 
28.200930    0.05981713 
28.570944    0.02712519 
28.929771    -0.00260327 
29.275672    -0.02806524 
29.608120    -0.05010871 
29.925909    -0.07052793 
30.226012    -0.09063067 
30.502701    -0.11159177 
30.748366    -0.13401245 
30.956979    -0.15734195 
31.128146    -0.18015866 
31.270296    -0.20133710 
31.401392    -0.22119612 
31.550374    -0.24160964 
31.769443    -0.26275108 
32.119334    -0.25669931 
32.461991    -0.14485542 
32.707927    -0.03891019 
32.902625    0.02580206 
33.069767    0.07014751 
33.223332    0.10317157 
33.374456    0.12806213 
33.531771    0.14825771 
33.705722    0.16290968 
33.906903    0.17038302 
34.142353    0.16791991 
34.410401    0.15462533 
34.700590    0.13509722 
35.002832    0.11708466 
35.311934    0.10482755 
35.624418    0.09830395 
35.939246    0.09583281 
36.258980    0.09474253 
36.587108    0.09253790 
36.926242    0.08757454 
37.276554    0.07847172 
37.635047    0.06494673 
37.997483    0.04815414 
38.359967    0.02942057 
38.719075    0.00947578 
39.071293    -0.01122653 
39.413008    -0.03155863 
39.741141    -0.05178228 
40.054245    -0.07155598 
40.350603    -0.09110999 
40.631998    -0.10920419 
40.903686    -0.12403355 
41.173324    -0.13484893 
41.450160    -0.13955462 
41.741673    -0.13720654 
42.053230    -0.12836367 
42.384767    -0.11262703 
42.732129    -0.09257066 
43.088765    -0.07056971 
43.449354    -0.04910218 
43.811706    -0.02996843 
44.175892    -0.01357297 
44.542458    -0.00002438 
44.910271    0.01023297 
45.278011    0.01735131 
45.646270    0.02231040 
46.017061    0.02622655 
46.390251    0.03027685 
46.763060    0.03577466 
47.133870    0.04345809 
47.501400    0.05371413 
47.859319    0.06797275 
48.197728    0.08687714 
48.510856    0.10831133 
48.796640    0.13009688 
49.059591    0.15023151 
49.316904    0.16529559 
49.594886    0.16987538 
49.914446    0.15580319 
50.268997    0.11880755 
50.628614    0.07011806 
50.972226    0.02433598 
51.293221    -0.01489263 
51.591092    -0.04822345 
51.866170    -0.07640547 
52.117283    -0.10092679 
52.346197    -0.12392859 
52.557374    -0.14523858 
52.751863    -0.16405320 
52.928722    -0.18093919 
53.092846    -0.19704879 
53.261714    -0.21317184 
53.468562    -0.22834867 
53.755968    -0.22933699 
54.106650    -0.17786991 
54.428595    -0.09220066 
54.706333    -0.02537846 
54.958500    0.02039948 
55.200768    0.05169858 
55.442931    0.07318303 
55.691152    0.08769157 
55.949597    0.09667867 
56.220240    0.10115257 
56.502612    0.10240442 
56.794859    0.10201588 
57.095006    0.10140991 
57.401008    0.10152649 
57.710730    0.10284387 
58.023831    0.10492784 
58.342448    0.10607286 
58.668824    0.10405650 
59.004965    0.09670628 
59.351967    0.08250898 
59.707473    0.06319515 
60.068283    0.04256576 
60.430919    0.02247988 
60.790717    0.00391277 
61.145502    -0.01171893 
61.496724    -0.02422409 
61.848197    -0.03401863 
62.202107    -0.04143720 
62.557856    -0.04718629 
62.913865    -0.05194896 
63.269496    -0.05603022 
63.625231    -0.05971585 
63.981958    -0.06320530 
64.339379    -0.06690592 
64.696410    -0.07091711 
65.052185    -0.07501096 
65.406199    -0.07895605 
65.758866    -0.08235023 
66.112276    -0.08426853 
66.469659    -0.08373944 
66.834340    -0.07980532 
67.208644    -0.07152530 
67.592582    -0.05852381 
67.983225    -0.04138709 
68.375429    -0.02111847 
68.762961    0.00157022 
69.138860    0.02519949 
69.496369    0.04957865 
69.829342    0.07536931 
70.130340    0.10244411 
70.391155    0.13052484 
70.609196    0.15812049 
70.793215    0.18297553 
70.962529    0.20387929 
71.144585    0.22010773 
71.376526    0.22679882 
71.688223    0.20533665 
72.035587    0.13831155 
72.346178    0.05850257 
72.609135    -0.00486794 
72.836030    -0.05190215 
73.037868    -0.08780653 
73.222579    -0.11634156 
73.396990    -0.13969800 
73.568538    -0.15891895 
