0.000000    0.00000000 
0.400000    0.02709437 
0.800000    0.05056941 
1.200000    0.06908981 
1.600000    0.08218810 
2.000000    0.08974194 
2.400000    0.09186858 
2.800000    0.08884261 
3.200000    0.08098849 
3.600000    0.06853683 
4.000000    0.05153594 
4.400000    0.02988802 
4.800000    0.00381175 
5.200000    -0.02416428 
5.600000    -0.04476759 
6.000000    -0.04378692 
6.400000    -0.02118273 
6.800000    0.00919443 
7.200000    0.03820602 
7.600000    0.06278255 
8.000000    0.08182332 
8.400000    0.09472005 
8.800000    0.10124325 
9.200000    0.10160316 
9.600000    0.09634190 
10.000000    0.08609430 
10.400000    0.07135957 
10.800000    0.05235505 
11.200000    0.02903994 
11.600000    0.00169222 
12.000000    -0.02681588 
12.400000    -0.04634081 
12.800000    -0.04289007 
13.200000    -0.01864896 
13.600000    0.01203065 
14.000000    0.04076182 
14.400000    0.06489243 
14.800000    0.08344418 
15.200000    0.09584163 
15.600000    0.10187592 
16.000000    0.10178144 
16.400000    0.09612693 
16.800000    0.08557703 
17.200000    0.07065982 
17.600000    0.05161832 
18.000000    0.02845062 
18.400000    0.00149195 
18.800000    -0.02637071 
19.200000    -0.04535562 
19.600000    -0.04225236 
20.000000    -0.01909409 
20.400000    0.01042882 
20.800000    0.03808030 
21.200000    0.06123322 
21.600000    0.07901074 
22.000000    0.09095274 
22.400000    0.09690162 
22.800000    0.09706138 
23.200000    0.09191807 
23.600000    0.08204001 
24.000000    0.06788087 
24.400000    0.04965645 
24.800000    0.02739693 
25.200000    0.00151909 
25.600000    -0.02512554 
26.000000    -0.04345454 
26.400000    -0.04133141 
26.800000    -0.02010612 
27.200000    0.00766836 
27.600000    0.03386757 
28.000000    0.05578913 
28.400000    0.07263253 
28.800000    0.08406234 
29.200000    0.08997911 
29.600000    0.09054172 
30.000000    0.08611858 
30.400000    0.07714515 
30.800000    0.06397237 
31.200000    0.04676934 
31.600000    0.02559168 
32.000000    0.00095032 
32.400000    -0.02428333 
32.800000    -0.04161310 
33.200000    -0.04002505 
33.600000    -0.02049135 
34.000000    0.00560590 
34.400000    0.03042544 
34.800000    0.05121460 
35.200000    0.06719676 
35.600000    0.07811058 
36.000000    0.08389678 
36.400000    0.08468328 
36.800000    0.08075060 
37.200000    0.07242739 
37.600000    0.05997325 
38.000000    0.04350938 
38.400000    0.02311363 
38.800000    -0.00058265 
39.200000    -0.02453919 
39.600000    -0.04048140 
40.000000    -0.03842840 
40.400000    -0.01969293 
40.800000    0.00517326 
41.200000    0.02882825 
41.600000    0.04861589 
42.000000    0.06379517 
42.400000    0.07415068 
42.800000    0.07965038 
43.200000    0.08040675 
43.600000    0.07664436 
44.000000    0.06861612 
44.400000    0.05651039 
44.800000    0.04040542 
45.200000    0.02039700 
45.600000    -0.00274745 
46.000000    -0.02569863 
46.400000    -0.04009036 
46.800000    -0.03681658 
47.200000    -0.01801844 
47.600000    0.00619672 
48.000000    0.02905287 
48.400000    0.04809684 
48.800000    0.06264226 
49.200000    0.07249866 
49.600000    0.07764546 
50.000000    0.07818573 
50.400000    0.07431213 
50.800000    0.06623192 
51.200000    0.05408669 
51.600000    0.03792390 
52.000000    0.01785822 
52.400000    -0.00519361 
52.800000    -0.02750755 
53.200000    -0.04034980 
53.600000    -0.03533301 
54.000000    -0.01575719 
54.400000    0.00838618 
54.800000    0.03086332 
55.200000    0.04947491 
55.600000    0.06360002 
56.000000    0.07305879 
56.400000    0.07783123 
56.800000    0.07801741 
57.200000    0.07379998 
57.600000    0.06536794 
58.000000    0.05283922 
58.400000    0.03624195 
58.800000    0.01570886 
59.200000    -0.00768523 
59.600000    -0.02972562 
60.000000    -0.04107452 
60.400000    -0.03397038 
60.800000    -0.01311152 
61.200000    0.01141215 
61.600000    0.03386305 
62.000000    0.05230564 
62.400000    0.06618638 
62.800000    0.07533122 
63.200000    0.07972241 
63.600000    0.07947042 
64.000000    0.07476926 
64.400000    0.06581171 
64.800000    0.05270709 
65.200000    0.03546557 
65.600000    0.01422032 
66.000000    -0.00982641 
66.400000    -0.03195597 
66.800000    -0.04207626 
67.200000    -0.03288506 
67.600000    -0.01049441 
68.000000    0.01477201 
68.400000    0.03756104 
68.800000    0.05614509 
69.200000    0.07000594 
69.600000    0.07895731 
70.000000    0.08298321 
70.400000    0.08222161 
70.800000    0.07690646 
71.200000    0.06726553 
71.600000    0.05342537 
72.000000    0.03539160 
72.400000    0.01329143 
72.800000    -0.01157527 
73.200000    -0.03401178 
73.600000    -0.04313005 
74.000000    -0.03200598 
74.400000    -0.00809621 
74.800000    0.01802334 
75.200000    0.04130847 
75.600000    0.06018837 
76.000000    0.07415489 
76.400000    0.08299937 
76.800000    0.08670885 
77.200000    0.08545886 
77.600000    0.07953816 
78.000000    0.06922518 
78.400000    0.05467676 
78.800000    0.03589981 
79.200000    0.01300335 
79.600000    -0.01267193 
80.000000    -0.03557689 
80.400000    -0.04410916 
80.800000    -0.03151521 
81.200000    -0.00631747 
81.600000    0.02063996 
82.000000    0.04449800 
82.400000    0.06377182 
82.800000    0.07793613 
83.200000    0.08675197 
83.600000    0.09021074 
84.000000    0.08853194 
84.400000    0.08206816 
84.800000    0.07115855 
85.200000    0.05600068 
85.600000    0.03661253 
86.000000    0.01308668 
86.400000    -0.01323157 
86.800000    -0.03658252 
87.200000    -0.04484817 
87.600000    -0.03131678 
88.000000    -0.00523232 
88.400000    0.02234200 
88.800000    0.04664407 
89.200000    0.06623079 
89.600000    0.08055532 
90.000000    0.08935416 
90.400000    0.09262420 
90.800000    0.09062274 
91.200000    0.08375607 
91.600000    0.07241509 
92.000000    0.05683480 
92.400000    0.03705026 
92.800000    0.01315282 
93.200000    -0.01350556 
93.600000    -0.03706067 
94.000000    -0.04516670 
94.400000    -0.03119195 
94.800000    -0.00474122 
95.200000    0.02304427 
95.600000    0.04746358 
96.000000    0.06710284 
96.400000    0.08141553 
96.800000    0.09013605 
97.200000    0.09326972 
97.600000    0.09109314 
98.000000    0.08403647 
98.400000    0.07251299 
98.800000    0.05677550 
99.200000    0.03687311 
99.600000    0.01291393 
100.000000    -0.01371721 
100.400000    -0.03711289 
100.800000    -0.04499672 
101.200000    -0.03096345 
101.600000    -0.00465184 
102.000000    0.02290873 
102.400000    0.04707728 
102.800000    0.06646861 
103.200000    0.08056209 
103.600000    0.08911361 
104.000000    0.09213904 
104.400000    0.08991328 
104.800000    0.08285689 
105.200000    0.07137207 
105.600000    0.05570569 
106.000000    0.03591445 
106.400000    0.01214248 
106.800000    -0.01414462 
107.200000    -0.03698402 
107.600000    -0.04438442 
108.000000    -0.03042125 
108.400000    -0.00459637 
108.800000    0.02238108 
109.200000    0.04597960 
109.600000    0.06485560 
110.000000    0.07853433 
110.400000    0.08681052 
110.800000    0.08971290 
111.200000    0.08749964 
111.600000    0.08055608 
112.000000    0.06924615 
112.400000    0.05378950 
112.800000    0.03424209 
113.200000    0.01079868 
113.600000    -0.01494307 
114.000000    -0.03690411 
114.400000    -0.04347912 
114.800000    -0.02947927 
115.200000    -0.00425869 
115.600000    0.02195387 
116.000000    0.04480928 
116.400000    0.06302196 
116.800000    0.07616796 
117.200000    0.08408419 
117.600000    0.08681225 
118.000000    0.08458853 
118.400000    0.07775358 
118.800000    0.06662162 
119.200000    0.05137490 
119.600000    0.03206446 
120.000000    0.00894862 
120.400000    -0.01619008 
120.800000    -0.03705919 
121.200000    -0.04244373 
121.600000    -0.02812008 
122.000000    -0.00341077 
122.400000    0.02202733 
122.800000    0.04410728 
123.200000    0.06162307 
123.600000    0.07419822 
124.000000    0.08170517 
124.400000    0.08419574 
124.800000    0.08188555 
125.200000    0.07507233 
125.600000    0.06402124 
126.000000    0.04887582 
126.400000    0.02968155 
126.800000    0.00677038 
127.200000    -0.01784120 
127.600000    -0.03753386 
128.000000    -0.04142176 
128.400000    -0.02641471 
128.800000    -0.00197546 
129.200000    0.02282441 
129.600000    0.04421719 
130.000000    0.06109513 
130.400000    0.07312292 
130.800000    0.08019944 
131.200000    0.08238549 
131.600000    0.07988313 
132.000000    0.07295812 
132.400000    0.06183602 
132.800000    0.04662659 
133.200000    0.02737042 
133.600000    0.00447808 
134.000000    -0.01976228 
134.400000    -0.03830003 
134.800000    -0.04049672 
135.200000    -0.02449042 
135.600000    -0.00003219 
136.000000    0.02435208 
136.400000    0.04523285 
136.800000    0.06160670 
137.200000    0.07316900 
137.600000    0.07983391 
138.000000    0.08166961 
138.400000    0.07887357 
138.800000    0.07169433 
139.200000    0.06033214 
139.600000    0.04487205 
140.000000    0.02535165 
140.400000    0.00226062 
140.800000    -0.02181448 
141.200000    -0.03929817 
141.600000    -0.03971066 
142.000000    -0.02246343 
142.400000    0.00229137 
142.800000    0.02650810 
143.200000    0.04708403 
143.600000    0.06311490 
144.000000    0.07431568 
144.400000    0.08060735 
144.800000    0.08206650 
145.200000    0.07889671 
145.600000    0.07134501 
146.000000    0.05960119 
146.400000    0.04373458 
146.800000    0.02377921 
147.200000    0.00029521 
147.600000    -0.02382826 
148.000000    -0.04042876 
148.400000    -0.03909343 
148.800000    -0.02048084 
149.200000    0.00479344 
149.600000    0.02908099 
150.000000    0.04956619 
150.400000    0.06542556 
150.800000    0.07638042 
151.200000    0.08235193 
151.600000    0.08342843 
152.000000    0.07983159 
152.400000    0.07182309 
152.800000    0.05959738 
153.200000    0.04321724 
153.600000    0.02271163 
154.000000    -0.00130494 
154.400000    -0.02566144 
154.800000    -0.04158870 
155.200000    -0.03865452 
155.600000    -0.01867418 
156.000000    0.00725620 
156.400000    0.03179856 
156.800000    0.05237011 
157.200000    0.06820348 
157.600000    0.07901373 
158.000000    0.08471836 
158.400000    0.08542225 
158.800000    0.08137667 
159.200000    0.07287227 
159.600000    0.06012141 
160.000000    0.04318900 
160.400000    0.02209810 
160.800000    -0.00250114 
161.200000    -0.02719928 
161.600000    -0.04265907 
162.000000    -0.03837134 
162.400000    -0.01715456 
162.800000    0.00944974 
163.200000    0.03433429 
163.600000    0.05509139 
164.000000    0.07098636 
164.400000    0.08171989 
164.800000    0.08720501 
165.200000    0.08756709 
165.600000    0.08309392 
166.000000    0.07411321 
166.400000    0.06086321 
166.800000    0.04341724 
167.200000    0.02179383 
167.600000    -0.00333563 
168.000000    -0.02837802 
168.400000    -0.04352554 
168.800000    -0.03818674 
169.200000    -0.01598238 
169.600000    0.01118840 
170.000000    0.03638569 
170.400000    0.05732516 
170.800000    0.07328907 
171.200000    0.08396347 
171.600000    0.08925967 
172.000000    0.08932501 
172.400000    0.08448351 
172.800000    0.07509939 
173.200000    0.06143724 
173.600000    0.04358182 
174.000000    0.02155209 
174.400000    -0.00396042 
174.800000    -0.02922161 
175.200000    -0.04409087 
175.600000    -0.03798112 
176.000000    -0.01511772 
176.400000    0.01239010 
176.800000    0.03774279 
177.200000    0.05874500 
177.600000    0.07469327 
178.000000    0.08526853 
178.400000    0.09038625 
178.800000    0.09021259 
179.200000    0.08509781 
179.600000    0.07543074 
180.000000    0.06149343 
180.400000    0.04337979 
180.800000    0.02111661 
181.200000    -0.00457040 
181.600000    -0.02982157 
182.000000    -0.04430776 
182.400000    -0.03762166 
182.800000    -0.01444116 
183.200000    0.01310464 
183.600000    0.03837102 
184.000000    0.05923678 
184.400000    0.07502063 
184.800000    0.08541409 
185.200000    0.09034397 
185.600000    0.08998832 
186.000000    0.08470653 
186.400000    0.07489236 
186.800000    0.06082952 
187.200000    0.04261457 
187.600000    0.02029034 
188.000000    -0.00535673 
188.400000    -0.03032276 
188.800000    -0.04420272 
189.200000    -0.03699783 
189.600000    -0.01377232 
190.000000    0.01352058 
190.400000    0.03844393 
190.800000    0.05895475 
191.200000    0.07440636 
191.600000    0.08451665 
192.000000    0.08923012 
192.400000    0.08872903 
192.800000    0.08336400 
193.200000    0.07351279 
193.600000    0.05944338 
194.000000    0.04124663 
194.400000    0.01898886 
194.800000    -0.00644986 
195.200000    -0.03087471 
195.600000    -0.04386456 
196.000000    -0.03605795 
196.400000    -0.01292895 
196.800000    0.01390331 
197.200000    0.03828398 
197.600000    0.05826561 
198.000000    0.07324648 
198.400000    0.08298047 
198.800000    0.08743344 
199.200000    0.08678674 
199.600000    0.08137011 
200.000000    0.07153063 
200.400000    0.05750763 
200.800000    0.03937953 
201.200000    0.01724273 
201.600000    -0.00789540 
202.000000    -0.03158615 
202.400000    -0.04340319 
202.800000    -0.03481365 
203.200000    -0.01178375 
203.600000    0.01449978 
204.000000    0.03823748 
204.400000    0.05760022 
204.800000    0.07203599 
205.200000    0.08133526 
205.600000    0.08548424 
206.000000    0.08466052 
206.400000    0.07916830 
206.800000    0.06931832 
207.200000    0.05531573 
207.600000    0.03722363 
208.000000    0.01517496 
208.400000    -0.00966368 
208.800000    -0.03251778 
209.200000    -0.04292556 
209.600000    -0.03332074 
210.000000    -0.01027291 
210.400000    0.01549621 
210.800000    0.03859623 
211.200000    0.05733768 
211.600000    0.07121863 
212.000000    0.08006077 
212.400000    0.08386727 
212.800000    0.08281218 
213.200000    0.07717653 
213.600000    0.06723713 
214.000000    0.05316609 
214.400000    0.03501169 
214.800000    0.01294867 
215.200000    -0.01166926 
215.600000    -0.03366927 
216.000000    -0.04250160 
216.400000    -0.03165547 
216.800000    -0.00840724 
217.200000    0.01697156 
217.600000    0.03952336 
218.000000    0.05771100 
218.400000    0.07107911 
218.800000    0.07947276 
219.200000    0.08290851 
219.600000    0.08155991 
220.000000    0.07569221 
220.400000    0.06555630 
220.800000    0.05129689 
221.200000    0.03294974 
221.600000    0.01073437 
222.000000    -0.01378830 
222.400000    -0.03498456 
222.800000    -0.04216125 
223.200000    -0.02990677 
223.600000    -0.00626933 
224.000000    0.01888931 
224.400000    0.04103643 
224.800000    0.05878640 
225.200000    0.07172301 
225.600000    0.07970604 
226.000000    0.08276244 
226.400000    0.08106984 
226.800000    0.07488737 
227.200000    0.06445051 
227.600000    0.04988413 
228.000000    0.03121376 
228.400000    0.00870186 
228.800000    -0.01587649 
229.200000    -0.03638375 
229.600000    -0.04192688 
230.000000    -0.02818063 
230.400000    -0.00398660 
230.800000    0.02114283 
231.200000    0.04306211 
231.600000    0.06052202 
232.000000    0.07313400 
232.400000    0.08076395 
232.800000    0.08344776 
233.200000    0.08137364 
233.600000    0.07480610 
234.000000    0.06397733 
234.400000    0.04900113 
234.800000    0.02989480 
235.200000    0.00695777 
235.600000    -0.01782671 
236.000000    -0.03779537 
236.400000    -0.04180219 
236.800000    -0.02655613 
237.200000    -0.00168245 
237.600000    0.02358996 
238.000000    0.04544979 
238.400000    0.06276063 
238.800000    0.07514864 
239.200000    0.08247947 
239.600000    0.08479932 
240.000000    0.08231540 
240.400000    0.07530994 
240.800000    0.06402423 
241.200000    0.04856997 
241.600000    0.02895875 
242.000000    0.00551984 
242.400000    -0.01957041 
242.800000    -0.03913015 
243.200000    -0.04174154 
243.600000    -0.02507786 
244.000000    0.00050779 
244.400000    0.02602120 
244.800000    0.04793012 
245.200000    0.06518564 
245.600000    0.07741846 
246.000000    0.08449119 
246.400000    0.08646319 
246.800000    0.08356764 
247.200000    0.07611334 
247.600000    0.06435935 
248.000000    0.04842193 
248.400000    0.02830935 
248.800000    0.00437430 
249.200000    -0.02103826 
249.600000    -0.04027767 
250.000000    -0.04168770 
250.400000    -0.02380037 
250.800000    0.00242121 
251.200000    0.02818399 
251.600000    0.05017840 
252.000000    0.06741911 
252.400000    0.07953534 
252.800000    0.08638657 
253.200000    0.08804679 
253.600000    0.08477693 
254.000000    0.07691453 
254.400000    0.06473904 
254.800000    0.04837426 
255.200000    0.02782746 
255.600000    0.00347117 
256.000000    -0.02220807 
256.400000    -0.04117105 
256.800000    -0.04159713 
257.200000    -0.02274666 
257.600000    0.00396039 
258.000000    0.02990867 
258.400000    0.05195974 
258.800000    0.06917346 
259.200000    0.08117697 
259.600000    0.08782910 
260.000000    0.08921847 
260.400000    0.08563086 
260.800000    0.07742863 
261.200000    0.06490873 
261.600000    0.04820234 
262.000000    0.02731906 
262.400000    0.00265595 
262.800000    -0.02316961 
263.200000    -0.04180620 
263.600000    -0.04138945 
264.000000    -0.02182795 
264.400000    0.00516437 
264.800000    0.03115981 
265.200000    0.05316053 
265.600000    0.07026435 
266.000000    0.08210310 
266.400000    0.08854163 
266.800000    0.08968314 
267.200000    0.08583176 
267.600000    0.07736527 
268.000000    0.06458986 
268.400000    0.04764037 
268.800000    0.02653325 
269.200000    0.00170628 
269.600000    -0.02407398 
270.000000    -0.04219754 
270.400000    -0.04094275 
270.800000    -0.02088281 
271.200000    0.00615087 
271.600000    0.03198077 
272.000000    0.05374709 
272.400000    0.07059043 
272.800000    0.08216067 
273.200000    0.08833820 
273.600000    0.08923990 
274.000000    0.08517764 
274.400000    0.07652978 
274.800000    0.06359809 
275.200000    0.04651360 
275.600000    0.02530390 
276.000000    0.00047157 
276.400000    -0.02502813 
276.800000    -0.04236338 
277.200000    -0.04018128 
277.600000    -0.01979136 
278.000000    0.00703841 
278.400000    0.03247251 
278.800000    0.05380388 
279.200000    0.07022583 
279.600000    0.08141955 
280.000000    0.08728851 
280.400000    0.08795981 
280.800000    0.08374010 
281.200000    0.07499141 
281.600000    0.06199571 
282.000000    0.04487108 
282.400000    0.02365903 
282.800000    -0.00104974 
283.200000    -0.02606861 
283.600000    -0.04236573 
284.000000    -0.03914583 
284.400000    -0.01851707 
284.800000    0.00795222 
285.200000    0.03284244 
285.600000    0.05361441 
286.000000    0.06951988 
286.400000    0.08027618 
286.800000    0.08581084 
287.200000    0.08625625 
287.600000    0.08190431 
288.000000    0.07308945 
288.400000    0.06006380 
288.800000    0.04292640 
289.200000    0.02173492 
289.600000    -0.00281180 
290.000000    -0.02724972 
290.400000    -0.04232990 
290.800000    -0.03792580 
291.200000    -0.01701637 
291.600000    0.00907890 
292.000000    0.03339907 
292.400000    0.05358733 
292.800000    0.06895491 
293.200000    0.07925240 
293.600000    0.08442850 
294.000000    0.08461912 
294.400000    0.08010032 
294.800000    0.07117796 
295.200000    0.05807307 
295.600000    0.04086479 
296.000000    0.01963054 
296.400000    -0.00480207 
296.800000    -0.02863409 
297.200000    -0.04234604 
297.600000    -0.03655975 
298.000000    -0.01522971 
298.400000    0.01057030 
298.800000    0.03436706 
299.200000    0.05400237 
299.600000    0.06884743 
300.000000    0.07868086 
300.400000    0.08346925 
300.800000    0.08335316 
301.200000    0.07859712 
301.600000    0.06948345 
302.000000    0.05620573 
302.400000    0.03882518 
302.800000    0.01744290 
303.200000    -0.00696465 
303.600000    -0.03020347 
304.000000    -0.04242595 
304.400000    -0.03507557 
304.800000    -0.01317104 
305.200000    0.01244773 
305.600000    0.03580631 
306.000000    0.05495282 
306.400000    0.06931608 
306.800000    0.07869658 
307.200000    0.08307564 
307.600000    0.08260077 
308.000000    0.07753142 
308.400000    0.06813382 
308.800000    0.05457998 
309.200000    0.03691655 
309.600000    0.01527219 
310.000000    -0.00920998 
310.400000    -0.03188674 
310.800000    -0.04254055 
311.200000    -0.03350619 
311.600000    -0.01090884 
312.000000    0.01464178 
312.400000    0.03766017 
312.800000    0.05639583 
313.200000    0.07032964 
313.600000    0.07927855 
314.000000    0.08323711 
314.400000    0.08236357 
314.800000    0.07691961 
315.200000    0.06716356 
315.600000    0.05325232 
316.000000    0.03522144 
316.400000    0.01322908 
316.800000    -0.01140527 
317.200000    -0.03355961 
317.600000    -0.04264204 
318.000000    -0.03192097 
318.400000    -0.00858755 
318.800000    0.01698483 
319.200000    0.03976406 
319.600000    0.05818129 
320.000000    0.07175994 
320.400000    0.08032750 
320.800000    0.08388972 
321.200000    0.08261774 
321.600000    0.07678083 
322.000000    0.06663582 
322.400000    0.05232962 
322.800000    0.03388811 
323.200000    0.01149464 
323.600000    -0.01336520 
324.000000    -0.03510161 
324.400000    -0.04275614 
324.800000    -0.03047138 
325.200000    -0.00639282 
325.600000    0.01931259 
326.000000    0.04199384 
326.400000    0.06022831 
326.800000    0.07356625 
327.200000    0.08183709 
327.600000    0.08505452 
328.000000    0.08340480 
328.400000    0.07717114 
328.800000    0.06661675 
329.200000    0.05188506 
329.600000    0.03299420 
330.000000    0.01014512 
330.400000    -0.01503180 
330.800000    -0.03650471 
331.200000    -0.04293433 
331.600000    -0.02922495 
332.000000    -0.00438146 
332.400000    0.02157559 
332.800000    0.04429896 
333.200000    0.06247654 
333.600000    0.07567023 
334.000000    0.08370509 
334.400000    0.08660337 
334.800000    0.08457277 
335.200000    0.07791999 
335.600000    0.06692473 
336.000000    0.05173520 
336.400000    0.03236607 
336.800000    0.00903378 
337.200000    -0.01649805 
337.600000    -0.03777559 
338.000000    -0.04309832 
338.400000    -0.02809070 
338.800000    -0.00253139 
339.200000    0.02369198 
339.600000    0.04648899 
340.000000    0.06463517 
340.400000    0.07769807 
340.800000    0.08549979 
341.200000    0.08807563 
341.600000    0.08566006 
342.000000    0.07858838 
342.400000    0.06716119 
342.800000    0.05153550 
343.200000    0.03172689 
343.600000    0.00797243 
344.000000    -0.01782953 
344.400000    -0.03883607 
344.800000    -0.04309827 
345.200000    -0.02698537 
345.600000    -0.00089622 
346.000000    0.02546587 
346.400000    0.04824201 
346.800000    0.06628259 
347.200000    0.07916431 
347.600000    0.08671288 
348.000000    0.08897910 
348.400000    0.08622101 
348.800000    0.07879602 
349.200000    0.06701912 
349.600000    0.05105246 
350.000000    0.03091428 
350.400000    0.00687102 
350.800000    -0.01903708 
351.200000    -0.03962745 
351.600000    -0.04286885 
352.000000    -0.02589525 
352.400000    0.00047646 
352.800000    0.02679379 
353.200000    0.04940744 
353.600000    0.06723395 
354.000000    0.07986593 
354.400000    0.08713990 
354.800000    0.08912141 
355.200000    0.08608314 
355.600000    0.07839181 
356.000000    0.06636488 
356.400000    0.05016259 
356.800000    0.02980727 
357.200000    0.00560889 
357.600000    -0.02022715 
358.000000    -0.04020550 
358.400000    -0.04238450 
358.800000    -0.02472709 
359.200000    0.00170442 
359.600000    0.02778652 
360.000000    0.05007592 
360.400000    0.06755490 
360.800000    0.07984173 
361.200000    0.08679229 
361.600000    0.08848730 
362.000000    0.08520590 
362.400000    0.07731143 
362.800000    0.06511163 
363.200000    0.04875734 
363.600000    0.02827741 
364.000000    0.00404594 
364.400000    -0.02152388 
364.800000    -0.04062583 
365.200000    -0.04159936 
365.600000    -0.02336197 
366.000000    0.00292956 
366.400000    0.02858226 
366.800000    0.05037690 
367.200000    0.06736879 
367.600000    0.07921206 
368.000000    0.08578878 
368.400000    0.08719327 
368.800000    0.08370174 
369.200000    0.07566092 
369.600000    0.06335614 
370.000000    0.04692064 
370.400000    0.02639087 
370.800000    0.00222376 
371.200000    -0.02291980 
371.600000    -0.04092472 
372.000000    -0.04057223 
372.400000    -0.02181444 
372.800000    0.00421845 
373.200000    0.02933260 
373.600000    0.05054471 
374.000000    0.06698582 
374.400000    0.07834776 
374.800000    0.08453788 
375.200000    0.08565949 
375.600000    0.08197817 
376.000000    0.07381558 
376.400000    0.06142709 
376.800000    0.04492333 
377.200000    0.02434893 
377.600000    0.00025656 
378.000000    -0.02441117 
378.400000    -0.04120963 
378.800000    -0.03943359 
379.200000    -0.02011045 
379.600000    0.00569172 
380.000000    0.03029310 
380.400000    0.05094869 
380.800000    0.06686215 
381.200000    0.07775707 
381.600000    0.08356085 
382.000000    0.08438332 
382.400000    0.08047973 
382.800000    0.07214827 
383.200000    0.05961578 
383.600000    0.04297107 
384.000000    0.02226886 
384.400000    -0.00182999 
384.800000    -0.02605795 
385.200000    -0.04158086 
385.600000    -0.03823641 
386.000000    -0.01820216 
386.400000    0.00749040 
386.800000    0.03167447 
387.200000    0.05184789 
387.600000    0.06728416 
388.000000    0.07773156 
388.400000    0.08313327 
388.800000    0.08360722 
389.200000    0.07940461 
389.600000    0.07080804 
390.000000    0.05802239 
390.400000    0.04111862 
390.800000    0.02016550 
391.200000    -0.00405148 
391.600000    -0.02788338 
392.000000    -0.04203477 
392.400000    -0.03694640 
392.800000    -0.01604812 
393.200000    0.00965142 
393.600000    0.03350483 
394.000000    0.05325712 
394.400000    0.06824953 
394.800000    0.07825050 
395.200000    0.08321783 
395.600000    0.08328163 
396.000000    0.07869684 
396.400000    0.06973897 
396.800000    0.05659782 
397.200000    0.03933107 
397.600000    0.01802714 
398.000000    -0.00638337 
398.400000    -0.02981297 
398.800000    -0.04246919 
399.200000    -0.03551513 
399.600000    -0.01369122 
400.000000    0.01206225 
400.400000    0.03562475 
400.800000    0.05498363 
401.200000    0.06954424 
401.600000    0.07909343 
402.000000    0.08360438 
402.400000    0.08322280 
402.800000    0.07821220 
403.200000    0.06884600 
403.600000    0.05530280 
404.000000    0.03762978 
404.400000    0.01593917 
404.800000    -0.00867950 
405.200000    -0.03167275 
405.600000    -0.04278159 
406.000000    -0.03400036 
406.400000    -0.01130978 
406.800000    0.01449633 
407.200000    0.03779964 
407.600000    0.05680514 
408.000000    0.07097319 
408.400000    0.08010552 
408.800000    0.08418895 
409.200000    0.08338414 
409.600000    0.07796362 
410.000000    0.06820003 
410.400000    0.05426223 
410.800000    0.03618739 
411.200000    0.01410980 
411.600000    -0.01072767 
412.000000    -0.03332281 
412.400000    -0.04300287 
412.800000    -0.03258018 
413.200000    -0.00910587 
413.600000    0.01679724 
414.000000    0.03993810 
414.400000    0.05869668 
414.800000    0.07257168 
415.200000    0.08137157 
415.600000    0.08509231 
416.000000    0.08390830 
416.400000    0.07810300 
416.800000    0.06795215 
417.200000    0.05361871 
417.600000    0.03513120 
418.000000    0.01264093 
418.400000    -0.01247249 
418.800000    -0.03478663 
419.200000    -0.04323010 
419.600000    -0.03134175 
420.000000    -0.00710657 
420.400000    0.01898793 
420.800000    0.04209438 
421.200000    0.06072690 
421.600000    0.07440608 
422.000000    0.08293995 
422.400000    0.08633256 
422.800000    0.08477611 
423.200000    0.07857241 
423.600000    0.06800864 
424.000000    0.05324907 
424.400000    0.03431780 
424.800000    0.01138278 
425.200000    -0.01404527 
425.600000    -0.03613288 
426.000000    -0.04342846 
426.400000    -0.03017976 
426.800000    -0.00522411 
427.200000    0.02108309 
427.600000    0.04419270 
428.000000    0.06272914 
428.400000    0.07622789 
428.800000    0.08449706 
429.200000    0.08755287 
429.600000    0.08561076 
430.000000    0.07899631 
430.400000    0.06801284 
430.800000    0.05282994 
431.200000    0.03347152 
431.600000    0.01012842 
432.000000    -0.01554812 
432.400000    -0.03732167 
432.800000    -0.04345565 
433.200000    -0.02898060 
433.600000    -0.00346241 
434.000000    0.02294363 
434.400000    0.04596996 
434.800000    0.06433911 
435.200000    0.07760381 
435.600000    0.08557867 
436.000000    0.08829558 
436.400000    0.08599181 
436.800000    0.07901195 
437.200000    0.06767012 
437.600000    0.05213795 
438.000000    0.03244048 
438.400000    0.00880030 
438.800000    -0.01697734 
439.200000    -0.03827973 
439.600000    -0.04323962 
440.000000    -0.02773967 
440.400000    -0.00188769 
440.800000    0.02444614 
441.200000    0.04725919 
441.600000    0.06536191 
442.000000    0.07832940 
442.400000    0.08598931 
442.800000    0.08838905 
443.200000    0.08578007 
443.600000    0.07851450 
444.000000    0.06690626 
444.400000    0.05112189 
444.800000    0.03118744 
445.200000    0.00736736 
445.600000    -0.01836160 
446.000000    -0.03903363 
446.400000    -0.04279933 
446.800000    -0.02644585 
447.200000    -0.00045299 
447.600000    0.02566217 
448.000000    0.04814822 
448.400000    0.06589642 
448.800000    0.07850870 
449.200000    0.08583065 
449.600000    0.08792426 
450.000000    0.08504794 
450.400000    0.07755102 
450.800000    0.06573742 
451.200000    0.04976237 
451.600000    0.02965387 
452.000000    0.00573243 
452.400000    -0.01982092 
452.800000    -0.03967817 
453.200000    -0.04214003 
453.600000    -0.02499945 
454.000000    0.00100476 
454.400000    0.02678039 
454.800000    0.04883338 
455.200000    0.06613648 
455.600000    0.07832334 
456.000000    0.08526194 
456.400000    0.08702913 
456.800000    0.08388579 
457.200000    0.07617127 
457.600000    0.06417215 
458.000000    0.04802771 
458.400000    0.02777048 
458.800000    0.00379693 
459.200000    -0.02145744 
459.600000    -0.04026826 
460.000000    -0.04123158 
460.400000    -0.02329866 
460.800000    0.00262211 
461.200000    0.02794811 
461.600000    0.04946427 
462.000000    0.06623090 
462.400000    0.07791815 
462.800000    0.08441961 
463.200000    0.08582692 
463.600000    0.08239977 
464.000000    0.07446167 
464.400000    0.06227591 
464.800000    0.04596217 
465.200000    0.02556112 
465.600000    0.00156781 
466.000000    -0.02327137 
466.400000    -0.04080249 
466.800000    -0.04007458 
467.200000    -0.02133032 
467.600000    0.00444476 
468.000000    0.02924765 
468.400000    0.05015948 
468.800000    0.06633219 
469.200000    0.07747384 
469.600000    0.08350353 
470.000000    0.08452588 
470.400000    0.08079615 
470.800000    0.07261819 
471.200000    0.06022833 
471.600000    0.04372474 
472.000000    0.02316025 
472.400000    -0.00085037 
472.800000    -0.02519847 
473.200000    -0.04127840 
473.600000    -0.03872925 
474.000000    -0.01915132 
474.400000    0.00647364 
474.800000    0.03075119 
475.200000    0.05105968 
475.600000    0.06664050 
476.000000    0.07723613 
476.400000    0.08278764 
476.800000    0.08341035 
477.200000    0.07935421 
477.600000    0.07090352 
478.000000    0.05826808 
478.400000    0.04152526 
478.800000    0.02074385 
479.200000    -0.00332527 
479.600000    -0.02716961 
480.000000    -0.04171524 
480.400000    -0.03728386 
480.800000    -0.01683679 
481.200000    0.00869896 
481.600000    0.03252379 
482.000000    0.05229831 
482.400000    0.06734520 
482.800000    0.07743421 
483.200000    0.08252335 
483.600000    0.08273754 
484.000000    0.07832401 
484.400000    0.06955211 
484.800000    0.05660940 
485.200000    0.03955528 
485.600000    0.01847664 
486.000000    -0.00573064 
486.400000    -0.02912165 
486.800000    -0.04213909 
487.200000    -0.03582827 
487.600000    -0.01446853 
488.000000    0.01108701 
488.400000    0.03458723 
488.800000    0.05394735 
489.200000    0.06855822 
489.600000    0.07820768 
490.000000    0.08286582 
490.400000    0.08266801 
490.800000    0.07786445 
491.200000    0.06871738 
491.600000    0.05539914 
492.000000    0.03795473 
492.400000    0.01648842 
492.800000    -0.00795957 
493.200000    -0.03099923 
493.600000    -0.04257417 
494.000000    -0.03444346 
494.400000    -0.01213082 
494.800000    0.01357700 
495.200000    0.03690997 
495.600000    0.05600132 
496.000000    0.07029338 
496.400000    0.07958228 
496.800000    0.08384654 
497.200000    0.08323506 
497.600000    0.07800918 
498.000000    0.06843406 
498.400000    0.05467527 
498.800000    0.03676741 
499.200000    0.01482944 
499.600000    -0.00996184 
500.000000    -0.03277066 
500.400000    -0.04302684 
500.800000    -0.03316770 
501.200000    -0.00987983 
501.600000    0.01609850 
502.000000    0.03940791 
502.400000    0.05836119 
502.800000    0.07243505 
503.200000    0.08142600 
503.600000    0.08532017 
504.000000    0.08428546 
504.400000    0.07860388 
504.800000    0.06855390 
505.200000    0.05430293 
505.600000    0.03587973 
506.000000    0.01341696 
506.400000    -0.01177702 
506.800000    -0.03442198 
507.200000    -0.04344225 
507.600000    -0.03195445 
508.000000    -0.00772662 
508.400000    0.01856253 
508.800000    0.04191284 
509.200000    0.06078471 
509.600000    0.07467733 
510.000000    0.08338528 
510.400000    0.08690549 
510.800000    0.08543109 
511.200000    0.07927189 
511.600000    0.06872642 
512.000000    0.05396943 
512.400000    0.03502840 
512.800000    0.01205469 
513.200000    -0.01350338 
513.600000    -0.03591952 
514.000000    -0.04368708 
514.400000    -0.03069287 
514.800000    -0.00567315 
515.200000    0.02083100 
515.600000    0.04415599 
516.000000    0.06288924 
516.400000    0.07655030 
516.800000    0.08493748 
517.200000    0.08806414 
517.600000    0.08615083 
518.000000    0.07953418 
518.400000    0.06853046 
518.800000    0.05332049 
519.200000    0.03393338 
519.600000    0.01055109 
520.000000    -0.01521441 
520.400000    -0.03719453 
520.800000    -0.04361684 
521.200000    -0.02929722 
521.600000    -0.00375452 
522.000000    0.02274390 
522.400000    0.04586558 
522.800000    0.06431389 
523.200000    0.07763577 
523.600000    0.08564417 
524.000000    0.08837268 
524.400000    0.08606357 
524.800000    0.07906846 
525.200000    0.06770891 
525.600000    0.05216347 
526.000000    0.03246341 
526.400000    0.00883659 
526.800000    -0.01691161 
527.200000    -0.03819032 
527.600000    -0.04318172 
528.000000    -0.02776951 
528.400000    -0.00201280 
528.800000    0.02423057 
529.200000    0.04695182 
529.600000    0.06496268 
530.000000    0.07784644 
530.400000    0.08543983 
530.800000    0.08779573 
531.200000    0.08516631 
531.600000    0.07790103 
532.000000    0.06631030 
532.400000    0.05055956 
532.800000    0.03068134 
533.200000    0.00696331 
533.600000    -0.01857017 
534.000000    -0.03893461 
534.400000    -0.04246115 
534.800000    -0.02616145 
535.200000    -0.00041661 
535.600000    0.02540696 
536.000000    0.04760810 
536.400000    0.06509836 
536.800000    0.07750058 
537.200000    0.08467758 
537.600000    0.08669710 
538.000000    0.08381048 
538.400000    0.07635189 
538.800000    0.06460890 
539.200000    0.04872639 
539.600000    0.02873754 
540.000000    0.00500040 
540.400000    -0.02021929 
540.800000    -0.03955170 
541.200000    -0.04158846 
541.600000    -0.02448501 
542.000000    0.00117566 
542.400000    0.02654325 
542.800000    0.04820861 
543.200000    0.06517487 
543.600000    0.07710082 
544.000000    0.08387213 
544.400000    0.08556759 
544.800000    0.08243359 
545.200000    0.07478541 
545.600000    0.06288490 
546.000000    0.04685460 
546.400000    0.02672951 
546.800000    0.00294806 
547.200000    -0.02195182 
547.600000    -0.04018124 
548.000000    -0.04064058 
548.400000    -0.02267694 
548.800000    0.00295019 
549.200000    0.02791015 
549.600000    0.04908150 
550.000000    0.06555443 
550.400000    0.07701799 
550.800000    0.08337673 
551.200000    0.08472004 
551.600000    0.08129200 
552.000000    0.07339295 
552.400000    0.06126252 
552.800000    0.04500325 
553.200000    0.02465531 
553.600000    0.00075179 
554.000000    -0.02384996 
554.400000    -0.04087742 
554.800000    -0.03959539 
555.200000    -0.02064976 
555.600000    0.00502485 
556.000000    0.02963335 
556.400000    0.05034783 
556.800000    0.06634453 
557.200000    0.07733917 
557.600000    0.08325358 
558.000000    0.08419014 
558.400000    0.08039603 
558.800000    0.07216275 
559.200000    0.05971262 
559.600000    0.04313162 
560.000000    0.02247041 
560.400000    -0.00162287 
560.800000    -0.02591163 
561.200000    -0.04158180 
561.600000    -0.03838007 
562.000000    -0.01836984 
562.400000    0.00738699 
562.800000    0.03166185 
563.200000    0.05192428 
563.600000    0.06743562 
564.000000    0.07793698 
564.400000    0.08336813 
564.800000    0.08384734 
565.200000    0.07962887 
565.600000    0.07099929 
566.000000    0.05816653 
566.400000    0.04120254 
566.800000    0.02017487 
567.200000    -0.00412976 
567.600000    -0.02803843 
568.000000    -0.04218127 
568.400000    -0.03695886 
568.800000    -0.01590071 
569.200000    0.00991307 
569.600000    0.03384171 
570.000000    0.05364212 
570.400000    0.06865590 
570.800000    0.07864877 
571.200000    0.08357898 
571.600000    0.08358154 
572.000000    0.07891855 
572.400000    0.06987222 
572.800000    0.05663665 
573.200000    0.03927099 
573.600000    0.01786513 
574.000000    -0.00663643 
574.400000    -0.03008870 
574.800000    -0.04260347 
575.200000    -0.03539229 
575.600000    -0.01338246 
576.000000    0.01245040 
576.400000    0.03603724 
576.800000    0.05539387 
577.200000    0.06993171 
577.600000    0.07943775 
578.000000    0.08388698 
578.400000    0.08342965 
578.800000    0.07833461 
579.200000    0.06887944 
579.600000    0.05524460 
580.000000    0.03747727 
580.400000    0.01569234 
580.800000    -0.00899927 
581.200000    -0.03197099 
581.600000    -0.04287281 
582.000000    -0.03380292 
582.400000    -0.01094100 
582.800000    0.01491780 
583.200000    0.03822078 
583.600000    0.05720276 
584.000000    0.07132990 
584.400000    0.08040418 
584.800000    0.08441402 
585.200000    0.08352377 
585.600000    0.07800991 
586.000000    0.06814770 
586.400000    0.05410655 
586.800000    0.03592347 
587.200000    0.01373896 
587.600000    -0.01116826 
588.000000    -0.03369038 
588.400000    -0.04305599 
588.800000    -0.03226353 
589.200000    -0.00860606 
589.600000    0.01732661 
590.000000    0.04043214 
590.400000    0.05912593 
590.800000    0.07291415 
591.200000    0.08160770 
591.600000    0.08520693 
592.000000    0.08389222 
592.400000    0.07795205 
592.800000    0.06766460 
593.200000    0.05319297 
593.600000    0.03456715 
594.000000    0.01195505 
594.400000    -0.01319277 
594.800000    -0.03528221 
595.200000    -0.04315848 
595.600000    -0.03074748 
596.000000    -0.00634631 
596.400000    0.01968350 
596.800000    0.04264066 
597.200000    0.06109228 
597.600000    0.07457478 
598.000000    0.08290598 
598.400000    0.08609977 
598.800000    0.08435602 
599.200000    0.07797937 
599.600000    0.06725506 
600.000000    0.05234335 
600.400000    0.03327043 
600.800000    0.01023649 
601.200000    -0.01512546 
601.600000    -0.03673067 
602.000000    -0.04311689 
602.400000    -0.02920315 
602.800000    -0.00416538 
603.200000    0.02191471 
603.600000    0.04470418 
604.000000    0.06290094 
604.400000    0.07606762 
604.800000    0.08403097 
605.200000    0.08682086 
605.600000    0.08465749 
606.000000    0.07786118 
606.400000    0.06672330 
606.800000    0.05140108 
607.200000    0.03191892 
607.600000    0.00851652 
608.000000    -0.01697610 
608.400000    -0.03799091 
608.800000    -0.04287828 
609.200000    -0.02761835 
609.600000    -0.00210250 
610.000000    0.02393125 
610.400000    0.04649007 
610.800000    0.06438566 
611.200000    0.07720624 
611.600000    0.08479104 
612.000000    0.08718699 
612.400000    0.08463180 
612.800000    0.07745638 
613.200000    0.06595320 
613.600000    0.05027345 
614.000000    0.03044124 
614.400000    0.00674549 
614.800000    -0.01876726 
615.200000    -0.03905698 
615.600000    -0.04242715 
616.000000    -0.02597921 
616.400000    -0.00014946 
616.800000    0.02572783 
617.200000    0.04797655 
617.600000    0.06550973 
618.000000    0.07794257 
618.400000    0.08513072 
618.800000    0.08713848 
619.200000    0.08421693 
619.600000    0.07670101 
620.000000    0.06487796 
620.400000    0.04888931 
620.800000    0.02876114 
621.200000    0.00484576 
621.600000    -0.02056334 
622.000000    -0.03995611 
622.400000    -0.04174468 
622.800000    -0.02423032 
623.200000    0.00176279 
623.600000    0.02736744 
624.000000    0.04921307 
624.400000    0.06630794 
624.800000    0.07829771 
625.200000    0.08505858 
625.600000    0.08667243 
626.000000    0.08339921 
626.400000    0.07557106 
626.800000    0.06346340 
627.200000    0.04720437 
627.600000    0.02682523 
628.000000    0.00276023 
628.400000    -0.02240947 
628.800000    -0.04070164 
629.200000    -0.04081178 
629.600000    -0.02232603 
630.000000    0.00369561 
630.400000    0.02891657 
630.800000    0.05026822 
631.200000    0.06685176 
631.600000    0.07834660 
632.000000    0.08465220 
632.400000    0.08586674 
632.800000    0.08225386 
633.200000    0.07413593 
633.600000    0.06177010 
634.000000    0.04526766 
634.400000    0.02466867 
634.800000    0.00050904 
635.200000    -0.02429963 
635.600000    -0.04130455 
636.000000    -0.03965423 
636.400000    -0.02027056 
636.800000    0.00568828 
637.200000    0.03045785 
637.600000    0.05126464 
638.000000    0.06729907 
638.400000    0.07827428 
638.800000    0.08411247 
639.200000    0.08492553 
639.600000    0.08097650 
640.000000    0.07257337 
640.400000    0.05995112 
640.800000    0.04320243 
641.200000    0.02238023 
641.600000    -0.00185853 
642.000000    -0.02622827 
642.400000    -0.04180258 
642.800000    -0.03832384 
643.200000    -0.01807086 
643.600000    0.00780096 
644.000000    0.03211303 
644.400000    0.05237550 
644.800000    0.06786207 
645.200000    0.07831625 
645.600000    0.08368059 
646.000000    0.08407916 
646.400000    0.07977366 
646.800000    0.07105751 
647.200000    0.05814363 
647.600000    0.04110699 
648.000000    0.02001868 
648.400000    -0.00432241 
648.800000    -0.02820729 
649.200000    -0.04222467 
649.600000    -0.03684122 
650.000000    -0.01570931 
650.400000    0.01009399 
650.800000    0.03397680 
651.200000    0.05372057 
651.600000    0.06867572 
652.000000    0.07861212 
652.400000    0.08349083 
652.800000    0.08344853 
653.200000    0.07874781 
653.600000    0.06967041 
654.000000    0.05640973 
654.400000    0.03902553 
654.800000    0.01761343 
655.200000    -0.00686247 
655.600000    -0.03021700 
656.000000    -0.04255325 
656.400000    -0.03520446 
656.800000    -0.01319150 
657.200000    0.01256430 
657.600000    0.03605118 
658.000000    0.05530620 
658.400000    0.06974918 
658.800000    0.07917281 
659.200000    0.08355556 
659.600000    0.08304803 
660.000000    0.07791645 
660.400000    0.06843419 
660.800000    0.05477793 
661.200000    0.03699493 
661.600000    0.01521184 
662.000000    -0.00941947 
662.400000    -0.03219235 
662.800000    -0.04275175 
663.200000    -0.03343645 
663.600000    -0.01057604 
664.000000    0.01514455 
664.400000    0.03827141 
664.800000    0.05707407 
665.200000    0.07103252 
665.600000    0.07995863 
666.000000    0.08384738 
666.400000    0.08286430 
666.800000    0.07728159 
667.200000    0.06736708 
667.600000    0.05328331 
668.000000    0.03506744 
668.400000    0.01288262 
668.800000    -0.01191319 
669.200000    -0.03406244 
669.600000    -0.04280574 
670.000000    -0.03159252 
670.400000    -0.00794558 
670.800000    0.01775265 
671.200000    0.04056483 
671.600000    0.05896323 
672.000000    0.07247706 
672.400000    0.08093346 
672.800000    0.08434299 
673.200000    0.08288702 
673.600000    0.07684598 
674.000000    0.06648499 
674.400000    0.05195497 
674.800000    0.03328528 
675.200000    0.01067979 
675.600000    -0.01428451 
676.000000    -0.03578488 
676.400000    -0.04272552 
676.800000    -0.02972831 
677.200000    -0.00536487 
677.600000    0.02032721 
678.000000    0.04287467 
678.400000    0.06092083 
678.800000    0.07403306 
679.200000    0.08205034 
679.600000    0.08499854 
680.000000    0.08307632 
680.400000    0.07657490 
680.800000    0.06575964 
681.200000    0.05077262 
681.600000    0.03163786 
682.000000    0.00860414 
682.400000    -0.01652114 
682.800000    -0.03734488 
683.200000    -0.04251457 
683.600000    -0.02786442 
684.000000    -0.00286405 
684.400000    0.02282365 
684.800000    0.04513830 
685.200000    0.06286589 
685.600000    0.07560333 
686.000000    0.08320006 
686.400000    0.08569828 
686.800000    0.08331572 
687.200000    0.07635645 
687.600000    0.06508825 
688.000000    0.04964648 
688.400000    0.03005267 
688.800000    0.00660677 
689.200000    -0.01863939 
689.600000    -0.03872489 
690.000000    -0.04214712 
690.400000    -0.02599120 
690.800000    -0.00046296 
691.200000    0.02518322 
691.600000    0.04725699 
692.000000    0.06466455 
692.400000    0.07702779 
692.800000    0.08420784 
693.200000    0.08626477 
693.600000    0.08343566 
694.000000    0.07603688 
694.400000    0.06433801 
694.800000    0.04846801 
695.200000    0.02844870 
695.600000    0.00463992 
696.000000    -0.02064545 
696.400000    -0.03989485 
696.800000    -0.04159507 
697.200000    -0.02410720 
697.600000    0.00180760 
698.000000    0.02733937 
698.400000    0.04913068 
698.800000    0.06619060 
699.200000    0.07816476 
699.600000    0.08492827 
700.000000    0.08655945 
700.400000    0.08331215 
700.800000    0.07551106 
701.200000    0.06342398 
701.600000    0.04717183 
702.000000    0.02677931 
702.400000    0.00267678 
702.800000    -0.02254368 
703.200000    -0.04084523 
703.600000    -0.04085749 
704.000000    -0.02221711 
704.400000    0.00394044 
704.800000    0.02927665 
705.200000    0.05073411 
705.600000    0.06741125 
706.000000    0.07897753 
706.400000    0.08532417 
706.800000    0.08654688 
707.200000    0.08291214 
707.600000    0.07474758 
708.000000    0.06231449 
708.400000    0.04572367 
708.800000    0.02500582 
709.200000    0.00067534 
709.600000    -0.02437203 
710.000000    -0.04160018 
710.400000    -0.03993685 
710.800000    -0.02029121 
711.200000    0.00598632 
711.600000    0.03105104 
712.000000    0.05212101 
712.400000    0.06837504 
712.800000    0.07950745 
713.200000    0.08542752 
713.600000    0.08624752 
714.000000    0.08224281 
714.400000    0.07373893 
714.800000    0.06098638 
715.200000    0.04408408 
715.600000    0.02307324 
716.000000    -0.00142913 
716.400000    -0.02618743 
716.800000    -0.04218371 
717.200000    -0.03881265 
717.600000    -0.01826962 
718.000000    0.00802249 
718.400000    0.03274007 
718.800000    0.05336264 
719.200000    0.06914472 
719.600000    0.07980733 
720.000000    0.08527980 
720.400000    0.08569023 
720.800000    0.08131938 
721.200000    0.07248616 
721.600000    0.05942619 
722.000000    0.04222521 
722.400000    0.02094091 
722.800000    -0.00368310 
723.200000    -0.02802402 
723.600000    -0.04259987 
724.000000    -0.03746072 
724.400000    -0.01610410 
724.800000    0.01011079 
725.200000    0.03441031 
725.600000    0.05452696 
726.000000    0.06978830 
726.400000    0.07994362 
726.800000    0.08494350 
727.200000    0.08493071 
727.600000    0.08018810 
728.000000    0.07102385 
728.400000    0.05765517 
728.800000    0.04015388 
729.200000    0.01860182 
729.600000    -0.00610165 
730.000000    -0.02989067 
730.400000    -0.04284424 
730.800000    -0.03586918 
731.200000    -0.01376536 
731.600000    0.01230032 
732.000000    0.03612643 
732.400000    0.05569074 
732.800000    0.07039121 
733.200000    0.08000587 
733.600000    0.08450690 
734.000000    0.08405068 
734.400000    0.07891975 
734.800000    0.06940872 
735.200000    0.05571416 
735.600000    0.03789456 
736.000000    0.01606577 
736.400000    -0.00868230 
736.800000    -0.03177820 
737.200000    -0.04290235 
737.600000    -0.03403027 
738.000000    -0.01123708 
738.400000    0.01462426 
738.800000    0.03793712 
739.200000    0.05691545 
739.600000    0.07102444 
740.000000    0.08007058 
740.400000    0.08404758 
740.800000    0.08312462 
741.200000    0.07758254 
741.600000    0.06770082 
742.000000    0.05365438 
742.400000    0.03549016 
742.800000    0.01336992 
743.200000    -0.01138731 
743.600000    -0.03364359 
744.000000    -0.04275028 
744.400000    -0.03195783 
744.800000    -0.00854015 
745.200000    0.01707556 
745.600000    0.03985403 
746.000000    0.05823162 
746.400000    0.07173606 
746.800000    0.08020083 
747.200000    0.08364025 
747.600000    0.08223527 
748.000000    0.07626396 
748.400000    0.06598998 
748.800000    0.05156646 
749.200000    0.03303131 
749.600000    0.01060416 
750.000000    -0.01413007 
750.400000    -0.03542044 
750.800000    -0.04238722 
751.200000    -0.02971407 
751.600000    -0.00573932 
752.000000    0.01961814 
752.400000    0.04187655 
752.800000    0.05967350 
753.200000    0.07259166 
753.600000    0.08048808 
754.000000    0.08339568 
754.400000    0.08150610 
754.800000    0.07509463 
755.200000    0.06440981 
755.600000    0.04958419 
756.000000    0.03064939 
756.400000    0.00789263 
756.800000    -0.01680676 
757.200000    -0.03705868 
757.600000    -0.04185686 
758.000000    -0.02739519 
758.400000    -0.00291116 
758.800000    0.02221989 
759.200000    0.04401893 
759.600000    0.06129726 
760.000000    0.07368193 
760.400000    0.08104851 
760.800000    0.08344618 
761.200000    0.08107735 
761.600000    0.07421666 
762.000000    0.06310054 
762.400000    0.04784370 
762.800000    0.02847389 
763.200000    0.00535132 
763.600000    -0.01933361 
764.000000    -0.03854343 
764.400000    -0.04123116 
764.800000    -0.02509691 
765.200000    -0.00011864 
765.600000    0.02486069 
766.000000    0.04630014 
766.400000    0.06315420 
766.800000    0.07508208 
767.200000    0.08197214 
767.600000    0.08388837 
768.000000    0.08104610 
768.400000    0.07372389 
768.800000    0.06215128 
769.200000    0.04642921 
769.600000    0.02658336 
770.000000    0.00304779 
770.400000    -0.02166996 
770.800000    -0.03988686 
771.200000    -0.04057328 
771.600000    -0.02288145 
772.000000    0.00260054 
772.400000    0.02752229 
772.800000    0.04871451 
773.200000    0.06524495 
773.600000    0.07679305 
774.000000    0.08325538 
774.400000    0.08471134 
774.800000    0.08139356 
775.200000    0.07359106 
775.600000    0.06153308 
776.000000    0.04531159 
776.400000    0.02495210 
776.800000    0.00096257 
777.200000    -0.02382839 
777.600000    -0.04109778 
778.000000    -0.03988883 
778.400000    -0.02075014 
778.800000    0.00523161 
779.200000    0.03016112 
779.600000    0.05118401 
780.000000    0.06745624 
780.400000    0.07866904 
780.800000    0.08472613 
781.200000    0.08572532 
781.600000    0.08192187 
782.000000    0.07362139 
782.400000    0.06105834 
782.800000    0.04432001 
783.200000    0.02343520 
783.600000    -0.00100856 
784.000000    -0.02584942 
784.400000    -0.04214064 
784.800000    -0.03910494 
785.200000    -0.01865660 
785.600000    0.00775187 
786.000000    0.03267144 
786.400000    0.05352176 
786.800000    0.06953037 
787.200000    0.08039850 
787.600000    0.08604029 
788.000000    0.08657578 
788.400000    0.08228538 
788.800000    0.07349265 
789.200000    0.06043822 
789.600000    0.04320656 
790.000000    0.02183549 
790.400000    -0.00299224 
790.800000    -0.02775712 
791.200000    -0.04293381 
791.600000    -0.03811632 
792.000000    -0.01655735 
792.400000    0.01010929 
792.800000    0.03490193 
793.200000    0.05548694 
793.600000    0.07115584 
794.000000    0.08162503 
794.400000    0.08682506 
794.800000    0.08689935 
795.200000    0.08214955 
795.600000    0.07291083 
796.000000    0.05942438 
796.400000    0.04177041 
796.800000    0.02000355 
797.200000    -0.00507295 
797.600000    -0.02954890 
798.000000    -0.04340338 
798.400000    -0.03685576 
798.800000    -0.01443594 
799.200000    0.01226095 
799.600000    0.03675160 
800.000000    0.05692977 
800.400000    0.07214966 
800.800000    0.08215127 
801.200000    0.08688676 
801.600000    0.08651986 
802.000000    0.08136345 
802.400000    0.07175215 
802.800000    0.05791768 
803.200000    0.03993251 
803.600000    0.01787772 
804.000000    -0.00729047 
804.400000    -0.03123223 
804.800000    -0.04353620 
805.200000    -0.03531063 
805.600000    -0.01226782 
806.000000    0.01424367 
806.400000    0.03826405 
806.800000    0.05790025 
807.200000    0.07256995 
807.600000    0.08204363 
808.000000    0.08629758 
808.400000    0.08551030 
808.800000    0.07999463 
809.200000    0.07007207 
809.600000    0.05595507 
810.000000    0.03770569 
810.400000    0.01544345 
810.800000    -0.00968271 
811.200000    -0.03285274 
811.600000    -0.04336879 
812.000000    -0.03347766 
812.400000    -0.00998059 
812.800000    0.01618839 
813.200000    0.03961283 
813.600000    0.05860461 
814.000000    0.07264549 
814.400000    0.08154000 
814.800000    0.08528887 
815.200000    0.08408059 
815.600000    0.07821983 
816.000000    0.06800628 
816.400000    0.05362675 
816.800000    0.03513280 
817.200000    0.01269815 
817.600000    -0.01228647 
818.000000    -0.03445554 
818.400000    -0.04292940 
818.800000    -0.03133814 
819.200000    -0.00748691 
819.600000    0.01823935 
820.000000    0.04098447 
820.400000    0.05926162 
820.800000    0.07261651 
821.200000    0.08088850 
821.600000    0.08410186 
822.000000    0.08245195 
822.400000    0.07623071 
822.800000    0.06571149 
823.200000    0.05105251 
823.600000    0.03229754 
824.000000    0.00969328 
824.400000    -0.01507263 
824.800000    -0.03602369 
825.200000    -0.04222531 
825.600000    -0.02890792 
826.000000    -0.00476647 
826.400000    0.02046652 
826.800000    0.04249680 
827.200000    0.06003225 
827.600000    0.07267977 
828.000000    0.08031121 
828.400000    0.08297181 
828.800000    0.08086114 
829.200000    0.07425626 
829.600000    0.06340269 
830.000000    0.04842977 
830.400000    0.02937731 
830.800000    0.00658296 
831.200000    -0.01791925 
831.600000    -0.03749735 
832.000000    -0.04130166 
832.400000    -0.02628687 
832.800000    -0.00188247 
833.200000    0.02287912 
833.600000    0.04423566 
834.000000    0.06107309 
834.400000    0.07305128 
834.800000    0.08006826 
835.200000    0.08218597 
835.600000    0.07960659 
836.000000    0.07259322 
836.400000    0.06136564 
836.800000    0.04602655 
837.200000    0.02661537 
837.600000    0.00357238 
838.000000    -0.02068820 
838.400000    -0.03885565 
838.800000    -0.04027022 
839.200000    -0.02361550 
839.600000    0.00109224 
840.000000    0.02549726 
840.400000    0.04631027 
840.800000    0.06256877 
841.200000    0.07397207 
841.600000    0.08043563 
842.000000    0.08203458 
842.400000    0.07897577 
842.800000    0.07151423 
843.200000    0.05985086 
843.600000    0.04406677 
844.000000    0.02420316 
844.400000    0.00080655 
844.800000    -0.02330940 
845.200000    -0.04013439 
845.600000    -0.03924366 
846.000000    -0.02098807 
846.400000    0.00412709 
846.800000    0.02835347 
847.200000    0.04880480 
847.600000    0.06463963 
848.000000    0.07558136 
848.400000    0.08155518 
848.800000    0.08264969 
849.200000    0.07908350 
849.600000    0.07111450 
850.000000    0.05893533 
850.400000    0.04261243 
850.800000    0.02218995 
851.200000    -0.00168068 
851.600000    -0.02577410 
852.000000    -0.04135605 
852.400000    -0.03825720 
852.800000    -0.01843036 
853.200000    0.00719737 
853.600000    0.03141284 
854.000000    0.05166757 
854.400000    0.06721186 
854.800000    0.07778000 
855.200000    0.08330330 
855.600000    0.08388832 
856.000000    0.07977577 
856.400000    0.07123887 
856.800000    0.05847312 
857.200000    0.04153731 
857.600000    0.02048020 
858.000000    -0.00394213 
858.400000    -0.02808115 
858.800000    -0.04247156 
859.200000    -0.03725822 
859.600000    -0.01593863 
860.000000    0.01022836 
860.400000    0.03451689 
860.800000    0.05466129 
861.200000    0.06997926 
861.600000    0.08020846 
862.000000    0.08528766 
862.400000    0.08534798 
862.800000    0.08066110 
863.200000    0.07152442 
863.600000    0.05814363 
864.000000    0.04057516 
864.400000    0.01887676 
864.800000    -0.00608260 
865.200000    -0.03021571 
865.600000    -0.04336634 
866.000000    -0.03614062 
866.400000    -0.01350712 
866.800000    0.01309593 
867.200000    0.03741295 
867.600000    0.05741810 
868.000000    0.07248125 
868.400000    0.08234432 
868.800000    0.08695927 
869.200000    0.08648665 
869.600000    0.08123125 
870.000000    0.07151500 
870.400000    0.05755375 
870.800000    0.03940386 
871.200000    0.01714117 
871.600000    -0.00822906 
872.000000    -0.03215675 
872.400000    -0.04390293 
872.800000    -0.03478648 
873.200000    -0.01112816 
873.600000    0.01567457 
874.000000    0.03984489 
874.400000    0.05956748 
874.800000    0.07426098 
875.200000    0.08368128 
875.600000    0.08780121 
876.000000    0.08681017 
876.400000    0.08103819 
876.800000    0.07082120 
877.200000    0.05637686 
877.600000    0.03776056 
878.000000    0.01508079 
878.400000    -0.01048106 
878.800000    -0.03388054 
879.200000    -0.04397523 
879.600000    -0.03311582 
880.000000    -0.00879246 
880.400000    0.01789340 
880.800000    0.04166334 
881.200000    0.06089505 
881.600000    0.07506201 
882.000000    0.08394786 
882.400000    0.08755200 
882.800000    0.08608525 
883.200000    0.07988636 
883.600000    0.06928681 
884.000000    0.05449238 
884.400000    0.03555499 
884.800000    0.01263433 
885.200000    -0.01286230 
885.600000    -0.03536789 
886.000000    -0.04356295 
886.400000    -0.03112904 
886.800000    -0.00648833 
887.200000    0.01978242 
887.600000    0.04291495 
888.000000    0.06146833 
888.400000    0.07497791 
888.800000    0.08326503 
889.200000    0.08635599 
889.600000    0.08447138 
890.000000    0.07794018 
890.400000    0.06707082 
890.800000    0.05204411 
891.200000    0.03290692 
891.600000    0.00988945 
892.000000    -0.01532642 
892.400000    -0.03663399 
892.800000    -0.04275675 
893.200000    -0.02890160 
893.600000    -0.00418229 
894.000000    0.02149362 
894.400000    0.04385956 
894.800000    0.06164380 
895.200000    0.07444374 
895.600000    0.08211900 
896.000000    0.08471785 
896.400000    0.08246031 
896.800000    0.07565310 
897.200000    0.06457052 
897.600000    0.04936132 
898.000000    0.03006814 
898.400000    0.00700823 
898.800000    -0.01782063 
899.200000    -0.03775612 
899.600000    -0.04172033 
900.000000    -0.02652316 
900.400000    -0.00179458 
900.800000    0.02327155 
901.200000    0.04488346 
901.600000    0.06192385 
902.000000    0.07404399 
902.400000    0.08113448 
902.800000    0.08325917 
903.200000    0.08063307 
903.600000    0.07353853 
904.000000    0.06221508 
904.400000    0.04677978 
904.800000    0.02727400 
905.200000    0.00411540 
905.600000    -0.02034370 
906.000000    -0.03884828 
906.400000    -0.04059638 
906.800000    -0.02402830 
907.200000    0.00079241 
907.600000    0.02536434 
908.000000    0.04633701 
908.400000    0.06273205 
908.800000    0.07424264 
909.200000    0.08078098 
909.600000    0.08242317 
910.000000    0.07938220 
910.400000    0.07192308 
910.800000    0.06025806 
911.200000    0.04447808 
911.600000    0.02462783 
912.000000    0.00123880 
912.400000    -0.02293494 
912.800000    -0.03997953 
913.200000    -0.03942091 
913.600000    -0.02138176 
914.000000    0.00367470 
914.400000    0.02790774 
914.800000    0.04837777 
915.200000    0.06423057 
915.600000    0.07519036 
916.000000    0.08118496 
916.400000    0.08230429 
916.800000    0.07876765 
917.200000    0.07083408 
917.600000    0.05869902 
918.000000    0.04243460 
918.400000    0.02209486 
918.800000    -0.00165683 
919.200000    -0.02560408 
919.600000    -0.04110506 
920.000000    -0.03812068 
920.400000    -0.01853790 
920.800000    0.00684831 
921.200000    0.03084869 
921.600000    0.05090604 
922.000000    0.06627546 
922.400000    0.07670499 
922.800000    0.08213706 
923.200000    0.08268053 
923.600000    0.07857001 
924.000000    0.07006859 
924.400000    0.05736337 
924.800000    0.04051379 
925.200000    0.01959064 
925.600000    -0.00458686 
926.000000    -0.02827508 
926.400000    -0.04208076 
926.800000    -0.03660066 
927.200000    -0.01552345 
927.600000    0.01017582 
928.000000    0.03396397 
928.400000    0.05363135 
928.800000    0.06852654 
929.200000    0.07841802 
929.600000    0.08326516 
930.000000    0.08320048 
930.400000    0.07847901 
930.800000    0.06937247 
931.200000    0.05606321 
931.600000    0.03860149 
932.000000    0.01708296 
932.400000    -0.00749120 
932.800000    -0.03080088 
