0.000000    0.00000000 
0.076835    0.00336572 
0.153670    0.00671128 
0.230506    0.01001971 
0.307345    0.01327707 
0.384189    0.01647195 
0.461044    0.01959508 
0.537915    0.02263889 
0.614809    0.02559726 
0.691736    0.02846515 
0.768706    0.03123843 
0.845732    0.03391362 
0.922828    0.03648779 
1.000010    0.03895837 
1.077293    0.04132304 
1.154697    0.04357967 
1.232240    0.04572622 
1.309821    0.04804531 
1.387585    0.04998660 
1.465554    0.05181306 
1.543754    0.05352157 
1.622209    0.05510895 
1.700947    0.05657212 
1.779995    0.05790815 
1.859381    0.05911427 
1.939133    0.06018777 
2.019277    0.06112587 
2.099842    0.06192561 
2.180855    0.06258375 
2.262343    0.06309671 
2.344335    0.06346053 
2.426858    0.06367093 
2.509938    0.06372334 
2.593602    0.06361293 
2.677875    0.06333468 
2.762781    0.06288341 
2.848343    0.06225382 
2.934581    0.06144050 
3.021514    0.06043791 
3.109158    0.05924041 
3.197527    0.05784228 
3.286632    0.05640389 
3.376480    0.05459102 
3.467074    0.05255837 
3.558411    0.05029945 
3.650485    0.04780977 
3.743282    0.04508521 
3.836783    0.04212116 
3.930964    0.03891289 
4.025791    0.03545665 
4.121224    0.03175047 
4.217216    0.02779454 
4.313708    0.02359165 
4.410608    0.01899747 
4.507868    0.01433109 
4.605408    0.00945472 
4.703137    0.00439564 
4.800963    -0.00080689 
4.898785    -0.00609814 
4.996505    -0.01140398 
5.094025    -0.01662701 
5.191288    -0.02159751 
5.288185    -0.02627600 
5.384659    -0.03042811 
5.480675    -0.03386765 
5.576221    -0.03641188 
5.671309    -0.03790862 
5.765966    -0.03826171 
5.860226    -0.03744709 
5.954125    -0.03541772 
6.047681    -0.03248195 
6.140896    -0.02870247 
6.233756    -0.02425067 
6.326232    -0.01929413 
6.418280    -0.01398322 
6.509853    -0.00844471 
6.600897    -0.00278069 
6.691325    0.00291624 
6.781121    0.00862763 
6.870240    0.01428010 
6.958648    0.01984000 
7.046318    0.02528225 
7.133228    0.03058841 
7.219368    0.03574499 
7.304734    0.04074185 
7.389330    0.04557100 
7.473169    0.05022583 
7.556270    0.05470074 
7.638660    0.05899083 
7.720370    0.06309173 
7.801439    0.06699943 
7.881908    0.07071006 
7.961826    0.07421983 
8.041222    0.07758692 
8.120174    0.08068749 
8.198738    0.08357535 
8.276977    0.08624740 
8.354954    0.08869963 
8.432734    0.09092793 
8.510385    0.09292829 
8.587973    0.09469655 
8.665570    0.09622836 
8.743243    0.09751923 
8.821062    0.09856458 
8.899097    0.09935973 
8.977415    0.09989986 
9.056084    0.10018000 
9.135169    0.10019505 
9.214734    0.09993991 
9.294838    0.09940948 
9.375540    0.09859862 
9.456892    0.09750224 
9.538943    0.09611544 
9.621738    0.09443341 
9.705313    0.09245156 
9.789701    0.09016554 
9.874925    0.08757134 
9.961001    0.08466540 
10.047936    0.08144455 
10.135729    0.07790607 
10.224365    0.07404773 
10.313823    0.06986782 
10.404067    0.06536508 
10.495049    0.06053868 
10.586711    0.05538836 
10.678972    0.04984209 
10.771751    0.04404972 
10.864947    0.03793901 
10.958445    0.03151610 
11.052116    0.02479133 
11.145819    0.01778143 
11.239398    0.01051268 
11.332690    0.00302550 
11.425523    -0.00461915 
11.517727    -0.01233143 
11.609133    -0.01998251 
11.699591    -0.02739387 
11.788980    -0.03431987 
11.877211    -0.04049579 
11.964249    -0.04557124 
12.050114    -0.04921441 
12.134875    -0.05115772 
12.218628    -0.05125954 
12.301492    -0.04950253 
12.383545    -0.04613324 
12.464844    -0.04139148 
12.545409    -0.03558789 
12.625229    -0.02901757 
12.704245    -0.02195886 
12.782428    -0.01454528 
12.859723    -0.00695397 
12.936074    0.00071178 
13.011432    0.00838060 
13.085755    0.01600377 
13.159008    0.02354800 
13.231171    0.03099025 
13.302230    0.03831415 
13.372173    0.04551406 
13.441019    0.05256928 
13.508784    0.05947621 
13.575494    0.06622751 
13.641180    0.07281615 
13.705885    0.07923525 
13.769652    0.08547797 
13.832536    0.09153743 
13.894595    0.09740663 
13.955891    0.10307852 
14.016492    0.10854591 
14.076472    0.11380149 
14.135908    0.11883778 
14.194882    0.12364703 
14.253480    0.12822126 
14.311787    0.13256380 
14.369904    0.13664371 
14.427927    0.14046240 
14.485960    0.14400962 
14.544108    0.14727424 
14.602482    0.15024426 
14.661193    0.15290670 
14.720362    0.15523123 
14.780104    0.15723445 
14.840538    0.15888401 
14.901785    0.16016215 
14.963966    0.16105033 
15.027201    0.16152933 
15.091606    0.16157940 
15.157293    0.16118081 
15.224370    0.16031414 
15.292932    0.15896070 
15.363068    0.15710380 
15.434849    0.15472958 
15.508334    0.15182727 
15.583562    0.14839018 
15.660553    0.14441665 
15.739305    0.13991028 
15.819794    0.13487938 
15.901971    0.12933689 
15.985764    0.12330045 
16.071077    0.11679187 
16.157793    0.10983635 
16.245771    0.10246119 
16.334853    0.09469462 
16.424864    0.08656544 
16.515612    0.07810172 
16.606888    0.06931112 
16.698481    0.06025905 
16.790164    0.05094686 
16.881703    0.04139685 
16.972858    0.03163205 
17.063385    0.02167983 
17.153036    0.01157704 
17.241568    0.00137719 
17.328744    -0.00883891 
17.414344    -0.01894825 
17.498174    -0.02876766 
17.580082    -0.03803585 
17.659977    -0.04640351 
17.737842    -0.05344565 
17.813745    -0.05871255 
17.887859    -0.06178777 
17.960349    -0.06253237 
18.031417    -0.06094744 
18.101236    -0.05729099 
18.169888    -0.05199112 
18.237478    -0.04541360 
18.304028    -0.03798145 
18.369526    -0.03000412 
18.433943    -0.02170923 
18.497239    -0.01325501 
18.559363    -0.00475132 
18.620297    0.00374426 
18.680016    0.01218442 
18.738508    0.02054334 
18.795768    0.02880573 
18.851800    0.03696255 
18.906618    0.04500845 
18.960239    0.05294032 
19.012696    0.06075575 
19.064024    0.06845280 
19.114264    0.07602978 
19.163459    0.08348487 
19.211657    0.09081603 
19.258910    0.09802088 
19.305271    0.10509794 
19.350798    0.11204220 
19.395552    0.11885135 
19.439596    0.12552190 
19.482996    0.13205010 
19.525824    0.13843187 
19.568153    0.14466279 
19.610063    0.15073808 
19.651639    0.15665248 
19.692973    0.16240004 
19.734162    0.16797394 
19.775312    0.17336618 
19.816536    0.17856716 
19.857960    0.18356505 
19.899716    0.18834559 
19.941951    0.19289123 
19.984821    0.19718006 
20.028497    0.20118437 
20.073163    0.20487038 
20.119016    0.20819668 
20.166266    0.21111253 
20.215135    0.21355711 
20.265855    0.21545938 
20.318660    0.21673605 
20.373786    0.21729248 
20.431456    0.21702897 
20.491876    0.21584261 
20.555214    0.21363173 
20.621594    0.21030498 
20.691073    0.20579274 
20.763638    0.20006019 
20.839191    0.19311230 
20.917552    0.18499740 
20.998465    0.17580525 
21.081607    0.16566580 
21.166611    0.15473068 
21.253080    0.14316499 
21.340612    0.13113645 
21.428815    0.11879845 
21.517317    0.10628785 
21.605780    0.09371829 
21.693899    0.08118094 
21.781404    0.06874180 
21.868064    0.05645751 
21.953671    0.04434960 
22.038049    0.03244917 
22.121046    0.02077753 
22.202532    0.00935901 
22.282395    -0.00176993 
22.360547    -0.01254991 
22.436925    -0.02288426 
22.511496    -0.03262578 
22.584288    -0.04153140 
22.655337    -0.04940278 
22.724738    -0.05591192 
22.792681    -0.06067228 
22.859381    -0.06345528 
22.925085    -0.06411705 
22.990030    -0.06270535 
23.054422    -0.05942908 
23.118417    -0.05460913 
23.182120    -0.04860775 
23.245582    -0.04176265 
23.308819    -0.03436146 
23.371825    -0.02662711 
23.434575    -0.01872329 
23.497042    -0.01076519 
23.559194    -0.00283135 
23.621004    0.00502578 
23.682449    0.01277188 
23.743514    0.02038491 
23.804188    0.02785064 
23.864469    0.03515935 
23.924360    0.04230382 
23.983872    0.04927825 
24.043016    0.05608470 
24.101819    0.06270373 
24.160311    0.06913587 
24.218524    0.07537410 
24.276498    0.08141043 
24.334279    0.08723609 
24.391919    0.09284146 
24.449472    0.09821581 
24.507002    0.10334732 
24.564577    0.10822349 
24.622269    0.11283098 
24.680157    0.11715531 
24.738323    0.12118095 
24.796855    0.12489148 
24.855844    0.12826980 
24.915385    0.13129827 
24.975573    0.13395861 
25.036506    0.13623222 
25.098280    0.13810090 
25.160989    0.13954726 
25.224726    0.14055458 
25.289576    0.14110693 
25.355618    0.14119128 
25.422920    0.14079846 
25.491543    0.13992282 
25.561530    0.13856416 
25.632916    0.13672777 
25.705717    0.13442298 
25.779937    0.13166494 
25.855561    0.12847597 
25.932563    0.12488326 
26.010900    0.12090856 
26.090522    0.11660629 
26.171365    0.11200335 
26.253357    0.10713904 
26.336421    0.10205245 
26.420476    0.09678182 
26.505439    0.09136373 
26.591224    0.08583178 
26.677748    0.08021783 
26.764931    0.07455027 
26.852696    0.06885114 
26.940967    0.06314128 
27.029675    0.05743783 
27.118751    0.05175456 
27.208134    0.04610293 
27.297767    0.04055049 
27.387592    0.03499477 
27.477556    0.02949748 
27.567609    0.02406743 
27.657705    0.01871463 
27.747799    0.01345124 
27.837852    0.00829265 
27.927826    0.00325869 
28.017688    -0.00162507 
28.107407    -0.00632599 
28.196959    -0.01080343 
28.286327    -0.01500833 
28.375498    -0.01888379 
28.464470    -0.02236679 
28.553247    -0.02539130 
28.641836    -0.02791844 
28.730264    -0.02983110 
28.818559    -0.03111917 
28.906750    -0.03175700 
28.994868    -0.03174243 
29.082939    -0.03109752 
29.170990    -0.02988597 
29.259034    -0.02813715 
29.347078    -0.02593923 
29.435122    -0.02337282 
29.523161    -0.02051832 
29.611180    -0.01745138 
29.699163    -0.01424006 
29.787090    -0.01094328 
29.874938    -0.00761053 
29.962684    -0.00428211 
30.050306    -0.00098992 
30.137781    0.00224162 
30.225089    0.00539451 
30.312213    0.00845616 
30.399137    0.01141833 
30.485846    0.01427619 
30.572329    0.01702754 
30.658579    0.01967205 
30.744586    0.02221077 
30.830348    0.02464570 
30.915871    0.02696682 
31.001144    0.02920852 
31.086170    0.03135472 
31.170950    0.03340878 
31.255491    0.03537396 
31.339797    0.03725336 
31.423878    0.03904980 
31.507743    0.04076578 
31.591404    0.04240341 
31.674873    0.04396440 
31.758163    0.04545002 
31.841292    0.04686106 
31.924275    0.04819787 
32.007131    0.04946031 
32.089880    0.05064777 
32.172542    0.05175918 
32.255142    0.05279300 
32.337701    0.05374722 
32.420247    0.05461938 
32.502804    0.05540658 
32.585402    0.05610548 
32.668067    0.05671233 
32.750830    0.05722296 
32.833718    0.05763281 
32.916762    0.05793699 
32.999991    0.05813025 
33.083434    0.05820703 
33.167120    0.05816153 
33.251079    0.05798766 
33.335338    0.05767918 
33.419925    0.05722963 
33.504867    0.05663241 
33.590190    0.05588083 
33.675918    0.05496810 
33.762075    0.05388739 
33.848681    0.05263184 
33.935755    0.05119465 
34.023314    0.04956907 
34.111368    0.04774854 
34.199927    0.04572669 
34.288995    0.04349751 
34.378571    0.04105548 
34.468647    0.03839570 
34.559213    0.03551419 
34.650249    0.03240809 
34.741729    0.02907613 
34.833622    0.02551902 
34.925888    0.02174010 
35.018480    0.01774612 
35.111345    0.01354825 
35.204421    0.00916334 
35.297641    0.00461552 
35.390935    -0.00006184 
35.484226    -0.00482384 
35.577438    -0.00961152 
35.670498    -0.01434939 
35.763354    -0.01889928 
35.855925    -0.02325394 
35.948161    -0.02722441 
36.040030    -0.03066826 
36.131517    -0.03343939 
36.222627    -0.03540449 
36.313378    -0.03646038 
36.403801    -0.03654829 
36.493937    -0.03556996 
36.583812    -0.03375273 
36.673446    -0.03110232 
36.762848    -0.02773842 
36.852013    -0.02379402 
36.940926    -0.01940152 
37.029559    -0.01468294 
37.117879    -0.00974454 
37.205818    -0.00470192 
37.293364    0.00044170 
37.380482    0.00558894 
37.467136    0.01069565 
37.553297    0.01572791 
37.638939    0.02066015 
37.724040    0.02547326 
37.808587    0.03015299 
37.892570    0.03468850 
37.975986    0.03907136 
38.058839    0.04329499 
38.141137    0.04735415 
38.222894    0.05124469 
38.304130    0.05496319 
38.384868    0.05850674 
38.465138    0.06187278 
38.544973    0.06505899 
38.624409    0.06806316 
38.703486    0.07088323 
38.782248    0.07351716 
38.860739    0.07596291 
38.939008    0.07821835 
39.017105    0.08028129 
39.095079    0.08214939 
39.172984    0.08382017 
39.250874    0.08529105 
39.328803    0.08655929 
39.406826    0.08762201 
39.484999    0.08847619 
39.563377    0.08911861 
39.642017    0.08954590 
39.720972    0.08975448 
39.800297    0.08974057 
39.880043    0.08950022 
39.960263    0.08902930 
40.041003    0.08832350 
40.122311    0.08737839 
40.204229    0.08618942 
40.286796    0.08475199 
40.370048    0.08306146 
40.454015    0.08111322 
40.538722    0.07890273 
40.624189    0.07642557 
40.710429    0.07367747 
40.797447    0.07065436 
40.885242    0.06735242 
40.973801    0.06376814 
41.063105    0.05989838 
41.153124    0.05574051 
41.243816    0.05129252 
41.335132    0.04655328 
41.427006    0.04152285 
41.519363    0.03620306 
41.612117    0.03059822 
41.705168    0.02471633 
41.798404    0.01857066 
41.891703    0.01218212 
41.984933    0.00558245 
42.077955    -0.00118141 
42.170624    -0.00804176 
42.262799    -0.01490316 
42.354345    -0.02163496 
42.445142    -0.02806468 
42.535097    -0.03397555 
42.624153    -0.03911738 
42.712288    -0.04321650 
42.799524    -0.04601437 
42.885920    -0.04731883 
42.971561    -0.04701235 
43.056524    -0.04519272 
43.140876    -0.04198222 
43.224658    -0.03760378 
43.307885    -0.03230877 
43.390547    -0.02633931 
43.472614    -0.01990555 
43.554046    -0.01317709 
43.634772    -0.00629592 
43.714765    0.00067149 
43.793984    0.00763904 
43.872389    0.01455721 
43.949951    0.02139137 
44.026648    0.02811700 
44.102467    0.03471622 
44.177404    0.04117564 
44.251462    0.04748485 
44.324654    0.05363523 
44.396998    0.05961931 
44.468520    0.06543027 
44.539253    0.07106164 
44.609236    0.07650713 
44.678501    0.08178071 
44.747109    0.08683773 
44.815114    0.09169019 
44.882573    0.09633167 
44.949552    0.10075569 
45.016116    0.10495564 
45.082337    0.10892473 
45.148290    0.11265590 
45.214055    0.11614181 
45.279713    0.11937481 
45.345349    0.12234695 
45.411051    0.12504987 
45.476910    0.12747477 
45.543019    0.12961244 
45.609470    0.13145341 
45.676359    0.13298787 
45.743782    0.13420571 
45.811832    0.13509636 
45.880605    0.13564915 
45.950192    0.13585358 
46.020680    0.13569928 
46.092155    0.13517612 
46.164695    0.13427450 
46.238372    0.13298592 
46.313251    0.13130336 
46.389386    0.12922117 
46.466823    0.12673539 
46.545593    0.12384385 
46.625718    0.12054613 
46.707205    0.11684373 
46.790045    0.11274039 
46.874215    0.10824195 
46.959676    0.10332394 
47.046374    0.09806264 
47.134239    0.09243415 
47.223186    0.08644998 
47.313114    0.08012234 
47.403906    0.07346399 
47.495433    0.06648787 
47.587551    0.05920650 
47.680103    0.05163203 
47.772921    0.04377703 
47.865823    0.03565565 
47.958611    0.02724248 
48.051095    0.01865350 
48.143070    0.00987364 
48.234327    0.00095402 
48.324660    -0.00802862 
48.413873    -0.01696020 
48.501784    -0.02567190 
48.588246    -0.03394679 
48.673159    -0.04147139 
48.756482    -0.04787873 
48.838243    -0.05277626 
48.918549    -0.05578677 
48.997526    -0.05674638 
49.075326    -0.05560497 
49.152089    -0.05253329 
49.227915    -0.04784313 
49.302860    -0.04190403 
49.376907    -0.03509577 
49.450067    -0.02766501 
49.522304    -0.01987068 
49.593569    -0.01188000 
49.663816    -0.00380884 
49.732999    0.00426518 
49.801083    0.01229138 
49.868027    0.02023845 
49.933827    0.02808435 
49.998475    0.03581614 
50.061976    0.04342488 
50.124342    0.05090455 
50.185594    0.05825040 
50.245762    0.06545830 
50.304882    0.07252425 
50.362996    0.07944412 
50.420148    0.08621819 
50.476396    0.09283317 
50.531798    0.09928799 
50.586417    0.10557716 
50.640320    0.11169484 
50.693580    0.11763481 
50.746273    0.12339040 
50.798480    0.12895453 
50.850286    0.13431964 
50.901781    0.13947744 
50.953060    0.14441881 
51.004225    0.14913362 
51.055381    0.15361055 
51.106639    0.15783704 
51.158117    0.16179904 
51.209939    0.16548019 
51.262233    0.16886160 
51.315135    0.17192213 
51.368785    0.17463781 
51.423327    0.17698162 
51.478910    0.17892364 
51.535685    0.18043089 
51.593801    0.18146717 
51.653409    0.18199418 
51.714651    0.18197343 
51.777663    0.18136732 
51.842566    0.18013910 
51.909468    0.17825523 
51.978451    0.17568779 
52.049574    0.17241618 
52.122866    0.16842958 
52.198325    0.16372879 
52.275911    0.15832699 
52.355553    0.15225095 
52.437143    0.14553749 
52.520545    0.13823202 
52.605592    0.13038879 
52.692096    0.12206831 
52.779849    0.11333349 
52.868629    0.10423956 
52.958208    0.09485911 
53.048352    0.08523913 
53.138830    0.07542873 
53.229408    0.06547027 
53.319863    0.05539963 
53.409976    0.04525179 
53.499532    0.03504854 
53.588325    0.02481650 
53.676160    0.01458621 
53.762850    0.00439942 
53.848222    -0.00568260 
53.932121    -0.01556775 
54.014417    -0.02511881 
54.095015    -0.03413911 
54.173867    -0.04236330 
54.250982    -0.04946164 
54.326437    -0.05506875 
54.400368    -0.05884330 
54.472961    -0.06054822 
54.544419    -0.06011933 
54.614930    -0.05768604 
54.684645    -0.05353194 
54.753667    -0.04801885 
54.822049    -0.04151188 
54.889804    -0.03433008 
54.956921    -0.02672623 
55.023370    -0.01888713 
55.089118    -0.01094405 
55.154128    -0.00298574 
55.218370    0.00492953 
55.281803    0.01277080 
55.344424    0.02050298 
55.406224    0.02811732 
55.467203    0.03560510 
55.527367    0.04296116 
55.586731    0.05018205 
55.645315    0.05726510 
55.703147    0.06420774 
55.760257    0.07101190 
55.816686    0.07766513 
55.872481    0.08416755 
55.927689    0.09051431 
55.982366    0.09669978 
56.036570    0.10271768 
56.090366    0.10856092 
56.143822    0.11422150 
56.197013    0.11969049 
56.250016    0.12495803 
56.302916    0.13001308 
56.355803    0.13484332 
56.408772    0.13943507 
56.461924    0.14377310 
56.515367    0.14784054 
56.569211    0.15161859 
56.623576    0.15508590 
56.678585    0.15821893 
56.734364    0.16099212 
56.791045    0.16337778 
56.848759    0.16534627 
56.907638    0.16686638 
56.967815    0.16790517 
57.029415    0.16842883 
57.092558    0.16840492 
57.157353    0.16780442 
57.223894    0.16660216 
57.292261    0.16477787 
57.362509    0.16231774 
57.434672    0.15921671 
57.508757    0.15547967 
57.584744    0.15112232 
57.662584    0.14617164 
57.742204    0.14066421 
57.823507    0.13464581 
57.906373    0.12816889 
57.990666    0.12128967 
58.076238    0.11406620 
58.162929    0.10655204 
58.250581    0.09881342 
58.339029    0.09089357 
58.428115    0.08283831 
58.517683    0.07468995 
58.607584    0.06648793 
58.697676    0.05825183 
58.787823    0.05000552 
58.877897    0.04176856 
58.967777    0.03355821 
59.057349    0.02539116 
59.146504    0.01728673 
59.235142    0.00927039 
59.323170    0.00137758 
59.410503    -0.00634103 
59.497070    -0.01381352 
59.582842    -0.02086872 
59.667757    -0.02752380 
59.751806    -0.03354398 
59.835008    -0.03874135 
59.917390    -0.04296865 
59.999058    -0.04592711 
60.080118    -0.04753953 
60.160686    -0.04774383 
60.240875    -0.04657058 
60.320784    -0.04413826 
60.400486    -0.04062981 
60.480027    -0.03626052 
60.559428    -0.03124774 
60.638687    -0.02578934 
60.717786    -0.02005234 
60.796699    -0.01417008 
60.875415    -0.00828988 
60.953881    -0.00239730 
61.032067    0.00341031 
61.109947    0.00909526 
61.187500    0.01463185 
61.264711    0.02000302 
61.341569    0.02519774 
61.418071    0.03020918 
61.494219    0.03503336 
61.570021    0.03966820 
61.645489    0.04411283 
61.720641    0.04836709 
61.795500    0.05243119 
61.870090    0.05630540 
61.944441    0.05998992 
62.018585    0.06348470 
62.092559    0.06678943 
62.166379    0.06997610 
62.240107    0.07290095 
62.313785    0.07563248 
62.387457    0.07816991 
62.461168    0.08051195 
62.534964    0.08265681 
62.608892    0.08460278 
62.683000    0.08634813 
62.757337    0.08789094 
62.831949    0.08922915 
62.906884    0.09036062 
62.982189    0.09128314 
63.057910    0.09199453 
63.134091    0.09249271 
63.210774    0.09277579 
63.288001    0.09284215 
63.365809    0.09269040 
63.444233    0.09231949 
63.523306    0.09172879 
63.603055    0.09091819 
63.683508    0.08981372 
63.764681    0.08856784 
63.846592    0.08710515 
63.929252    0.08542750 
64.012670    0.08353715 
64.096848    0.08143677 
64.181785    0.07912937 
64.267477    0.07661833 
64.353912    0.07390731 
64.441076    0.07100017 
64.528950    0.06790088 
64.617511    0.06461348 
64.706732    0.06114199 
64.796581    0.05749047 
64.887020    0.05366293 
64.978010    0.04966343 
65.069506    0.04549612 
65.161441    0.04109330 
65.253780    0.03661513 
65.346465    0.03198357 
65.439435    0.02720593 
65.532623    0.02229186 
65.625960    0.01725441 
65.719374    0.01211133 
65.812788    0.00688680 
65.906127    0.00161340 
65.999314    -0.00366555 
66.092276    -0.00889347 
66.184946    -0.01399810 
66.277264    -0.01888971 
66.369181    -0.02346068 
66.460666    -0.02758770 
66.551702    -0.03113754 
66.642293    -0.03397714 
66.732459    -0.03598759 
66.822236    -0.03707979 
66.911666    -0.03720806 
67.000794    -0.03637783 
67.089662    -0.03464467 
67.178299    -0.03210511 
67.266722    -0.02888222 
67.354935    -0.02511011 
67.442930    -0.02092059 
67.530688    -0.01643407 
67.618184    -0.01175451 
67.705389    -0.00696797 
67.792273    -0.00214328 
67.878807    0.00266596 
67.964964    0.00741895 
68.050721    0.01208523 
68.136058    0.01664244 
68.220962    0.02107445 
68.305424    0.02536982 
68.389439    0.02952055 
68.473009    0.03352118 
68.556138    0.03736801 
68.638837    0.04105858 
68.721119    0.04459122 
68.803003    0.04796481 
68.884509    0.05117849 
68.965663    0.05423152 
69.046440    0.05726672 
69.126923    0.06000466 
69.207145    0.06257909 
69.287143    0.06498836 
69.366956    0.06723142 
69.446622    0.06930728 
69.526184    0.07121448 
69.605684    0.07295103 
69.685166    0.07451450 
69.764675    0.07590230 
69.844256    0.07711174 
69.923955    0.07814003 
70.003819    0.07898424 
70.083893    0.07964131 
70.164224    0.08010803 
70.244855    0.08038114 
70.325830    0.08045729 
70.407193    0.08033316 
70.488983    0.08000538 
70.571240    0.07947061 
70.653999    0.07872553 
70.737294    0.07776687 
70.821155    0.07659141 
70.905610    0.07519603 
70.990682    0.07357771 
71.076389    0.07173359 
71.162747    0.06966100 
71.249764    0.06735746 
71.337445    0.06482078 
71.425788    0.06204903 
71.514785    0.05904065 
71.604422    0.05579446 
71.694676    0.05230978 
71.785521    0.04858650 
71.876919    0.04462529 
71.968827    0.04042775 
72.061193    0.03599676 
72.153958    0.03133691 
72.247055    0.02645513 
72.340409    0.02136169 
72.433937    0.01607142 
72.527552    0.01060551 
72.621159    0.00499377 
72.714662    -0.00072248 
72.807961    -0.00648693 
72.900960    -0.01222440 
72.993570    -0.01783682 
73.085710    -0.02320030 
73.177319    -0.02816456 
73.268355    -0.03255703 
73.358801    -0.03619361 
73.448669    -0.03889698 
73.537992    -0.04052059 
73.626820    -0.04097286 
73.715209    -0.04023398 
73.803214    -0.03835893 
73.890907    -0.03538757 
73.978285    -0.03164415 
74.065351    -0.02721857 
74.152096    -0.02228072 
74.238450    -0.01701269 
74.324421    -0.01146910 
74.409970    -0.00579637 
74.495061    -0.00007493 
74.579657    0.00563393 
74.663726    0.01128447 
74.747239    0.01684321 
74.830176    0.02228584 
74.912524    0.02759467 
74.994274    0.03275667 
75.075427    0.03776208 
75.155988    0.04260340 
75.235970    0.04727471 
75.315390    0.05177118 
75.394272    0.05608862 
75.472644    0.06022325 
75.550539    0.06417149 
75.627973    0.06798726 
75.705008    0.07155615 
75.781689    0.07492763 
75.858063    0.07809864 
75.934181    0.08106549 
76.010096    0.08382425 
76.085863    0.08637113 
76.161540    0.08870228 
76.237185    0.09081373 
76.312860    0.09270144 
76.388624    0.09436131 
76.464541    0.09578920 
76.540671    0.09698092 
76.617078    0.09793216 
76.693822    0.09863860 
76.770964    0.09909592 
76.848564    0.09929992 
76.926677    0.09924647 
77.005361    0.09893153 
77.084666    0.09835128 
77.164642    0.09750206 
77.245333    0.09638041 
77.326780    0.09498312 
77.409018    0.09330728 
77.492077    0.09135045 
77.575981    0.08911064 
77.660745    0.08658639 
77.746381    0.08377672 
77.832888    0.08068112 
77.920261    0.07729948 
78.008484    0.07363213 
78.097533    0.06967975 
78.187368    0.06537484 
78.277948    0.06085966 
78.369220    0.05606436 
78.461118    0.05099173 
78.553568    0.04564544 
78.646482    0.04003046 
78.739764    0.03415372 
78.833309    0.02802504 
78.926998    0.02165855 
79.020708    0.01507469 
79.114305    0.00830306 
79.207651    0.00138633 
79.300607    -0.00561444 
79.393035    -0.01261331 
79.484804    -0.01949204 
79.575801    -0.02609327 
79.665937    -0.03221676 
79.755154    -0.03762299 
79.843435    -0.04204898 
79.930805    -0.04523932 
80.017325    -0.04698910 
80.103076    -0.04718673 
80.188150    -0.04583940 
80.272677    -0.04296314 
80.356665    -0.03898509 
80.440142    -0.03403976 
80.523108    -0.02837165 
80.605470    -0.02225095 
80.687258    -0.01573697 
80.768429    -0.00903667 
80.848940    -0.00225389 
80.928726    0.00454062 
81.007769    0.01128828 
81.086040    0.01795064 
81.163513    0.02450246 
81.240177    0.03092588 
81.316024    0.03720767 
81.391056    0.04333790 
81.465284    0.04930874 
81.538724    0.05511354 
81.611402    0.06074639 
81.683348    0.06620195 
81.754599    0.07147502 
81.825198    0.07656028 
81.895194    0.08145217 
81.964638    0.08614492 
82.033589    0.09063264 
82.102100    0.09493471 
82.170245    0.09899565 
82.238094    0.10283252 
82.305720    0.10643827 
82.373199    0.10980569 
82.440611    0.11292724 
82.508037    0.11579504 
82.575560    0.11840086 
82.643267    0.12073614 
82.711243    0.12279204 
82.779577    0.12455948 
82.848358    0.12602916 
82.917673    0.12719151 
82.987609    0.12803662 
83.058253    0.12855447 
83.129687    0.12873524 
83.201991    0.12856943 
83.275239    0.12804830 
83.349501    0.12716419 
83.424838    0.12591076 
83.501306    0.12428302 
83.578951    0.12227756 
83.657809    0.11989249 
83.737907    0.11712739 
83.819258    0.11394790 
83.901867    0.11042978 
83.985722    0.10654063 
84.070801    0.10228677 
84.157070    0.09767614 
84.244478    0.09271798 
84.332964    0.08742244 
84.422453    0.08180019 
84.512856    0.07586225 
84.604073    0.06962004 
84.695990    0.06308515 
84.788484    0.05626914 
84.881418    0.04918347 
84.974646    0.04184008 
85.068003    0.03421244 
85.161334    0.02640401 
85.254463    0.01839101 
85.347214    0.01020549 
85.439405    0.00189424 
85.530854    -0.00647378 
85.621390    -0.01479776 
85.710853    -0.02293378 
85.799112    -0.03068373 
85.886071    -0.03778897 
85.971684    -0.04393616 
86.055961    -0.04878401 
86.138970    -0.05201543 
86.220821    -0.05340569 
86.301718    -0.05276721 
86.381722    -0.05042894 
86.460934    -0.04651273 
86.539412    -0.04132962 
86.617080    -0.03527340 
86.693991    -0.02848807 
86.770142    -0.02126638 
86.845494    -0.01380330 
86.920001    -0.00622611 
86.993614    0.00137667 
87.066295    0.00894493 
87.138010    0.01643841 
87.208738    0.02383073 
87.278465    0.03110502 
87.347189    0.03825022 
87.414902    0.04526676 
87.481631    0.05213319 
87.547400    0.05885136 
87.612237    0.06541684 
87.676182    0.07182501 
87.739276    0.07807092 
87.801571    0.08414948 
87.863121    0.09005536 
87.923986    0.09578272 
87.984232    0.10132513 
88.043928    0.10667571 
88.103149    0.11182724 
88.161970    0.11678146 
88.220476    0.12151176 
88.278756    0.12601764 
88.336901    0.13028938 
88.395006    0.13431646 
88.453170    0.13808705 
88.511497    0.14158799 
88.570093    0.14480498 
88.629068    0.14772269 
88.688537    0.15032481 
88.748615    0.15259384 
88.809418    0.15451060 
88.871065    0.15605438 
88.933677    0.15718519 
88.997367    0.15791826 
89.062247    0.15821420 
89.128426    0.15805188 
89.196005    0.15741080 
89.265073    0.15627186 
89.335712    0.15461856 
89.407985    0.15243863 
89.481944    0.14972444 
89.557617    0.14647296 
89.635019    0.14268696 
89.714137    0.13837556 
89.794943    0.13355277 
89.877383    0.12823756 
89.961382    0.12245450 
90.046847    0.11623217 
90.133663    0.10960211 
90.221703    0.10259808 
90.310823    0.09525462 
90.400865    0.08760572 
90.491664    0.07966782 
90.583047    0.07150590 
90.674837    0.06312741 
90.766851    0.05455694 
90.858900    0.04581650 
90.950799    0.03692676 
91.042356    0.02790954 
91.133386    0.01879090 
91.223700    0.00960554 
91.313120    0.00040314 
91.401473    -0.00874302 
91.488603    -0.01772506 
91.574375    -0.02638763 
91.658691    -0.03451633 
91.741517    -0.04179725 
91.822834    -0.04797199 
91.902705    -0.05266002 
91.981247    -0.05556010 
92.058614    -0.05648893 
92.134972    -0.05543324 
92.210438    -0.05257102 
92.285154    -0.04814672 
92.359186    -0.04252648 
92.432562    -0.03604204 
92.505278    -0.02897842 
92.577306    -0.02155971 
92.648612    -0.01395093 
92.719155    -0.00626812 
92.788898    0.00140990 
92.857807    0.00903106 
92.925859    0.01656173 
92.993036    0.02398052 
93.059332    0.03127389 
93.124734    0.03844237 
93.189265    0.04546339 
93.252943    0.05234054 
93.315793    0.05907039 
93.377847    0.06564951 
93.439143    0.07207408 
93.499725    0.07833987 
93.559643    0.08444218 
93.618951    0.09037578 
93.677706    0.09614221 
93.735975    0.10172105 
93.793827    0.10711149 
93.851337    0.11230534 
93.908581    0.11729359 
93.965643    0.12206630 
94.022609    0.12661259 
94.079571    0.13092051 
94.136625    0.13497676 
94.193871    0.13876675 
94.251414    0.14227478 
94.309364    0.14548366 
94.367832    0.14837475 
94.426933    0.15092796 
94.486786    0.15312162 
94.547509    0.15493276 
94.609220    0.15633773 
94.672038    0.15731262 
94.736076    0.15783362 
94.801444    0.15787731 
94.868243    0.15742146 
94.936563    0.15644566 
95.006482    0.15493274 
95.078063    0.15287059 
95.151351    0.15025307 
95.226371    0.14708033 
95.303127    0.14335894 
95.381603    0.13910251 
95.461758    0.13433233 
95.543531    0.12906512 
95.626840    0.12335845 
95.711585    0.11723534 
95.797653    0.11073494 
95.884913    0.10389868 
95.973227    0.09676767 
96.062448    0.08938126 
96.152424    0.08177683 
96.243000    0.07398174 
96.334022    0.06604439 
96.425335    0.05798043 
96.516788    0.04981264 
96.608228    0.04156133 
96.699508    0.03324612 
96.790482    0.02488770 
96.881011    0.01651021 
96.970972    0.00818409 
97.060225    -0.00011888 
97.148651    -0.00829994 
97.236145    -0.01626693 
97.322622    -0.02389250 
97.408023    -0.03100780 
97.492322    -0.03740134 
97.575534    -0.04282794 
97.657717    -0.04703254 
97.738967    -0.04978926 
97.819384    -0.05097474 
97.899127    -0.05048733 
97.978323    -0.04844962 
98.057073    -0.04504986 
98.135447    -0.04053834 
98.213483    -0.03518144 
98.291188    -0.02922636 
98.368551    -0.02288232 
98.445546    -0.01631507 
98.522139    -0.00964956 
98.598327    -0.00301052 
98.674050    0.00360309 
98.749247    0.01015639 
98.823931    0.01654232 
98.898086    0.02277852 
98.971706    0.02885160 
99.044792    0.03475280 
99.117352    0.04047628 
99.189399    0.04601780 
99.260956    0.05137394 
99.332048    0.05654166 
99.402708    0.06151802 
99.472973    0.06629992 
99.542884    0.07088396 
99.612488    0.07526630 
99.681835    0.07944264 
99.750978    0.08340820 
99.819975    0.08715779 
99.888884    0.09068583 
99.957769    0.09398635 
100.026693    0.09705301 
100.095724    0.09987910 
100.164929    0.10245765 
100.234377    0.10478151 
100.304138    0.10684337 
100.374281    0.10863583 
100.444877    0.11015142 
100.515993    0.11138285 
100.587697    0.11232325 
100.660054    0.11296628 
100.733125    0.11330624 
100.806968    0.11333823 
100.881639    0.11305828 
100.957186    0.11246340 
101.033653    0.11155168 
101.111076    0.11032251 
101.189486    0.10877689 
101.268906    0.10691756 
101.349351    0.10474902 
101.430827    0.10227743 
101.513334    0.09951053 
101.596863    0.09645738 
101.681395    0.09312813 
101.766906    0.08953381 
101.853362    0.08568619 
101.940723    0.08159760 
102.028943    0.07728065 
102.117968    0.07274788 
102.207739    0.06801141 
102.298185    0.06304916 
102.389244    0.05794586 
102.480843    0.05267217 
102.572903    0.04723871 
102.665344    0.04165613 
102.758079    0.03593548 
102.851021    0.03008889 
102.944080    0.02413053 
103.037163    0.01807798 
103.130176    0.01195411 
103.223027    0.00578938 
103.315623    -0.00037530 
103.407890    -0.00640863 
103.499739    -0.01238190 
103.591099    -0.01813650 
103.681913    -0.02355649 
103.772144    -0.02850344 
103.861775    -0.03282137 
103.950815    -0.03634779 
104.039296    -0.03893102 
104.127268    -0.04045164 
104.214796    -0.04084291 
104.301946    -0.04010373 
104.388781    -0.03829923 
104.475309    -0.03555572 
104.561598    -0.03199400 
104.647661    -0.02780992 
104.733496    -0.02316598 
104.819087    -0.01820592 
104.904408    -0.01305052 
104.989432    -0.00779764 
105.074127    -0.00252399 
105.158516    0.00261944 
105.242523    0.00776785 
105.326125    0.01280566 
105.409306    0.01771080 
105.491996    0.02258795 
105.574244    0.02719387 
105.656051    0.03163415 
105.737424    0.03590440 
105.818372    0.04000224 
105.898910    0.04392631 
105.979057    0.04767578 
106.058837    0.05125003 
106.138276    0.05464860 
106.217405    0.05787108 
106.296257    0.06091702 
106.374869    0.06378586 
106.453277    0.06647687 
106.531523    0.06898912 
106.609649    0.07132141 
106.687698    0.07347228 
106.765716    0.07543999 
106.843746    0.07722258 
106.921837    0.07881793 
107.000034    0.08022374 
107.078385    0.08143762 
107.156936    0.08245708 
107.235735    0.08327954 
107.314826    0.08390237 
107.394254    0.08432291 
107.474064    0.08453846 
107.554298    0.08454637 
107.634995    0.08434406 
107.716194    0.08392906 
107.797930    0.08329911 
107.880236    0.08245217 
107.963141    0.08138652 
108.046672    0.08010068 
108.130849    0.07859353 
108.215691    0.07686416 
108.301212    0.07491195 
108.387419    0.07273654 
108.474318    0.07033779 
108.561906    0.06771581 
108.650177    0.06487098 
108.739118    0.06180393 
108.828712    0.05851556 
108.918934    0.05500707 
109.009753    0.05128003 
109.101133    0.04733648 
109.193030    0.04317909 
109.285394    0.03881137 
109.378169    0.03423803 
109.471272    0.02935982 
109.564653    0.02440865 
109.658238    0.01928011 
109.751945    0.01399158 
109.845689    0.00856705 
109.939383    0.00303942 
110.032937    -0.00254680 
110.126261    -0.00813222 
110.219271    -0.01363917 
110.311891    -0.01896866 
110.404056    -0.02399872 
110.495719    -0.02858548 
110.586852    -0.03256889 
110.677452    -0.03578440 
110.767537    -0.03808058 
110.857145    -0.03934019 
110.946326    -0.03949943 
111.035132    -0.03855938 
111.123611    -0.03658521 
111.211798    -0.03369376 
111.299712    -0.03003382 
111.387355    -0.02576543 
111.474715    -0.02104300 
111.561768    -0.01600445 
111.648443    -0.01075923 
111.734741    -0.00540297 
111.820627    -0.00001457 
111.906067    0.00535000 
111.991032    0.01064904 
112.075496    0.01585188 
112.159440    0.02093619 
112.242849    0.02588587 
112.325716    0.03068934 
112.408040    0.03533824 
112.489827    0.03982645 
112.571086    0.04414939 
112.651833    0.04830353 
112.732090    0.05228598 
112.811880    0.05609424 
112.891235    0.05972600 
112.970186    0.06317899 
113.048772    0.06645095 
113.127032    0.06953953 
113.205009    0.07244231 
113.282749    0.07515678 
113.360299    0.07768027 
113.437709    0.08001001 
113.515032    0.08214306 
113.592318    0.08407636 
113.669624    0.08580668 
113.747002    0.08733068 
113.824509    0.08864489 
113.902199    0.08974574 
113.980128    0.09062954 
114.058351    0.09129254 
114.136922    0.09173093 
114.215893    0.09194087 
114.295316    0.09191850 
114.375241    0.09166004 
114.455713    0.09116177 
114.536778    0.09042010 
114.618476    0.08943158 
114.700845    0.08819296 
114.783917    0.08670123 
114.867721    0.08495362 
114.952280    0.08294766 
115.037611    0.08068119 
115.123726    0.07815236 
115.210629    0.07535963 
115.298318    0.07230183 
115.386783    0.06897808 
115.476006    0.06538790 
115.565962    0.06153117 
115.656616    0.05740822 
115.747923    0.05301992 
115.839832    0.04836786 
115.932279    0.04345460 
116.025193    0.03828404 
116.118492    0.03286201 
116.212086    0.02719712 
116.305873    0.02130200 
116.399746    0.01519502 
116.493589    0.00890283 
116.587282    0.00246364 
116.680699    -0.00406846 
116.773719    -0.01061816 
116.866222    -0.01708300 
116.958103    -0.02332755 
117.049275    -0.02917989 
117.139676    -0.03443328 
117.229277    -0.03885683 
117.318087    -0.04221816 
117.406144    -0.04431683 
117.493513    -0.04502129 
117.580269    -0.04429638 
117.666483    -0.04220999 
117.752253    -0.03882317 
117.837571    -0.03453668 
117.922446    -0.02947365 
118.006861    -0.02384360 
118.090727    -0.01786802 
118.174058    -0.01159795 
118.256810    -0.00520180 
118.338940    0.00123562 
118.420408    0.00765212 
118.501178    0.01400295 
118.581220    0.02025646 
118.660516    0.02639043 
118.739026    0.03241362 
118.816770    0.03827065 
118.893753    0.04397236 
118.969985    0.04951159 
119.045482    0.05488269 
119.120271    0.06008052 
119.194382    0.06510019 
119.267851    0.06993705 
119.340719    0.07458644 
119.413034    0.07904361 
119.484846    0.08330366 
119.556210    0.08736151 
119.627185    0.09121191 
119.697835    0.09484944 
119.768225    0.09826849 
119.838423    0.10146319 
119.908501    0.10442735 
119.978533    0.10715443 
120.048594    0.10963759 
120.118762    0.11186979 
120.189116    0.11384386 
120.259735    0.11555250 
120.330698    0.11698828 
120.402086    0.11814370 
120.473976    0.11901119 
120.546448    0.11958316 
120.619576    0.11985208 
120.693434    0.11981058 
120.768092    0.11945159 
120.843616    0.11876851 
120.920066    0.11775541 
120.997498    0.11640719 
121.075959    0.11471968 
121.155491    0.11268963 
121.236128    0.11031467 
121.317892    0.10759344 
121.400798    0.10452557 
121.484848    0.10111192 
121.570036    0.09735466 
121.656341    0.09325729 
121.743731    0.08882447 
121.832164    0.08406164 
121.921583    0.07897480 
122.011918    0.07357036 
122.103088    0.06785503 
122.194999    0.06183583 
122.287544    0.05552018 
122.380604    0.04891607 
122.474038    0.04197948 
122.567713    0.03483333 
122.661476    0.02743318 
122.755165    0.01979875 
122.848607    0.01195850 
122.941627    0.00395431 
123.034047    -0.00415192 
123.125690    -0.01226971 
123.216394    -0.02026928 
123.306012    -0.02797051 
123.394433    -0.03513478 
123.481587    -0.04146630 
123.567459    -0.04663143 
123.652090    -0.05030217 
123.735567    -0.05221991 
123.818007    -0.05225881 
123.899598    -0.05034180 
123.980380    -0.04690056 
124.060420    -0.04210611 
124.139745    -0.03627688 
124.218255    -0.02978488 
124.295978    -0.02273088 
124.372899    -0.01536404 
124.448971    -0.00784334 
124.524145    -0.00026963 
124.598376    0.00728795 
124.671626    0.01478328 
124.743868    0.02218580 
124.815085    0.02947538 
124.885269    0.03663847 
124.954423    0.04366542 
125.022545    0.05055819 
125.089667    0.05729399 
125.155817    0.06387552 
125.221029    0.07029792 
125.285346    0.07655593 
125.348816    0.08264423 
125.411493    0.08855748 
125.473435    0.09428994 
125.534707    0.09983536 
125.595378    0.10518689 
125.655520    0.11033741 
125.715212    0.11527950 
125.774536    0.12000522 
125.833577    0.12450585 
125.892424    0.12877203 
125.951169    0.13280586 
126.009913    0.13657363 
126.068756    0.14007499 
126.127806    0.14329716 
126.187168    0.14622613 
126.246959    0.14883124 
126.307289    0.15112685 
126.368272    0.15308104 
126.430027    0.15467535 
126.492668    0.15589027 
126.556313    0.15670589 
126.621074    0.15710230 
126.687062    0.15705945 
126.754378    0.15655773 
126.823120    0.15557868 
126.893371    0.15410561 
126.965205    0.15212439 
127.038680    0.14962496 
127.113838    0.14660169 
127.190701    0.14305333 
127.269275    0.13898386 
127.349540    0.13440303 
127.431459    0.12932584 
127.514971    0.12377195 
127.599995    0.11776442 
127.686429    0.11132969 
127.774154    0.10449724 
127.863035    0.09729795 
127.952920    0.08976271 
128.043647    0.08192196 
128.135041    0.07378894 
128.226922    0.06542489 
128.319101    0.05683491 
128.411386    0.04804108 
128.503577    0.03906447 
128.595473    0.02992706 
128.686873    0.02065467 
128.777572    0.01128134 
128.867374    0.00185584 
128.956087    -0.00754944 
129.043535    -0.01682687 
129.129562    -0.02581951 
129.214049    -0.03430741 
129.296923    -0.04200045 
129.378192    -0.04851374 
129.457891    -0.05353688 
129.536133    -0.05670334 
129.613079    -0.05780172 
129.688902    -0.05680605 
129.763757    -0.05388248 
129.837729    -0.04935465 
129.910921    -0.04354937 
129.983360    -0.03684458 
130.055039    -0.02954105 
130.125931    -0.02187255 
130.195998    -0.01400950 
130.265198    -0.00607020 
130.333492    0.00186618 
130.400848    0.00974803 
130.467242    0.01754249 
130.532645    0.02523415 
130.597064    0.03280097 
130.660502    0.04023898 
130.722972    0.04754251 
130.784493    0.05470760 
130.845095    0.06173082 
130.904809    0.06860884 
130.963678    0.07533807 
131.021743    0.08191961 
131.079060    0.08833928 
131.135687    0.09459652 
131.191684    0.10068571 
131.247118    0.10660058 
131.302060    0.11233412 
131.356584    0.11787854 
131.410772    0.12322519 
131.464707    0.12836467 
131.518479    0.13328662 
131.572184    0.13797944 
131.625922    0.14243020 
131.679798    0.14662442 
131.733923    0.15054603 
131.788415    0.15417748 
131.843393    0.15749910 
131.898985    0.16048872 
131.955320    0.16312196 
132.012533    0.16537265 
132.070758    0.16721257 
132.130133    0.16861141 
132.190792    0.16953756 
132.252866    0.16995860 
132.316480    0.16984226 
132.381749    0.16915819 
132.448776    0.16787920 
132.517645    0.16598228 
132.588422    0.16345049 
132.661147    0.16027495 
132.735836    0.15645571 
132.812477    0.15200236 
132.891029    0.14693422 
132.971422    0.14128183 
133.053560    0.13508536 
133.137324    0.12839163 
133.222573    0.12125146 
133.309148    0.11371108 
133.396881    0.10584222 
133.485595    0.09768949 
133.575107    0.08930309 
133.665233    0.08072885 
133.755788    0.07200689 
133.846594    0.06317191 
133.937476    0.05425692 
134.028262    0.04528394 
134.118790    0.03627475 
134.208902    0.02725066 
134.298444    0.01823601 
134.387273    0.00926221 
134.475255    0.00037351 
134.562265    -0.00836553 
134.648199    -0.01686133 
134.732970    -0.02498205 
134.816524    -0.03254985 
134.898844    -0.03933878 
134.979955    -0.04508411 
135.059931    -0.04950892 
135.138890    -0.05236888 
135.216977    -0.05350552 
135.294349    -0.05288802 
135.371149    -0.05062347 
135.447490    -0.04693021 
135.523449    -0.04208796 
135.599068    -0.03638657 
135.674355    -0.03008908 
135.749298    -0.02341332 
135.823871    -0.01652829 
135.898039    -0.00955895 
135.971771    -0.00259446 
136.045032    0.00430329 
136.117799    0.01109232 
136.190050    0.01774468 
136.261774    0.02424200 
136.332964    0.03057229 
136.403625    0.03672761 
136.473764    0.04270251 
136.543400    0.04849292 
136.612553    0.05409542 
136.681253    0.05950680 
136.749535    0.06472373 
136.817427    0.06976631 
136.884985    0.07458472 
136.952256    0.07919647 
137.019293    0.08359641 
137.086153    0.08777886 
137.152895    0.09173765 
137.219583    0.09546604 
137.286282    0.09895676 
137.353060    0.10220204 
137.419987    0.10519377 
137.487136    0.10792359 
137.554579    0.11038279 
137.622390    0.11256251 
137.690645    0.11445391 
137.759417    0.11604827 
137.828779    0.11733715 
137.898802    0.11831252 
137.969555    0.11896710 
138.041103    0.11929464 
138.113507    0.11928978 
138.186823    0.11894816 
138.261103    0.11826690 
138.336389    0.11724524 
138.412718    0.11588402 
138.490118    0.11418556 
138.568608    0.11215442 
138.648201    0.10979777 
138.728897    0.10709619 
138.810690    0.10412154 
138.893565    0.10085497 
138.977498    0.09730987 
139.062456    0.09350058 
139.148401    0.08944241 
139.235286    0.08515123 
139.323056    0.08064298 
139.411654    0.07593327 
139.501016    0.07103719 
139.591073    0.06596928 
139.681747    0.06072316 
139.772969    0.05535834 
139.864662    0.04985952 
139.956746    0.04423782 
140.049137    0.03850407 
140.141751    0.03266934 
140.234502    0.02674600 
140.327305    0.02074891 
140.420071    0.01469708 
140.512714    0.00861567 
140.605148    0.00253835 
140.697294    -0.00348980 
140.789093    -0.00930253 
140.880462    -0.01503052 
140.971345    -0.02047645 
141.061702    -0.02552178 
141.151510    -0.03002963 
141.240769    -0.03385207 
141.329501    -0.03684306 
141.417745    -0.03887612 
141.505525    -0.03992377 
141.592935    -0.03981062 
141.680038    -0.03864615 
141.766887    -0.03651702 
141.853520    -0.03355072 
141.939958    -0.02989742 
142.026204    -0.02571250 
142.112250    -0.02114251 
142.198076    -0.01631623 
142.283656    -0.01134083 
142.368959    -0.00630191 
142.453957    -0.00126569 
142.538665    0.00362033 
142.623015    0.00851010 
142.706984    0.01328441 
142.790557    0.01792461 
142.873723    0.02241797 
142.956474    0.02675614 
143.038810    0.03093388 
143.120736    0.03494818 
143.202258    0.03879755 
143.283391    0.04248150 
143.364150    0.04600011 
143.444557    0.04935380 
143.524580    0.05269025 
143.604301    0.05572194 
143.683749    0.05859009 
143.762957    0.06129442 
143.841962    0.06383502 
143.920798    0.06621195 
143.999504    0.06842485 
144.078118    0.07047290 
144.156682    0.07235484 
144.235238    0.07406920 
144.313829    0.07561431 
144.392496    0.07698838 
144.471284    0.07818943 
144.550236    0.07921530 
144.629396    0.08006363 
144.708807    0.08073192 
144.788511    0.08121749 
144.868551    0.08151756 
144.948966    0.08162925 
145.029797    0.08154957 
145.111081    0.08127553 
145.192855    0.08080411 
145.275151    0.08013239 
145.358000    0.07925757 
145.441431    0.07817702 
145.525467    0.07688833 
145.610131    0.07538935 
145.695439    0.07367811 
145.781404    0.07175288 
145.868036    0.06961209 
145.955337    0.06725439 
146.043309    0.06467857 
146.131944    0.06188367 
146.221231    0.05886901 
146.311152    0.05563418 
146.401684    0.05217919 
146.492798    0.04850448 
146.584455    0.04461108 
146.676615    0.04050083 
146.769225    0.03617670 
146.862212    0.03152254 
146.955530    0.02679668 
147.049110    0.02187819 
147.142877    0.01678081 
147.236748    0.01152384 
147.330640    0.00613414 
147.424463    0.00064854 
147.518127    -0.00488317 
147.611545    -0.01039486 
147.704633    -0.01580066 
147.797316    -0.02099227 
147.889535    -0.02583813 
147.981248    -0.03018605 
148.072433    -0.03387122 
148.163093    -0.03673029 
148.253253    -0.03862100 
148.342952    -0.03944341 
148.432240    -0.03915700 
148.521167    -0.03778764 
148.609775    -0.03542209 
148.698088    -0.03219184 
148.786119    -0.02825226 
148.873861    -0.02376280 
148.961295    -0.01887232 
149.048392    -0.01371052 
149.135117    -0.00838484 
149.221432    -0.00298083 
149.307301    0.00243531 
149.392641    0.00785141 
149.477467    0.01316664 
149.561755    0.01837947 
149.645488    0.02346997 
149.728655    0.02842371 
149.811248    0.03323021 
149.893269    0.03788184 
149.974723    0.04237295 
150.055624    0.04669924 
150.135987    0.05085724 
150.215837    0.05484404 
150.295201    0.05865702 
150.374108    0.06229377 
150.452596    0.06575193 
150.530703    0.06902910 
150.608471    0.07212282 
150.685944    0.07503047 
150.763171    0.07774928 
150.840201    0.08027630 
150.917087    0.08260842 
150.993882    0.08474233 
151.070640    0.08667456 
151.147419    0.08840148 
151.224276    0.08991932 
151.301268    0.09122419 
151.378437    0.09239139 
151.455858    0.09326010 
151.533587    0.09390276 
151.611683    0.09431620 
151.690199    0.09449609 
151.769189    0.09443789 
151.848707    0.09413743 
151.928800    0.09359059 
152.009516    0.09279323 
152.090897    0.09174141 
152.172983    0.09043136 
152.255809    0.08885946 
152.339404    0.08702234 
152.423792    0.08491690 
152.508992    0.08254037 
152.595016    0.07981279 
152.681866    0.07688910 
152.769539    0.07368848 
152.858023    0.07020977 
152.947298    0.06645227 
153.037336    0.06241568 
153.128097    0.05810020 
153.219532    0.05350666 
153.311583    0.04863665 
153.404181    0.04349290 
153.497247    0.03807968 
153.590689    0.03240343 
153.684407    0.02647375 
153.778292    0.02030467 
153.872224    0.01391670 
153.966077    0.00733969 
154.059718    0.00061680 
154.153012    -0.00619028 
154.245825    -0.01299495 
154.338033    -0.01967869 
154.429524    -0.02608472 
154.520211    -0.03201496 
154.610039    -0.03723439 
154.698990    -0.04148713 
154.787084    -0.04452696 
154.874378    -0.04615839 
154.960948    -0.04627691 
155.046876    -0.04489215 
155.132279    -0.04201610 
155.217165    -0.03806986 
155.301559    -0.03318000 
155.385454    -0.02758294 
155.468763    -0.02154762 
155.551506    -0.01511826 
155.633639    -0.00850364 
155.715118    -0.00180612 
155.795897    0.00489920 
155.875914    0.01156709 
155.955157    0.01814680 
156.033604    0.02461683 
156.111238    0.03095854 
156.188052    0.03715843 
156.264047    0.04320637 
156.339232    0.04909419 
156.413623    0.05481515 
156.487245    0.06036352 
156.560128    0.06573389 
156.632307    0.07092091 
156.703827    0.07591923 
156.774733    0.08072347 
156.845078    0.08532815 
156.914920    0.08972766 
156.984319    0.09391616 
157.053340    0.09788759 
157.122053    0.10163563 
157.190519    0.10518279 
157.258824    0.10846562 
157.327043    0.11150435 
157.395258    0.11429184 
157.463550    0.11682036 
157.532003    0.11908188 
157.600701    0.12106802 
157.669731    0.12277024 
157.739178    0.12418002 
157.809130    0.12528861 
157.879670    0.12608699 
157.950882    0.12656599 
158.022849    0.12671650 
158.095649    0.12652980 
158.169355    0.12599759 
158.244036    0.12511235 
158.319756    0.12386776 
158.396572    0.12221970 
158.474530    0.12024336 
158.553668    0.11789622 
158.634014    0.11517699 
158.715587    0.11208580 
158.798394    0.10862421 
158.882428    0.10479537 
158.967670    0.10060405 
159.054090    0.09605644 
159.141640    0.09115994 
159.230263    0.08592285 
159.319886    0.08035423 
159.410423    0.07446368 
159.501775    0.06826121 
159.593830    0.06175687 
159.686464    0.05496045 
159.779540    0.04788207 
159.872910    0.04053339 
159.966407    0.03288499 
160.059872    0.02504752 
160.153129    0.01699525 
160.245995    0.00876253 
160.338285    0.00040001 
160.429813    -0.00801731 
160.520403    -0.01637973 
160.609895    -0.02453081 
160.698156    -0.03225619 
160.785094    -0.03927828 
160.870669    -0.04526548 
160.954901    -0.04986498 
161.037865    -0.05276180 
161.119678    -0.05375090 
161.200547    -0.05267327 
161.280529    -0.04990615 
161.359716    -0.04559808 
161.438158    -0.04007721 
161.515765    -0.03374802 
161.592583    -0.02673779 
161.668605    -0.01933159 
161.743788    -0.01171541 
161.818083    -0.00400830 
161.891443    0.00370793 
161.963828    0.01137847 
162.035208    0.01896699 
162.105563    0.02644973 
162.174882    0.03381127 
162.243153    0.04104824 
162.310396    0.04814010 
162.376629    0.05508613 
162.441878    0.06188126 
162.506174    0.06852074 
162.569559    0.07499926 
162.632079    0.08131132 
162.693787    0.08745142 
162.754739    0.09341385 
162.814999    0.09919242 
162.874634    0.10478025 
162.933713    0.11017842 
162.992316    0.11536331 
163.050526    0.12033454 
163.108426    0.12508335 
163.166109    0.12960043 
163.223666    0.13387578 
163.281198    0.13789815 
163.338807    0.14165507 
163.396600    0.14513318 
163.454686    0.14831799 
163.513180    0.15119371 
163.572199    0.15374322 
163.631862    0.15594795 
163.692292    0.15778768 
163.753610    0.15924078 
163.815940    0.16026571 
163.879400    0.16087834 
163.944105    0.16103723 
164.010165    0.16071988 
164.077682    0.15990454 
164.146747    0.15857116 
164.217438    0.15670354 
164.289818    0.15429048 
164.363934    0.15132551 
164.439810    0.14780743 
164.517451    0.14374088 
164.596840    0.13913607 
164.677936    0.13400914 
164.760674    0.12838187 
164.844969    0.12228158 
164.930714    0.11574016 
165.017786    0.10879272 
165.106042    0.10147529 
165.195329    0.09382360 
165.285480    0.08587336 
165.376320    0.07765869 
165.467667    0.06919869 
165.559334    0.06054722 
165.651134    0.05171413 
165.742872    0.04272163 
165.834357    0.03359159 
165.925394    0.02434837 
166.015795    0.01502198 
166.105371    0.00565314 
166.193943    -0.00369877 
166.281342    -0.01294548 
166.367421    -0.02195765 
166.452059    -0.03055167 
166.535175    -0.03847952 
166.616767    -0.04539119 
166.696844    -0.05101180 
166.775501    -0.05496059 
166.852882    -0.05697598 
166.929157    -0.05694864 
167.004462    -0.05497566 
167.078965    -0.05124402 
167.152759    -0.04611452 
167.225895    -0.03993923 
167.298383    -0.03303785 
167.370208    -0.02567123 
167.441337    -0.01803640 
167.511731    -0.01027437 
167.581350    -0.00248212 
167.650159    0.00527570 
167.718128    0.01295709 
167.785236    0.02053519 
167.851457    0.02800045 
167.916800    0.03532827 
167.981271    0.04251786 
168.044884    0.04956406 
168.107659    0.05646313 
168.169625    0.06321166 
168.230816    0.06980612 
168.291275    0.07624248 
168.351047    0.08251610 
168.410185    0.08862173 
168.468741    0.09456079 
168.526783    0.10031304 
168.584376    0.10587756 
168.641592    0.11124619 
168.698508    0.11640999 
168.755204    0.12135916 
168.811765    0.12608312 
168.868283    0.13057009 
168.924851    0.13480683 
168.981572    0.13877871 
169.038548    0.14246985 
169.095888    0.14586298 
169.153707    0.14893952 
169.212119    0.15167938 
169.271243    0.15406070 
169.331200    0.15606003 
169.392110    0.15765297 
169.454093    0.15881492 
169.517266    0.15952131 
169.581742    0.15974768 
169.647624    0.15947046 
169.715008    0.15866766 
169.783977    0.15732094 
169.854599    0.15541720 
169.926924    0.15294941 
170.000982    0.14991642 
170.076785    0.14632360 
170.154320    0.14218328 
170.233552    0.13751487 
170.314425    0.13234572 
170.396860    0.12669949 
170.480764    0.12063731 
170.566025    0.11418814 
170.652518    0.10739538 
170.740109    0.10030269 
170.828653    0.09295163 
170.918004    0.08538146 
171.008011    0.07762860 
171.098523    0.06972195 
171.189390    0.06170088 
171.280465    0.05358239 
171.371603    0.04538732 
171.462660    0.03713468 
171.553498    0.02884349 
171.643982    0.02053490 
171.733980    0.01223537 
171.823385    0.00402652 
171.912067    -0.00412661 
171.999918    -0.01210819 
172.086850    -0.01981326 
172.172795    -0.02709960 
172.257713    -0.03378370 
172.341601    -0.03964404 
