0.000000    0.00000000 
0.398497    0.00814129 
0.795673    0.01491340 
1.191113    0.01928767 
1.584788    0.02068382 
1.976848    0.01895212 
2.367361    0.01434767 
2.756117    0.00753486 
3.142647    -0.00044252 
3.526435    -0.00830147 
3.907209    -0.01476186 
4.285112    -0.01879780 
4.660639    -0.01980769 
5.034399    -0.01768206 
5.406846    -0.01279689 
5.778116    -0.00594794 
6.148072    0.00178451 
6.516507    0.00923395 
6.883383    0.01535502 
7.248963    0.01936846 
7.613769    0.02081364 
7.978415    0.01954030 
8.343399    0.01569492 
8.708930    0.00972778 
9.074885    0.00239558 
9.440933    -0.00529218 
9.806776    -0.01221059 
10.172362    -0.01731299 
10.537951    -0.01981721 
10.903988    -0.01933446 
11.270867    -0.01592836 
11.638712    -0.01010901 
12.007310    -0.00275881 
12.376233    0.00501514 
12.745081    0.01207841 
13.113701    0.01745722 
13.482262    0.02046016 
13.851154    0.02072202 
14.220789    0.01820492 
14.591386    0.01319868 
14.962840    0.00632639 
15.334756    -0.00148030 
15.706657    -0.00908013 
16.078241    -0.01530185 
16.449548    -0.01915862 
16.820920    -0.02003153 
17.192779    -0.01777860 
17.565353    -0.01275760 
17.938531    -0.00576353 
18.311910    0.00211351 
18.685028    0.00968556 
19.057612    0.01586742 
19.429727    0.01982638 
19.801725    0.02105906 
20.174060    0.01941400 
20.547055    0.01509299 
20.920723    0.00864553 
21.294758    0.00094075 
21.668686    -0.00691373 
22.042140    -0.01372247 
22.415069    -0.01840411 
22.787763    -0.02019508 
23.160676    -0.01879968 
23.534135    -0.01444810 
23.908139    -0.00784936 
24.282358    -0.00005114 
24.656324    0.00775672 
25.029701    0.01444263 
25.402468    0.01909070 
25.774927    0.02109562 
26.147543    0.02020456 
26.520706    0.01652842 
26.894527    0.01053652 
27.268778    0.00302946 
27.643007    -0.00493068 
28.016795    -0.01215147 
28.389998    -0.01749794 
28.762835    -0.02010062 
29.135750    -0.01952803 
29.509133    -0.01587497 
29.883083    -0.00974234 
30.257341    -0.00211474 
30.631448    0.00582963 
31.005011    0.01292417 
31.377920    0.01818419 
31.750407    0.02091688 
32.122919    0.02077526 
32.495893    0.01777637 
32.869528    0.01230030 
33.243678    0.00506964 
33.617928    -0.00290799 
33.991820    -0.01045490 
34.365124    -0.01639866 
34.737970    -0.01977983 
35.110768    -0.02003958 
35.483955    -0.01713402 
35.857721    -0.01154302 
36.231891    -0.00417156 
36.606032    0.00382859 
36.979707    0.01126636 
37.352718    0.01709468 
37.725215    0.02053667 
38.097612    0.02115225 
38.470375    0.01886363 
38.843784    0.01395874 
39.217781    0.00707691 
39.592002    -0.00083706 
39.965972    -0.00863196 
40.339377    -0.01511168 
40.712254    -0.01923928 
41.084962    -0.02033583 
41.457962    -0.01821823 
41.831526    -0.01323716 
42.205571    -0.00620455 
42.579705    0.00176889 
42.953460    0.00947988 
43.326555    0.01582713 
43.699052    0.01995393 
44.071315    0.02132870 
44.443829    0.01977866 
44.816947    0.01549759 
45.190717    0.00903680 
45.564850    0.00126963 
45.938882    -0.00669168 
46.312441    -0.01364162 
46.685468    -0.01847823 
47.058256    -0.02040939 
47.431267    -0.01911249 
47.804841    -0.01480168 
48.178981    -0.00818385 
48.553346    -0.00031545 
48.927446    0.00759902 
49.300921    0.01441099 
49.673729    0.01918706 
50.046166    0.02130527 
50.418704    0.02049874 
50.791750    0.01686831 
51.165432    0.01087782 
51.539533    0.00332697 
51.913602    -0.00471823 
52.287213    -0.01205570 
52.660212    -0.01753472 
53.032816    -0.02026544 
53.405478    -0.01979526 
53.778608    -0.01620193 
54.152320    -0.01007730 
54.526361    -0.00240637 
54.900267    0.00562419 
55.273630    0.01283403 
55.646328    0.01822235 
56.018582    0.02107990 
56.390848    0.02104421 
56.763573    0.01811866 
57.136972    0.01267258 
57.510909    0.00542210 
57.884967    -0.00262556 
58.258676    -0.01028543 
58.631787    -0.01636970 
59.004419    -0.01989714 
59.376985    -0.02028465 
59.749933    -0.01746681 
60.123470    -0.01190950 
60.497432    -0.00451403 
60.871384    0.00356139 
61.244873    0.01111198 
61.617688    0.01707346 
61.989968    0.02065126 
62.362129    0.02138884 
62.734648    0.01919384 
63.107822    0.01434203 
63.481606    0.00746405 
63.855640    -0.00049884 
64.229439    -0.00839196 
64.602673    -0.01500745 
64.975361    -0.01928909 
65.347859    -0.02053387 
65.720637    -0.01853446 
66.093987    -0.01362205 
66.467842    -0.00659783 
66.841816    0.00142769 
67.215432    0.00924187 
67.588394    0.01572740 
67.960748    0.02000808 
68.332854    0.02153193 
68.705198    0.02010651 
69.078149    0.01590803 
69.451761    0.00947418 
69.825744    0.00167112 
70.199615    -0.00638715 
70.572977    -0.01348287 
70.945744    -0.01849223 
71.318201    -0.02059524 
71.690820    -0.01944071 
72.063970    -0.01521924 
72.437683    -0.00862386 
72.811639    -0.00070924 
73.185353    0.00731058 
73.558457    0.01426936 
73.930902    0.01921199 
74.302982    0.02149419 
74.675178    0.02082816 
75.047915    0.01729652 
75.421340    0.01134890 
75.795243    0.00377674 
76.169165    -0.00435385 
76.542654    -0.01183059 
76.915533    -0.01748262 
77.287999    -0.02039293 
77.660505    -0.02007990 
78.033473    -0.01659632 
78.407036    -0.01051815 
78.780952    -0.00282618 
79.154752    0.00528590 
79.528012    0.01262269 
79.900591    0.01816433 
80.272702    0.02118183 
80.644797    0.02129398 
81.017342    0.01848693 
81.390570    0.01311477 
81.764363    0.00588160 
82.138306    -0.00221179 
82.511921    -0.00997845 
82.884935    -0.01621826 
83.257449    -0.01992783 
83.629870    -0.02049541 
84.002661    -0.01782595 
84.376048    -0.01236079 
84.749885    -0.00498677 
85.123738    0.00313987 
85.497144    0.01080471 
85.869867    0.01692547 
86.242030    0.02068510 
86.614041    0.02160303 
86.986390    0.01956321 
87.359393    0.01481944 
87.733030    0.00798423 
88.106948    -0.00001210 
88.480655    -0.00801466 
88.853795    -0.01480172 
89.226366    -0.01929016 
89.598713    -0.02074173 
89.971318    -0.01891302 
90.344496    -0.01410615 
90.718201    -0.00710647 
91.092053    0.00097582 
91.465564    0.00891455 
91.838414    0.01556988 
92.210629    0.02003961 
92.582563    0.02174629 
92.954713    0.02047465 
93.327468    0.01638155 
93.700904    0.00998982 
94.074741    0.00215723 
94.448493    -0.00600140 
94.821739    -0.01325622 
95.194372    -0.01846025 
95.566663    -0.02076264 
95.939090    -0.01977953 
96.312043    -0.01567371 
96.685578    -0.00912073 
97.059382    -0.00117113 
97.432965    0.00695238 
97.805938    0.01406540 
98.178230    0.01918984 
98.550124    0.02165727 
98.922106    0.02115673 
99.294621    0.01774967 
99.667839    0.01186767 
100.041565    0.00428948 
100.415338    -0.00392271 
100.788692    -0.01154853 
101.161421    -0.01739602 
101.533705    -0.02051675 
101.905999    -0.02039340 
102.278744    -0.01704638 
102.652098    -0.01102947 
103.025832    -0.00331585 
103.399475    0.00489352 
103.772584    0.01238436 
104.144992    0.01811167 
104.516900    0.02131998 
104.888764    0.02160329 
105.261065    0.01892620 
105.634062    0.01362537 
106.007652    0.00639333 
106.381426    -0.00177229 
106.754887    -0.00967660 
107.127742    -0.01609980 
107.500070    -0.02000948 
107.872277    -0.02076097 
108.244839    -0.01822920 
108.618007    -0.01283460 
108.991651    -0.00545599 
109.365337    0.00274509 
109.738588    0.01053848 
110.111147    0.01682050 
110.483120    0.02075154 
110.854915    0.02183007 
111.227032    0.01992171 
111.599807    0.01526479 
111.973239    0.00845993 
112.346982    0.00043089 
112.720536    -0.00766620 
113.093527    -0.01459871 
113.465928    -0.01926326 
113.838078    -0.02089501 
114.210464    -0.01922252 
114.583420    -0.01452402 
114.956920    -0.00756952 
115.330591    0.00053503 
115.703938    0.00855728 
116.076623    0.01534349 
116.448652    0.01997343 
116.820367    0.02185030 
117.192270    0.02073941 
117.564765    0.01677857 
117.937951    0.01047250 
118.311566    0.00266371 
118.685125    -0.00554204 
119.058191    -0.01291385 
119.430635    -0.01829134 
119.802710    -0.02079864 
120.174895    -0.02001945 
120.547597    -0.01608309 
120.920898    -0.00963758 
121.294506    -0.00171722 
121.667931    0.00645780 
122.040768    0.01369323 
122.412922    0.01899236 
122.784657    0.02166335 
123.156457    0.02136981 
123.528780    0.01814709 
123.901822    0.01240128 
124.275412    0.00488858 
124.649099    -0.00334427 
125.022401    -0.01108019 
125.395084    -0.01711480 
125.767301    -0.02047168 
126.139495    -0.02059469 
126.512121    -0.01746252 
126.885362    -0.01159319 
127.259014    -0.00393728 
127.632608    0.00431006 
128.005682    0.01192462 
128.378041    0.01784021 
128.749858    0.02127407 
129.121579    0.02179083 
129.493695    0.01932560 
129.866490    0.01418677 
130.239891    0.00704183 
130.613501    -0.00112951 
130.986815    -0.00913808 
131.359513    -0.01575331 
131.731643    -0.01991495 
132.103597    -0.02093756 
132.475865    -0.01865036 
132.848727    -0.01343264 
133.222086    -0.00613514 
133.595523    0.00209069 
133.968548    0.01000677 
134.340878    0.01648776 
134.712590    0.02066442 
135.084081    0.02200253 
135.455859    0.02033470 
135.828293    0.01586749 
136.201412    0.00917306 
136.574895    0.00115395 
136.948237    -0.00704226 
137.321037    -0.01417373 
137.693234    -0.01910873 
138.065144    -0.02103871 
138.437262    -0.01964178 
138.809952    -0.01514956 
139.183221    -0.00829915 
139.556716    -0.00018329 
139.929932    0.00795842 
140.302502    0.01494910 
140.674397    0.01983618 
141.045942    0.02198735 
141.417640    0.02113289 
141.789923    0.01737778 
142.162921    0.01119792 
142.536396    0.00341416 
142.909864    -0.00487714 
143.282863    -0.01243748 
143.655225    -0.01807988 
144.027176    -0.02088617 
144.399191    -0.02039010 
144.771703    -0.01667376 
145.144828    -0.01035044 
145.518295    -0.00243876 
145.891610    0.00583649 
146.264342    0.01326006 
146.636361    0.01880446 
147.007908    0.02174361 
147.379465    0.02170726 
147.751511    0.01869906 
148.124275    0.01309668 
148.497614    0.00563364 
148.871088    -0.00265605 
149.244196    -0.01055298 
149.616671    -0.01683242 
149.988637    -0.02048090 
150.360530    -0.02089489 
150.732827    -0.01800482 
151.105748    -0.01228963 
151.479120    -0.00467766 
151.852481    0.00363808 
152.225352    0.01141762 
152.597507    0.01756689 
152.969092    0.02126961 
153.340545    0.02205581 
153.712376    0.01982732 
154.084902    0.01486178 
154.458082    0.00780069 
154.831535    -0.00039337 
155.204747    -0.00853413 
155.577362    -0.01537565 
155.949395    -0.01982401 
156.321219    -0.02114724 
156.693334    -0.01912450 
157.066053    -0.01409206 
157.439309    -0.00687334 
157.812695    0.00138738 
158.185705    0.00944009 
158.558022    0.01613384 
158.929693    0.02056699 
159.301095    0.02217142 
159.672747    0.02074712 
160.045039    0.01647054 
160.418037    0.00988766 
160.791438    0.00188183 
161.164734    -0.00640672 
161.537499    -0.01372733 
161.909635    -0.01892173 
162.281437    -0.02114067 
162.653402    -0.02001500 
163.025922    -0.01573222 
163.399040    -0.00899740 
163.772424    -0.00088912 
164.145565    0.00734846 
164.518070    0.01451889 
164.889882    0.01964115 
165.261304    0.02205113 
165.632841    0.02144713 
166.004947    0.01790351 
166.377787    0.01186801 
166.751150    0.00413851 
167.124558    -0.00420194 
167.497531    -0.01191327 
167.869867    -0.01778908 
168.241761    -0.02087551 
168.613684    -0.02066062 
168.986086    -0.01718026 
169.359116    -0.01101045 
169.732529    -0.00314875 
170.105832    0.00518228 
170.478571    0.01275308 
170.850584    0.01851094 
171.222083    0.02169956 
171.593540    0.02191735 
171.965447    0.01913740 
172.338062    0.01370842 
172.711272    0.00633851 
173.084648    -0.00195633 
173.457681    -0.00996216 
173.830073    -0.01644286 
174.201917    -0.02035625 
174.573634    -0.02105699 
174.945716    -0.01842874 
175.318417    -0.01290819 
175.691599    -0.00539443 
176.064815    0.00293089 
176.437578    0.01082128 
176.809634    0.01716241 
177.181100    0.02110979 
177.552404    0.02216179 
177.924061    0.02018769 
178.296419    0.01543294 
178.669472    0.00850900 
179.042864    0.00035446 
179.416078    -0.00785675 
179.788732    -0.01487377 
180.160804    -0.01957835 
180.532641    -0.02119789 
180.904747    -0.01946245 
181.277459    -0.01466106 
181.650745    -0.00758152 
182.024215    0.00064939 
182.397356    0.00877975 
182.769823    0.01564099 
183.141627    0.02030416 
183.513120    0.02216967 
183.884818    0.02100519 
184.257132    0.01695538 
184.630159    0.01053619 
185.003621    0.00260557 
185.377016    -0.00571225 
185.749899    -0.01316765 
186.122138    -0.01858522 
186.493997    -0.02108155 
186.865968    -0.02024236 
187.238465    -0.01620828 
187.611565    -0.00964527 
187.984962    -0.00160806 
188.358151    0.00666469 
188.730721    0.01396549 
189.102582    0.01929082 
189.474008    0.02194800 
189.845500    0.02160440 
190.217522    0.01830274 
190.590273    0.01245949 
190.963572    0.00484388 
191.336956    -0.00348264 
191.709935    -0.01128857 
192.082278    -0.01735826 
192.454146    -0.02070983 
192.825997    -0.02078891 
193.198296    -0.01758280 
193.571225    -0.01162299 
193.944575    -0.00387543 
194.317867    0.00445073 
194.690636    0.01212100 
195.062691    0.01806364 
195.434212    0.02149475 
195.805659    0.02198117 
196.177532    0.01946280 
196.550118    0.01425495 
196.923340    0.00703409 
197.296791    -0.00120944 
197.669958    -0.00927535 
198.042517    -0.01592349 
198.414522    -0.02008784 
198.786372    -0.02108267 
199.158560    -0.01874270 
199.531367    -0.01345740 
199.904686    -0.00609007 
200.278089    0.00219573 
200.651077    0.01015267 
201.023367    0.01665037 
201.395039    0.02081876 
201.766495    0.02212631 
202.138250    0.02041087 
202.510670    0.01588625 
202.883779    0.00913331 
203.257246    0.00106390 
203.630560    -0.00716568 
204.003319    -0.01430746 
204.375466    -0.01922774 
204.747324    -0.02112109 
205.119391    -0.01967317 
205.492031    -0.01512589 
205.865247    -0.00822685 
206.238678    -0.00007726 
206.611817    0.00807856 
206.984302    0.01506305 
207.356110    0.01992638 
207.727572    0.02204124 
208.099198    0.02114403 
208.471417    0.01734640 
208.844358    0.01113075 
209.217780    0.00332376 
209.591196    -0.00497408 
209.964149    -0.01252285 
210.336475    -0.01813753 
210.708406    -0.02090523 
211.080421    -0.02036723 
211.452949    -0.01661380 
211.826102    -0.01026529 
212.199605    -0.00234477 
212.572961    0.00592185 
212.945743    0.01332131 
213.317825    0.01883045 
213.689449    0.02172885 
214.061097    0.02165243 
214.433242    0.01861105 
214.806105    0.01298807 
215.179539    0.00552151 
215.553099    -0.00275239 
215.926287    -0.01061535 
216.298843    -0.01684759 
216.670892    -0.02044395 
217.042871    -0.02081086 
217.415251    -0.01788819 
217.788247    -0.01216149 
218.161681    -0.00456148 
218.535093    0.00372110 
218.908012    0.01145226 
219.280218    0.01754602 
219.651863    0.02119468 
220.023384    0.02193627 
220.395287    0.01967934 
220.767880    0.01470656 
221.141122    0.00766195 
221.514632    -0.00049272 
221.887903    -0.00857611 
222.260589    -0.01535120 
222.632710    -0.01973563 
223.004638    -0.02100928 
223.376869    -0.01896080 
223.749705    -0.01393146 
224.123078    -0.00674422 
224.496582    0.00146223 
224.869719    0.00944700 
225.242182    0.01606966 
225.614018    0.02043864 
225.985604    0.02199443 
226.357447    0.02054371 
226.729931    0.01626749 
227.103112    0.00971353 
227.476689    0.00176328 
227.850162    -0.00644943 
228.223112    -0.01368483 
228.595452    -0.01879857 
228.967472    -0.02095564 
229.339661    -0.01979836 
229.712401    -0.01552040 
230.085728    -0.00882630 
230.459312    -0.00078775 
230.832652    0.00736252 
231.205367    0.01444137 
231.577403    0.01948062 
231.949061    0.02182702 
232.320837    0.02118729 
232.693170    0.01764143 
233.066218    0.01163949 
233.439767    0.00397723 
233.813348    -0.00426989 
234.186496    -0.01187495 
234.559018    -0.01764872 
234.931113    -0.02065524 
235.303241    -0.02039729 
235.675843    -0.01691883 
236.049060    -0.01079562 
236.422650    -0.00301683 
236.796133    0.00520916 
237.169071    0.01266937 
237.541311    0.01832689 
237.913065    0.02143841 
238.284800    0.02161187 
238.656991    0.01882635 
239.029889    0.01343277 
239.403377    0.00613682 
239.777036    -0.00205349 
240.150372    -0.00993802 
240.523099    -0.01629891 
240.895312    -0.02011358 
241.267424    -0.02075364 
241.639911    -0.01811342 
242.013010    -0.01263180 
242.386579    -0.00520135 
242.760179    0.00300983 
243.133334    0.01077254 
243.505799    0.01699016 
243.877691    0.02083385 
244.249427    0.02181466 
244.621503    0.01981122 
244.994249    0.01507466 
245.367650    0.00821735 
245.741353    0.00017230 
246.114857    -0.00789981 
246.487797    -0.01476847 
246.860162    -0.01933981 
247.232298    -0.02086467 
247.604690    -0.01909035 
247.977663    -0.01431292 
248.351180    -0.00731559 
248.724860    0.00078964 
249.098212    0.00877194 
249.470909    0.01548531 
249.842969    0.02002114 
250.214743    0.02179595 
250.586729    0.02058870 
250.959323    0.01655046 
251.332610    0.01019791 
251.706318    0.00238273 
252.079961    -0.00578512 
252.453113    -0.01307781 
252.825659    -0.01834603 
253.197859    -0.02073182 
253.570191    -0.01984013 
253.943047    -0.01582048 
254.316495    -0.00933561 
254.690233    -0.00142618 
255.063772    0.00669039 
255.436720    0.01383014 
255.808994    0.01901130 
256.180866    0.02155890 
256.552817    0.02115334 
256.925291    0.01784575 
257.298469    0.01205577 
257.672168    0.00454912 
258.045938    -0.00362446 
258.419310    -0.01125388 
258.792069    -0.01715034 
259.164381    -0.02036056 
259.536691    -0.02035452 
259.909441    -0.01713430 
260.282799    -0.01123347 
260.656553    -0.00360721 
261.030240    0.00455585 
261.403417    0.01204657 
261.775907    0.01781836 
262.147894    0.02110898 
262.519822    0.02150220 
262.892170    0.01894981 
263.265202    0.01377360 
263.638834    0.00664958 
264.012667    -0.00144121 
264.386213    -0.00931777 
264.759169    -0.01576792 
265.131600    -0.01975777 
265.503897    -0.02063139 
265.876530    -0.01824449 
266.249759    -0.01299417 
266.623473    -0.00573667 
266.997253    0.00238390 
267.370625    0.01014703 
267.743327    0.01645067 
268.115448    0.02045027 
268.487379    0.02163485 
268.859615    0.01985739 
269.232495    0.01534106 
269.606033    0.00866905 
269.979902    0.00074653 
270.353612    -0.00728771 
270.726790    -0.01421338 
271.099397    -0.01893089 
271.471752    -0.02066869 
271.844334    -0.01913898 
272.217481    -0.01459713 
272.591183    -0.00778864 
272.965087    0.00020184 
273.338706    0.00815632 
273.711702    0.01492725 
274.084066    0.01959330 
274.456122    0.02155123 
274.828355    0.02055630 
275.201167    0.01673345 
275.574664    0.01057185 
275.948599    0.00289609 
276.322500    -0.00520683 
276.695936    -0.01252266 
277.068767    -0.01790179 
277.441228    -0.02047012 
277.813778    -0.01980315 
278.186817    -0.01601327 
278.560437    -0.00972622 
278.934360    -0.00195304 
279.308112    0.00610607 
279.681293    0.01327074 
280.053802    0.01855125 
280.425883    0.02125675 
280.798002    0.02104689 
281.170607    0.01794885 
281.543895    0.01235594 
281.917711    0.00500659 
282.291626    -0.00307469 
282.665176    -0.01069483 
283.038130    -0.01667065 
283.410629    -0.02003884 
283.783098    -0.02024440 
284.155981    -0.01725429 
284.529468    -0.01156404 
284.903373    -0.00409582 
285.277253    0.00398357 
285.650664    0.01147305 
286.023412    0.01732144 
286.395654    0.02075270 
286.767815    0.02133093 
287.140367    0.01898474 
287.513589    0.01401019 
287.887419    0.00705628 
288.261482    -0.00092172 
288.635296    -0.00876288 
289.008547    -0.01526413 
289.381275    -0.01938596 
289.753846    -0.02045186 
290.126727    -0.01828568 
290.500191    -0.01324798 
290.874149    -0.00616138 
291.248206    0.00185423 
291.621893    0.00958979 
291.994932    0.01594212 
292.367390    0.02005590 
292.739634    0.02140314 
293.112146    0.01981607 
293.485274    0.01549451 
293.859050    0.00899661 
294.233169    0.00120258 
294.607152    -0.00677005 
294.980619    -0.01371376 
295.353510    -0.01852892 
295.726118    -0.02042975 
296.098910    -0.01910201 
296.472230    -0.01476781 
296.846090    -0.00813926 
297.220159    -0.00027416 
297.593962    0.00762546 
297.967154    0.01441603 
298.339705    0.01916997 
298.711918    0.02127053 
299.084268    0.02045462 
299.457159    0.01682524 
299.830717    0.01084675 
300.204722    0.00331756 
300.578725    -0.00469963 
300.952296    -0.01200788 
301.325283    -0.01746270 
301.697899    -0.02018008 
302.070591    -0.01971140 
302.443765    -0.01613558 
302.817531    -0.01004256 
303.191643    -0.00241290 
303.565641    0.00557272 
303.939123    0.01274043 
304.311967    0.01809533 
304.684395    0.02093302 
305.056853    0.02089447 
305.429782    0.01798503 
305.803393    0.01257421 
306.177549    0.00537594 
306.551836    -0.00260790 
306.925791    -0.01020093 
307.299166    -0.01622632 
307.672077    -0.01971402 
308.044927    -0.02008978 
308.418153    -0.01729235 
308.791955    -0.01178597 
309.166168    -0.00446470 
309.540364    0.00352452 
309.914102    0.01098982 
310.287172    0.01687909 
310.659712    0.02040758 
311.032129    0.02112562 
311.404888    0.01894451 
311.778278    0.01414028 
312.152257    0.00733975 
312.526471    -0.00052438 
312.900451    -0.00831073 
313.273879    -0.01482811 
313.646779    -0.01903726 
314.019500    -0.02024887 
314.392500    -0.01826290 
314.766066    -0.01340976 
315.140130    -0.00648200 
315.514319    0.00142446 
315.888172    0.00911445 
316.261405    0.01548783 
316.634063    0.01968316 
317.006497    0.02115989 
317.379179    0.01973333 
317.752459    0.01558325 
318.126387    0.00924541 
318.500677    0.00157690 
318.874867    -0.00632543 
319.248573    -0.01326781 
319.621718    -0.01815336 
319.994576    -0.02018602 
320.367602    -0.01902981 
320.741145    -0.01487795 
321.115234    -0.00841273 
321.489559    -0.00066721 
321.863656    0.00717193 
322.237174    0.01396582 
322.610068    0.01878237 
322.982618    0.02099380 
323.355285    0.02032185 
323.728472    0.01685160 
324.102315    0.01102749 
324.476611    0.00362706 
324.850922    -0.00430647 
325.224822    -0.01159072 
325.598143    -0.01708689 
325.971077    -0.01990555 
326.344056    -0.01958187 
326.717481    -0.01617084 
327.091476    -0.01023569 
327.465810    -0.00273275 
327.840039    0.00517459 
328.213759    0.01232081 
328.586838    0.01771079 
328.959479    0.02063320 
329.332115    0.02071742 
329.705184    0.01795372 
330.078905    0.01269362 
330.453160    0.00563079 
330.827556    -0.00225356 
331.201638    -0.00980071 
331.575156    -0.01584415 
331.948210    -0.01941332 
332.321188    -0.01992159 
332.694526    -0.01728560 
333.068435    -0.01194233 
333.442772    -0.00475921 
333.817125    0.00313742 
334.191059    0.01056710 
334.564357    0.01647948 
334.937137    0.02008376 
335.309790    0.02091867 
335.682772    0.01888024 
336.056377    0.01422652 
336.430575    0.00756447 
336.805030    -0.00019334 
337.179280    -0.00792299 
337.553003    -0.01444412 
337.926203    -0.01871850 
338.299212    -0.02004679 
338.672479    -0.01820953 
339.046292    -0.01351234 
339.420600    -0.00672272 
339.795045    0.00108378 
340.169173    0.00872437 
340.542694    0.01510259 
340.915638    0.01935327 
341.288339    0.02092673 
341.661257    0.01962559 
342.034745    0.01561418 
342.408863    0.00941063 
342.783345    0.00185326 
343.157738    -0.00597873 
343.531662    -0.01290454 
343.905028    -0.01783200 
344.278094    -0.01995947 
344.651304    -0.01893556 
345.025010    -0.01493126 
345.399255    -0.00860449 
345.773746    -0.00096676 
346.148031    0.00681004 
346.521757    0.01359343 
346.894867    0.01844993 
347.267626    0.02074441 
347.640482    0.02018711 
348.013836    0.01684865 
348.387835    0.01115667 
348.762291    0.00387039 
349.136780    -0.00398469 
349.510880    -0.01124015 
349.884414    -0.01676381 
350.257558    -0.01966304 
350.630731    -0.01945998 
351.004333    -0.01618921 
351.378498    -0.01039049 
351.753011    -0.00299854 
352.127440    0.00483901 
352.501383    0.01196434 
352.874697    0.01738228 
353.247569    0.02037533 
353.620420    0.02056253 
353.993681    0.01792095 
354.367578    0.01278669 
354.742007    0.00583651 
355.116588    -0.00196518 
355.490872    -0.00947373 
355.864602    -0.01553051 
356.237865    -0.01916416 
356.611035    -0.01977791 
356.984542    -0.01727066 
357.358606    -0.01205777 
357.733097    -0.00498567 
358.107617    0.00283562 
358.481735    0.01023475 
358.855226    0.01616304 
359.228197    0.01982517 
359.601023    0.02075097 
359.974157    0.01882458 
360.347894    0.01428991 
360.722219    0.00773810 
361.096809    0.00006551 
361.471212    -0.00761816 
361.845101    -0.01414168 
362.218473    -0.01846793 
362.591644    -0.01988969 
362.965057    -0.01817177 
363.339006    -0.01359946 
363.713454    -0.00691967 
364.088056    0.00080873 
364.462364    0.00841295 
364.836083    0.01479916 
365.209233    0.01909844 
365.582131    0.02075296 
365.955231    0.01955424 
366.328887    0.01565352 
366.703167    0.00955451 
367.077817    0.00208066 
367.452393    -0.00570206 
367.826512    -0.01262192 
368.200076    -0.01758892 
368.573330    -0.01979555 
368.946707    -0.01887721 
369.320561    -0.01498705 
369.694944    -0.00876415 
370.069577    -0.00120410 
370.444013    0.00653157 
370.817900    0.01331408 
371.191168    0.01820773 
371.564073    0.02057079 
371.937053    0.02010400 
372.310509    0.01686645 
372.684597    0.01127271 
373.059140    0.00406826 
373.433726    -0.00373438 
373.807934    -0.01097647 
374.181582    -0.01652958 
374.554836    -0.01949724 
374.928103    -0.01939041 
375.301787    -0.01622726 
375.676029    -0.01052934 
376.050629    -0.00321523 
376.425162    0.00457848 
376.799226    0.01169854 
377.172672    0.01714826 
377.545674    0.02020399 
377.918643    0.02047561 
378.292010    0.01792909 
378.666006    0.01288821 
379.040537    0.00601682 
379.415232    -0.00173280 
379.789647    -0.00922518 
380.163519    -0.01530557 
380.536922    -0.01899958 
380.910221    -0.01970054 
381.283846    -0.01729249 
381.658019    -0.01217401 
382.032625    -0.00517642 
382.407273    0.00260088 
382.781533    0.00999120 
383.155174    0.01594479 
383.528292    0.01966090 
383.901253    0.02066113 
384.274505    0.01881977 
384.648349    0.01436982 
385.022776    0.00789109 
385.397474    0.00026911 
385.771993    -0.00739500 
386.146004    -0.01393426 
386.519492    -0.01830993 
386.892764    -0.01980696 
387.266260    -0.01817756 
387.640277    -0.01369211 
388.014788    -0.00708342 
388.389456    0.00060018 
388.763837    0.00819130 
389.137632    0.01459618 
389.510851    0.01894175 
389.883805    0.02066310 
390.256943    0.01954285 
390.630622    0.01572220 
391.004922    0.00969406 
391.379596    0.00227129 
391.754209    -0.00548907 
392.128377    -0.01242035 
392.501994    -0.01743203 
392.875297    -0.01970983 
393.248716    -0.01887720 
393.622607    -0.01507254 
393.997034    -0.00892060 
394.371726    -0.00140594 
394.746241    0.00631568 
395.120221    0.01311571 
395.493591    0.01805410 
395.866594    0.02048177 
396.239665    0.02009044 
396.613204    0.01692931 
396.987373    0.01140284 
397.362003    0.00424680 
397.736686    -0.00353420 
398.111000    -0.01078583 
398.484755    -0.01637906 
398.858104    -0.01941131 
399.231453    -0.01938277 
399.605201    -0.01629835 
399.979501    -0.01066661 
400.354159    -0.00339593 
400.728754    0.00438269 
401.102884    0.01151663 
401.476392    0.01700561 
401.849444    0.02011955 
402.222447    0.02046027 
402.595833    0.01798479 
402.969840    0.01300751 
403.344383    0.00618314 
403.719098    -0.00154392 
404.093541    -0.00904306 
404.467444    -0.01515984 
404.840874    -0.01891475 
405.214191    -0.01969115 
405.587823    -0.01736016 
405.962003    -0.01230725 
406.336621    -0.00535315 
406.711294    0.00240885 
407.085589    0.00981299 
407.459270    0.01580596 
407.832424    0.01958036 
408.205410    0.02064941 
408.578677    0.01887829 
408.952529    0.01449069 
409.326966    0.00805750 
409.701683    0.00045678 
410.076229    -0.00721493 
410.450271    -0.01379076 
410.823784    -0.01822687 
411.197069    -0.01979844 
411.570564    -0.01824497 
411.944573    -0.01382395 
412.319077    -0.00725769 
412.693747    0.00041152 
413.068136    0.00801724 
413.441941    0.01446209 
413.815163    0.01886627 
414.188108    0.02065641 
414.561224    0.01960603 
414.934874    0.01584710 
415.309146    0.00986376 
415.683801    0.00246149 
416.058406    -0.00530723 
416.432571    -0.01227597 
416.806184    -0.01734923 
417.179474    -0.01970287 
417.552869    -0.01894748 
417.926732    -0.01520818 
418.301136    -0.00909886 
418.675816    -0.00159780 
419.050330    0.00614013 
419.424316    0.01298243 
419.797688    0.01798179 
420.170684    0.02048013 
420.543737    0.02015964 
420.917251    0.01706022 
421.291396    0.01157767 
421.666011    0.00444071 
422.040690    -0.00335027 
422.415006    -0.01064088 
422.788759    -0.01629692 
423.162095    -0.01940587 
423.535417    -0.01945497 
423.909131    -0.01643587 
424.283395    -0.01084627 
424.658023    -0.00358831 
425.032596    0.00420786 
425.406708    0.01138550 
425.780189    0.01693684 
426.153203    0.02012260 
426.526153    0.02053498 
426.899475    0.01812168 
427.273415    0.01318856 
427.647898    0.00638329 
428.022561    -0.00135403 
428.396959    -0.00889302 
428.770815    -0.01507430 
429.144186    -0.01890851 
429.517430    -0.01976588 
429.890979    -0.01750372 
430.265076    -0.01249589 
430.639618    -0.00555607 
431.014225    0.00222377 
431.388461    0.00967384 
431.762080    0.01573299 
432.135161    0.01958399 
432.508062    0.02072976 
432.881234    0.01902547 
433.254993    0.01468570 
433.629346    0.00827386 
434.003993    0.00066323 
434.378481    -0.00705008 
434.752468    -0.01369430 
435.125920    -0.01821531 
435.499132    -0.01987426 
435.872547    -0.01839569 
436.246478    -0.01402433 
436.620913    -0.00747462 
436.995527    0.00021283 
437.369871    0.00786728 
437.743629    0.01438275 
438.116795    0.01886863 
438.489670    0.02074036 
438.862705    0.01976081 
439.236270    0.01605255 
439.610463    0.01009209 
439.985051    0.00268016 
440.359596    -0.00513123 
440.733702    -0.01217072 
441.107244    -0.01733238 
441.480444    -0.01977776 
441.853734    -0.01910191 
442.227486    -0.01541649 
442.601781    -0.00932677 
442.976359    -0.00180874 
443.350777    0.00597876 
443.724663    0.01289455 
444.097922    0.01798013 
444.470787    0.02056565 
444.843694    0.02032211 
445.217058    0.01727931 
445.591058    0.01182472 
445.965543    0.00468146 
446.340105    -0.00315149 
446.714311    -0.01051550 
447.087950    -0.01626609 
447.461160    -0.01947572 
447.834345    -0.01961465 
448.207920    -0.01665911 
448.582054    -0.01109626 
448.956569    -0.00382455 
449.331043    0.00402232 
449.705059    0.01127846 
450.078438    0.01692371 
450.451336    0.02020560 
450.824155    0.02070376 
451.197340    0.01835477 
451.571148    0.01345541 
451.945511    0.00664718 
452.320068    -0.00113159 
452.694365    -0.00874647 
453.068111    -0.01502768 
453.441355    -0.01897023 
453.814451    -0.01992631 
454.187841    -0.01773648 
454.561777    -0.01276263 
454.936168    -0.00581358 
455.310634    0.00201590 
455.684729    0.00954696 
456.058196    0.01570563 
456.431107    0.01966064 
456.803819    0.02090140 
457.176793    0.01927100 
457.550356    0.01497387 
457.924530    0.00856604 
458.299016    0.00091773 
458.673358    -0.00687208 
459.047200    -0.01362178 
459.420496    -0.01826121 
459.793539    -0.02003195 
460.166778    -0.01863944 
460.540539    -0.01431380 
460.914823    -0.00776243 
461.289304    -0.00002751 
461.663525    0.00771110 
462.037159    0.01433351 
462.410187    0.01893340 
462.782906    0.02091097 
463.155773    0.02001559 
463.529172    0.01635859 
463.903210    0.01040838 
464.277661    0.00296200 
464.652082    -0.00492608 
465.026061    -0.01207478 
465.399460    -0.01736182 
465.772494    -0.01992828 
466.145600    -0.01934874 
466.519161    -0.01571866 
466.893273    -0.00963469 
467.267681    -0.00207325 
467.641934    0.00579824 
468.015647    0.01282453 
468.388715    0.01803077 
468.761364    0.02073100 
469.134037    0.02058175 
469.507162    0.01760066 
469.880934    0.01216591 
470.255209    0.00499552 
470.629579    -0.00291061 
471.003597    -0.01038549 
471.377038    -0.01626882 
471.750032    -0.01961189 
472.122982    -0.01986258 
472.496319    -0.01697815 
472.870227    -0.01143418 
473.244535    -0.00412716 
473.618818    0.00380190 
473.992646    0.01117289 
474.365825    0.01694815 
474.738502    0.02035739 
475.111083    0.02096399 
475.484027    0.01869072 
475.857605    0.01382356 
476.231762    0.00699746 
476.606137    -0.00084975 
476.980264    -0.00857627 
477.353836    -0.01499677 
477.726888    -0.01908433 
478.099774    -0.02016687 
478.472948    -0.01806347 
478.846679    -0.01312182 
479.220885    -0.00614665 
479.595184    0.00176108 
479.969117    0.00940831 
480.342412    0.01570263 
480.715128    0.01979365 
481.087623    0.02115322 
481.460368    0.01960956 
481.833707    0.01535542 
482.207674    0.00893935 
482.581973    0.00122993 
482.956139    -0.00666780 
483.329796    -0.01355777 
483.702883    -0.01834832 
484.075690    -0.02025624 
484.448675    -0.01896396 
484.822180    -0.01468511 
485.196221    -0.00812047 
485.570473    -0.00031622 
485.944470    0.00753495 
486.317868    0.01429505 
486.690635    0.01903819 
487.063066    0.02114612 
487.435631    0.02035208 
487.808729    0.01675426 
488.182486    0.01081162 
488.556682    0.00331716 
488.930870    -0.00467123 
489.304621    -0.01196014 
489.677781    -0.01740666 
490.050556    -0.02012617 
490.423389    -0.01966752 
490.796683    -0.01610594 
491.170549    -0.01002744 
491.544738    -0.00240929 
491.918790    0.00556986 
492.292304    0.01273662 
492.665157    0.01809522 
493.037569    0.02093939 
493.409989    0.02090766 
493.782859    0.01800274 
494.156393    0.01259178 
494.530456    0.00538699 
494.904637    -0.00261014 
495.278473    -0.01022192 
495.651718    -0.01626837 
496.024489    -0.01977488 
496.397193    -0.02016216 
496.770274    -0.01736469 
497.143936    -0.01184441 
497.518018    -0.00449573 
497.892089    0.00353126 
498.265704    0.01103934 
498.638651    0.01696992 
499.011068    0.02053168 
499.383365    0.02126894 
499.756015    0.01908831 
500.129310    0.01426308 
500.503209    0.00742022 
500.877352    -0.00050359 
501.251262    -0.00835877 
501.624610    -0.01494253 
501.997416    -0.01920279 
502.370033    -0.02043911 
502.742927    -0.01844483 
503.116387    -0.01354994 
503.490346    -0.00655296 
503.864420    0.00143928 
504.238138    0.00921825 
504.611206    0.01567067 
504.983669    0.01992399 
505.355886    0.02142945 
505.728340    0.01999730 
506.101392    0.01580568 
506.475095    0.00939290 
506.849159    0.00162371 
507.223108    -0.00639197 
507.596547    -0.01344297 
507.969396    -0.01841357 
508.341936    -0.02049146 
508.714637    -0.01933073 
509.087860    -0.01512342 
509.461639    -0.00855977 
509.835655    -0.00068811 
510.209430    0.00728570 
510.582600    0.01420348 
510.955116    0.01911653 
511.327270    0.02138454 
511.699539    0.02072105 
512.072342    0.01720765 
512.445824    0.01129068 
512.819778    0.00375641 
513.193750    -0.00433559 
513.567292    -0.01177974 
513.940228    -0.01741075 
514.312752    -0.02031465 
514.685313    -0.02000970 
515.058331    -0.01654565 
515.431938    -0.01049341 
515.805895    -0.00282820 
516.179735    0.00526103 
516.553037    0.01258181 
516.925657    0.01811523 
517.297808    0.02113167 
517.669940    0.02124829 
518.042516    0.01844939 
518.415771    0.01308732 
518.789584    0.00586482 
519.163545    -0.00221821 
519.537174    -0.00997523 
519.910201    -0.01620631 
520.282727    -0.01990817 
520.655159    -0.02046942 
521.027958    -0.01779561 
521.401351    -0.01232890 
521.775189    -0.00495695 
522.149042    0.00316356 
522.522444    0.01081830 
522.895165    0.01692573 
523.267326    0.02067015 
523.639338    0.02157294 
524.011689    0.01952034 
524.384693    0.01476859 
524.758327    0.00793240 
525.132239    -0.00005657 
525.505937    -0.00804356 
525.879069    -0.01480881 
526.251634    -0.01927291 
526.623980    -0.02070234 
526.996585    -0.01885831 
527.369762    -0.01404631 
527.743463    -0.00705290 
528.117309    0.00101286 
528.490814    0.00892794 
528.863661    0.01555677 
529.235879    0.02000163 
529.607820    0.02168909 
529.979978    0.02040701 
530.352739    0.01631418 
530.726177    0.00993383 
531.100013    0.00212232 
531.473762    -0.00600892 
531.847008    -0.01323501 
532.219645    -0.01841464 
532.591942    -0.02070197 
532.964377    -0.01971627 
533.337333    -0.01562068 
533.710866    -0.00908844 
534.084668    -0.00116559 
534.458247    0.00693049 
534.831220    0.01402045 
535.203514    0.01912996 
535.575411    0.02159273 
535.947394    0.02109826 
536.319904    0.01770691 
536.693110    0.01184771 
537.066821    0.00429554 
537.440579    -0.00389219 
537.813921    -0.01149996 
538.186639    -0.01733965 
538.558914    -0.02046460 
538.931195    -0.02035662 
539.303925    -0.01703275 
539.677260    -0.01104175 
540.050976    -0.00335134 
540.424604    0.00484203 
540.797701    0.01232681 
541.170101    0.01805863 
541.541999    0.02128080 
541.913848    0.02158473 
542.286131    0.01893147 
542.659105    0.01365362 
543.032674    0.00643955 
543.406428    -0.00171671 
543.779872    -0.00962254 
544.152710    -0.01605831 
544.525018    -0.01998936 
544.897200    -0.02076674 
545.269732    -0.01826004 
545.642868    -0.01288449 
546.016480    -0.00551514 
546.390138    0.00268807 
546.763360    0.01049426 
547.135888    0.01679716 
547.507824    0.02075345 
547.879576    0.02185746 
548.251645    0.01997076 
548.624372    0.01532806 
548.997757    0.00852722 
549.371458    0.00049063 
549.744972    -0.00762497 
550.117921    -0.01458413 
550.490279    -0.01927870 
550.862382    -0.02093802 
551.234719    -0.01928516 
551.607630    -0.01459442 
551.981093    -0.00763436 
552.354734    0.00048783 
552.728055    0.00853627 
553.100717    0.01535248 
553.472722    0.02001119 
553.844414    0.02191111 
554.216298    0.02081398 
554.588781    0.01685528 
554.961965    0.01053893 
555.335586    0.00270856 
555.709156    -0.00552679 
556.082234    -0.01293107 
556.454687    -0.01833766 
556.826767    -0.02086484 
557.198953    -0.02009227 
557.571657    -0.01614803 
557.944959    -0.00968196 
558.318565    -0.00173265 
558.691980    0.00647411 
559.064793    0.01373855 
559.436909    0.01905949 
559.808591    0.02174222 
560.180327    0.02144898 
560.552578    0.01821529 
560.925542    0.01244873 
561.299047    0.00490833 
561.672639    -0.00335514 
562.045833    -0.01111982 
562.418394    -0.01717660 
562.790479    -0.02054537 
563.162535    -0.02066808 
563.535023    -0.01752370 
563.908130    -0.01163253 
564.281652    -0.00394894 
564.655118    0.00432751 
565.028067    0.01196840 
565.400305    0.01790415 
565.772007    0.02134969 
566.143624    0.02186836 
566.515654    0.01939499 
566.888382    0.01423870 
567.261737    0.00706894 
567.635318    -0.00113125 
568.008619    -0.00916816 
568.381314    -0.01580618 
568.753452    -0.01998057 
569.125427    -0.02100316 
569.497730    -0.01870300 
569.870642    -0.01346191 
570.244062    -0.00613531 
570.617566    0.00211969 
570.990658    0.01005970 
571.363053    0.01655541 
571.734828    0.02073547 
572.106382    0.02206538 
572.478226    0.02037908 
572.850726    0.01588592 
573.223912    0.00916206 
573.597455    0.00111494 
573.970847    -0.00710265 
574.343686    -0.01424454 
574.715913    -0.01917653 
575.087848    -0.02109035 
575.459988    -0.01966709 
575.832697    -0.01514348 
576.205982    -0.00826257 
576.579484    -0.00012254 
576.952697    0.00803324 
577.325255    0.01502619 
577.697135    0.01990406 
578.068662    0.02203642 
578.440346    0.02115640 
578.812617    0.01737258 
579.185606    0.01116488 
579.559071    0.00335839 
579.932523    -0.00494671 
580.305503    -0.01250922 
580.677846    -0.01814142 
581.049779    -0.02092672 
581.421782    -0.02040257 
581.794288    -0.01665610 
582.167408    -0.01030596 
582.540870    -0.00237518 
582.914177    0.00590872 
583.286898    0.01332976 
583.658907    0.01886148 
584.030448    0.02178007 
584.402005    0.02171829 
584.774057    0.01868324 
585.146830    0.01305629 
585.520181    0.00557460 
585.893662    -0.00272462 
586.266776    -0.01061993 
586.639258    -0.01688638 
587.011234    -0.02051240 
587.383143    -0.02089828 
587.755461    -0.01797943 
588.128407    -0.01223979 
588.501802    -0.00461179 
588.875184    0.00370930 
589.248073    0.01148320 
589.620247    0.01761721 
589.991853    0.02129763 
590.363335    0.02205765 
590.735199    0.01980258 
591.107760    0.01481364 
591.480975    0.00773579 
591.854460    -0.00046548 
592.227700    -0.00860216 
592.600342    -0.01542835 
592.972403    -0.01985227 
593.344261    -0.02114597 
593.716413    -0.01909370 
594.089172    -0.01403680 
594.462466    -0.00680271 
594.835884    0.00146209 
595.208923    0.00950750 
595.581268    0.01618425 
595.952970    0.02059348 
596.324408    0.02217043 
596.696100    0.02071864 
597.068436    0.01641812 
597.441476    0.00981819 
597.814916    0.00180505 
598.188247    -0.00647934 
598.561045    -0.01378427 
598.933216    -0.01895351 
599.305057    -0.02114174 
599.677066    -0.01998489 
600.049632    -0.01567573 
600.422795    -0.00892363 
600.796217    -0.00080965 
601.169389    0.00742167 
601.541923    0.01457539 
601.913761    0.01967333 
602.285210    0.02205481 
602.656776    0.02142185 
603.028909    0.01785249 
603.401770    0.01179796 
603.775144    0.00405913 
604.148553    -0.00427907 
604.521517    -0.01197637 
604.893840    -0.01782828 
605.265720    -0.02088477 
605.637629    -0.02063900 
606.010017    -0.01713198 
606.383030    -0.01094395 
606.756423    -0.00307483 
607.129704    0.00525248 
607.502421    0.01280990 
607.874420    0.01854730 
608.245915    0.02171138 
608.617383    0.02190358 
608.989315    0.01909981 
609.361970    0.01365152 
609.735231    0.00626934 
610.108669    -0.00202862 
610.481775    -0.01002713 
610.854255    -0.01649020 
611.226201    -0.02037747 
611.598038    -0.02104710 
611.970254    -0.01838744 
612.343098    -0.01284027 
612.716423    -0.00530915 
613.089780    0.00302132 
613.462677    0.01090368 
613.834860    0.01722464 
614.206450    0.02114227 
614.577871    0.02215864 
614.949639    0.02014751 
615.322095    0.01535933 
615.695227    0.00841071 
616.068673    0.00024482 
616.441915    -0.00796142 
616.814576    -0.01495684 
617.186638    -0.01962612 
617.558456    -0.02120247 
617.930531    -0.01942342 
618.303203    -0.01458542 
618.676434    -0.00748206 
619.049834    0.00075692 
619.422892    0.00887964 
619.795271    0.01572001 
620.166986    0.02035298 
620.538397    0.02218340 
620.910022    0.02098333 
621.282272    0.01690158 
621.655240    0.01045796 
622.028647    0.00251368 
622.401990    -0.00580476 
622.774826    -0.01324720 
623.147028    -0.01863974 
623.518865    -0.02110257 
623.890828    -0.02022661 
624.263330    -0.01615824 
624.636442    -0.00956866 
625.009855    -0.00151642 
625.383062    0.00675807 
625.755651    0.01404760 
626.127536    0.01935057 
626.498996    0.02197728 
626.870529    0.02159877 
627.242601    0.01826191 
627.615404    0.01238770 
627.988752    0.00475000 
628.362180    -0.00358563 
628.735197    -0.01138509 
629.107574    -0.01743255 
629.479479    -0.02074894 
629.851371    -0.02078533 
630.223713    -0.01753608 
630.596686    -0.01153992 
630.970072    -0.00376859 
631.343391    0.00456535 
631.716178    0.01222687 
632.088246    0.01814609 
632.459783    0.02154262 
632.831250    0.02198780 
633.203149    0.01942662 
633.575762    0.01417984 
633.949006    0.00692947 
634.322471    -0.00132915 
634.695644    -0.00939233 
635.068205    -0.01601918 
635.440212    -0.02014627 
635.812070    -0.02109361 
636.184273    -0.01870374 
636.557097    -0.01337444 
636.930429    -0.00597604 
637.303837    0.00232345 
637.676823    0.01027545 
638.049106    0.01675113 
638.420775    0.02088404 
638.792236    0.02214744 
639.164004    0.02038465 
639.536441    0.01581539 
639.909569    0.00902656 
640.283050    0.00093572 
640.656371    -0.00729653 
641.029134    -0.01442050 
641.401288    -0.01930429 
641.773162    -0.02114785 
642.145255    -0.01964491 
642.517929    -0.01504650 
642.891178    -0.00810859 
643.264638    0.00006178 
643.637800    0.00821777 
644.010303    0.01518264 
644.382133    0.02000991 
644.753623    0.02207726 
645.125286    0.02112710 
645.497547    0.01727766 
645.870529    0.01101832 
646.243982    0.00318257 
646.617416    -0.00512360 
646.990373    -0.01265744 
647.362696    -0.01823510 
647.734624    -0.02094912 
648.106637    -0.02034965 
648.479161    -0.01653741 
648.852303    -0.01014258 
649.225780    -0.00219530 
649.599094    0.00607531 
649.971822    0.01345680 
650.343844    0.01892984 
650.715413    0.02177965 
651.087014    0.02164863 
651.459120    0.01855344 
651.831951    0.01288429 
652.205351    0.00538564 
652.578875    -0.00290095 
652.952027    -0.01075423 
653.324551    -0.01695488 
653.696583    -0.02050207 
654.068563    -0.02080994 
654.440962    -0.01782796 
654.813987    -0.01205132 
655.187455    -0.00441847 
655.560899    0.00387534 
655.933850    0.01159532 
656.306091    0.01765784 
656.677780    0.02125987 
657.049359    0.02194544 
657.421330    0.01962998 
657.793998    0.01460366 
658.167310    0.00751824 
658.540880    -0.00065745 
658.914199    -0.00873714 
659.286924    -0.01548255 
659.659083    -0.01981485 
660.031056    -0.02102195 
660.403335    -0.01890364 
660.776220    -0.01381302 
661.149632    -0.00658312 
661.523161    0.00164108 
661.896309    0.00961701 
662.268775    0.01620674 
662.640615    0.02052416 
663.012212    0.02201691 
663.384076    0.02049970 
663.756586    0.01616199 
664.129790    0.00955998 
664.503381    0.00158281 
664.876855    -0.00663018 
665.249801    -0.01383749 
665.622137    -0.01889801 
665.994163    -0.02098485 
666.366369    -0.01975190 
666.739134    -0.01540555 
667.112483    -0.00866150 
667.486079    -0.00059886 
667.859420    0.00754708 
668.232130    0.01459520 
668.604164    0.01958273 
668.975830    0.02186386 
669.347626    0.02115369 
669.719988    0.01754108 
670.093065    0.01148500 
670.466637    0.00378953 
670.840229    -0.00446350 
671.213378    -0.01204447 
671.585903    -0.01776651 
671.958007    -0.02070127 
672.330159    -0.02036327 
672.702793    -0.01680992 
673.076042    -0.01062939 
673.449655    -0.00281965 
673.823150    0.00540717 
674.196091    0.01283943 
674.568335    0.01844547 
674.940104    0.02148963 
675.311866    0.02158872 
675.684097    0.01873115 
676.057037    0.01327729 
676.430561    0.00594177 
676.804245    -0.00226020 
677.177595    -0.01012480 
677.550334    -0.01643560 
677.922567    -0.02017709 
678.294711    -0.02073266 
678.667241    -0.01801085 
679.040385    -0.01246420 
679.413991    -0.00499552 
679.787615    0.00322202 
680.160783    0.01095975 
680.533260    0.01712609 
680.905172    0.02090018 
681.276940    0.02180242 
681.649061    0.01972138 
682.021857    0.01491825 
682.395302    0.00801496 
682.769037    -0.00004755 
683.142561    -0.00810404 
683.515517    -0.01492452 
683.887904    -0.01942166 
684.260075    -0.02085805 
684.632516    -0.01899578 
685.005544    -0.01414569 
685.379109    -0.00710265 
685.752827    0.00101495 
686.126206    0.00897588 
686.498926    0.01563886 
686.871018    0.02010338 
687.242836    0.02179578 
687.614882    0.02050553 
687.987543    0.01639430 
688.360894    0.00998897 
688.734653    0.00214997 
689.108333    -0.00600722 
689.481513    -0.01325428 
689.854090    -0.01844771 
690.226331    -0.02074117 
690.598717    -0.01975502 
690.971633    -0.01565471 
691.345135    -0.00911622 
691.718913    -0.00118799 
692.092477    0.00691116 
692.465441    0.01400170 
692.837736    0.01911022 
693.209640    0.02157214 
693.581637    0.02107902 
693.954167    0.01769310 
694.327398    0.01184461 
694.701140    0.00430846 
695.074937    -0.00385950 
695.448327    -0.01144697 
695.821105    -0.01727022 
696.193450    -0.02038716 
696.565806    -0.02028317 
696.938614    -0.01697682 
697.312028    -0.01101580 
697.685828    -0.00336427 
698.059548    0.00478674 
698.432751    0.01223182 
698.805270    0.01793250 
699.177300    0.02113702 
699.549287    0.02144045 
699.921707    0.01880588 
700.294814    0.01356588 
700.668513    0.00640603 
701.042400    -0.00168576 
701.415989    -0.00952622 
701.788988    -0.01590697 
702.161473    -0.01980428 
702.533841    -0.02057720 
702.906558    -0.01809826 
703.279875    -0.01277978 
703.653666    -0.00548850 
704.027511    0.00262749 
704.400937    0.01035024 
704.773693    0.01658519 
705.145878    0.02049819 
705.517889    0.02158980 
705.890216    0.01972467 
706.263190    0.01513728 
706.636811    0.00842105 
707.010746    0.00048903 
707.384504    -0.00751634 
707.757720    -0.01437724 
708.130367    -0.01900318 
708.502773    -0.02063731 
708.875414    -0.01900914 
709.248619    -0.01439049 
709.622366    -0.00753891 
709.996294    0.00045547 
710.369920    0.00837615 
710.742915    0.01508268 
711.115282    0.01966415 
711.487353    0.02152912 
711.859614    0.02044464 
712.232460    0.01654692 
712.605986    0.01033526 
712.979937    0.00264223 
713.353842    -0.00544095 
713.727278    -0.01270129 
714.100119    -0.01799669 
714.472607    -0.02046612 
714.845206    -0.01970122 
715.218309    -0.01583043 
715.591994    -0.00949212 
715.965977    -0.00170428 
716.339783    0.00633245 
716.713020    0.01344286 
717.085596    0.01864609 
717.457764    0.02126194 
717.829991    0.02096125 
718.202717    0.01778231 
718.576128    0.01212911 
718.950058    0.00474942 
719.324071    -0.00332574 
719.697708    -0.01090173 
720.070748    -0.01680017 
720.443341    -0.02006903 
720.815917    -0.02016927 
721.188913    -0.01708532 
721.562504    -0.01132809 
721.936496    -0.00382987 
722.310441    0.00423931 
722.683900    0.01168179 
723.056690    0.01745473 
723.428981    0.02079317 
723.801200    0.02127336 
724.173816    0.01883612 
724.547100    0.01378927 
724.920976    0.00679234 
725.295065    -0.00119161 
725.668887    -0.00899860 
726.042138    -0.01542897 
726.414872    -0.01945344 
726.787462    -0.02041111 
727.160372    -0.01814371 
727.533865    -0.01302829 
727.907840    -0.00589923 
728.281897    0.00211863 
728.655570    0.00981814 
729.028591    0.01610343 
729.401039    0.02012964 
729.773288    0.02138054 
730.145821    0.01970031 
730.518976    0.01530037 
730.892775    0.00874956 
731.266904    0.00093667 
731.640886    -0.00701608 
732.014349    -0.01390222 
732.387247    -0.01862984 
732.759884    -0.02042663 
733.132726    -0.01899521 
733.506111    -0.01457446 
733.880038    -0.00788991 
734.254169    -0.00000694 
734.628030    0.00787150 
735.001283    0.01460663 
735.373910    0.01927960 
735.746222    0.02128445 
736.118694    0.02036977 
736.491723    0.01665066 
736.865421    0.01060349 
737.239554    0.00303762 
737.613667    -0.00497630 
737.987335    -0.01223885 
738.360415    -0.01761025 
738.733128    -0.02021859 
739.105925    -0.01963286 
739.479202    -0.01595150 
739.853055    -0.00978186 
740.227223    -0.00211612 
740.601243    0.00586105 
740.974720    0.01297917 
741.347544    0.01825229 
741.719948    0.02098811 
742.092386    0.02084104 
742.465295    0.01783016 
742.838876    0.01233824 
743.212980    0.00509102 
743.587191    -0.00290100 
743.961051    -0.01045833 
744.334328    -0.01640816 
744.707152    -0.01979181 
745.079935    -0.02005189 
745.453114    -0.01714612 
745.826878    -0.01155596 
746.201053    -0.00418761 
746.575206    0.00380683 
746.948899    0.01123720 
747.321938    0.01705844 
747.694470    0.02049604 
748.066908    0.02111202 
748.439716    0.01883001 
748.813172    0.01393857 
749.187220    0.00707665 
749.561496    -0.00081273 
749.935529    -0.00858181 
750.309008    -0.01503936 
750.681968    -0.01915368 
751.054766    -0.02024992 
751.427860    -0.01814686 
751.801521    -0.01319426 
752.175669    -0.00620053 
752.549919    0.00172906 
752.923811    0.00939758 
753.297069    0.01570992 
753.669754    0.01981438 
754.042225    0.02118280 
754.414953    0.01964415 
754.788283    0.01539239 
755.162251    0.00897723 
755.536560    0.00126811 
755.910745    -0.00662972 
756.284430    -0.01352059 
756.657555    -0.01831388 
757.030405    -0.02022764 
757.403438    -0.01894531 
757.776995    -0.01468098 
758.151093    -0.00813484 
758.525411    -0.00035150 
758.899482    0.00747873 
759.272964    0.01422074 
759.645826    0.01895154 
760.018361    0.02105555 
760.391033    0.02026814 
760.764239    0.01668870 
761.138103    0.01077599 
761.512408    0.00332080 
761.886711    -0.00462355 
762.260589    -0.01187038 
762.633889    -0.01728452 
763.006815    -0.01998848 
763.379804    -0.01953585 
763.753254    -0.01600293 
764.127273    -0.00997265 
764.501618    -0.00241567 
764.875837    0.00549818 
765.249534    0.01260478 
765.622589    0.01791668 
765.995219    0.02073415 
766.367863    0.02070020 
766.740956    0.01781978 
767.114706    0.01245943 
767.488980    0.00532726 
767.863376    -0.00258358 
768.237441    -0.01010764 
768.610935    -0.01607942 
768.983974    -0.01953823 
769.356957    -0.01991490 
769.730314    -0.01714776 
770.104246    -0.01169529 
770.478594    -0.00444186 
770.852937    0.00347688 
771.226844    0.01087952 
771.600108    0.01672194 
771.972864    0.02022434 
772.345511    0.02093910 
772.718506    0.01877726 
773.092131    0.01401253 
773.466343    0.00726729 
773.840794    -0.00053242 
774.215020    -0.00825371 
774.588708    -0.01471477 
774.961878    -0.01888496 
775.334875    -0.02008108 
775.708147    -0.01810538 
776.081972    -0.01328632 
776.456284    -0.00641073 
776.830713    0.00143374 
777.204805    0.00906089 
777.578280    0.01537879 
777.951183    0.01953241 
778.323861    0.02098562 
778.696776    0.01955623 
779.070274    0.01542467 
779.444401    0.00912525 
779.818877    0.00151107 
780.193244    -0.00632775 
780.567127    -0.01320646 
780.940456    -0.01803802 
781.313501    -0.02003517 
781.686712    -0.01886774 
782.060432    -0.01473047 
782.434687    -0.00830271 
782.809173    -0.00061089 
783.183431    0.00716698 
783.557118    0.01390088 
783.930192    0.01866636 
784.302931    0.02084146 
784.675789    0.02015179 
785.049162    0.01668452 
785.423182    0.01088425 
785.797646    0.00352635 
786.172120    -0.00435082 
786.546187    -0.01157236 
786.919684    -0.01700877 
787.292803    -0.01977997 
787.665970    -0.01942873 
788.039581    -0.01601429 
788.413754    -0.01009993 
788.788259    -0.00263804 
789.162654    0.00521489 
789.536545    0.01230149 
789.909804    0.01763461 
790.282633    0.02050970 
790.655461    0.02056142 
791.028720    0.01778385 
791.402621    0.01253068 
791.777045    0.00549571 
792.151600    -0.00234234 
792.525839    -0.00983031 
792.899519    -0.01580993 
793.272743    -0.01932040 
793.645897    -0.01978446 
794.019410    -0.01712581 
794.393487    -0.01178475 
794.767981    -0.00462777 
795.142485    0.00322361 
795.516570    0.01059614 
795.890024    0.01644763 
796.262970    0.01999499 
796.635795    0.02078360 
797.008951    0.01871491 
797.382722    0.01405101 
797.757076    0.00740110 
798.131675    -0.00032249 
798.506063    -0.00799929 
798.879925    -0.01445584 
799.253273    -0.01866342 
799.626437    -0.01993327 
799.999862    -0.01805535 
800.373827    -0.01334167 
800.748278    -0.00656185 
801.122856    0.00121090 
801.497112    0.00879971 
801.870763    0.01511599 
802.243846    0.01930289 
802.616695    0.02081856 
802.989765    0.01947244 
803.363402    0.01543456 
803.737661    0.00922721 
804.112270    0.00169056 
804.486783    -0.00609747 
804.860826    -0.01296129 
805.234318    -0.01781749 
805.607521    -0.01987549 
805.980876    -0.01879509 
806.354727    -0.01475633 
806.729110    -0.00842225 
807.103730    -0.00080472 
807.478137    0.00692841 
807.851987    0.01365175 
808.225229    0.01844032 
808.598131    0.02066758 
808.971140    0.02005185 
809.344647    0.01667095 
809.718793    0.01095851 
810.093382    0.00367788 
810.467992    -0.00414439 
810.842207    -0.01134296 
811.215858    -0.01679316 
811.589129    -0.01961348 
811.962436    -0.01933876 
812.336173    -0.01601528 
812.710465    -0.01019111 
813.085092    -0.00280433 
813.459622    0.00499932 
813.833661    0.01206811 
814.207074    0.01741548 
814.580055    0.02033342 
814.953023    0.02045027 
815.326406    0.01775173 
815.700421    0.01258153 
816.074956    0.00562231 
816.449629    -0.00215852 
816.823998    -0.00961748 
817.197815    -0.01560207 
817.571175    -0.01915159 
817.944456    -0.01968264 
818.318082    -0.01710762 
818.692264    -0.01185270 
819.066865    -0.00477038 
819.441485    0.00302888 
819.815698    0.01037831 
820.189289    0.01623724 
820.562372    0.01982000 
820.935324    0.02066639 
821.308594    0.01867026 
821.682467    0.01408449 
822.056919    0.00750792 
822.431621    -0.00015786 
822.806123    -0.00780194 
823.180108    -0.01425715 
823.553579    -0.01849595 
823.926860    -0.01982481 
824.300389    -0.01802381 
824.674449    -0.01339183 
825.048994    -0.00668500 
825.423674    0.00103462 
825.798043    0.00859709 
826.171818    0.01491603 
826.545026    0.01913262 
826.917991    0.02070003 
827.291166    0.01942065 
827.664895    0.01545598 
828.039240    0.00931866 
828.413939    0.00183881 
828.788551    -0.00591488 
829.162700    -0.01277326 
829.536301    -0.01765478 
829.909608    -0.01976519 
830.283054    -0.01875553 
830.656986    -0.01479375 
831.031447    -0.00852998 
831.406149    -0.00096508 
831.780649    0.00674030 
832.154601    0.01346339 
832.527947    0.01827770 
832.900948    0.02055212 
833.274042    0.01999834 
833.647624    0.01668614 
834.021837    0.01104012 
834.396495    0.00381418 
834.771181    -0.00397392 
835.145480    -0.01116520 
835.519221    -0.01663719 
835.892575    -0.01950538 
836.265956    -0.01929667 
836.639756    -0.01604600 
837.014107    -0.01028910 
837.388797    -0.00295324 
837.763400    0.00482303 
838.137521    0.01189077 
838.511019    0.01726207 
838.884080    0.02022448 
839.257118    0.02039989 
839.630561    0.01776629 
840.004627    0.01265882 
840.379214    0.00575128 
840.753946    -0.00199715 
841.128381    -0.00944899 
841.502270    -0.01545395 
841.875698    -0.01904862 
842.249037    -0.01964219 
842.622711    -0.01713631 
842.996935    -0.01194531 
843.371580    -0.00491128 
843.746253    0.00286235 
844.120528    0.01021149 
844.494184    0.01609409 
844.867327    0.01972001 
845.240331    0.02062268 
845.613640    0.01868840 
845.987546    0.01416186 
846.362029    0.00763358 
846.736768    -0.00000250 
847.111316    -0.00764104 
847.485350    -0.01411684 
847.858869    -0.01839974 
848.232187    -0.01978906 
848.605743    -0.01805449 
848.979825    -0.01348348 
849.354393    -0.00682207 
849.729102    0.00087444 
850.103510    0.00843861 
850.477326    0.01478245 
850.850572    0.01904250 
851.223566    0.02066539 
851.596759    0.01944602 
851.970499    0.01553789 
852.344853    0.00944572 
852.719567    0.00199246 
853.094201    -0.00575827 
853.468378    -0.01263897 
853.842005    -0.01756532 
854.215329    -0.01973589 
854.588782    -0.01879142 
854.962714    -0.01488861 
855.337174    -0.00866772 
855.711884    -0.00112306 
856.086399    0.00658689 
856.460370    0.01333741 
856.833732    0.01819699 
857.206739    0.02052768 
857.579829    0.02003347 
857.953399    0.01677624 
858.327598    0.01117289 
858.702248    0.00397054 
859.076935    -0.00381771 
859.451240    -0.01103413 
859.824985    -0.01655317 
860.198335    -0.01948290 
860.571701    -0.01933977 
860.945480    -0.01614737 
861.319810    -0.01043156 
861.694485    -0.00311325 
862.069080    0.00467090 
862.443198    0.01176954 
862.816690    0.01718920 
863.189737    0.02021010 
863.562749    0.02044611 
863.936157    0.01786718 
864.310188    0.01280083 
864.684745    0.00591436 
865.059456    -0.00183737 
865.433876    -0.00931779 
865.807748    -0.01537311 
866.181151    -0.01903214 
866.554453    -0.01969322 
866.928083    -0.01724633 
867.302262    -0.01209578 
867.676868    -0.00507725 
868.051510    0.00270746 
868.425758    0.01009142 
868.799384    0.01602641 
869.172489    0.01971433 
869.545441    0.02068010 
869.918692    0.01880168 
870.292536    0.01431608 
870.666964    0.00780739 
871.041657    0.00016538 
871.416165    -0.00750523 
871.790160    -0.01403545 
872.163632    -0.01838686 
872.536891    -0.01984738 
872.910380    -0.01817442 
873.284393    -0.01364490 
873.658898    -0.00699820 
874.033553    0.00071199 
874.407912    0.00831497 
874.781677    0.01471591 
875.154863    0.01904265 
875.527786    0.02073264 
875.900896    0.01957195 
876.274552    0.01570616 
876.648828    0.00963345 
877.023473    0.00217265 
877.398047    -0.00561321 
877.772165    -0.01255256 
878.145725    -0.01755239 
878.518970    -0.01979921 
878.892334    -0.01892073 
879.266174    -0.01506231 
879.640549    -0.00885699 
880.015182    -0.00129729 
880.389627    0.00645484 
880.763527    0.01326725 
881.136808    0.01819890 
881.509722    0.02060189 
881.882708    0.02017077 
882.256170    0.01695905 
882.630268    0.01137680 
883.004826    0.00416680 
883.379432    -0.00365854 
883.753659    -0.01093743 
884.127319    -0.01653530 
884.500571    -0.01954754 
884.873828    -0.01947657 
885.247493    -0.01633361 
885.621713    -0.01063640 
885.996290    -0.00330347 
886.370794    0.00452510 
886.744820    0.01169005 
887.118212    0.01718762 
887.491145    0.02028719 
887.864030    0.02059238 
888.237306    0.01806413 
888.611209    0.01302267 
888.985650    0.00613044 
889.360256    -0.00165880 
889.734577    -0.00920465 
890.108345    -0.01534426 
890.481631    -0.01909314 
890.854803    -0.01983454 
891.228296    -0.01744470 
891.602343    -0.01231840 
891.976827    -0.00528794 
892.351358    0.00254189 
892.725496    0.00999601 
893.099005    0.01601511 
893.471979    0.01978923 
893.844786    0.02083206 
894.217884    0.01901167 
894.591579    0.01455697 
894.965869    0.00804653 
895.340439    0.00036833 
895.714831    -0.00736962 
896.088708    -0.01398936 
896.462048    -0.01843867 
896.835160    -0.01998924 
897.208493    -0.01838313 
897.582353    -0.01388600 
897.956715    -0.00723239 
898.331239    0.00052181 
898.705471    0.00819776 
899.079104    0.01468889 
899.452141    0.01911008 
899.824899    0.02088638 
900.197836    0.01979290 
900.571319    0.01596615 
900.945433    0.00989786 
901.319933    0.00240411 
901.694372    -0.00544954 
902.068354    -0.01248299 
902.441768    -0.01758910 
902.814849    -0.01993702 
903.188037    -0.01913728 
903.561701    -0.01532192 
903.935911    -0.00911724 
904.310393    -0.00151668 
904.684694    0.00631000 
905.058445    0.01321835 
905.431564    0.01825324 
905.804297    0.02075302 
906.177089    0.02039999 
906.550356    0.01723743 
906.924269    0.01166781 
907.298660    0.00443006 
907.673112    -0.00346196 
908.047188    -0.01083852 
908.420686    -0.01655087 
908.793760    -0.01967598 
909.166822    -0.01969726 
909.540290    -0.01661025 
909.914323    -0.01092365 
910.288727    -0.00355525 
910.663069    0.00434778 
911.036932    0.01161354 
911.410147    0.01722309 
911.782883    0.02043060 
912.155557    0.02082601 
912.528616    0.01835868 
912.902312    0.01333997 
913.276564    0.00642720 
913.650999    -0.00142565 
914.025155    -0.00907120 
914.398750    -0.01533259 
914.771845    -0.01920611 
915.144809    -0.02005419 
915.518088    -0.01773491 
915.891927    -0.01263147 
916.266221    -0.00557333 
916.640574    0.00232873 
917.014536    0.00988695 
917.387859    0.01602591 
917.760625    0.01991900 
918.133206    0.02106469 
918.506069    0.01931807 
918.879535    0.01489787 
919.253615    0.00837614 
919.627995    0.00063971 
920.002208    -0.00719764 
920.375900    -0.01394458 
920.749037    -0.01852927 
921.121928    -0.02020104 
921.495027    -0.01868140 
921.868657    -0.01422166 
922.242806    -0.00755102 
922.617134    0.00027030 
922.991175    0.00805126 
923.364608    0.01466851 
923.737426    0.01921902 
924.109942    0.02111109 
924.482624    0.02010537 
924.855857    0.01632673 
925.229738    0.01025890 
925.604027    0.00271517 
925.978271    -0.00523474 
926.352059    -0.01239840 
926.725262    -0.01764918 
927.098110    -0.02013268 
927.471051    -0.01943657 
927.844469    -0.01567555 
928.218449    -0.00946762 
928.592719    -0.00180837 
928.966819    0.00612129 
929.340365    0.01315989 
929.713258    0.01833328 
930.085743    0.02096155 
930.458270    0.02071099 
930.831272    0.01761171 
931.204934    0.01205664 
931.579099    0.00478008 
931.953345    -0.00320177 
932.327220    -0.01070846 
932.700503    -0.01657239 
933.073339    -0.01984632 
