0.000000    0.00000000 
0.097366    0.00039099 
0.194731    0.00077833 
0.292097    0.00115853 
0.389462    0.00152834 
0.486828    0.00188472 
0.584194    0.00222486 
0.681561    0.00254620 
0.778928    0.00284641 
0.876296    0.00312339 
0.973665    0.00337528 
1.071036    0.00360043 
1.168409    0.00379742 
1.265784    0.00396503 
1.363162    0.00410224 
1.460544    0.00420825 
1.557929    0.00428242 
1.655319    0.00432433 
1.752714    0.00433372 
1.850115    0.00431052 
1.947522    0.00425487 
2.044935    0.00416704 
2.142356    0.00404755 
2.239784    0.00389706 
2.337221    0.00371646 
2.434666    0.00350682 
2.532120    0.00326943 
2.629583    0.00300580 
2.727056    0.00271764 
2.824538    0.00240693 
2.922030    0.00207584 
3.019532    0.00172682 
3.117044    0.00136254 
3.214566    0.00098593 
3.312098    0.00060013 
3.409639    0.00020854 
3.507190    -0.00018525 
3.604751    -0.00057745 
3.702322    -0.00096410 
3.799902    -0.00134114 
3.897492    -0.00170443 
3.995091    -0.00204979 
4.092700    -0.00237312 
4.190318    -0.00267040 
4.287947    -0.00293784 
4.385585    -0.00317190 
4.483234    -0.00336940 
4.580894    -0.00352758 
4.678565    -0.00364420 
4.776247    -0.00371756 
4.873942    -0.00374657 
4.971649    -0.00373078 
5.069369    -0.00367038 
5.167102    -0.00356623 
5.264849    -0.00341978 
5.362610    -0.00323307 
5.460385    -0.00300868 
5.558175    -0.00274964 
5.655979    -0.00245936 
5.753798    -0.00214158 
5.851632    -0.00180023 
