0.000000    0.00000000 
0.097366    0.00000008 
0.194731    0.00000030 
0.292097    0.00000065 
0.389462    0.00000110 
0.486828    0.00000166 
0.584194    0.00000228 
0.681561    0.00000294 
0.778928    0.00000364 
0.876296    0.00000433 
0.973665    0.00000501 
1.071036    0.00000565 
1.168409    0.00000624 
1.265784    0.00000676 
1.363162    0.00000720 
1.460544    0.00000755 
1.557929    0.00000779 
1.655319    0.00000793 
1.752714    0.00000796 
1.850115    0.00000789 
1.947522    0.00000770 
2.044935    0.00000741 
2.142356    0.00000702 
2.239784    0.00000655 
2.337221    0.00000600 
2.434666    0.00000538 
2.532120    0.00000472 
2.629583    0.00000403 
2.727056    0.00000333 
2.824538    0.00000265 
2.922030    0.00000199 
3.019532    0.00000140 
3.117044    0.00000088 
3.214566    0.00000047 
3.312098    0.00000018 
3.409639    0.00000002 
3.507190    0.00000002 
3.604751    0.00000017 
3.702322    0.00000049 
3.799902    0.00000095 
3.897492    0.00000155 
3.995091    0.00000228 
4.092700    0.00000309 
4.190318    0.00000396 
4.287947    0.00000484 
4.385585    0.00000569 
4.483234    0.00000647 
4.580894    0.00000714 
4.678565    0.00000765 
4.776247    0.00000799 
4.873942    0.00000812 
4.971649    0.00000805 
5.069369    0.00000777 
5.167102    0.00000731 
5.264849    0.00000668 
5.362610    0.00000593 
5.460385    0.00000509 
5.558175    0.00000421 
5.655979    0.00000333 
5.753798    0.00000249 
5.851632    0.00000174 
