0.000000    0.00000000 
0.398561    0.00817559 
0.795790    0.01501005 
1.191244    0.01969118 
1.584849    0.02191412 
1.976750    0.02160460 
2.367137    0.01872957 
2.756053    0.01339328 
3.143254    0.00604235 
3.528222    -0.00233233 
3.910415    -0.01041114 
4.289574    -0.01706998 
4.665826    -0.02168494 
5.039647    -0.02398327 
5.411730    -0.02379921 
5.782799    -0.02102678 
6.153383    -0.01568010 
6.523600    -0.00808093 
6.893118    0.00094678 
7.261390    0.01012799 
7.628019    0.01821038 
7.993005    0.02437537 
8.356785    0.02817318 
8.720135    0.02932168 
9.083970    0.02760029 
9.449046    0.02284735 
9.815654    0.01504894 
10.183367    0.00461185 
10.551081    -0.00725272 
10.917514    -0.01874032 
11.281886    -0.02837446 
11.644283    -0.03536035 
12.005623    -0.03927113 
12.367356    -0.03978509 
12.731015    -0.03657918 
13.097675    -0.02928039 
13.467329    -0.01756200 
13.838296    -0.00177937 
14.207432    0.01595363 
14.571731    0.03264852 
14.929990    0.04647567 
15.283316    0.05646496 
15.634682    0.06186627 
15.987908    0.06210171 
16.346434    0.05676674 
16.712123    0.04551666 
17.084086    0.02790785 
17.457507    0.00378673 
17.823849    -0.02432418 
18.174883    -0.05203777 
18.507556    -0.07643289 
18.826409    -0.09450130 
19.142006    -0.10360706 
19.465919    -0.10234156 
19.805637    -0.09076943 
20.162046    -0.07032948 
20.529745    -0.04285807 
20.898066    -0.00921585 
21.251959    0.02866435 
21.576792    0.06694728 
21.865079    0.10321046 
22.123316    0.13323852 
22.373049    0.15235214 
22.642201    0.15552061 
22.949211    0.13743215 
23.288582    0.10001106 
23.639827    0.05436252 
23.983952    0.00823163 
24.306363    -0.03547294 
24.598019    -0.07495112 
24.856475    -0.11043970 
25.088646    -0.14049419 
25.313720    -0.16234011 
25.561240    -0.17069186 
25.856714    -0.15510797 
26.191865    -0.11114037 
26.534971    -0.05662207 
26.867346    -0.00740279 
27.183178    0.03288822 
27.483234    0.06412796 
27.771540    0.08831333 
28.054947    0.10578883 
28.344007    0.11494002 
28.650762    0.11272415 
28.981436    0.09700247 
29.331172    0.07051011 
29.689624    0.04014405 
30.048729    0.01102196 
30.404354    -0.01379988 
30.756006    -0.03185460 
31.105659    -0.04310892 
31.456251    -0.04821345 
31.810594    -0.04763036 
32.170226    -0.04212137 
32.534945    -0.03286245 
32.903386    -0.02134163 
33.273715    -0.00943104 
33.644553    0.00076189 
34.015632    0.00760631 
34.387327    0.01078719 
34.759800    0.01110479 
35.132901    0.00977728 
35.506525    0.00801868 
35.880696    0.00681121 
36.255409    0.00663700 
36.630521    0.00740838 
37.005624    0.00861171 
37.380259    0.00956725 
37.754506    0.00956450 
38.128695    0.00804782 
38.502627    0.00483469 
38.876027    0.00001158 
39.249119    -0.00599379 
39.622166    -0.01234960 
39.995141    -0.01814753 
40.367811    -0.02257647 
40.740028    -0.02493740 
41.111896    -0.02466695 
41.483640    -0.02136926 
41.855360    -0.01484592 
42.226911    -0.00525280 
42.597786    0.00650957 
42.967044    0.01879436 
43.333893    0.03007769 
43.698175    0.03940763 
44.060267    0.04609834 
44.421281    0.04943565 
44.783050    0.04866806 
45.147511    0.04305581 
45.515922    0.03174609 
45.887483    0.01392843 
46.257694    -0.00977281 
46.619273    -0.03576811 
46.966193    -0.06058803 
47.297363    -0.08156207 
47.618030    -0.09603344 
47.937506    -0.10219881 
48.265113    -0.09936417 
48.607049    -0.08762737 
48.964570    -0.06757333 
49.333031    -0.03972213 
49.700698    -0.00393208 
50.048480    0.03772435 
50.356349    0.08130096 
50.614582    0.12290775 
50.833992    0.15701389 
51.042688    0.17990312 
51.275285    0.18740507 
51.558405    0.17051019 
51.885905    0.12587581 
52.226393    0.06878552 
52.553154    0.01262823 
52.848271    -0.03910009 
53.101979    -0.08498625 
53.312850    -0.12548670 
53.488493    -0.16013759 
53.646255    -0.18883556 
53.812575    -0.21267763 
54.034245    -0.22506028 
54.346058    -0.19452206 
54.679034    -0.10904121 
54.981112    -0.03001838 
55.253936    0.02709537 
55.509309    0.06646103 
55.757620    0.09429454 
56.008708    0.11263392 
56.271959    0.12214725 
56.556462    0.12179740 
56.867564    0.10965534 
57.201589    0.08631685 
57.548322    0.05762432 
57.899864    0.03044812 
58.253250    0.00827802 
58.608378    -0.00722743 
58.966212    -0.01555740 
59.327484    -0.01789269 
59.692032    -0.01622451 
60.059122    -0.01271508 
60.428381    -0.00937600 
60.799242    -0.00782388 
61.170699    -0.00863387 
61.542055    -0.01139049 
61.912275    -0.01516912 
62.280778    -0.01884861 
62.647659    -0.02139958 
63.013404    -0.02198389 
63.379175    -0.01969465 
63.746830    -0.01346170 
64.117573    -0.00259018 
64.490171    0.01196664 
64.861329    0.02753253 
65.227965    0.04144422 
65.588461    0.05216714 
65.943609    0.05899994 
66.296984    0.06149767 
66.652296    0.05944967 
67.012424    0.05258817 
67.379730    0.03992115 
67.753481    0.01965339 
68.126432    -0.00907705 
68.485236    -0.04257536 
68.817945    -0.07602234 
69.122567    -0.10464240 
69.409428    -0.12417702 
69.696098    -0.13214374 
69.999451    -0.12716212 
70.327991    -0.10965647 
70.679198    -0.08230490 
71.042596    -0.04754639 
71.402457    -0.00647071 
71.738418    0.03843064 
72.030957    0.08379473 
72.270278    0.12703627 
72.464409    0.16409305 
72.638210    0.19271409 
72.825875    0.21275244 
73.072927    0.21198641 
73.389981    0.16700747 
73.724429    0.09348473 
74.037975    0.02480970 
74.319650    -0.03143923 
74.568483    -0.07654295 
74.788598    -0.11354268 
74.986932    -0.14407748 
75.174558    -0.16877571 
75.370818    -0.18689237 
75.605937    -0.19308343 
75.904425    -0.17150280 
76.240007    -0.11423308 
76.570881    -0.05114150 
76.889167    -0.00319197 
77.198754    0.02973018 
77.505953    0.05078671 
77.817073    0.06288167 
78.136266    0.06846515 
78.465345    0.06916860 
78.804414    0.06607608 
79.152211    0.06017912 
79.506752    0.05254446 
79.866945    0.04391662 
80.232095    0.03488958 
80.601436    0.02559325 
80.974403    0.01587272 
81.349967    0.00574476 
81.726129    -0.00451961 
82.101557    -0.01429290 
82.475918    -0.02299712 
82.848125    -0.03052734 
83.217179    -0.03676350 
83.583161    -0.04164160 
83.947021    -0.04484559 
84.310368    -0.04588644 
84.675648    -0.04383623 
85.045017    -0.03769290 
85.418976    -0.02654195 
85.796053    -0.00947335 
86.172278    0.01236493 
86.541694    0.03498142 
86.899824    0.05537634 
87.246171    0.07178699 
87.584371    0.08276809 
87.921389    0.08711447 
88.264886    0.08429610 
88.619556    0.07473118 
88.986274    0.05854806 
89.362191    0.03538932 
89.738879    0.00511724 
90.102654    -0.03006960 
90.440631    -0.06571262 
90.746234    -0.09894520 
91.024732    -0.12579485 
91.294274    -0.14197100 
91.577557    -0.14394991 
91.890199    -0.12929463 
92.232169    -0.09970105 
92.590498    -0.06166885 
92.948701    -0.02063888 
93.291557    0.02128183 
93.607062    0.06089023 
93.887434    0.09811195 
94.132497    0.13184685 
94.354738    0.15921534 
94.579649    0.17668071 
94.839392    0.17722260 
95.150668    0.14983544 
95.491783    0.09821135 
95.833702    0.04368476 
96.162846    -0.00376996 
96.473283    -0.04289744 
96.764017    -0.07488183 
97.037552    -0.10138832 
97.299440    -0.12265146 
97.560609    -0.13729035 
97.837661    -0.14158416 
98.145167    -0.13036972 
98.482991    -0.10254294 
98.837360    -0.06621179 
99.195089    -0.03062379 
99.548652    0.00101420 
99.895198    0.02677343 
100.235090    0.04625033 
100.569888    0.06099873 
100.902243    0.07168137 
101.235689    0.07810718 
101.574061    0.07974367 
101.920971    0.07579462 
102.278184    0.06630171 
102.644940    0.05235366 
103.018893    0.03512303 
103.396550    0.01541922 
103.773270    -0.00535585 
104.144863    -0.02440852 
104.509331    -0.04011522 
104.867170    -0.05236698 
105.220821    -0.06099311 
105.573604    -0.06562321 
105.928842    -0.06592768 
106.289357    -0.06159531 
106.657193    -0.05244783 
107.032546    -0.03858809 
107.412432    -0.02011836 
107.791347    0.00227692 
108.163727    0.02535926 
108.525859    0.04617435 
108.876790    0.06365794 
109.219335    0.07656657 
109.559299    0.08361671 
109.903286    0.08393382 
110.256610    0.07716841 
110.621414    0.06373167 
110.996010    0.04438330 
111.375208    0.01946583 
111.750098    -0.01007845 
112.110304    -0.04051516 
112.449294    -0.06905667 
112.767216    -0.09362838 
113.071950    -0.11130121 
113.377355    -0.11904354 
113.697143    -0.11479349 
114.038249    -0.09855369 
114.398392    -0.07297616 
114.768750    -0.04178176 
115.137513    -0.00701514 
115.491890    0.02909335 
115.821435    0.06371517 
116.120698    0.09622947 
116.392929    0.12429581 
116.653011    0.14416642 
116.924213    0.15135691 
117.227096    0.14058968 
117.564166    0.11054125 
117.919780    0.06942302 
118.276534    0.02681282 
118.621539    -0.01385297 
118.945824    -0.05020965 
119.244996    -0.08251268 
119.519596    -0.11099758 
119.777683    -0.13401103 
120.036701    -0.14820104 
120.319019    -0.14826811 
120.637975    -0.12868160 
120.985059    -0.09193209 
121.341447    -0.04978272 
121.694109    -0.01022120 
122.036111    0.02420007 
122.364692    0.05221572 
122.680038    0.07521554 
122.985212    0.09363220 
123.287145    0.10623532 
123.596100    0.11071652 
123.921804    0.10473650 
124.267634    0.08808610 
124.629154    0.06410508 
124.998758    0.03723618 
125.369497    0.00998023 
125.735725    -0.01555270 
126.094122    -0.03681370 
126.444235    -0.05357437 
126.787970    -0.06618740 
127.129226    -0.07426705 
127.473052    -0.07697493 
127.823949    -0.07375372 
128.184319    -0.06481660 
128.554045    -0.05103403 
128.930931    -0.03341870 
129.310926    -0.01270196 
129.688663    0.00946867 
130.059718    0.02982543 
130.422301    0.04670232 
130.776999    0.05992559 
131.126623    0.06900828 
131.475626    0.07321588 
131.828721    0.07202827 
132.189527    0.06529073 
132.559584    0.05322608 
132.937674    0.03616712 
133.319480    0.01422670 
133.697979    -0.01124945 
134.065938    -0.03645417 
134.419119    -0.05907874 
134.757878    -0.07783693 
135.087535    -0.09091430 
135.416828    -0.09657323 
135.754540    -0.09383358 
136.106199    -0.08278912 
136.472413    -0.06451009 
136.848938    -0.04031919 
137.227344    -0.01084566 
137.595917    0.02214496 
137.943436    0.05490998 
138.263459    0.08579379 
138.557936    0.11219130 
138.839354    0.13036901 
139.127033    0.13665686 
139.438047    0.12801952 
139.777492    0.10437395 
140.137015    0.07058355 
140.502522    0.03253444 
140.859517    -0.00713264 
141.195046    -0.04541138 
141.500496    -0.08114005 
141.773449    -0.11384735 
142.021706    -0.14104126 
142.265281    -0.15906052 
142.531463    -0.16246663 
142.839541    -0.14386616 
143.181680    -0.10360330 
143.534063    -0.05550103 
143.879689    -0.01009320 
144.209478    0.02969790 
144.519705    0.06290071 
144.810391    0.09107291 
145.085418    0.11439741 
145.354786    0.13117672 
145.634893    0.13784877 
145.941814    0.12960313 
146.278767    0.10466471 
146.634061    0.06956706 
146.994298    0.03348763 
147.351336    0.00048463 
147.701128    -0.02718947 
148.042772    -0.04871833 
148.377372    -0.06524975 
148.707838    -0.07713729 
149.038984    -0.08372100 
149.376537    -0.08397234 
149.724860    -0.07739130 
150.084958    -0.06483705 
150.454752    -0.04812805 
150.830693    -0.02888223 
151.208669    -0.00813995 
151.584455    0.01216184 
151.955130    0.02941966 
152.319876    0.04285122 
152.679597    0.05274002 
153.036503    0.05915100 
153.393501    0.06189650 
153.753366    0.06078841 
154.118258    0.05567295 
154.489532    0.04643660 
154.867130    0.03297761 
155.248646    0.01519498 
155.629333    -0.00593747 
156.003938    -0.02720359 
156.368965    -0.04612300 
156.723702    -0.06183597 
157.070546    -0.07345579 
157.414344    -0.07998939 
157.760922    -0.08066823 
158.115432    -0.07508150 
158.480737    -0.06323971 
158.856274    -0.04532142 
159.237473    -0.02119743 
159.615269    0.00862794 
159.978075    0.04042266 
160.317009    0.07110618 
160.630284    0.09821329 
160.925929    0.11826122 
161.219659    0.12804140 
161.527940    0.12525132 
161.860275    0.10925310 
162.215264    0.08232315 
162.583072    0.04856478 
162.949859    0.01059463 
163.299972    -0.02939888 
163.619797    -0.06830704 
163.901500    -0.10533826 
164.147933    -0.13793465 
164.376441    -0.16251116 
164.615772    -0.17482128 
164.895324    -0.16718274 
165.221327    -0.13261354 
165.568821    -0.08088248 
165.912696    -0.02887565 
166.239376    0.01765495 
166.542305    0.05705979 
166.819910    0.09070420 
167.074773    0.11947810 
167.315779    0.14254913 
167.560625    0.15725287 
167.833039    0.15788169 
168.147336    0.13666195 
168.491009    0.09542606 
168.841452    0.04951153 
169.186831    0.00897696 
169.523598    -0.02378636 
169.852379    -0.04823398 
170.175491    -0.06628334 
170.496030    -0.07914890 
170.818349    -0.08669105 
171.147643    -0.08809286 
171.488217    -0.08271233 
171.841509    -0.07101581 
172.205686    -0.05495560 
172.577326    -0.03670747 
172.952903    -0.01757224 
173.329073    0.00128699 
173.703063    0.01778167 
174.073432    0.03056574 
174.440105    0.03985377 
174.803970    0.04627838 
175.166541    0.05016503 
175.529479    0.05162329 
175.894207    0.05059419 
176.262102    0.04677566 
176.634632    0.03968230 
177.012320    0.02880149 
177.393517    0.01376396 
177.774563    -0.00469209 
178.151191    -0.02381747 
178.520156    -0.04119651 
178.880302    -0.05587884 
179.232928    -0.06717686 
179.581369    -0.07433640 
179.930374    -0.07657860 
180.285108    -0.07321853 
180.649301    -0.06388894 
181.023694    -0.04826460 
181.405064    -0.02574248 
181.784964    0.00373440 
182.150749    0.03679763 
182.491389    0.06953976 
182.803320    0.09897956 
183.094131    0.12124990 
183.380322    0.13305140 
183.679938    0.13209114 
184.004569    0.11738861 
184.354404    0.09068939 
184.719668    0.05609748 
185.085453    0.01677849 
185.434532    -0.02526097 
185.751295    -0.06657471 
186.025925    -0.10623292 
186.259551    -0.14181815 
186.468714    -0.17007253 
186.683039    -0.18778366 
186.938065    -0.18758796 
187.250804    -0.15650674 
187.592977    -0.09886536 
187.930161    -0.03899470 
188.247034    0.01288201 
188.538213    0.05555102 
188.803772    0.09087298 
189.047247    0.12049829 
189.276813    0.14448848 
189.508249    0.16124945 
189.765062    0.16602562 
190.066463    0.14977892 
190.403910    0.10947428 
190.751177    0.06059327 
191.094047    0.01758802 
191.429442    -0.01637163 
191.758948    -0.04069037 
192.085659    -0.05734521 
192.412424    -0.06839227 
192.742173    -0.07466548 
193.077965    -0.07624016 
193.422065    -0.07321681 
193.775461    -0.06587238 
194.137682    -0.05509458 
194.507218    -0.04214148 
194.882248    -0.02784642 
195.260610    -0.01267381 
195.639651    0.00246137 
196.016960    0.01598493 
196.391222    0.02695864 
196.762189    0.03554665 
197.130183    0.04215900 
197.495903    0.04701366 
197.860229    0.05011756 
198.224488    0.05109825 
198.590997    0.04921547 
198.962340    0.04359674 
199.339439    0.03343546 
199.720691    0.01784758 
200.102079    -0.00302539 
200.477723    -0.02614985 
200.842278    -0.04811974 
201.193588    -0.06713967 
201.533669    -0.08171053 
201.868153    -0.09048481 
202.204837    -0.09242610 
202.550966    -0.08708123 
202.910589    -0.07449771 
203.283410    -0.05467594 
203.663804    -0.02754307 
204.039787    0.00671962 
204.395224    0.04452692 
204.716547    0.08233234 
204.999644    0.11690536 
205.255664    0.14365338 
205.508056    0.15867149 
205.782786    0.15799943 
206.095263    0.13786284 
206.439768    0.10062542 
206.796620    0.05547770 
207.145930    0.00892772 
207.471334    -0.03613581 
207.761798    -0.07761598 
208.012394    -0.11582961 
208.227254    -0.14946855 
208.422943    -0.17660975 
208.628539    -0.19465444 
208.881320    -0.19673738 
209.198696    -0.16138918 
209.539754    -0.09576389 
209.869144    -0.03278984 
210.178720    0.01727536 
210.468700    0.05574876 
210.743417    0.08530746 
211.008337    0.10814840 
211.270522    0.12487089 
211.540721    0.13420088 
211.832247    0.13276141 
212.153145    0.11698060 
212.498366    0.08858748 
212.855695    0.05584753 
213.216176    0.02550888 
213.575596    -0.00034794 
213.932711    -0.02026312 
214.287831    -0.03412363 
214.641760    -0.04343342 
214.995698    -0.04942327 
215.350779    -0.05298980 
215.707700    -0.05460024 
216.067450    -0.05398499 
216.431076    -0.05105672 
216.799566    -0.04567092 
217.173585    -0.03753702 
217.552560    -0.02631418 
217.934290    -0.01179196 
218.315522    0.00520411 
218.693007    0.02229371 
219.064597    0.03750960 
219.429519    0.05018950 
219.788541    0.06002024 
220.143778    0.06656280 
220.498486    0.06919983 
220.857057    0.06710817 
221.223394    0.05969018 
221.598506    0.04663614 
221.979954    0.02711095 
222.361607    0.00074987 
222.733581    -0.02944329 
223.086279    -0.05930571 
223.415735    -0.08613284 
223.726699    -0.10672571 
224.031383    -0.11824480 
224.344263    -0.11886760 
224.675882    -0.10803726 
225.028764    -0.08690540 
225.397391    -0.05794254 
225.770391    -0.02331415 
226.132416    0.01562502 
226.468155    0.05510266 
226.766755    0.09342235 
227.026167    0.12846150 
227.259449    0.15630376 
227.493205    0.17294374 
227.758647    0.17230961 
228.072332    0.14629260 
228.417718    0.09854881 
228.766601    0.04584647 
229.101137    -0.00293427 
229.411889    -0.04539874 
229.695235    -0.08184280 
229.951654    -0.11372295 
230.187098    -0.14068582 
230.416366    -0.16091652 
230.664066    -0.17008941 
230.954986    -0.15924124 
231.288381    -0.12189947 
231.637274    -0.07111161 
231.982607    -0.02426369 
232.317755    0.01418306 
232.641991    0.04341890 
232.957972    0.06512252 
233.269117    0.08131844 
233.579693    0.09260732 
233.895464    0.09817107 
234.222462    0.09673035 
234.564513    0.08761482 
234.921302    0.07189881 
235.289108    0.05229369 
235.663246    0.03122497 
236.039313    0.00982732 
236.413367    -0.01041614 
236.782759    -0.02745036 
237.146798    -0.04082770 
237.506174    -0.05119172 
237.862348    -0.05887782 
238.217622    -0.06351915 
238.574632    -0.06470461 
238.936002    -0.06198379 
239.304122    -0.05493198 
239.680001    -0.04339289 
240.061927    -0.02723775 
240.445367    -0.00643742 
240.824223    0.01692634 
241.193437    0.03920555 
241.550705    0.05867227 
241.897099    0.07426052 
242.237008    0.08467402 
242.576911    0.08876303 
242.923770    0.08569322 
243.282545    0.07534988 
243.653818    0.05841425 
244.033727    0.03535839 
244.414428    0.00635457 
244.784412    -0.02636199 
245.132663    -0.05890291 
245.453753    -0.08908870 
245.751462    -0.11382643 
246.039596    -0.12942198 
246.336839    -0.13261083 
246.657653    -0.12129859 
247.004650    -0.09657873 
247.369086    -0.06323840 
247.737351    -0.02592113 
248.095012    0.01322395 
248.429532    0.05095222 
248.732941    0.08643753 
249.003710    0.11883057 
249.251291    0.14523434 
249.497465    0.16168940 
249.770020    0.16232152 
250.085582    0.13998186 
250.432466    0.09732353 
250.786732    0.04908562 
251.132439    0.00421911 
251.460795    -0.03487723 
251.768230    -0.06776766 
252.054881    -0.09605027 
252.324931    -0.11971942 
252.589191    -0.13691595 
252.865444    -0.14379003 
253.171060    -0.13497078 
253.508990    -0.10825746 
253.865768    -0.07090473 
254.226752    -0.03304264 
254.583131    0.00124043 
254.930562    0.02981350 
255.268251    0.05223545 
255.597430    0.07001926 
255.921259    0.08354858 
256.244926    0.09202292 
256.574932    0.09405027 
256.917032    0.08840111 
257.273377    0.07536317 
257.641985    0.05694473 
258.018542    0.03541006 
258.397711    0.01204979 
258.773767    -0.01141394 
259.142376    -0.03214034 
259.501947    -0.04924086 
259.853471    -0.06288221 
260.200071    -0.07265447 
260.546326    -0.07767605 
260.897057    -0.07718150 
261.256122    -0.07078617 
261.625451    -0.05868809 
262.004011    -0.04158686 
262.387391    -0.01993514 
262.768637    0.00535086 
263.140675    0.03080191 
263.499052    0.05383558 
263.843162    0.07344197 
264.176911    0.08802833 
264.507955    0.09579470 
264.845125    0.09541024 
265.195123    0.08647530 
265.559929    0.06985916 
265.936349    0.04712629 
266.317171    0.01924756 
266.691997    -0.01258279 
267.049837    -0.04464541 
267.383482    -0.07486821 
267.692568    -0.10136787 
267.985994    -0.12086670 
268.280300    -0.12979732 
268.592407    -0.12520736 
268.930497    -0.10638839 
269.290300    -0.07679788 
269.660169    -0.04189476 
270.026893    -0.00473635 
270.377858    0.03211778 
270.703894    0.06641210 
271.000854    0.09811087 
271.272412    0.12536267 
271.533080    0.14471318 
271.805780    0.15157570 
272.110994    0.14034355 
272.450775    0.10957122 
272.808833    0.06800528 
273.167942    0.02572106 
273.516292    -0.01371506 
273.846687    -0.04797130 
274.156311    -0.07757696 
274.446172    -0.10321162 
274.723034    -0.12356330 
275.001074    -0.13554964 
275.298227    -0.13476744 
275.625453    -0.11759903 
275.977820    -0.08657053 
276.341553    -0.05031376 
276.705243    -0.01499365 
277.061510    0.01701586 
277.406565    0.04356748 
277.739664    0.06532806 
278.062644    0.08294847 
278.380489    0.09560161 
278.701205    0.10145469 
279.033382    0.09858628 
279.381898    0.08649662 
279.745686    0.06707360 
280.119674    0.04344478 
280.497526    0.01777027 
280.872634    -0.00830751 
281.239624    -0.03175671 
281.596015    -0.05134292 
281.942420    -0.06718436 
282.282402    -0.07869483 
282.621799    -0.08466600 
282.966913    -0.08404672 
283.322332    -0.07651792 
283.689588    -0.06271200 
284.066897    -0.04389470 
284.449425    -0.02101760 
284.830027    0.00484592 
285.201560    0.03033925 
285.559697    0.05307487 
285.903959    0.07234849 
286.238164    0.08677915 
286.569757    0.09458945 
286.907381    0.09438156 
287.257570    0.08573192 
287.622305    0.06953345 
287.998695    0.04746192 
288.380057    0.02063677 
288.756864    -0.00982561 
289.119118    -0.04033375 
289.460125    -0.06881481 
289.779021    -0.09384073 
290.082827    -0.11259080 
290.385469    -0.12185171 
290.702052    -0.11901935 
291.041229    -0.10337616 
291.401304    -0.07746913 
291.773221    -0.04569816 
292.145205    -0.01079259 
292.504776    0.02508414 
292.841740    0.05898372 
293.150584    0.09055780 
293.433199    0.11809330 
293.702028    0.13816066 
293.978206    0.14647921 
294.282139    0.13820970 
294.619390    0.11160823 
294.977676    0.07324917 
295.340407    0.03228839 
295.694557    -0.00736557 
296.030992    -0.04300837 
296.345077    -0.07432615 
296.636439    -0.10194572 
296.911082    -0.12447288 
297.183465    -0.13875740 
297.473317    -0.14022708 
297.794500    -0.12443463 
298.143513    -0.09287640 
298.505399    -0.05467377 
298.867252    -0.01720437 
299.220838    0.01684690 
299.561909    0.04526426 
299.889562    0.06874386 
300.205674    0.08793617 
300.515779    0.10183334 
300.829178    0.10824527 
301.155907    0.10484243 
301.501292    0.09098279 
301.863273    0.06911721 
302.235404    0.04329521 
302.610670    0.01615874 
302.982605    -0.01050906 
303.346444    -0.03383847 
303.700232    -0.05304432 
304.044781    -0.06840596 
304.383664    -0.07938019 
304.722673    -0.08477225 
305.067995    -0.08355901 
305.423907    -0.07553266 
305.791504    -0.06148387 
306.168788    -0.04275037 
306.551166    -0.02028165 
306.932030    0.00482220 
307.304733    0.02931133 
307.665242    0.05090098 
308.013102    0.06902733 
308.351718    0.08258904 
308.687667    0.09007145 
309.028620    0.09024650 
309.380634    0.08267847 
309.746035    0.06800514 
310.122809    0.04754364 
310.505166    0.02218427 
310.884269    -0.00714820 
311.250397    -0.03693917 
311.596710    -0.06478041 
311.921811    -0.08930478 
312.231677    -0.10789137 
312.538865    -0.11755572 
312.857546    -0.11593547 
313.196726    -0.10230158 
313.556269    -0.07863977 
313.928667    -0.04865834 
314.302911    -0.01485247 
314.666410    0.02090605 
315.007981    0.05531976 
315.320893    0.08767452 
315.605858    0.11624829 
315.874519    0.13755600 
316.147944    0.14737534 
316.447597    0.14091736 
316.781172    0.11586244 
317.137654    0.07795810 
317.500045    0.03654758 
317.854508    -0.00399648 
318.190960    -0.04095378 
318.503828    -0.07366877 
318.791958    -0.10280398 
319.060861    -0.12701743 
319.325256    -0.14320597 
319.606474    -0.14663970 
319.921008    -0.13190763 
320.266247    -0.09933220 
320.625460    -0.05879767 
320.984296    -0.01921236 
321.334190    0.01640575 
321.670997    0.04594263 
321.994034    0.07024270 
322.305319    0.09011526 
322.610545    0.10462854 
322.919392    0.11152887 
323.242494    0.10823936 
323.585486    0.09385162 
323.945879    0.07097183 
324.316550    0.04420872 
324.690260    0.01661057 
325.060844    -0.01000070 
325.424050    -0.03289227 
325.778315    -0.05139798 
326.124532    -0.06595767 
326.465904    -0.07627016 
326.807530    -0.08135869 
327.154890    -0.08033357 
327.511842    -0.07303384 
327.879528    -0.06015750 
328.256447    -0.04286054 
328.638793    -0.02197243 
329.020811    0.00160245 
329.396378    0.02492846 
329.761503    0.04547288 
330.115326    0.06268329 
330.460263    0.07583826 
330.801498    0.08376952 
331.145481    0.08541846 
331.497947    0.08023167 
331.862109    0.06840860 
332.237536    0.05075656 
332.620023    0.02788176 
333.001921    0.00022063 
333.373558    -0.02930745 
333.726979    -0.05747721 
334.059044    -0.08283837 
334.373641    -0.10299163 
334.681683    -0.11503322 
334.997150    -0.11656718 
335.330828    -0.10644958 
335.685444    -0.08576613 
336.055585    -0.05760606 
336.430996    -0.02467782 
336.798753    0.01155002 
337.145831    0.04764195 
337.463034    0.08212107 
337.748285    0.11352872 
338.010998    0.13845061 
338.272124    0.15274362 
338.556488    0.15138306 
338.877908    0.12992931 
339.228052    0.09181365 
339.587612    0.04783548 
339.940524    0.00463681 
340.275412    -0.03504239 
340.585812    -0.06994438 
340.869734    -0.10106191 
341.131327    -0.12761871 
341.384054    -0.14702951 
341.650078    -0.15485858 
341.950599    -0.14451549 
342.287514    -0.11295896 
342.642300    -0.06968731 
342.997614    -0.02700394 
343.344368    0.01075774 
343.678806    0.04155792 
344.000787    0.06615574 
344.312361    0.08593682 
344.618355    0.10060784 
344.927009    0.10844164 
345.248035    0.10708658 
345.587659    0.09526299 
345.944889    0.07478653 
346.313693    0.04989368 
346.687430    0.02392720 
347.060426    -0.00148709 
347.428400    -0.02389892 
347.789338    -0.04186017 
348.143427    -0.05580525 
348.492645    -0.06603987 
348.840436    -0.07218667 
349.190971    -0.07359010 
349.547845    -0.06991432 
349.913177    -0.06128481 
350.287288    -0.04820581 
350.668411    -0.03118485 
351.052446    -0.01054976 
351.433642    0.01204146 
351.806846    0.03330502 
352.169455    0.05167907 
352.521899    0.06665498 
352.867472    0.07736894 
353.211468    0.08280048 
353.559814    0.08212004 
353.917479    0.07493816 
354.286712    0.06149773 
354.665934    0.04227491 
355.049612    0.01734218 
355.428521    -0.01230412 
355.792212    -0.04279413 
356.133420    -0.07166118 
356.451488    -0.09677948 
356.754370    -0.11500983 
357.056565    -0.12338757 
357.373006    -0.11979031 
357.712099    -0.10379334 
358.072270    -0.07767394 
358.444301    -0.04514878 
358.815185    -0.00847460 
359.170169    0.03004356 
359.496652    0.06737518 
359.787587    0.10276879 
360.045989    0.13366701 
360.288580    0.15628411 
360.542420    0.16609948 
360.833383    0.15635472 
361.165779    0.12296483 
361.518678    0.07540128 
361.869980    0.02705480 
362.205917    -0.01731019 
362.518942    -0.05554027 
362.806448    -0.08867417 
363.070182    -0.11739814 
363.318755    -0.14050333 
363.569998    -0.15496495 
363.847491    -0.15510021 
364.165314    -0.13392532 
364.512240    -0.09381406 
364.866983    -0.04902191 
365.217195    -0.00876079 
365.557997    0.02454167 
365.888904    0.05009290 
366.211607    0.06973363 
366.529164    0.08453851 
366.846569    0.09408638 
367.170400    0.09708014 
367.506738    0.09222913 
367.858136    0.07961723 
368.222650    0.06141038 
368.595945    0.04043426 
368.973349    0.01839087 
369.350324    -0.00348047 
369.723153    -0.02281470 
370.090001    -0.03830181 
370.450957    -0.05028738 
370.807499    -0.05917414 
371.162186    -0.06478283 
371.518079    -0.06671637 
371.878103    -0.06459625 
372.244723    -0.05812088 
372.619293    -0.04719214 
373.000878    -0.03177521 
373.385656    -0.01179068 
373.767587    0.01133656 
374.140745    0.03405699 
374.501720    0.05429017 
374.850611    0.07106953 
375.191068    0.08315862 
375.529358    0.08929755 
375.872724    0.08851446 
376.227108    0.08043123 
376.594772    0.06545168 
376.973380    0.04416663 
377.356126    0.01673667 
377.731895    -0.01573622 
378.088248    -0.04924741 
378.416667    -0.08139301 
378.717003    -0.10945813 
379.000281    -0.12962332 
379.285526    -0.13835113 
379.591295    -0.13271525 
379.925973    -0.11190396 
380.283932    -0.07957355 
380.651380    -0.04154275 
381.012800    -0.00098726 
381.353370    0.03926917 
381.662231    0.07726742 
381.934507    0.11271395 
382.175587    0.14330225 
382.404364    0.16569618 
382.650199    0.17516530 
382.940590    0.16296159 
383.275043    0.12354246 
383.625153    0.07034048 
383.968448    0.01957700 
384.294379    -0.02437093 
384.599186    -0.06044489 
384.883243    -0.09057664 
385.150102    -0.11571615 
385.408521    -0.13497518 
385.674307    -0.14545271 
385.966308    -0.14196484 
386.293059    -0.11993354 
386.643875    -0.08361963 
387.002407    -0.04456010 
387.358899    -0.00935791 
387.709121    0.01986616 
388.052500    0.04192802 
388.390301    0.05830090 
388.724817    0.07022504 
389.059421    0.07782255 
389.398068    0.08065793 
389.744548    0.07807315 
390.101144    0.07002631 
390.467848    0.05749955 
390.842892    0.04180993 
391.223345    0.02384599 
391.605239    0.00431526 
391.984324    -0.01481954 
392.357668    -0.03133219 
392.724360    -0.04475184 
393.085139    -0.05529918 
393.442006    -0.06285645 
393.797744    -0.06704080 
394.155574    -0.06730145 
394.518950    -0.06303087 
394.890494    -0.05384503 
395.270233    -0.03955017 
395.654812    -0.01974561 
396.037821    0.00507263 
396.411438    0.03143046 
396.769681    0.05618045 
397.110959    0.07766284 
397.439221    0.09385821 
397.763059    0.10279537 
398.092834    0.10306743 
398.436741    0.09419645 
398.797590    0.07688594 
399.172127    0.05248286 
399.551838    0.02197836 
399.923587    -0.01363729 
400.272807    -0.05052055 
400.588938    -0.08642705 
400.870315    -0.11881618 
401.128896    -0.14358224 
401.388035    -0.15659884 
401.672941    -0.15316706 
401.995911    -0.12958367 
402.347117    -0.09006913 
402.706316    -0.04496219 
403.055924    -0.00010078 
403.382860    0.04164838 
403.679433    0.07926147 
403.943242    0.11336773 
404.179798    0.14272843 
404.406001    0.16480189 
404.649487    0.17506819 
404.937980    0.16428509 
405.271579    0.12531116 
405.620785    0.07171866 
405.963942    0.02168621 
406.293042    -0.02006274 
406.606710    -0.05274202 
406.906961    -0.07847223 
407.197454    -0.09882827 
407.484456    -0.11361620 
407.777929    -0.12093099 
408.089112    -0.11781616 
408.423905    -0.10248444 
408.778530    -0.07756783 
409.144159    -0.04911691 
409.513257    -0.02138563 
409.880797    0.00394827 
410.243913    0.02484076 
410.601747    0.04077889 
410.955003    0.05271786 
411.305424    0.06137687 
411.655323    0.06688248 
412.007587    0.06869776 
412.365006    0.06640090 
412.729595    0.05989888 
413.102261    0.04934380 
413.482175    0.03499419 
413.866256    0.01697173 
414.249551    -0.00386449 
414.626960    -0.02464364 
414.995394    -0.04302420 
415.354339    -0.05837498 
415.705690    -0.07013813 
416.053272    -0.07750727 
416.402090    -0.07964153 
416.757468    -0.07582751 
417.123239    -0.06585706 
417.499655    -0.04998797 
417.882911    -0.02815681 
418.265466    -0.00044581 
418.637031    0.03018502 
418.988516    0.06007119 
419.316224    0.08712835 
419.624764    0.10839526 
419.926627    0.12076645 
420.237273    0.12186387 
420.568151    0.11060619 
420.921543    0.08825120 
421.290827    0.05810900 
421.664177    0.02306824 
422.027041    -0.01524092 
422.365462    -0.05326263 
422.670006    -0.08970900 
422.939149    -0.12290551 
423.184396    -0.14930105 
423.429923    -0.16475772 
423.704301    -0.16340220 
424.022550    -0.13863857 
424.371041    -0.09440802 
424.725204    -0.04521931 
425.068192    0.00094387 
425.390298    0.04150100 
425.687426    0.07630596 
425.959580    0.10673633 
426.212122    0.13233515 
426.458908    0.15090280 
426.722240    0.15796937 
427.022995    0.14627495 
427.360835    0.11255559 
427.715070    0.06777848 
428.068761    0.02510727 
428.414117    -0.01143525 
428.748850    -0.04019107 
429.074048    -0.06222790 
429.392187    -0.07930905 
429.707389    -0.09165713 
430.025746    -0.09823565 
430.354126    -0.09753256 
430.697376    -0.08862266 
431.055739    -0.07257414 
431.425544    -0.05221126 
431.801819    -0.03001773 
432.179563    -0.00719047 
432.554142    0.01444481 
432.922502    0.03268567 
433.283830    0.04729789 
433.639055    0.05879594 
433.990498    0.06708929 
434.341577    0.07155227 
434.696006    0.07157316 
435.057151    0.06667300 
435.427263    0.05671967 
435.806188    0.04195089 
436.190588    0.02245199 
436.574312    -0.00128884 
436.950298    -0.02619520 
437.313556    -0.04915078 
437.662714    -0.06895710 
438.000586    -0.08423214 
438.333674    -0.09334664 
438.670320    -0.09496005 
439.017993    -0.08838236 
439.380259    -0.07402723 
439.755369    -0.05306830 
440.136977    -0.02632568 
440.514882    0.00550233 
440.876892    0.03900173 
441.213595    0.07132250 
441.522313    0.10052619 
441.810539    0.12318373 
442.095311    0.13550855 
442.396201    0.13409754 
442.725000    0.11714579 
443.079201    0.08729172 
443.446317    0.05070901 
443.811725    0.01168227 
444.161622    -0.02735465 
444.485677    -0.06372110 
444.778538    -0.09749108 
445.042323    -0.12725248 
445.290545    -0.14985091 
445.547311    -0.16087444 
445.837880    -0.15368512 
446.169073    -0.12352081 
446.522601    -0.07849848 
446.877558    -0.03237950 
447.221491    0.00950217 
447.547939    0.04501697 
447.855053    0.07482412 
448.144183    0.10020647 
448.421091    0.12055857 
448.698041    0.13340214 
448.991837    0.13463302 
449.314589    0.12023886 
449.663732    0.09147139 
450.026469    0.05644186 
450.391373    0.02210094 
450.751205    -0.00907832 
451.102294    -0.03482275 
451.443926    -0.05526519 
451.777419    -0.07155411 
452.106138    -0.08365698 
452.435430    -0.09057494 
452.771723    -0.09084901 
453.120049    -0.08365091 
453.481760    -0.06970930 
453.854630    -0.05095247 
454.234279    -0.02915056 
454.615016    -0.00533015 
454.990830    0.01826221 
455.357539    0.03894574 
455.713912    0.05623877 
456.061527    0.06998982 
456.404448    0.07933010 
456.748265    0.08316373 
457.098555    0.08067209 
457.459350    0.07162366 
457.831730    0.05660514 
458.212976    0.03650397 
458.596873    0.01174550 
458.975043    -0.01589947 
459.339948    -0.04263353 
459.687637    -0.06674514 
460.019227    -0.08679445 
460.341477    -0.10054259 
460.665002    -0.10582194 
461.000171    -0.10126330 
461.352631    -0.08701185 
461.721223    -0.06495717 
462.099355    -0.03737048 
462.477014    -0.00544906 
462.842279    0.02835618 
463.185201    0.06083865 
463.501065    0.09090241 
463.793466    0.11605640 
464.076161    0.13258168 
464.368942    0.13657355 
464.687712    0.12489810 
465.034622    0.09831434 
465.398960    0.06295686 
465.766530    0.02489967 
466.124313    -0.01328988 
466.462081    -0.04864615 
466.774008    -0.08089159 
467.059617    -0.10978417 
467.326898    -0.13298963 
467.593760    -0.14672535 
467.882651    -0.14584596 
468.206624    -0.12576793 
468.558165    -0.08969413 
468.919756    -0.04838242 
469.277666    -0.00863734 
469.622986    0.02706537 
469.951302    0.05722736 
470.261798    0.08308241 
470.557331    0.10470272 
470.846316    0.12024142 
471.142562    0.12646036 
471.459800    0.11980869 
471.802651    0.09934181 
472.164108    0.06960471 
472.533277    0.03718227 
472.901200    0.00541639 
473.261426    -0.02336865 
473.610599    -0.04733644 
473.948265    -0.06715119 
474.276752    -0.08293618 
474.601500    -0.09354769 
474.930404    -0.09714113 
475.270905    -0.09228373 
475.626460    -0.07913043 
475.995539    -0.05964881 
476.373322    -0.03631617 
476.753367    -0.01060486 
477.128636    0.01547857 
477.493752    0.03883136 
477.846606    0.05866487 
478.188576    0.07470886 
478.524442    0.08579489 
478.861294    0.09042847 
479.206173    0.08756036 
479.563552    0.07712072 
479.933908    0.06021437 
480.313732    0.03838910 
480.696387    0.01252185 
481.073388    -0.01561216 
481.437257    -0.04240750 
481.784098    -0.06645339 
482.114922    -0.08657442 
482.436335    -0.10058945 
482.758986    -0.10619302 
483.093393    -0.10184511 
483.445238    -0.08763681 
483.813349    -0.06559398 
484.191264    -0.03827929 
484.569427    -0.00705450 
484.936680    0.02577286 
485.283730    0.05702003 
485.606010    0.08581414 
485.906254    0.11007515 
486.196313    0.12638036 
486.493988    0.13107907 
486.814480    0.12131251 
487.161417    0.09752913 
487.526451    0.06484707 
487.896828    0.02878656 
488.259972    -0.00820431 
488.605209    -0.04309759 
488.925942    -0.07500043 
489.220727    -0.10375817 
489.496198    -0.12712952 
489.768654    -0.14144274 
490.059361    -0.14201352 
490.382283    -0.12472245 
490.733134    -0.09178173 
491.096334    -0.05240885 
491.457933    -0.01334732 
491.808029    0.02279613 
492.140925    0.05390829 
492.454772    0.08087629 
492.751732    0.10374362 
493.039968    0.12059296 
493.333728    0.12810456 
493.647918    0.12252430 
493.988450    0.10249669 
494.348677    0.07236720 
494.717221    0.03907242 
495.084581    0.00631596 
495.443846    -0.02353659 
495.791318    -0.04855763 
496.126330    -0.06940673 
496.451236    -0.08612064 
496.771984    -0.09734523 
497.097345    -0.10100987 
497.435492    -0.09552883 
497.789908    -0.08114399 
498.158385    -0.06023447 
498.535378    -0.03568707 
498.914105    -0.00913391 
499.287591    0.01730193 
499.650746    0.04067636 
500.001681    0.06045539 
500.341913    0.07638130 
500.676420    0.08722402 
501.012535    0.09142741 
501.357379    0.08793819 
501.715167    0.07680501 
502.085912    0.05930857 
502.465820    0.03709209 
502.848250    0.01107431 
503.224885    -0.01684172 
503.588561    -0.04313279 
503.935716    -0.06655049 
504.267576    -0.08599486 
504.590716    -0.09937079 
504.915454    -0.10447154 
505.251800    -0.09986456 
505.605074    -0.08570760 
505.974084    -0.06397463 
506.352589    -0.03707629 
506.731283    -0.00627865 
507.099305    0.02604003 
507.447666    0.05671822 
507.772039    0.08487940 
508.075254    0.10845194 
508.368872    0.12409162 
508.669959    0.12831338 
508.992901    0.11854364 
509.341161    0.09540632 
509.707022    0.06370810 
510.078384    0.02847692 
510.442919    -0.00802243 
510.789850    -0.04272324 
511.112301    -0.07460633 
511.408627    -0.10340053 
511.685453    -0.12675016 
511.959154    -0.14092556 
512.250913    -0.14129900 
512.574478    -0.12395094 
512.925634    -0.09121251 
513.289093    -0.05207408 
513.650957    -0.01303892 
514.001112    0.02330300 
514.333531    0.05480852 
514.646068    0.08231443 
514.940843    0.10573110 
515.226414    0.12299146 
515.517823    0.13060942 
515.830690    0.12461997 
516.170841    0.10360107 
516.530803    0.07226210 
516.898534    0.03794751 
517.264288    0.00444323 
517.621180    -0.02580167 
517.965723    -0.05108634 
518.297481    -0.07218663 
518.619153    -0.08901749 
518.937231    -0.10006351 
519.261033    -0.10311820 
519.598863    -0.09656361 
519.953671    -0.08085399 
520.322426    -0.05876790 
520.699031    -0.03341985 
521.076578    -0.00648441 
521.448373    0.01973107 
521.809885    0.04253101 
522.159718    0.06163915 
522.499711    0.07680453 
522.834951    0.08681457 
523.172598    0.09018545 
523.519322    0.08599335 
523.878781    0.07443729 
524.250624    0.05686232 
524.631008    0.03482068 
525.013467    0.00916023 
525.390062    -0.01806522 
525.754170    -0.04344009 
526.102688    -0.06584972 
526.437042    -0.08426642 
526.763544    -0.09675248 
527.091784    -0.10130492 
527.430959    -0.09667343 
527.786017    -0.08305509 
528.156017    -0.06221266 
528.535244    -0.03620654 
528.914817    -0.00608963 
529.284069    0.02577882 
529.634009    0.05616777 
529.960236    0.08408530 
530.265485    0.10740760 
530.561091    0.12282158 
530.863707    0.12697399 
531.187407    0.11747799 
531.535875    0.09496177 
531.901968    0.06390163 
532.273882    0.02900209 
532.639116    -0.00758062 
532.986366    -0.04274626 
533.308150    -0.07532611 
533.602434    -0.10491108 
533.875979    -0.12899771 
534.145862    -0.14377006 
534.434302    -0.14446992 
534.755853    -0.12682622 
535.105963    -0.09303996 
535.468296    -0.05260394 
535.828275    -0.01243439 
536.175522    0.02478912 
536.503979    0.05704415 
536.811550    0.08527172 
537.100600    0.10932485 
537.380353    0.12706173 
537.666946    0.13482823 
537.977012    0.12825663 
538.316098    0.10564752 
538.675142    0.07233015 
539.041009    0.03651497 
539.403886    0.00223087 
539.757415    -0.02803452 
540.098799    -0.05297137 
540.428133    -0.07355579 
540.748476    -0.08972582 
541.066431    -0.10001186 
541.391087    -0.10227457 
541.730174    -0.09502036 
542.085979    -0.07891388 
542.455134    -0.05686864 
542.831659    -0.03193561 
543.209035    -0.00572021 
543.581128    0.01947705 
543.943934    0.04110801 
544.296363    0.05897375 
544.640158    0.07299654 
544.979787    0.08223369 
545.321421    0.08546157 
545.670869    0.08190680 
546.031589    0.07168035 
546.403767    0.05579084 
546.784415    0.03542419 
547.167847    0.01121223 
547.546602    -0.01507246 
547.914050    -0.03993071 
548.266770    -0.06195362 
548.605568    -0.08022546 
548.935810    -0.09302300 
549.266147    -0.09850500 
549.605448    -0.09543071 
549.959314    -0.08373036 
550.328053    -0.06469635 
550.707031    -0.04005102 
551.087926    -0.01069757 
551.459842    0.02146578 
551.812670    0.05283135 
552.140656    0.08206177 
552.445350    0.10701390 
552.737582    0.12428058 
553.034605    0.13039732 
553.352192    0.12265269 
553.695927    0.10103092 
554.059323    0.06973036 
554.430026    0.03396863 
554.794750    -0.00374369 
555.141203    -0.04041799 
555.460879    -0.07455018 
555.750760    -0.10585712 
556.016881    -0.13195976 
556.276591    -0.14911180 
556.554140    -0.15235152 
556.867474    -0.13610169 
557.213053    -0.10104881 
557.572176    -0.05782111 
557.928571    -0.01531960 
558.271705    0.02344945 
558.595926    0.05656489 
558.899573    0.08517966 
559.185035    0.10950766 
559.461081    0.12775459 
559.743492    0.13644043 
560.049382    0.13098854 
560.385275    0.10901027 
560.742210    0.07550782 
561.106609    0.03934635 
561.468750    0.00513568 
561.822741    -0.02476917 
562.166201    -0.04893922 
562.499396    -0.06844607 
562.824988    -0.08362660 
563.148387    -0.09349941 
563.477081    -0.09636146 
563.817871    -0.09088801 
564.173513    -0.07743623 
564.542037    -0.05821943 
564.918787    -0.03580232 
565.298150    -0.01163470 
565.674320    0.01248906 
566.042915    0.03371064 
566.402209    0.05122179 
566.753066    0.06515192 
567.098713    0.07499099 
567.444076    0.07980577 
567.794353    0.07883270 
568.153524    0.07182080 
568.523278    0.05917827 
568.902363    0.04166984 
569.286461    0.01971276 
569.668671    -0.00580347 
570.041530    -0.03150883 
570.400017    -0.05492287 
570.743175    -0.07506155 
571.074832    -0.09031110 
571.402921    -0.09875648 
571.736911    -0.09889864 
572.084223    -0.09018416 
572.447333    -0.07339774 
572.823175    -0.05017469 
573.204253    -0.02166358 
573.579571    0.01109033 
573.937177    0.04444374 
574.268559    0.07631516 
574.572160    0.10484838 
574.856737    0.12656593 
575.140214    0.13766113 
575.442216    0.13459432 
575.773334    0.11561771 
576.129155    0.08397641 
576.496133    0.04631226 
576.859610    0.00672252 
577.206210    -0.03217011 
577.526269    -0.06814015 
577.815200    -0.10136474 
578.076407    -0.13021327 
578.324818    -0.15144680 
578.585206    -0.16046138 
578.881464    -0.15044900 
579.216796    -0.11779751 
579.571307    -0.07217050 
579.925252    -0.02655121 
580.267297    0.01451866 
580.591963    0.04895553 
580.898034    0.07777967 
581.187439    0.10206094 
581.466824    0.12090698 
581.749069    0.13161699 
582.050183    0.13010615 
582.379570    0.11319539 
582.732406    0.08360080 
583.096373    0.04944384 
583.461512    0.01644690 
583.821606    -0.01315782 
584.173637    -0.03719143 
584.517244    -0.05606034 
584.854028    -0.07071117 
585.187482    -0.08101593 
585.522747    -0.08602526 
585.865400    -0.08461028 
586.219207    -0.07649844 
586.584757    -0.06267694 
586.959903    -0.04481204 
587.340738    -0.02416066 
587.722117    -0.00165147 
588.098750    0.02024912 
588.467188    0.03913956 
588.826612    0.05466830 
589.178608    0.06671574 
589.526759    0.07463828 
589.875745    0.07764605 
590.230238    0.07511942 
590.593817    0.06683750 
590.967684    0.05310304 
591.349705    0.03428189 
591.734358    0.01045645 
592.113592    -0.01662477 
592.479647    -0.04315691 
592.828177    -0.06727073 
593.160059    -0.08737562 
593.481946    -0.10122279 
593.804410    -0.10673907 
594.137967    -0.10262739 
594.488725    -0.08893243 
594.856160    -0.06721076 
595.233954    -0.03943711 
595.611581    -0.00664544 
595.975714    0.02888283 
596.314449    0.06376662 
596.621347    0.09669060 
596.899810    0.12471679 
597.165563    0.14382505 
597.441963    0.14980030 
597.748785    0.13830780 
598.088959    0.10885131 
598.448413    0.06870253 
598.809516    0.02605515 
599.157592    -0.01578399 
599.481950    -0.05397042 
599.776825    -0.08865063 
600.042194    -0.11968616 
600.287316    -0.14498191 
600.532687    -0.16100588 
600.805216    -0.16175151 
601.121201    -0.13947367 
601.468178    -0.09649789 
601.822045    -0.04834864 
602.168329    -0.00465334 
602.500581    0.03207318 
602.817430    0.06147249 
603.120325    0.08545969 
603.413323    0.10452157 
603.704574    0.11732193 
604.006023    0.12108906 
604.328458    0.11283283 
604.674117    0.09240235 
605.036031    0.06455269 
605.405116    0.03515416 
605.774461    0.00701352 
606.139410    -0.01786117 
606.497741    -0.03769540 
606.849398    -0.05302812 
607.196009    -0.06458615 
607.540471    -0.07237832 
607.886674    -0.07574415 
608.238568    -0.07403085 
608.598888    -0.06715944 
608.968570    -0.05561033 
609.346572    -0.04013039 
609.729728    -0.02120140 
610.112979    0.00044187 
610.490807    0.02213778 
610.859544    0.04135171 
611.218280    0.05747783 
611.568751    0.07005188 
611.914884    0.07822846 
612.261894    0.08109778 
612.615192    0.07793404 
612.978821    0.06850799 
613.353593    0.05316968 
613.736322    0.03216664 
614.120045    0.00555872 
614.494954    -0.02430336 
614.851958    -0.05358218 
615.186545    -0.08038644 
615.501493    -0.10221687 
615.807293    -0.11606770 
616.118472    -0.11945368 
616.447255    -0.11099509 
616.797980    -0.09137416 
617.166071    -0.06346216 
617.541152    -0.03024457 
617.909687    0.00675997 
618.257537    0.04425629 
618.574251    0.08030215 
618.856309    0.11361848 
619.112010    0.14088481 
619.362516    0.15802226 
619.635051    0.15986834 
619.947724    0.14041024 
620.293589    0.10117443 
620.650602    0.05437223 
621.000778    0.00886751 
621.332510    -0.03240587 
621.639728    -0.06815708 
621.920810    -0.09969563 
622.179446    -0.12674594 
622.427812    -0.14722403 
622.687250    -0.15709532 
622.980500    -0.14961654 
623.312763    -0.11994977 
623.665899    -0.07631254 
624.021020    -0.03262300 
624.368513    0.00570586 
624.704719    0.03668576 
625.029840    0.06079524 
625.345955    0.07982671 
625.657125    0.09405833 
625.969981    0.10233877 
626.292666    0.10279991 
626.631412    0.09408069 
626.986969    0.07710739 
627.355119    0.05515403 
627.730081    0.03137313 
628.106385    0.00729931 
628.479304    -0.01515534 
628.845894    -0.03381527 
629.205491    -0.04857502 
629.559217    -0.05998736 
629.909567    -0.06799661 
630.260094    -0.07199363 
630.614526    -0.07141956 
630.975987    -0.06595099 
631.346329    -0.05563737 
631.725191    -0.04082068 
632.109375    -0.02165837 
632.493141    0.00127977 
632.869960    0.02503915 
633.235265    0.04671391 
633.587789    0.06531017 
633.929903    0.07975854 
634.267148    0.08868253 
634.606839    0.09085575 
634.955930    0.08554420 
635.318354    0.07291464 
635.693363    0.05380951 
636.075695    0.02881542 
636.456050    -0.00164377 
636.822560    -0.03446831 
637.165372    -0.06639860 
637.480778    -0.09553524 
637.774707    -0.11859592 
638.062583    -0.13193369 
638.363222    -0.13239134 
638.689524    -0.11813666 
639.041596    -0.09094689 
639.408882    -0.05607219 
639.777104    -0.01776147 
640.131637    0.02175038 
640.460416    0.05929476 
640.756335    0.09453954 
641.019945    0.12609647 
641.263820    0.15079531 
641.512280    0.16445622 
641.793015    0.16055646 
642.117405    0.13263752 
642.468182    0.08681109 
