0.000000    0.68042978 
0.033623    0.68042217 
0.067247    0.68041134 
0.100870    0.68040044 
0.134493    0.68038953 
0.168117    0.68037669 
0.201741    0.68036358 
0.235365    0.68034788 
0.268991    0.68032853 
0.302617    0.68030740 
0.336245    0.68028288 
0.369875    0.68025158 
0.403508    0.68021626 
0.437144    0.68017590 
0.470783    0.68012914 
0.504427    0.68007581 
0.538077    0.68001679 
0.571733    0.67995064 
0.605396    0.67987559 
0.639067    0.67979517 
0.672748    0.67970707 
0.706438    0.67961028 
0.740140    0.67950805 
0.773855    0.67939887 
0.807584    0.67928301 
0.841327    0.67915716 
0.875087    0.67902447 
0.908865    0.67888535 
0.942662    0.67873977 
0.976479    0.67858635 
1.010319    0.67842705 
1.044182    0.67826310 
1.078070    0.67809036 
1.111985    0.67790830 
1.145927    0.67772116 
1.179900    0.67752612 
1.213904    0.67732519 
1.247942    0.67711775 
1.282015    0.67690245 
1.316124    0.67667867 
1.350273    0.67644550 
1.384461    0.67620607 
1.418693    0.67596150 
1.452969    0.67570707 
1.487291    0.67544162 
1.521661    0.67516655 
1.556082    0.67488119 
1.590556    0.67458455 
1.625084    0.67427592 
1.659668    0.67395612 
1.694312    0.67362581 
1.729017    0.67328237 
1.763786    0.67292224 
1.798621    0.67254551 
1.833524    0.67215488 
1.868498    0.67175127 
1.903546    0.67133326 
1.938669    0.67089978 
1.973870    0.67044873 
2.009152    0.66997749 
2.044517    0.66948554 
2.079968    0.66897267 
2.115507    0.66843779 
2.151136    0.66788004 
2.186859    0.66729955 
2.222678    0.66669673 
2.258596    0.66607050 
2.294617    0.66541766 
2.330742    0.66473519 
2.366975    0.66402321 
2.403318    0.66328409 
2.439773    0.66251968 
2.476345    0.66173069 
2.513036    0.66091721 
2.549848    0.66007827 
2.586784    0.65921179 
2.623848    0.65831545 
2.661041    0.65738756 
2.698367    0.65642700 
2.735827    0.65543293 
2.773425    0.65440469 
2.811163    0.65334214 
2.849044    0.65224578 
2.887070    0.65111673 
2.925243    0.64995655 
2.963567    0.64876677 
3.002046    0.64754807 
3.040680    0.64630022 
3.079474    0.64502264 
3.118430    0.64371498 
3.157549    0.64237713 
3.196835    0.64100914 
3.236290    0.63961128 
3.275914    0.63818397 
3.315712    0.63672772 
3.355683    0.63524305 
3.395831    0.63373075 
3.436156    0.63219202 
3.476661    0.63062840 
3.517346    0.62904173 
3.558214    0.62743422 
3.599266    0.62580804 
3.640503    0.62416494 
3.681925    0.62250638 
3.723535    0.62083353 
3.765332    0.61914742 
3.807318    0.61744919 
3.849493    0.61574000 
3.891858    0.61402098 
3.934411    0.61229339 
3.977155    0.61055860 
4.020088    0.60881806 
4.063210    0.60707340 
4.106521    0.60532636 
4.150019    0.60357871 
4.193705    0.60183222 
4.237576    0.60008894 
4.281631    0.59835099 
4.325870    0.59662046 
4.370289    0.59489965 
4.414888    0.59319123 
4.459665    0.59149791 
4.504617    0.58982234 
4.549741    0.58816725 
4.595036    0.58653543 
4.640499    0.58492973 
4.686127    0.58335316 
4.731917    0.58180859 
4.777865    0.58029856 
4.823968    0.57882569 
4.870222    0.57739310 
4.916623    0.57600403 
4.963166    0.57466150 
5.009846    0.57336869 
5.056659    0.57212918 
5.103599    0.57094694 
5.150659    0.56982625 
5.197834    0.56877180 
5.245116    0.56778878 
5.292500    0.56688278 
5.339977    0.56605969 
5.387539    0.56532573 
5.435178    0.56468766 
5.482885    0.56415289 
5.530651    0.56372948 
5.578464    0.56342576 
5.626315    0.56325005 
5.674191    0.56321050 
5.722082    0.56331509 
5.769975    0.56357134 
5.817857    0.56398616 
5.865715    0.56456592 
5.913536    0.56531670 
5.961304    0.56624438 
6.009007    0.56735464 
6.056629    0.56865308 
6.104156    0.57014558 
6.151572    0.57183869 
6.198862    0.57373986 
6.246009    0.57585754 
6.292996    0.57820118 
6.339808    0.58078113 
6.386424    0.58360851 
6.432828    0.58669485 
6.479000    0.59005197 
6.524920    0.59369191 
6.570567    0.59762703 
6.615920    0.60186990 
6.660956    0.60643299 
6.705652    0.61132804 
6.749984    0.61656545 
6.793927    0.62215377 
6.837455    0.62809919 
6.880542    0.63440504 
6.923161    0.64107121 
6.965283    0.64809341 
7.006880    0.65546239 
7.047922    0.66316297 
7.088380    0.67117297 
7.128224    0.67946206 
7.167425    0.68799073 
7.205953    0.69670942 
7.243779    0.70555781 
7.280875    0.71446413 
7.317215    0.72334454 
7.352774    0.73210276 
7.387529    0.74063041 
7.421460    0.74880815 
7.454550    0.75650783 
7.486786    0.76359569 
7.518159    0.76993655 
7.548664    0.77539896 
7.578300    0.77986097 
7.607074    0.78321612 
7.634995    0.78537935 
7.662080    0.78629188 
7.688350    0.78592484 
7.713831    0.78428075 
7.738553    0.78139300 
7.762553    0.77732303 
7.785870    0.77215550 
7.808547    0.76599222 
7.830630    0.75894521 
7.852166    0.75113003 
7.873208    0.74265983 
7.893805    0.73364062 
7.914010    0.72416795 
7.933877    0.71432514 
7.953457    0.70418274 
7.972803    0.69379895 
7.991967    0.68322078 
8.010999    0.67248560 
8.029949    0.66162293 
8.048865    0.65065623 
8.067792    0.63960462 
8.086775    0.62848457 
8.105854    0.61731129 
8.125069    0.60610006 
8.144454    0.59486727 
8.164042    0.58363132 
8.183858    0.57241323 
8.203927    0.56123698 
8.224267    0.55012962 
8.244890    0.53912102 
8.265804    0.52824341 
8.287011    0.51753069 
8.308508    0.50701757 
8.330287    0.49673858 
8.352333    0.48672703 
8.374629    0.47701406 
8.397151    0.46762775 
8.419874    0.45859241 
8.442769    0.44992806 
8.465803    0.44165016 
8.488945    0.43376951 
8.512160    0.42629233 
8.535414    0.41922058 
8.558675    0.41255230 
8.581909    0.40628208 
8.605084    0.40040159 
8.628170    0.39490004 
8.651140    0.38976474 
8.673965    0.38498149 
8.696621    0.38053508 
8.719085    0.37640965 
8.741336    0.37258898 
8.763354    0.36905681 
8.785122    0.36579705 
8.806622    0.36279398 
8.827841    0.36003240 
8.848765    0.35749758 
8.869380    0.35517528 
8.889676    0.35305144 
8.909641    0.35111207 
8.929268    0.34934317 
8.948546    0.34773100 
8.967469    0.34626224 
8.986030    0.34492414 
9.004222    0.34370458 
9.022040    0.34259198 
9.039480    0.34157526 
9.056537    0.34064375 
9.073208    0.33978715 
9.089489    0.33899546 
9.105378    0.33825891 
9.120874    0.33756796 
9.135975    0.33691317 
9.150679    0.33628516 
9.164988    0.33567454 
9.178901    0.33507182 
9.192420    0.33446736 
9.205544    0.33385130 
9.218277    0.33321355 
9.230621    0.33254380 
9.242578    0.33183155 
9.254153    0.33106628 
9.265348    0.33023757 
9.276169    0.32933531 
9.286620    0.32834996 
9.296706    0.32727275 
9.306434    0.32609592 
9.315809    0.32481292 
9.324837    0.32341852 
9.333527    0.32190896 
9.341883    0.32028193 
9.349915    0.31853665 
9.357629    0.31667376 
9.365034    0.31469530 
9.372137    0.31260459 
9.378947    0.31040610 
9.385472    0.30810528 
9.391721    0.30570838 
9.397701    0.30322229 
9.403422    0.30065434 
9.408892    0.29801211 
9.414119    0.29530326 
9.419112    0.29253541 
9.423880    0.28971601 
9.428430    0.28685220 
9.432771    0.28395082 
9.436911    0.28101829 
9.440858    0.27806064 
9.444619    0.27508346 
9.448202    0.27209193 
9.451615    0.26909083 
9.454864    0.26608455 
9.457958    0.26307710 
9.460901    0.26007217 
9.463702    0.25707312 
9.466367    0.25408302 
9.468901    0.25110465 
9.471311    0.24814054 
9.473602    0.24519297 
9.475780    0.24226400 
9.477850    0.23935546 
9.479817    0.23646897 
9.481687    0.23360597 
9.483463    0.23076770 
9.485151    0.22795523 
9.486755    0.22516945 
9.488278    0.22241109 
9.489725    0.21968073 
9.491100    0.21697879 
9.492406    0.21430556 
9.493646    0.21166119 
9.494824    0.20904570 
9.495943    0.20645899 
9.497006    0.20390085 
9.498015    0.20137095 
9.498974    0.19886887 
9.499885    0.19639409 
9.500747    0.19379741 
9.501567    0.19137487 
9.502346    0.18897746 
9.503085    0.18660411 
9.503788    0.18425369 
9.504455    0.18192586 
9.505089    0.17962012 
9.505691    0.17733451 
9.506263    0.17506782 
9.506807    0.17281887 
9.507324    0.17058640 
9.507815    0.16836921 
9.508281    0.16616602 
9.508724    0.16397538 
9.509145    0.16175623 
9.509545    0.15958618 
9.509926    0.15742422 
9.510287    0.15526912 
9.510631    0.15311900 
9.510958    0.15097235 
9.511268    0.14882745 
9.511564    0.14668266 
9.511844    0.14453664 
9.512112    0.14238769 
9.512366    0.14023411 
9.512607    0.13807421 
9.512837    0.13590633 
9.513055    0.13372884 
9.513263    0.13154007 
9.513461    0.12933838 
9.513649    0.12712211 
9.513828    0.12488967 
9.513999    0.12263945 
9.514161    0.12036993 
9.514315    0.11807957 
9.514462    0.11576692 
9.514602    0.11343059 
9.514735    0.11106926 
9.514862    0.10868166 
9.514982    0.10626662 
9.515097    0.10382311 
9.515206    0.10135024 
9.515311    0.09884723 
9.515410    0.09631346 
9.515504    0.09374856 
9.515594    0.09115230 
9.515679    0.08852472 
9.515761    0.08586612 
9.515839    0.08317710 
9.515913    0.08045860 
9.515983    0.07771182 
9.516050    0.07493839 
9.516114    0.07214036 
9.516175    0.06932025 
9.516233    0.06648105 
9.516289    0.06362630 
9.516341    0.06076011 
9.516392    0.05788714 
9.516439    0.05501284 
9.516485    0.05214328 
9.516529    0.04928521 
9.516570    0.04644628 
9.516610    0.04363524 
9.516647    0.04086196 
9.516683    0.03813172 
9.516717    0.03544473 
9.516750    0.03279916 
9.516782    0.03019656 
9.516812    0.02764601 
9.516840    0.02516177 
9.516864    0.02276076 
9.516886    0.02045704 
9.516918    0.01826336 
9.516968    0.01618821 
9.517013    0.01424430 
9.517018    0.01245405 
9.517023    0.01082801 
9.517272    0.00931084 
9.518355    0.00783192 
9.519801    0.00651655 
9.520224    0.00555767 
9.520229    0.00490623 
9.520409    0.00422046 
9.529050    0.00320991 
9.555673    0.00194902 
9.597410    0.00114207 
9.644195    0.00076541 
9.688603    0.00054860 
9.727210    0.00040056 
9.759520    0.00030222 
9.786433    0.00023989 
9.809136    0.00020005 
9.828653    0.00017333 
9.845757    0.00015428 
9.861004    0.00013987 
9.874786    0.00012848 
9.887380    0.00011935 
9.898980    0.00011209 
9.909734    0.00010649 
9.919756    0.00010231 
9.929143    0.00010000 
9.937981    0.00010000 
9.946347    0.00010000 
9.954308    0.00010000 
9.961924    0.00010000 
9.969241    0.00010000 
9.976300    0.00010000 
9.983130    0.00010000 
9.989756    0.00010000 
9.996195    0.00010000 
10.002462    0.00010000 
10.008569    0.00010000 
10.014523    0.00010000 
10.020333    0.00010000 
10.026004    0.00010000 
10.031542    0.00010000 
10.036949    0.00010000 
10.042230    0.00010000 
10.047387    0.00010000 
10.052422    0.00010001 
10.057336    0.00010018 
10.062131    0.00010042 
10.066808    0.00010072 
10.071367    0.00010109 
10.075811    0.00010151 
10.080138    0.00010193 
10.084351    0.00010229 
10.088450    0.00010258 
10.092436    0.00010279 
10.096311    0.00010293 
10.100074    0.00010303 
10.103728    0.00010311 
10.107275    0.00010317 
10.110715    0.00010322 
10.114050    0.00010325 
10.117284    0.00010326 
10.120418    0.00010324 
10.123454    0.00010318 
10.126396    0.00010307 
10.129246    0.00010294 
10.132008    0.00010278 
10.134685    0.00010254 
10.137279    0.00010224 
10.139796    0.00010187 
10.142238    0.00010147 
10.144610    0.00010102 
10.146915    0.00010052 
10.149157    0.00010000 
10.151342    0.00010000 
10.153472    0.00010000 
10.155553    0.00010000 
10.157588    0.00010000 
10.159582    0.00010000 
10.161540    0.00010000 
10.163466    0.00010000 
10.165363    0.00010000 
10.167238    0.00010000 
10.169092    0.00010000 
10.170932    0.00010000 
10.172761    0.00010000 
10.174582    0.00010000 
10.176400    0.00010000 
10.178218    0.00010000 
10.180039    0.00010000 
10.181868    0.00010000 
10.183706    0.00010000 
10.185558    0.00010000 
10.187425    0.00010000 
10.189311    0.00010000 
10.191217    0.00010000 
10.193146    0.00010000 
10.195100    0.00010000 
10.197080    0.00010000 
10.199087    0.00010000 
10.201123    0.00010000 
10.203188    0.00010000 
10.205283    0.00010000 
10.207408    0.00010000 
10.209563    0.00010000 
10.211749    0.00010000 
10.213964    0.00010000 
10.216207    0.00010000 
10.218479    0.00010000 
10.220777    0.00010000 
10.223102    0.00010000 
10.225450    0.00010000 
10.227821    0.00010000 
10.230213    0.00010000 
10.232625    0.00010000 
10.235053    0.00010000 
10.237497    0.00010000 
10.239954    0.00010000 
10.242422    0.00010000 
