0.000000    0.60198727 
0.117989    0.60193181 
0.235981    0.60186205 
0.353987    0.60177842 
0.472024    0.60169270 
0.590115    0.60163797 
0.708292    0.60166224 
0.826588    0.60181124 
0.945045    0.60211980 
1.063711    0.60260194 
1.182640    0.60324647 
1.301893    0.60401722 
1.421538    0.60485571 
1.541654    0.60567521 
1.662324    0.60638121 
1.783639    0.60686681 
1.905700    0.60701878 
2.028612    0.60672606 
2.152485    0.60588407 
2.277431    0.60440268 
2.403567    0.60220779 
2.531006    0.59924955 
2.659859    0.59549403 
2.790232    0.59094298 
2.922224    0.58564294 
3.055923    0.57963083 
3.191404    0.57297192 
3.328732    0.56575839 
3.467953    0.55807926 
3.609101    0.55005825 
3.752191    0.54181990 
3.897224    0.53346071 
4.044184    0.52508823 
4.193038    0.51681232 
4.343738    0.50872394 
4.496222    0.50091761 
4.650410    0.49349472 
4.806208    0.48656181 
4.963504    0.48021854 
5.122162    0.47459689 
5.282023    0.46987699 
5.442891    0.46626795 
5.604547    0.46394440 
5.766756    0.46301162 
5.929268    0.46356569 
6.091809    0.46576984 
6.254069    0.46987988 
6.415683    0.47624149 
6.576221    0.48528782 
6.735165    0.49753888 
6.891884    0.51360741 
7.045612    0.53416246 
7.195429    0.55972615 
7.340286    0.59005548 
7.479129    0.62267904 
7.611192    0.65050834 
7.736406    0.66107496 
7.855493    0.64348392 
7.969365    0.60046383 
8.078352    0.54733494 
8.182128    0.49811991 
8.280173    0.45867159 
8.372174    0.42918353 
8.458127    0.40791162 
8.538261    0.39302248 
8.612923    0.38312325 
8.682500    0.37721108 
8.747366    0.37456121 
8.807864    0.37467860 
8.864292    0.37720501 
8.916913    0.38186759 
8.965959    0.38845480 
9.011642    0.39680524 
9.054162    0.40679737 
9.093714    0.41832567 
9.130494    0.43124815 
9.164700    0.44530148 
9.196537    0.46000433 
9.226210    0.47459771 
9.253929    0.48808106 
9.279900    0.49936828 
9.304323    0.50750831 
9.327393    0.51185259 
9.349292    0.51208538 
9.370189    0.50813767 
9.390163    0.49962875 
9.409436    0.48754371 
9.428138    0.47153273 
9.446372    0.45162591 
9.464279    0.42776118 
9.481990    0.40065547 
9.499671    0.37037379 
9.517548    0.33606588 
9.535964    0.29903046 
9.555467    0.25910781 
9.576980    0.21615273 
9.602147    0.17096345 
9.634003    0.12604047 
9.677849    0.08371134 
9.738789    0.04755480 
9.805367    0.02548454 
9.853860    0.01565293 
9.883257    0.00973123 
9.903161    0.00569380 
9.920256    0.00335052 
9.938007    0.00210490 
9.957871    0.00144180 
9.980240    0.00106906 
10.005076    0.00084335 
10.032018    0.00070907 
10.061227    0.00062073 
10.093370    0.00056602 
