0.000000    0.00000000 
0.236185    0.02298607 
0.472753    0.04504989 
0.710472    0.06610201 
0.950399    0.08605286 
1.193872    0.10460153 
1.442600    0.12130732 
1.698791    0.13562524 
1.965236    0.14691237 
2.245268    0.15443202 
2.542497    0.15738440 
2.860198    0.15500198 
3.200452    0.14673037 
3.563167    0.13245830 
3.945354    0.11268070 
4.341292    0.08832175 
4.743131    0.06041482 
5.141527    0.02946301 
5.525366    -0.00482623 
5.882367    -0.04018167 
6.201599    -0.07542847 
6.474051    -0.11071527 
6.694348    -0.14484637 
6.863487    -0.17591001 
6.989618    -0.20235266 
7.085194    -0.22396026 
7.163104    -0.24186346 
7.235682    -0.25793681 
7.318670    -0.27470521 
7.441707    -0.29570613 
7.710987    -0.32940983 
8.163026    -0.28032618 
8.423772    -0.09895518 
8.566555    0.00374827 
8.655534    0.06295652 
8.715463    0.10135568 
8.758238    0.12821357 
8.790305    0.14804913 
8.815472    0.16338896 
8.836136    0.17579807 
8.853807    0.18627355 
8.869467    0.19545681 
8.883791    0.20378078 
8.897256    0.21155191 
8.910192    0.21898698 
8.922831    0.22623731 
8.935390    0.23342367 
8.948092    0.24051627 
8.961767    0.24812153 
8.978809    0.25689838 
9.020471    0.27121911 
