0.000000    0.77116376 
0.306793    0.77110667 
0.613860    0.77078989 
0.921875    0.76981262 
1.231881    0.76786539 
1.545175    0.76478020 
1.863220    0.76047127 
2.187586    0.75488703 
2.519901    0.74802120 
2.861775    0.73987577 
3.214663    0.73044618 
3.579822    0.72008003 
3.957893    0.70941534 
4.348537    0.69925562 
4.749773    0.69129177 
5.156757    0.68835389 
5.560268    0.69504903 
5.947484    0.71506840 
6.305348    0.74697261 
6.625275    0.77959084 
6.909064    0.79291948 
7.170222    0.77901071 
7.429114    0.75018910 
7.706498    0.71820093 
8.016284    0.68717906 
8.358208    0.66101497 
8.717936    0.64478127 
9.074855    0.64209527 
9.407277    0.65564996 
9.695442    0.68485737 
9.925225    0.71917109 
10.092485    0.72608016 
10.206613    0.67469360 
10.285724    0.61359243 
10.347636    0.57575484 
10.404653    0.55376550 
10.484129    0.54944883 
10.677461    0.54056206 
11.134638    0.49005839 
11.357003    0.38336046 
11.469670    0.33793775 
11.537138    0.31038824 
11.581881    0.29199656 
11.614800    0.28434492 
11.641643    0.28616052 
11.666191    0.29665574 
11.692058    0.31606104 
11.725178    0.34548775 
11.779172    0.38631515 
11.894754    0.43611576 
12.183335    0.48067584 
12.525910    0.43448716 
12.727524    0.42181780 
12.917272    0.46787418 
13.138966    0.52057267 
13.402291    0.55937730 
13.696509    0.58515093 
14.010158    0.60162919 
14.338961    0.61704176 
14.678706    0.63147940 
15.021931    0.64749278 
15.359360    0.66767417 
15.682184    0.69216112 
15.980268    0.71766588 
16.246198    0.73210412 
16.479454    0.72403511 
16.690363    0.69677938 
16.901054    0.66858794 
17.142424    0.64713728 
17.442842    0.62652743 
17.790259    0.60837455 
18.135249    0.60106859 
18.459464    0.60020870 
18.757735    0.61311103 
19.029705    0.62505286 
19.284039    0.64306370 
19.520476    0.66224032 
19.739659    0.67434528 
19.945337    0.67360097 
20.151460    0.66454689 
20.381058    0.65285920 
20.657625    0.63870731 
20.979386    0.62473877 
21.315932    0.61738664 
21.645737    0.61889164 
21.966544    0.62717090 
22.283366    0.63964574 
22.599232    0.65411571 
22.912260    0.66252598 
23.229013    0.66967170 
23.553620    0.68376999 
23.876492    0.70145271 
24.190896    0.71084385 
24.500680    0.71486950 
24.811139    0.71701909 
25.122151    0.71647863 
25.439242    0.70584709 
25.770103    0.69506655 
26.117708    0.68506154 
26.479770    0.67666441 
26.850898    0.67166943 
27.223174    0.67058570 
27.589462    0.67806940 
27.938520    0.69535625 
28.260050    0.71523900 
28.551912    0.74309291 
28.809307    0.76207578 
29.036226    0.75758004 
29.249683    0.73695479 
29.469992    0.70700302 
29.720395    0.67663227 
30.020719    0.64906651 
30.360644    0.62824965 
30.705257    0.61893673 
31.035887    0.62433906 
31.339407    0.63760697 
31.612025    0.65283409 
31.856039    0.67212207 
32.074221    0.68749816 
32.270516    0.69255144 
32.451495    0.68380830 
32.632250    0.66874911 
32.839082    0.65337246 
33.104451    0.63681799 
33.430501    0.62127747 
33.767902    0.61515389 
34.086794    0.61772277 
34.386773    0.62288349 
34.678736    0.62952411 
34.975444    0.64301161 
35.278111    0.66026586 
35.583062    0.67489629 
35.891287    0.69037541 
36.201137    0.70544942 
36.508747    0.71439872 
36.815687    0.72006095 
37.125973    0.72297530 
37.443034    0.72033842 
37.770514    0.71197437 
38.111182    0.70039984 
38.465880    0.68974969 
38.832472    0.68305049 
39.205801    0.68242994 
39.578000    0.68817838 
39.939832    0.69799318 
40.286005    0.70979807 
40.614355    0.72915782 
40.920578    0.75216353 
41.203177    0.76536447 
41.468040    0.76159805 
41.728000    0.74326142 
42.000645    0.71923611 
42.302390    0.69645857 
42.637532    0.67866681 
42.993424    0.66836857 
43.352941    0.66527875 
43.703973    0.66810694 
44.038522    0.67791521 
44.351807    0.69355687 
44.641383    0.71245415 
44.905793    0.72990249 
45.146800    0.73704736 
45.372827    0.72818082 
45.600396    0.70879671 
45.852987    0.68766802 
46.150975    0.66822239 
46.487480    0.65414176 
46.833171    0.64746508 
47.170480    0.64836866 
47.495598    0.65447735 
47.810664    0.66482588 
48.117230    0.67815162 
48.415020    0.69298548 
48.703790    0.70864963 
48.984090    0.72251040 
49.257645    0.72840709 
49.530862    0.72482967 
49.815941    0.71584119 
50.123998    0.70441312 
50.457136    0.69354359 
50.806976    0.68500917 
51.162779    0.67913064 
51.518312    0.67799140 
51.869758    0.68271719 
52.213690    0.69305235 
52.546656    0.70757998 
52.865807    0.72363223 
53.170231    0.74050112 
53.460277    0.75543429 
53.738593    0.75923826 
54.013852    0.74796341 
54.300463    0.72755468 
54.611955    0.70571936 
54.951524    0.68857482 
55.309893    0.67985237 
55.673989    0.67959112 
56.033292    0.68561799 
56.380543    0.69523089 
56.713215    0.70765894 
57.030384    0.72428772 
57.330107    0.74202675 
57.612353    0.75431741 
57.882019    0.75513159 
58.149812    0.74334061 
58.431054    0.72479522 
58.739360    0.70599896 
59.076540    0.69141630 
59.431758    0.68351726 
59.792236    0.68175695 
60.149501    0.68488104 
60.498558    0.69235882 
60.836893    0.70375821 
61.163022    0.71937899 
61.474534    0.73809672 
61.769362    0.75517785 
62.048646    0.76308742 
62.319283    0.75675309 
62.594641    0.74005242 
62.890725    0.72048489 
63.216217    0.70230205 
63.565579    0.68855748 
63.925937    0.68071726 
64.286842    0.67906037 
64.641145    0.68480280 
64.983310    0.69825993 
65.308748    0.71807410 
65.613164    0.74064977 
65.894136    0.75972578 
66.153664    0.76605663 
66.400882    0.75496171 
66.652559    0.73289650 
66.929426    0.70869685 
67.244868    0.68675348 
67.590842    0.67116328 
67.946453    0.66455545 
68.297381    0.66621327 
68.637545    0.67565372 
68.963619    0.69167365 
69.273053    0.70960515 
69.565024    0.72613180 
69.841050    0.73925431 
70.105307    0.74414477 
70.366507    0.73733674 
70.638654    0.72206437 
70.936802    0.70441823 
71.266439    0.68944620 
71.617509    0.68066881 
71.975774    0.67850770 
72.333015    0.68164732 
72.685402    0.68933704 
73.030842    0.70017293 
73.368497    0.71275225 
73.697526    0.72715241 
74.016664    0.74210501 
74.325508    0.75401583 
74.626485    0.75810005 
74.926319    0.75248241 
75.234878    0.74004654 
75.561184    0.72562594 
75.908358    0.71310390 
76.271908    0.70445107 
76.643760    0.69969019 
77.016698    0.69861170 
77.384575    0.70305033 
77.741580    0.71491784 
78.082290    0.73368848 
78.401583    0.75650944 
78.696334    0.77597042 
78.968996    0.78143873 
79.230001    0.76889291 
79.496709    0.74552928 
79.788079    0.71987805 
80.113693    0.69683134 
80.465176    0.68059424 
80.825209    0.67318655 
81.180311    0.67460606 
81.521827    0.68467325 
81.844360    0.70201182 
82.143996    0.72383309 
82.417974    0.74502834 
82.667099    0.75616207 
82.898929    0.74866263 
83.130025    0.72763590 
83.384570    0.70376070 
83.683403    0.68105099 
84.020992    0.66396716 
84.369762    0.65643936 
84.712138    0.65747088 
85.043637    0.66526861 
85.364647    0.67799050 
85.676599    0.69332998 
85.980193    0.70977745 
86.275514    0.72527159 
86.563629    0.73614149 
86.848670    0.73865896 
87.138779    0.73254662 
87.444329    0.72164837 
87.772163    0.71043281 
88.120458    0.70186022 
88.481489    0.69682365 
88.848200    0.69498176 
89.216044    0.69674390 
89.581242    0.70286170 
89.940395    0.71329482 
90.290500    0.72752212 
90.628725    0.74386296 
90.953064    0.76010095 
91.263404    0.77150747 
91.563709    0.77263468 
91.862788    0.76224783 
92.172410    0.74429267 
92.502542    0.72472215 
92.855394    0.70841033 
93.224429    0.69818217 
93.599541    0.69475180 
93.971052    0.69856388 
94.330206    0.71046270 
94.670141    0.72944013 
94.985408    0.75300529 
95.272670    0.77380959 
95.534402    0.77996472 
95.781762    0.76588484 
96.034174    0.74037634 
96.314317    0.71368497 
96.634343    0.69021601 
96.982779    0.67448199 
97.338014    0.66848578 
97.686081    0.67099334 
98.020315    0.68095800 
98.337862    0.69647719 
98.637380    0.71539101 
98.917872    0.73472164 
99.180109    0.74757439 
99.429888    0.74617327 
99.680683    0.73159732 
99.952153    0.71211357 
100.260003    0.69365244 
100.599934    0.68047029 
100.952503    0.67458124 
101.304115    0.67485287 
101.650123    0.68011263 
101.989327    0.69007362 
102.321526    0.70318101 
102.646296    0.71870343 
102.962207    0.73507263 
103.268533    0.74863674 
103.567250    0.75506345 
103.864350    0.75183071 
104.169576    0.74114733 
104.492274    0.72745419 
104.835866    0.71458138 
105.196234    0.70492093 
105.565928    0.69949392 
105.938290    0.69900332 
106.307524    0.70460754 
106.668058    0.71695334 
107.015090    0.73396805 
107.345130    0.75256113 
107.656616    0.76899169 
107.951544    0.77643468 
108.237702    0.77054107 
108.528124    0.75400491 
108.836963    0.73329883 
109.172003    0.71416404 
109.529229    0.70058615 
109.897445    0.69407847 
110.266061    0.69453965 
110.626783    0.70225579 
110.973251    0.71674209 
111.300973    0.73600027 
111.606582    0.75683094 
111.889343    0.77193249 
112.154371    0.77194688 
112.414776    0.75591022 
112.689889    0.73293704 
112.996671    0.71067427 
113.335880    0.69360602 
113.692010    0.68442915 
114.049876    0.68280868 
114.401142    0.68758403 
114.741418    0.69829527 
115.068421    0.71342335 
115.380419    0.73177818 
115.675748    0.75039404 
115.954866    0.76204119 
116.223691    0.75951521 
116.495290    0.74442663 
116.786776    0.72502657 
117.109102    0.70743737 
117.457153    0.69517827 
117.816395    0.68923472 
118.175912    0.68860447 
118.530110    0.69339215 
118.875679    0.70381216 
119.210592    0.71893802 
119.532546    0.73751734 
119.839399    0.75538450 
120.131759    0.76601976 
120.415379    0.76388204 
120.702043    0.75049837 
121.006059    0.73252346 
121.336136    0.71559486 
121.688930    0.70321467 
122.053400    0.69663530 
122.419856    0.69569224 
122.781983    0.70083239 
123.135150    0.71252552 
123.475817    0.72917014 
123.801055    0.74790016 
124.109343    0.76438039 
124.402558    0.77218682 
124.688157    0.76709474 
124.978981    0.75196807 
125.288873    0.73345527 
125.624670    0.71694121 
125.981360    0.70564585 
126.348055    0.70033558 
126.715783    0.70064404 
127.078222    0.70701387 
127.430514    0.71937989 
127.769069    0.73601040 
128.090970    0.75463952 
128.394788    0.77072265 
128.682954    0.77699645 
128.964072    0.76915476 
129.252453    0.75143433 
129.562705    0.73145977 
129.900396    0.71454021 
130.258141    0.70347802 
130.623780    0.69869601 
130.988030    0.69966893 
131.344452    0.70697740 
131.688284    0.72053165 
132.015823    0.73904455 
132.323757    0.75982533 
132.610804    0.77558085 
132.881198    0.77631815 
133.147319    0.76076354 
133.427812    0.73820925 
133.738736    0.71651089 
134.080594    0.69997914 
134.438547    0.69084206 
134.797841    0.68848492 
135.150257    0.69244376 
135.491347    0.70303529 
135.818634    0.71914783 
136.129869    0.73894986 
136.423292    0.75759877 
136.700432    0.76664275 
136.969269    0.76032502 
137.244904    0.74300622 
137.544443    0.72318350 
137.875362    0.70650359 
138.228571    0.69617395 
138.589168    0.69229364 
138.947809    0.69376394 
139.300153    0.70064421 
139.644140    0.71266423 
139.978388    0.72850245 
140.301231    0.74602576 
140.611731    0.76104157 
140.911885    0.76808123 
141.208375    0.76409063 
141.512018    0.75170980 
141.833495    0.73664228 
142.176978    0.72349081 
142.537860    0.71456064 
142.907797    0.71010761 
143.279832    0.70992489 
143.648605    0.71490284 
144.009442    0.72580701 
144.358409    0.74162855 
144.692026    0.76011637 
145.008143    0.77689805 
145.308176    0.78506445 
145.599332    0.77967866 
145.894331    0.76336192 
146.207047    0.74312779 
146.544846    0.72471123 
146.903709    0.71150345 
147.272924    0.70466320 
147.642363    0.70423519 
148.003898    0.71121736 
148.350865    0.72602648 
148.677921    0.74693135 
148.980746    0.76985330 
149.258267    0.78492671 
149.516685    0.78079973 
149.771692    0.75964261 
150.045406    0.73370374 
150.355341    0.71013622 
150.698402    0.69311230 
151.054616    0.68496868 
151.407806    0.68459768 
151.750364    0.69105417 
152.079192    0.70366247 
152.393088    0.72071513 
152.690961    0.74001443 
152.972545    0.75613038 
153.241343    0.76077130 
153.507666    0.75093605 
153.788119    0.73306915 
154.097916    0.71492554 
154.437999    0.70150636 
154.794514    0.69485125 
155.154069    0.69379886 
155.510298    0.69720664 
155.860751    0.70515345 
156.204616    0.71699674 
156.541159    0.73186969 
156.868992    0.74814245 
157.187245    0.76194116 
157.497662    0.76862394 
157.805938    0.76561643 
158.121128    0.75503931 
158.451917    0.74171294 
158.801686    0.72964235 
159.167029    0.72090843 
159.541252    0.71601580 
159.918024    0.71523511 
160.291667    0.72002477 
160.656643    0.73175561 
161.007987    0.74926628 
161.341505    0.76947070 
161.655064    0.78646395 
161.951307    0.79199333 
162.239588    0.78259010 
162.534404    0.76315081 
162.849894    0.74119162 
163.191717    0.72220615 
163.553417    0.70944156 
163.923000    0.70384609 
164.289915    0.70549493 
164.645733    0.71538716 
164.983954    0.73298943 
165.299440    0.75565723 
165.588777    0.77704280 
165.853520    0.78497994 
166.104083    0.77194309 
166.360322    0.74690174 
166.645548    0.72123704 
166.970623    0.69993200 
167.321534    0.68705280 
167.676769    0.68308853 
168.024519    0.68633923 
168.360247    0.69589656 
168.682787    0.71026207 
168.991755    0.72775420 
169.286721    0.74579220 
169.568643    0.75827617 
169.842972    0.75842092 
170.121599    0.74649362 
170.419892    0.72960069 
170.747096    0.71445959 
171.097950    0.70482595 
171.459419    0.70097783 
171.822064    0.70141020 
172.181372    0.70574041 
172.535101    0.71434837 
172.882096    0.72670789 
173.220964    0.74233429 
173.549860    0.75868940 
173.868324    0.77103048 
174.179263    0.77457305 
174.489939    0.76794720 
174.810285    0.75486412 
175.148148    0.74042378 
175.504807    0.72826364 
175.875090    0.72011308 
176.251666    0.71638331 
176.627863    0.71777314 
176.997407    0.72622011 
177.354539    0.74197845 
177.694300    0.76260234 
178.013190    0.78297045 
178.311686    0.79397474 
178.597238    0.78887683 
178.884039    0.77086339 
179.188290    0.74830469 
179.519758    0.72766552 
179.874989    0.71285974 
180.241814    0.70534342 
180.608695    0.70493612 
180.967079    0.71212562 
181.310659    0.72698972 
181.634778    0.74750158 
181.935883    0.76929072 
182.213695    0.78285073 
182.475060    0.77807153 
182.735994    0.75766243 
183.018058    0.73315330 
183.336038    0.71160376 
183.683783    0.69726694 
184.042310    0.69138376 
184.398132    0.69245105 
184.745084    0.69953337 
185.080679    0.71183407 
185.403906    0.72783700 
185.713787    0.74586105 
186.009964    0.76146820 
186.295337    0.76733288 
186.578738    0.75988399 
186.874158    0.74399574 
187.194035    0.72736075 
187.539677    0.71502325 
187.901114    0.70859051 
188.267334    0.70700405 
188.631584    0.70937599 
188.989946    0.71632221 
189.340143    0.72787042 
189.680356    0.74366401 
190.008429    0.76149705 
190.323428    0.77591850 
190.628167    0.78049716 
190.930739    0.77294147 
191.242889    0.75777691 
191.574384    0.74135998 
191.927037    0.72798365 
192.294512    0.71946690 
192.668002    0.71593506 
193.040157    0.71759014 
193.404968    0.72587000 
193.757556    0.74105090 
194.093758    0.76105861 
194.410573    0.78083896 
194.708717    0.79133146 
194.995718    0.78589612 
195.285795    0.76813733 
195.594626    0.74670740 
195.930393    0.72795105 
196.288149    0.71527636 
196.655912    0.70937812 
197.023378    0.70973693 
197.383256    0.71683321 
197.730347    0.73079981 
198.060794    0.74998535 
198.371497    0.77066048 
198.662060    0.78460977 
198.938332    0.78268993 
199.214211    0.76571961 
199.508059    0.74345128 
199.832246    0.72354894 
200.182927    0.71014950 
200.545677    0.70414570 
200.908578    0.70429385 
201.264783    0.71008532 
201.610337    0.72149138 
201.942882    0.73741156 
202.260327    0.75614611 
202.561476    0.77279676 
202.848861    0.77900699 
203.131585    0.77029399 
203.424672    0.75212399 
203.742169    0.73309597 
204.086758    0.71865239 
204.448412    0.71080261 
204.814924    0.70866390 
205.178278    0.71128208 
205.533636    0.71912056 
205.878232    0.73204000 
206.209954    0.74932766 
206.526772    0.76791917 
206.828745    0.78064675 
207.121093    0.78015109 
207.415382    0.76685630 
207.725860    0.74836687 
208.061082    0.73157017 
208.417862    0.72010931 
208.785693    0.71455895 
209.155032    0.71410725 
209.519425    0.71884618 
209.874579    0.72941305 
210.217564    0.74533516 
210.545721    0.76443281 
210.857644    0.78101860 
211.156003    0.78676985 
211.449875    0.77815575 
211.753158    0.76068547 
212.077959    0.74219963 
212.426708    0.72775487 
212.791652    0.71924358 
213.162582    0.71626866 
213.531758    0.71847323 
213.893464    0.72673362 
214.243521    0.74102826 
214.578498    0.75983894 
214.895693    0.77911675 
215.195425    0.79071309 
215.484192    0.78724135 
215.775308    0.77071526 
216.084313    0.74989551 
216.419786    0.73170549 
216.777306    0.71962393 
217.145213    0.71409782 
217.513357    0.71428081 
217.874632    0.72044797 
218.223983    0.73301572 
218.557717    0.75097644 
218.872657    0.77156980 
219.167712    0.78728361 
219.447477    0.78798027 
219.724682    0.77229515 
220.017455    0.74974543 
220.339499    0.72894948 
220.689024    0.71455313 
221.052066    0.70786178 
221.415716    0.70754790 
221.772246    0.71287726 
222.117317    0.72382248 
222.448649    0.73955591 
222.764331    0.75848488 
223.063401    0.77521475 
223.348878    0.78064333 
223.630747    0.77067278 
223.924839    0.75180809 
224.244874    0.73280708 
224.591803    0.71904141 
224.954280    0.71224326 
225.320260    0.71119481 
225.682427    0.71484691 
226.036775    0.72324441 
226.381438    0.73601475 
226.714986    0.75243386 
227.036038    0.76954306 
227.345143    0.78097379 
227.647427    0.78065963 
227.953222    0.76921967 
228.274306    0.75319834 
228.616932    0.73876086 
228.978061    0.72900546 
229.349413    0.72421383 
229.723273    0.72371430 
230.093777    0.72792829 
230.456275    0.73792373 
230.807141    0.75340429 
231.143126    0.77236883 
231.462234    0.78954661 
231.766392    0.79671580 
232.063796    0.78929431 
232.367786    0.77168712 
232.691084    0.75186507 
233.038136    0.73543363 
233.402915    0.72492454 
233.775081    0.72048572 
234.145570    0.72190701 
234.507038    0.73030428 
234.853733    0.74594356 
235.180943    0.76716300 
235.485187    0.78850093 
235.767365    0.79839594 
236.036764    0.78826152 
236.311375    0.76476106 
236.611205    0.73962966 
236.944687    0.71937770 
237.301193    0.70751319 
237.663648    0.70393867 
238.020624    0.70706637 
238.365932    0.71638455 
238.696699    0.73090519 
239.011249    0.74924842 
239.308448    0.76769245 
239.589936    0.77764713 
239.863769    0.77181738 
240.145511    0.75408597 
240.452244    0.73403055 
240.789742    0.71835747 
241.147368    0.71019360 
241.510734    0.70868471 
241.871278    0.71197330 
242.224997    0.71944373 
242.570530    0.73045024 
242.907426    0.74454750 
243.234873    0.76060884 
243.552561    0.77446009 
243.863010    0.78016445 
244.173190    0.77502841 
244.493089    0.76257861 
244.830675    0.74889269 
245.186936    0.73816064 
245.556419    0.73170493 
245.931962    0.72915871 
246.307504    0.73044749 
246.677916    0.73683001 
247.038959    0.74919536 
247.386988    0.76658729 
247.718992    0.78554192 
248.034417    0.79898708 
248.337940    0.79937347 
248.640337    0.78641076 
248.955079    0.76691535 
249.291559    0.74786452 
249.649470    0.73350078 
250.020425    0.72536152 
250.394406    0.72337268 
250.762768    0.72810658 
251.118259    0.74079358 
251.455149    0.76064770 
251.768724    0.78395138 
252.057383    0.80052391 
252.327057    0.79771459 
252.593534    0.77649969 
252.878494    0.74980225 
253.197521    0.72623880 
253.546499    0.71038499 
253.907541    0.70372964 
254.266053    0.70471687 
254.614117    0.71225247 
254.947974    0.72543879 
255.265913    0.74284037 
255.566691    0.76189903 
255.850820    0.77564220 
256.124029    0.77508302 
256.399840    0.76019341 
256.696277    0.74006893 
257.024158    0.72262282 
257.376889    0.71228686 
257.739232    0.70930863 
258.100650    0.71166100 
258.456172    0.71819682 
258.803896    0.72824859 
259.143456    0.74109299 
259.474398    0.75630470 
259.796172    0.77118409 
260.110048    0.78027196 
260.421164    0.77926418 
260.738390    0.76931835 
261.070642    0.75597756 
261.421493    0.74426314 
261.787529    0.73643335 
262.161989    0.73256046 
262.538481    0.73234235 
262.911593    0.73660342 
263.276757    0.74667356 
263.630223    0.76237645 
263.968721    0.78121366 
264.290665    0.79730742 
264.598787    0.80240940 
264.901980    0.79331351 
265.213270    0.77522721 
265.543874    0.75553212 
265.896764    0.73940362 
266.265684    0.72926248 
266.640742    0.72539297 
267.012852    0.72791301 
267.374226    0.73817269 
267.718683    0.75614079 
268.041126    0.77921640 
268.338685    0.79914903 
268.614858    0.80255131 
268.882874    0.78544815 
269.163485    0.75925033 
269.474990    0.73452846 
269.818751    0.71660989 
270.179162    0.70790419 
270.540298    0.70729550 
270.892811    0.71342070 
271.231856    0.72556089 
271.555234    0.74230859 
271.861444    0.76155437 
272.150292    0.77745636 
272.426006    0.78061924 
272.700366    0.76821556 
272.991068    0.74828629 
273.311781    0.72957409 
273.660012    0.71728933 
274.021288    0.71264470 
274.383626    0.71383300 
274.740938    0.71941699 
275.090531    0.72876484 
275.431674    0.74100523 
275.763917    0.75573338 
276.086646    0.77092550 
276.400670    0.78140568 
276.710482    0.78205637 
277.024743    0.77282905 
277.353154    0.75903137 
277.700714    0.74628331 
278.064865    0.73748663 
278.438697    0.73301847 
278.815280    0.73248260 
279.188798    0.73635893 
279.554456    0.74580234 
279.908533    0.76090280 
280.247826    0.77962582 
280.570597    0.79646878 
280.879173    0.80293350 
281.182099    0.79480524 
281.492483    0.77699535 
281.821972    0.75728132 
282.173924    0.74115728 
282.542151    0.73116962 
282.916645    0.72753019 
283.288341    0.73008682 
283.649746    0.73987799 
283.995200    0.75691215 
284.320177    0.77893912 
284.622096    0.79855615 
284.904113    0.80329576 
285.178453    0.78853143 
285.464412    0.76410892 
285.778950    0.74051616 
286.123773    0.72332684 
286.485321    0.71478755 
286.849072    0.71386424 
287.205979    0.71932286 
287.550942    0.73067199 
287.881401    0.74676163 
288.195513    0.76574392 
288.492568    0.78233611 
288.775912    0.78734828 
289.056074    0.77666805 
289.349560    0.75721890 
289.670207    0.73806204 
290.017952    0.72470865 
290.380529    0.71877776 
290.745959    0.71887950 
291.107141    0.72370715 
291.460155    0.73287673 
291.803218    0.74560466 
292.135177    0.76121648 
292.455084    0.77723261 
292.763933    0.78763270 
293.067183    0.78652528 
293.375259    0.77450574 
293.699624    0.75821052 
294.045645    0.74392632 
294.409355    0.73471452 
294.782087    0.73076327 
295.155901    0.73141567 
295.524612    0.73693200 
295.883755    0.74775198 
296.230264    0.76352076 
296.561635    0.78196819 
296.877178    0.79683430 
297.180828    0.79972371 
297.482812    0.78851309 
297.796793    0.76986374 
298.132575    0.75145734 
298.489896    0.73793889 
298.860256    0.73081018 
299.233844    0.72966435 
299.602695    0.73431491 
299.960787    0.74530204 
300.303954    0.76218941 
300.628898    0.78262765 
300.934324    0.79938403 
301.224429    0.80192736 
301.511314    0.78781612 
301.811961    0.76589670 
302.138937    0.74522700 
302.491178    0.73080121 
302.857011    0.72400102 
303.224794    0.72378616 
303.586574    0.72942530 
303.937237    0.74080263 
304.273737    0.75703992 
304.593722    0.77614727 
304.896331    0.79216257 
305.185320    0.79570377 
305.471712    0.78357466 
305.771675    0.76331544 
306.097721    0.74383997 
306.449125    0.73030024 
306.814485    0.72405714 
307.182451    0.72390452 
307.545529    0.72893149 
307.898999    0.73901287 
308.240235    0.75340938 
308.567294    0.77090512 
308.879116    0.78728865 
309.178005    0.79452914 
309.472349    0.78736494 
309.775901    0.77011748 
310.101227    0.75135421 
310.450876    0.73697235 
310.816628    0.72916850 
311.187731    0.72738840 
311.555998    0.73088469 
311.915687    0.73965315 
312.263408    0.75310805 
312.596943    0.77026853 
312.914905    0.78754987 
313.218837    0.79722616 
313.516017    0.79280122 
313.819404    0.77699643 
314.142051    0.75816920 
314.488559    0.74272981 
314.852643    0.73354197 
315.223973    0.73054298 
315.594046    0.73294850 
315.956691    0.74064393 
316.308045    0.75331403 
316.645583    0.77016207 
316.967473    0.78814764 
317.274383    0.79982046 
317.572478    0.79764610 
317.874060    0.78282855 
318.192826    0.76355757 
318.535418    0.74683214 
318.897367    0.73611651 
319.268663    0.73174537 
319.640356    0.73290223 
320.005681    0.73956712 
320.359888    0.75185191 
320.699701    0.76895129 
321.022565    0.78807054 
321.328269    0.80176182 
321.622217    0.80115128 
321.916855    0.78602359 
322.227652    0.76508497 
322.563927    0.74632952 
322.922326    0.73393603 
323.291721    0.72860665 
323.661751    0.72936744 
324.024870    0.73596916 
324.375938    0.74836965 
324.711641    0.76561484 
325.029482    0.78505896 
325.329251    0.79927534 
325.616435    0.79875698 
325.904100    0.78301469 
326.209056    0.76139366 
326.541635    0.74222835 
326.897694    0.72986050 
327.264530    0.72496317 
327.631189    0.72634250 
327.990436    0.73343606 
328.337959    0.74551556 
328.671523    0.76146804 
328.989625    0.77925720 
329.292532    0.79282790 
329.585236    0.79395445 
329.879269    0.78132502 
330.189435    0.76249221 
330.524821    0.74530728 
330.882013    0.73407392 
331.250116    0.72949395 
331.619450    0.73052653 
331.983419    0.73661131 
332.337952    0.74716000 
332.681001    0.76137033 
333.011151    0.77794259 
333.328108    0.79237989 
333.635058    0.79744965 
333.940571    0.78977082 
334.256782    0.77403788 
334.593014    0.75758969 
334.949738    0.74526613 
335.319820    0.73863386 
335.694645    0.73726502 
336.067107    0.74081120 
336.431642    0.74965258 
336.784462    0.76361239 
337.122711    0.78144184 
337.444650    0.79873798 
337.752039    0.80716863 
338.052733    0.80092584 
338.359885    0.78377536 
338.686027    0.76411664 
339.035290    0.74802951 
339.401640    0.73818646 
339.775050    0.73468191 
340.146608    0.73711757 
340.509100    0.74598253 
340.857293    0.76116239 
341.187255    0.78115464 
341.496470    0.80070945 
341.786798    0.80904100 
342.068000    0.79889598 
342.357169    0.77676130 
342.671062    0.75349797 
343.014146    0.73558804 
343.375934    0.72585482 
343.742426    0.72381788 
344.103660    0.72838940 
344.453284    0.73901477 
344.787945    0.75438665 
345.105641    0.77285016 
345.405673    0.78955387 
345.691330    0.79522361 
345.973033    0.78488130 
346.267342    0.76513114 
346.588434    0.74541112 
346.936670    0.73150223 
347.299891    0.72526570 
347.665896    0.72546876 
348.027246    0.73093773 
348.379842    0.74076407 
348.722173    0.75359521 
349.053638    0.76862766 
349.374108    0.78323913 
349.685570    0.79171828 
349.994232    0.78933723 
350.310228    0.77777323 
350.643069    0.76330418 
350.995617    0.75128309 
351.363130    0.74399744 
351.738072    0.74139540 
352.113769    0.74304593 
352.484734    0.74918316 
352.846925    0.76003011 
353.197516    0.77515675 
353.534294    0.79236146 
353.856841    0.80598555 
354.168944    0.80875067 
354.479796    0.79872240 
354.801322    0.78143208 
355.142088    0.76378349 
355.502393    0.75021484 
355.875436    0.74243858 
356.252330    0.74059678 
356.624705    0.74508884 
356.985263    0.75692628 
357.328374    0.77560589 
357.649668    0.79787209 
357.947884    0.81419187 
358.228955    0.81236351 
358.507952    0.79260152 
358.804532    0.76686258 
359.131555    0.74413489 
359.484977    0.72907448 
359.849827    0.72288853 
360.212938    0.72442157 
360.565710    0.73288084 
360.903232    0.74712067 
361.222926    0.76549987 
361.523345    0.78444153 
361.806065    0.79508278 
362.079391    0.78890209 
362.359692    0.76970340 
362.665239    0.74812842 
363.002430    0.73131492 
363.360159    0.72263294 
363.723451    0.72137792 
364.083276    0.72583318 
364.435102    0.73492513 
364.777373    0.74699708 
365.109859    0.76109209 
365.432541    0.77580570 
365.746516    0.78687655 
366.056112    0.78895056 
366.369770    0.78108685 
366.697234    0.76805965 
367.043782    0.75571432 
367.407076    0.74737919 
367.780319    0.74358164 
368.156729    0.74380223 
368.530680    0.74803330 
368.897729    0.75663074 
369.254918    0.76952997 
369.600005    0.78558675 
369.931770    0.80096844 
370.251875    0.80910683 
370.566719    0.80520936 
370.886694    0.79155333 
371.221722    0.77455099 
371.575826    0.75950692 
371.945507    0.74922913 
372.323086    0.74456077 
372.700288    0.74577202 
373.069262    0.75394478 
373.423500    0.76957070 
373.757878    0.79094374 
374.069230    0.81156169 
374.359801    0.81896636 
374.640643    0.80644309 
374.929971    0.78229764 
375.244681    0.75761981 
375.588703    0.73864295 
375.951091    0.72821391 
376.317490    0.72607591 
376.677277    0.73130959 
377.023421    0.74332793 
377.351962    0.76070936 
377.660365    0.78097231 
377.948224    0.79685127 
378.220816    0.79717911 
378.492224    0.78032745 
378.782553    0.75710713 
379.105732    0.73666471 
379.456507    0.72394196 
379.818194    0.71984084 
380.178490    0.72246443 
380.531212    0.73043809 
380.873864    0.74209929 
381.206079    0.75600838 
381.527919    0.77108845 
381.840151    0.78392301 
382.146249    0.78874589 
382.454072    0.78289972 
382.774110    0.77023227 
383.113670    0.75712218 
383.471939    0.74782915 
383.842086    0.74337672 
384.216774    0.74306512 
384.590221    0.74656419 
384.957933    0.75406392 
385.317035    0.76542511 
385.665548    0.78013814 
386.002089    0.79555943 
386.327274    0.80627509 
386.645624    0.80668719 
386.965920    0.79650406 
387.298095    0.78100050 
387.648020    0.76582255 
388.014545    0.75442705 
388.391342    0.74819999 
388.770553    0.74751720 
389.144377    0.75314429 
389.505943    0.76600317 
389.849927    0.78524063 
390.172512    0.80662670 
390.473782    0.81968263 
390.761464    0.81438986 
391.051193    0.79402772 
391.360372    0.76963466 
391.697610    0.74887371 
392.056919    0.73567188 
392.425034    0.73073145 
392.790411    0.73327195 
393.144680    0.74290133 
393.482606    0.75865369 
393.800885    0.77869750 
394.097835    0.79754152 
394.376346    0.80390479 
394.647694    0.79133065 
394.931017    0.76831453 
395.243977    0.74584675 
395.588013    0.72994587 
395.948443    0.72291298 
396.310815    0.72335817 
396.667056    0.72973620 
397.013206    0.74067832 
397.348072    0.75451806 
397.671312    0.77015084 
397.983190    0.78460329 
398.286414    0.79172576 
398.588407    0.78719872 
398.900581    0.77402404 
399.232622    0.75923902 
399.585699    0.74815204 
399.952903    0.74253424 
400.325790    0.74171287 
400.697842    0.74500786 
401.064181    0.75242118 
401.421753    0.76353099 
401.768721    0.77784469 
402.103811    0.79324381 
402.427506    0.80462004 
402.744039    0.80612775 
403.062035    0.79673177 
403.391712    0.78152949 
403.739414    0.76651448 
404.104188    0.75529458 
404.479677    0.74916287 
404.858098    0.74842219 
405.231930    0.75359092 
405.594729    0.76522765 
405.941792    0.78261130 
406.269801    0.80254989 
406.578501    0.81658922 
406.874039    0.81494619 
407.169910    0.79820719 
407.482058    0.77589237 
407.819613    0.75592425 
408.178989    0.74252386 
408.548916    0.73673779 
408.918525    0.73806147 
409.279362    0.74622823 
409.625669    0.76058149 
409.953802    0.77966862 
410.261540    0.79922715 
410.550460    0.80912334 
410.829696    0.80084325 
411.116262    0.77969865 
411.427680    0.75701622 
411.768984    0.73971239 
412.129408    0.73071707 
412.494956    0.72933957 
412.856341    0.73418663 
413.208052    0.74429405 
413.547543    0.75814941 
413.873603    0.77452814 
414.185819    0.79034355 
414.486430    0.79867919 
414.782998    0.79389022 
415.088212    0.77888614 
415.414003    0.76171095 
415.763133    0.74848348 
416.128263    0.74152022 
416.499584    0.74021709 
416.869603    0.74368810 
417.232928    0.75175327 
417.586306    0.76366480 
417.927908    0.77862701 
418.256626    0.79428681 
418.573439    0.80492431 
418.883636    0.80445237 
419.197243    0.79288749 
419.525314    0.77654157 
419.873470    0.76172756 
420.238805    0.75171307 
420.613515    0.74715281 
420.989544    0.74801299 
421.359771    0.75465209 
421.718731    0.76686025 
422.062849    0.78355548 
422.389881    0.80164120 
422.700481    0.81360442 
423.001041    0.81139417 
423.304195    0.79599796 
423.623949    0.77591179 
423.967258    0.75829952 
424.329934    0.74680013 
424.701903    0.74211427 
425.073641    0.74389330 
425.437466    0.75203650 
425.788050    0.76582776 
426.122025    0.78391909 
426.437408    0.80247113 
426.735732    0.81244031 
427.025334    0.80596029 
427.321363    0.78693439 
427.639122    0.76555962 
427.983487    0.74873769 
428.346272    0.73936550 
428.715474    0.73714527 
429.081911    0.74112485 
429.439182    0.75076268 
429.783582    0.76485385 
430.112964    0.78208489 
430.426304    0.79879522 
430.725815    0.80696907 
431.019806    0.80041817 
431.322265    0.78303206 
431.646302    0.76385685 
431.994906    0.74921865 
432.359967    0.74149444 
432.730741    0.74009049 
433.099027    0.74416252 
433.458951    0.75343493 
433.807058    0.76685333 
434.141363    0.78322837 
434.460949    0.79916780 
434.767878    0.80750572 
435.069648    0.80249220 
435.378733    0.78697813 
435.706918    0.76903987 
436.057543    0.75476276 
436.424261    0.74656743 
436.797547    0.74426345 
437.169315    0.74753645 
437.533153    0.75644600 
437.884889    0.76996779 
438.222039    0.78670392 
438.543458    0.80298151 
438.851264    0.81130023 
439.153258    0.80578719 
439.462307    0.78964461 
439.790448    0.77111672 
440.141121    0.75622974 
440.507975    0.74749943 
440.881356    0.74497123 
441.252910    0.74841709 
441.615949    0.75774156 
441.966102    0.77187810 
442.300680    0.78934519 
442.618493    0.80597155 
442.922055    0.81336974 
443.220170    0.80580229 
443.526861    0.78783374 
443.854542    0.76840841 
444.205678    0.75349293 
444.572532    0.74535501 
444.944823    0.74370968 
445.314166    0.74807333 
445.674169    0.75815333 
446.020866    0.77282231 
446.351794    0.79055643 
446.666019    0.80674169 
446.966581    0.81270205 
447.263012    0.80350736 
447.569782    0.78474867 
447.898869    0.76545862 
448.251449    0.75128095 
448.618801    0.74406213 
448.990554    0.74318842 
449.358593    0.74815703 
449.716895    0.75868851 
450.061811    0.77361526 
450.391052    0.79132035 
450.703908    0.80689693 
451.003809    0.81176157 
451.300658    0.80171842 
451.608929    0.78282660 
451.939993    0.76391426 
452.294141    0.75030696 
452.662243    0.74358218 
453.034013    0.74311056 
453.401443    0.74860881 
453.758612    0.75970995 
454.102028    0.77498586 
454.429622    0.79255208 
454.741152    0.80714469 
455.040785    0.81040603 
455.339072    0.79927734 
455.650415    0.78044621 
455.985003    0.76234480 
456.341658    0.74980950 
456.710808    0.74404959 
457.082564    0.74441177 
457.449349    0.75068439 
457.805777    0.76215660 
458.148896    0.77727376 
458.477116    0.79411040 
458.790744    0.80744172 
459.094394    0.80967559 
459.398461    0.79875543 
459.716104    0.78116564 
460.055678    0.76456146 
460.415287    0.75322202 
460.786292    0.74809069 
461.159923    0.74864438 
461.529125    0.75477388 
461.888643    0.76593040 
462.235374    0.78088898 
462.567430    0.79781003 
462.884780    0.81144187 
463.191655    0.81412093 
463.498001    0.80351641 
463.816640    0.78579113 
464.156211    0.76856883 
464.515794    0.75628669 
464.887480    0.75017012 
465.262417    0.74991607 
465.632942    0.75558904 
465.992872    0.76711975 
466.338072    0.78347402 
466.665742    0.80232696 
466.975457    0.81689017 
467.272235    0.81768409 
467.568202    0.80305459 
467.878933    0.78161149 
468.214448    0.76199901 
468.572312    0.74876248 
468.941828    0.74294228 
469.312363    0.74390748 
469.675598    0.75153492 
470.025630    0.76502839 
470.358961    0.78272510 
470.673602    0.80137301 
470.970687    0.81270980 
471.257785    0.80803022 
471.549742    0.78967860 
471.862868    0.76800744 
472.203722    0.75061657 
472.564519    0.74084092 
472.932523    0.73844188 
473.298200    0.74234702 
473.655238    0.75202760 
474.000223    0.76565190 
474.331717    0.78155924 
474.649447    0.79687409 
474.955775    0.80528039 
475.258007    0.80130442 
475.568079    0.78729165 
475.897105    0.77083906 
476.247918    0.75788623 
476.614270    0.75073783 
476.987347    0.74909369 
477.359984    0.75247378 
477.726598    0.76074580 
478.083583    0.77278419 
478.428981    0.78747680 
478.761812    0.80257183 
479.083192    0.81276749 
479.398294    0.81237937 
479.716571    0.80139727 
480.048219    0.78564813 
480.398501    0.77110631 
480.765157    0.76100286 
481.141367    0.75616606 
481.519567    0.75672510 
481.892487    0.76325523 
482.253977    0.77586779 
482.599657    0.79349125 
482.926649    0.81266329 
483.235431    0.82483320 
483.532917    0.82119945 
483.832762    0.80343158 
484.150011    0.78116192 
484.492078    0.76197643 
484.854322    0.74960435 
485.225745    0.74475654 
485.595879    0.74713533 
485.956115    0.75681083 
486.300395    0.77272297 
486.624849    0.79283955 
486.927649    0.81149051 
487.211961    0.81726380 
487.489418    0.80394404 
487.778817    0.78026423 
488.096529    0.75742100 
488.443389    0.74137947 
488.805855    0.73417320 
489.170262    0.73463332 
489.528089    0.74171635 
489.874444    0.75405426 
490.207369    0.76935959 
490.526285    0.78575930 
490.832160    0.79876384 
491.129756    0.80138241 
491.429384    0.79145300 
491.744193    0.77512438 
492.082173    0.76001471 
492.440378    0.75036860 
492.809501    0.74679322 
493.181237    0.74832275 
493.549690    0.75456304 
493.910807    0.76469129 
494.262580    0.77731537 
494.604046    0.79148881 
494.935177    0.80437080 
495.258318    0.81088166 
495.579522    0.80746922 
495.907617    0.79607944 
496.250238    0.78221921 
496.609608    0.77045207 
496.982157    0.76283385 
497.361596    0.75984038 
497.741161    0.76193788 
498.114122    0.76993484 
498.474996    0.78372899 
498.819879    0.80182909 
499.146682    0.81952446 
499.457420    0.82780466 
499.760571    0.82054593 
500.069744    0.80203075 
500.397507    0.78103012 
500.748003    0.76367667 
501.115423    0.75288585 
501.489633    0.74929761 
501.860786    0.75310073 
502.220284    0.76453853 
502.561929    0.78251317 
502.881489    0.80423496 
503.177693    0.82121760 
503.456127    0.82061679 
503.731871    0.80101115 
504.025530    0.77497355 
504.350869    0.75236021 
504.703201    0.73790264 
505.066683    0.73263276 
505.428449    0.73517187 
505.780644    0.74458319 
506.119086    0.75883809 
506.442151    0.77577290 
506.749499    0.79250741 
507.043391    0.80223601 
507.331555    0.79808852 
507.627828    0.78239465 
507.946278    0.76407942 
508.290748    0.75002994 
508.652690    0.74297696 
509.020963    0.74226380 
509.387994    0.74673324 
509.748963    0.75570150 
510.101398    0.76743522 
510.444483    0.78076040 
510.778059    0.79438145 
511.103276    0.80448047 
511.424212    0.80642076 
511.748308    0.79923867 
512.083886    0.78699116 
512.435692    0.77494114 
512.802502    0.76623497 
513.179095    0.76168540 
513.559309    0.76144247 
513.936957    0.76615266 
514.306405    0.77621766 
514.663612    0.79092546 
515.005911    0.80811758 
515.332767    0.82228598 
515.647968    0.82574702 
515.960742    0.81597001 
516.283092    0.79843292 
516.623867    0.78018400 
516.983970    0.76579484 
517.357174    0.75734169 
517.734619    0.75554923 
518.107278    0.76106145 
518.467004    0.77422174 
518.807756    0.79382575 
519.125448    0.81576570 
519.420154    0.82909747 
519.700166    0.82239099 
519.982714    0.79947739 
520.287310    0.77341041 
520.622855    0.75222275 
520.980979    0.73967715 
521.346554    0.73606677 
521.707966    0.74034706 
522.057491    0.75166283 
522.390910    0.76781606 
522.706180    0.78655778 
523.003091    0.80280614 
523.285850    0.80701019 
523.566147    0.79473509 
523.861570    0.77391600 
524.185599    0.75440621 
524.536032    0.74170163 
524.899436    0.73705074 
525.264375    0.73897817 
525.624262    0.74640115 
525.975531    0.75780516 
526.317037    0.77111392 
526.648674    0.78527025 
526.971146    0.79770111 
527.287423    0.80346913 
527.604155    0.79948558 
527.930402    0.78831134 
528.273092    0.77568088 
528.632832    0.76595778 
529.004730    0.76062656 
529.382397    0.75947943 
529.759922    0.76262345 
530.131938    0.77046259 
530.494522    0.78247807 
530.845201    0.79753966 
531.182744    0.81262306 
531.508473    0.82191621 
531.827963    0.82013298 
532.150718    0.80816712 
532.486437    0.79192126 
532.839941    0.77682201 
533.209100    0.76592557 
533.587270    0.76053749 
533.966420    0.76147027 
534.338239    0.76961646 
534.695627    0.78490239 
535.033413    0.80546480 
535.348829    0.82511359 
535.644625    0.83190789 
535.932051    0.81942375 
536.228713    0.79576061 
536.549860    0.77187281 
536.897998    0.75385867 
537.262806    0.74423606 
537.631356    0.74287423 
537.993437    0.74934583 
538.341661    0.76275850 
538.671709    0.78102025 
538.981163    0.80097906 
539.270659    0.81423364 
539.547526    0.81027760 
539.827708    0.79069070 
540.130428    0.76728999 
540.464633    0.74845795 
540.821293    0.73803017 
541.185354    0.73583690 
541.546771    0.74032360 
541.899861    0.75041790 
542.242054    0.76382288 
542.572706    0.77878391 
542.892055    0.79334348 
543.202174    0.80264730 
543.509039    0.80149293 
543.822731    0.79059328 
544.153194    0.77620995 
544.503775    0.76426220 
544.869796    0.75739862 
545.243621    0.75551123 
545.618656    0.75800570 
545.989513    0.76496865 
546.352286    0.77575205 
546.704768    0.78938179 
547.045738    0.80414803 
547.375604    0.81570217 
547.698084    0.81849537 
548.020896    0.81076320 
548.353468    0.79670397 
548.702230    0.78212629 
549.067284    0.77073561 
549.443530    0.76401917 
549.823881    0.76271468 
550.200734    0.76778022 
550.566925    0.77961888 
550.917152    0.79709909 
551.247989    0.81683840 
551.559478    0.83031340 
551.858221    0.82795977 
552.157846    0.81072068 
552.473756    0.78826627 
552.814180    0.76841531 
553.175300    0.75515261 
553.546403    0.74955679 
553.916899    0.75159076 
554.277890    0.76127308 
554.623026    0.77726690 
554.948371    0.79732365 
555.252222    0.81579195 
555.537971    0.82134848 
555.817475    0.80792042 
556.109481    0.78437849 
556.429653    0.76194393 
556.777961    0.74644732 
557.141086    0.73966745 
557.506161    0.74047649 
557.865069    0.74791919 
558.212985    0.76047821 
558.547859    0.77583550 
558.869005    0.79213574 
559.177354    0.80493885 
559.477677    0.80729763 
559.780198    0.79717294 
560.097688    0.78075168 
560.437649    0.76561780 
560.797129    0.75594793 
561.167247    0.75235267 
561.539889    0.75393204 
561.908974    0.76037068 
562.270111    0.77096933 
562.620923    0.78436160 
562.960179    0.79928471 
563.287968    0.81209038 
563.607401    0.81693953 
563.925854    0.81075406 
564.253271    0.79700697 
564.597227    0.78208562 
564.958606    0.77043347 
565.332310    0.76362164 
565.711174    0.76191457 
566.087965    0.76604673 
566.455907    0.77646751 
566.810084    0.79201775 
567.147396    0.81028683 
567.467269    0.82513465 
567.774187    0.82767698 
568.079049    0.81547615 
568.395844    0.79574930 
568.734101    0.77664983 
569.093158    0.76276101 
569.464620    0.75561081 
569.838762    0.75538310 
570.206881    0.76248628 
570.561989    0.77625480 
570.899596    0.79469916 
571.217194    0.81401287 
571.516053    0.82502486 
571.804576    0.81876612 
572.098517    0.79877431 
572.414195    0.77619181 
572.757185    0.75842924 
573.119154    0.74848198 
573.487707    0.74616238 
573.853444    0.75073641 
574.209722    0.76159500 
574.552700    0.77661375 
574.880489    0.79379173 
575.192815    0.80919097 
575.493045    0.81508290 
575.790584    0.80668441 
576.099412    0.78910964 
576.430599    0.77117153 
576.784339    0.75841207 
577.151849    0.75242897 
577.523590    0.75250274 
577.892385    0.75811994 
578.252934    0.76871528 
578.602186    0.78259898 
578.938589    0.79830843 
579.261984    0.81228736 
579.575409    0.81799528 
579.886809    0.81144599 
580.207494    0.79637165 
580.546407    0.78011454 
580.904581    0.76775786 
581.275940    0.76098391 
581.652484    0.75962812 
582.026887    0.76401326 
582.392696    0.77444592 
582.745442    0.78952761 
583.082449    0.80707772 
583.403224    0.82181672 
583.711749    0.82551276 
584.018058    0.81497315 
584.335521    0.79644666 
584.673685    0.77813792 
585.032373    0.76480218 
585.403722    0.75787941 
585.778480    0.75736097 
586.148446    0.76372921 
586.506913    0.77655015 
586.849591    0.79378124 
587.174127    0.81225837 
587.481310    0.82447590 
587.777994    0.82176358 
588.077762    0.80511293 
588.395595    0.78411340 
588.738273    0.76651663 
589.100305    0.75574703 
589.470918    0.75206953 
589.840896    0.75502536 
590.203120    0.76453076 
590.552838    0.77888249 
590.887477    0.79595241 
591.206142    0.81221355 
591.511317    0.82020944 
591.811350    0.81394405 
592.119689    0.79704431 
592.448346    0.77836924 
592.799728    0.76408293 
593.166538    0.75640043 
593.539222    0.75501426 
593.910030    0.75954680 
594.272846    0.76976050 
594.623738    0.78399436 
594.960533    0.80051290 
595.282640    0.81561936 
595.592913    0.82207828 
595.899694    0.81507010 
596.215417    0.79859438 
596.550355    0.78080006 
596.906034    0.76725666 
597.275798    0.75987361 
597.650868    0.75842826 
598.023489    0.76302843 
598.387050    0.77386735 
598.737028    0.78939216 
599.070732    0.80733259 
599.387701    0.82224327 
599.692156    0.82547207 
599.994740    0.81386167 
600.309629    0.79435720 
600.646649    0.77564004 
601.004865    0.76252509 
601.375415    0.75622821 
601.748668    0.75639060 
602.116609    0.76332652 
602.473013    0.77641953 
602.814109    0.79343179 
603.138017    0.81122242 
603.445886    0.82271234 
603.744608    0.81995677 
604.047318    0.80406829 
604.368105    0.78414612 
604.712874    0.76763860 
605.076028    0.75773278 
605.447342    0.75451480 
605.818174    0.75755623 
606.181822    0.76691108 
606.533791    0.78091657 
606.871695    0.79738008 
607.194802    0.81300774 
607.505507    0.82110413 
607.811491    0.81611172 
608.124958    0.80086785 
608.456839    0.78336802 
608.809752    0.76953809 
609.177717    0.76164056 
609.552201    0.75963279 
609.925754    0.76342284 
610.292057    0.77309269 
610.646696    0.78717056 
610.987090    0.80380358 
611.312347    0.81929560 
611.625046    0.82636466 
611.933277    0.81983432 
612.249359    0.80335836 
612.583841    0.78507275 
612.938969    0.77070859 
613.308704    0.76243625 
613.684341    0.76029997 
614.057813    0.76453297 
614.421974    0.77547692 
614.771695    0.79164407 
615.103766    0.81058283 
615.417455    0.82620164 
615.717272    0.82878579 
616.014888    0.81526641 
616.325855    0.79386774 
616.660740    0.77388458 
617.017948    0.76018958 
617.387357    0.75393807 
617.758570    0.75461793 
618.123307    0.76239373 
618.475447    0.77635183 
618.811408    0.79404970 
619.129550    0.81195964 
619.431590    0.82229925 
619.725474    0.81730012 
620.025559    0.79963964 
620.346315    0.77924275 
620.692268    0.76330566 
621.055790    0.75455275 
621.425875    0.75259940 
621.794151    0.75684596 
622.154602    0.76709008 
622.503621    0.78130244 
622.839527    0.79726499 
623.162223    0.81169356 
623.474638    0.81846165 
623.784518    0.81315920 
624.103219    0.79895129 
624.440031    0.78313728 
624.796297    0.77094903 
625.166122    0.76420926 
625.541824    0.76280518 
625.916658    0.76681035 
626.284774    0.77636219 
626.642076    0.79001324 
626.986195    0.80594449 
627.316401    0.82070444 
627.635151    0.82777090 
627.949795    0.82242010 
628.271353    0.80756295 
628.609337    0.79039774 
628.966273    0.77633883 
629.337420    0.76766844 
629.715065    0.76480294 
630.091358    0.76831048 
630.458789    0.77885196 
630.811578    0.79520141 
631.145923    0.81481304 
631.460710    0.83113588 
631.760440    0.83374724 
632.057137    0.81948180 
632.366859    0.79707186 
632.700681    0.77605420 
633.057332    0.76139158 
633.426582    0.75444040 
633.797595    0.75487155 
634.161521    0.76291038 
634.511702    0.77761139 
634.844098    0.79642766 
635.156784    0.81522496 
635.451765    0.82482479 
635.738243    0.81704639 
636.032551    0.79655508 
636.350569    0.77458745 
636.695943    0.75820434 
637.058641    0.74985222 
637.426311    0.74880329 
637.790448    0.75429640 
638.145474    0.76572012 
638.488451    0.78064705 
638.818226    0.79678286 
639.135280    0.81046052 
639.443396    0.81540657 
639.751294    0.80823403 
640.070709    0.79337066 
640.409912    0.77821724 
640.768283    0.76744700 
641.138716    0.76227490 
641.513546    0.76228243 
641.886516    0.76748699 
642.252546    0.77765610 
642.608423    0.79109828 
642.952493    0.80609239 
643.284619    0.81938397 
643.607564    0.82534095 
643.928264    0.82030123 
644.256414    0.80703509 
644.599890    0.79179549 
644.960437    0.77930004 
645.333834    0.77151753 
645.713345    0.76893843 
646.091794    0.77237551 
646.462029    0.78259823 
646.818447    0.79845586 
647.157392    0.81742312 
647.477878    0.83320776 
647.784245    0.83617427 
648.087680    0.82334888 
648.402792    0.80239691 
648.739726    0.78211291 
649.098032    0.76734346 
649.469116    0.75968734 
649.842909    0.75930929 
650.210327    0.76678682 
650.563908    0.78155787 
650.898693    0.80123233 
651.211988    0.82124769 
651.505510    0.83117318 
651.788969    0.82197910 
652.079849    0.79938951 
652.395278    0.77565930 
652.739373    0.75790853 
653.101423    0.74869692 
653.468109    0.74740457 
653.830198    0.75329494 
654.181608    0.76560227 
654.519119    0.78170078 
654.841391    0.79899084 
655.149113    0.81271377 
655.447185    0.81534289 
655.746497    0.80440180 
656.060978    0.78669819 
656.398984    0.77050052 
656.757305    0.76017175 
657.126286    0.75629750 
657.497450    0.75803778 
657.864728    0.76518898 
658.223914    0.77674096 
658.572860    0.79062039 
658.910771    0.80510028 
659.238407    0.81668110 
659.559535    0.82017170 
659.881729    0.81346070 
660.214177    0.80037476 
660.562878    0.78684812 
660.927463    0.77673017 
661.302811    0.77121112 
661.682516    0.77046028 
662.060130    0.77526964 
662.429602    0.78596145 
662.786600    0.80104688 
663.128587    0.81805334 
663.455467    0.83149318 
663.771634    0.83382602 
664.086803    0.82309465 
664.412811    0.80537338 
664.757445    0.78782711 
665.120348    0.77462076 
665.494940    0.76729798 
665.872850    0.76650966 
666.245595    0.77329579 
666.605527    0.78753205 
666.947175    0.80712412 
667.267366    0.82743949 
667.567485    0.83791749 
667.856889    0.82945189 
668.152300    0.80724244 
668.470058    0.78320257 
668.814975    0.76452097 
669.178218    0.75398828 
669.547194    0.75152599 
669.911939    0.75681739 
670.264999    0.76944540 
670.601770    0.78693760 
670.919804    0.80624182 
671.219357    0.82075947 
671.506362    0.82064973 
671.794522    0.80458853 
672.101185    0.78263639 
672.435901    0.76397590 
672.792836    0.75282262 
673.159136    0.74939237 
673.524984    0.75252930 
673.884134    0.76175132 
674.232981    0.77517389 
674.570077    0.79036177 
674.895343    0.80501722 
675.210811    0.81448562 
675.522396    0.81361595 
675.839941    0.80285605 
676.173095    0.78835056 
676.525283    0.77604645 
676.892401    0.76864205 
677.267361    0.76623526 
677.643716    0.76855611 
678.015896    0.77598887 
678.379661    0.78770631 
678.732575    0.80197360 
679.073618    0.81649445 
679.403887    0.82664651 
679.728070    0.82722199 
680.054517    0.81776083 
680.392186    0.80329726 
680.746015    0.78934697 
681.114791    0.77898541 
681.493125    0.77332308 
681.874227    0.77322264 
682.250684    0.78001037 
682.615580    0.79363580 
682.963908    0.81213614 
683.292898    0.83105953 
683.604082    0.84101034 
683.905952    0.83433591 
684.212873    0.81498875 
684.538480    0.79282218 
684.887464    0.77456485 
685.253835    0.76320710 
685.627212    0.75941748 
685.997694    0.76362209 
686.356559    0.77605577 
686.697515    0.79472050 
687.016644    0.81614414 
687.313481    0.83166778 
687.594734    0.82911619 
687.876334    0.80863967 
688.178168    0.78315946 
688.510827    0.76214113 
688.866993    0.74964808 
689.231729    0.74589733 
689.593989    0.74971304 
689.946882    0.76046858 
690.286673    0.77571943 
690.611903    0.79271044 
690.922826    0.80791486 
691.222916    0.81465379 
691.521089    0.80807318 
691.830642    0.79229060 
692.162125    0.77577964 
692.515517    0.76415005 
692.882275    0.75888455 
693.253541    0.75919029 
693.623047    0.76459441 
693.986324    0.77462471 
694.340871    0.78737189 
694.685661    0.80123701 
695.020818    0.81389509 
695.348582    0.82098639 
695.674459    0.81894062 
696.006459    0.80898617 
696.351600    0.79616857 
696.712161    0.78502260 
697.085269    0.77762473 
697.465489    0.77448074 
697.846724    0.77635422 
698.222519    0.78438134 
698.587365    0.79793327 
698.937620    0.81491845 
699.271767    0.83110492 
699.592117    0.83877460 
699.906532    0.83264931 
700.226857    0.81631365 
700.563435    0.79743871 
700.919489    0.78150931 
701.290469    0.77113456 
701.668145    0.76735086 
702.043612    0.77124660 
702.408122    0.78348655 
702.754879    0.80241331 
703.079449    0.82428606 
703.381324    0.83946765 
703.667738    0.83580896 
703.954855    0.81463576 
704.261627    0.78888834 
704.597497    0.76757973 
704.955736    0.75452946 
705.322571    0.75014993 
705.686858    0.75378591 
706.040667    0.76511620 
706.379107    0.78174598 
706.699708    0.80067136 
707.002294    0.81669489 
707.291362    0.82057448 
707.578740    0.80817748 
707.881294    0.78751058 
708.210789    0.76849507 
708.564271    0.75629644 
708.929571    0.75173149 
709.296456    0.75362489 
709.658527    0.76142851 
710.011902    0.77373852 
710.354904    0.78806215 
710.687193    0.80251247 
711.009957    0.81373592 
711.327366    0.81675327 
711.647342    0.80980248 
711.979108    0.79700425 
712.328037    0.78432525 
712.692728    0.77543518 
713.067458    0.77121001 
713.445947    0.77146458 
713.822366    0.77671047 
714.191562    0.78705213 
714.550077    0.80095307 
714.896078    0.81627304 
715.229705    0.82880160 
715.554559    0.83250499 
715.878468    0.82495949 
716.211190    0.81039540 
716.559604    0.79500726 
716.924299    0.78275530 
717.300511    0.77525880 
717.681278    0.77343668 
718.058858    0.77871038 
718.425594    0.79151643 
718.775709    0.80998499 
719.105731    0.83001572 
719.416313    0.84227997 
719.715275    0.83746463 
720.017303    0.81825665 
720.337536    0.79525693 
720.682301    0.77600431 
721.045987    0.76381972 
721.417715    0.75936986 
721.787379    0.76288080 
722.146382    0.77458557 
722.488598    0.79242222 
722.810334    0.81310214 
723.110943    0.82933620 
723.396081    0.82963238 
723.680142    0.81194815 
723.982131    0.78772522 
724.313462    0.76700847 
724.668719    0.75425054 
725.033997    0.74988925 
725.398437    0.75280872 
725.755135    0.76253029 
726.100091    0.77696821 
726.431609    0.79333211 
726.749609    0.80864357 
727.056723    0.81721358 
727.360349    0.81361076 
727.672336    0.79990983 
728.003348    0.78380711 
728.355486    0.77139239 
728.722240    0.76484844 
729.095230    0.76380030 
729.467863    0.76780251 
729.835013    0.77680970 
730.193333    0.78933941 
730.541157    0.80360309 
730.878139    0.81720613 
731.206144    0.82552027 
731.530576    0.82417044 
731.859900    0.81387109 
732.202098    0.79998451 
732.560358    0.78761617 
732.932093    0.77921016 
733.311596    0.77537360 
733.692376    0.77687594 
734.067577    0.78498254 
734.431272    0.79905159 
734.779515    0.81672151 
735.110698    0.83336776 
735.427406    0.84068019 
735.738258    0.83329047 
736.056051    0.81564208 
736.391561    0.79611844 
736.747407    0.78028417 
737.117958    0.77049791 
737.494365    0.76749833 
737.867686    0.77226399 
738.229575    0.78518406 
738.573864    0.80412464 
738.896804    0.82509642 
739.198626    0.83872730 
739.487095    0.83404958 
739.778292    0.81326502 
740.090037    0.78878610 
740.429856    0.76907832 
740.790135    0.75748904 
741.157867    0.75405460 
741.522907    0.75821575 
741.878015    0.76970135 
742.218771    0.78604237 
742.543010    0.80420546 
742.850850    0.81923454 
743.146887    0.82282484 
743.442343    0.81145596 
743.752418    0.79233047 
744.087048    0.77463026 
744.443427    0.76316428 
744.811133    0.75865158 
745.181001    0.76019968 
745.546694    0.76755221 
745.903936    0.77961184 
746.250550    0.79404091 
746.585792    0.80877702 
746.910668    0.82010353 
747.229447    0.82273736 
747.550335    0.81495773 
747.882844    0.80123131 
748.232508    0.78774593 
748.597975    0.77820602 
748.973449    0.77352001 
749.352387    0.77366122 
749.728495    0.77938949 
750.096132    0.79082785 
750.451435    0.80613975 
750.792372    0.82253827 
751.119502    0.83453653 
751.437822    0.83533222 
751.757116    0.82399492 
752.088375    0.80682963 
752.437866    0.79058078 
752.804094    0.77885450 
753.180383    0.77277688 
753.558778    0.77305711 
753.931172    0.78100090 
754.290443    0.79610472 
754.631708    0.81565654 
754.952739    0.83421722 
755.256363    0.84144217 
755.553073    0.83088511 
755.858944    0.80932943 
756.187220    0.78743394 
756.539448    0.77117703 
756.906608    0.76246637 
757.277788    0.76116600 
757.644054    0.76756793 
757.998416    0.78119594 
758.336483    0.79927448 
758.656084    0.81803082 
758.958481    0.82979578 
759.251300    0.82587735 
759.549153    0.80809475 
759.867448    0.78696151 
760.211538    0.77028557 
760.573812    0.76095080 
760.943012    0.75863832 
761.310728    0.76277565 
761.670995    0.77314881 
762.020169    0.78762653 
762.356520    0.80363968 
762.680027    0.81788157 
762.993734    0.82451842 
763.305389    0.81924413 
763.626161    0.80514653 
763.964916    0.78951522 
764.322574    0.77760233 
764.693177    0.77117026 
765.069219    0.77004599 
765.444094    0.77433934 
765.812059    0.78433215 
766.169070    0.79851282 
766.512843    0.81459681 
766.843066    0.82859944 
767.162967    0.83397223 
767.480610    0.82694324 
767.806941    0.81150986 
768.150229    0.79495558 
768.511389    0.78213582 
768.884951    0.77472807 
769.263337    0.77302910 
769.638924    0.77803339 
770.004557    0.79025852 
770.355023    0.80765671 
770.687359    0.82654105 
771.002112    0.83927329 
771.305991    0.83703543 
771.612146    0.82060100 
771.934741    0.79950154 
772.280262    0.78152703 
772.644173    0.77003682 
773.016697    0.76548212 
773.388651    0.76799067 
773.752216    0.77817913 
774.101665    0.79437848 
774.433611    0.81338330 
774.747327    0.82951764 
775.047136    0.83341765 
775.344537    0.82113868 
775.655229    0.80054716 
775.989843    0.78135186 
776.346437    0.76842832 
776.714899    0.76262746 
777.085606    0.76335922 
777.451370    0.77079795 
777.806997    0.78399414 
778.149517    0.80025469 
778.477748    0.81647593 
778.793192    0.82715341 
779.102042    0.82596043 
779.415409    0.81320866 
779.744735    0.79619060 
780.094568    0.78168099 
780.460558    0.77267163 
780.834694    0.76942608 
781.209661    0.77181645 
781.579154    0.78027144 
781.938374    0.79372332 
782.284430    0.80986390 
782.616258    0.82538281 
782.935894    0.83406176 
783.250284    0.83026067 
783.570536    0.81590028 
783.906810    0.79848940 
784.262250    0.78409677 
784.632272    0.77522808 
785.009129    0.77216937 
785.385135    0.77539304 
785.753070    0.78576521 
786.107386    0.80183270 
786.444682    0.82052849 
786.764366    0.83585391 
787.071041    0.83869530 
787.375973    0.82610123 
787.693570    0.80582345 
788.033091    0.78682638 
788.392916    0.77369222 
788.764147    0.76741357 
789.137403    0.76782276 
789.504693    0.77559614 
789.859750    0.79003180 
790.198663    0.80827685 
790.519820    0.82587565 
790.825637    0.83453501 
791.125076    0.82750313 
791.432662    0.80907708 
791.761159    0.78926281 
792.112719    0.77444400 
792.479313    0.76650824 
792.851048    0.76501505 
793.220184    0.77000162 
793.580775    0.78141598 
793.929058    0.79698054 
794.263152    0.81372223 
794.583483    0.82688261 
794.894639    0.82968343 
795.206464    0.81985102 
795.530968    0.80330597 
795.875312    0.78758071 
796.237590    0.77672980 
796.610408    0.77160064 
796.986176    0.77207161 
797.358289    0.77867102 
797.721299    0.79098037 
798.071693    0.80673739 
798.407786    0.82296448 
798.730588    0.83419920 
799.045686    0.83390466 
799.363457    0.82170265 
799.694985    0.80436795 
800.045630    0.78876133 
800.412537    0.77826320 
800.788396    0.77356186 
801.165482    0.77493387 
801.536408    0.78339367 
801.895028    0.79821967 
802.237296    0.81669974 
802.561605    0.83391686 
802.870851    0.84096755 
803.174616    0.83202732 
803.487246    0.81257566 
803.820352    0.79234660 
804.175317    0.77721251 
804.544406    0.76898839 
804.917878    0.76753552 
805.287288    0.77332162 
805.645657    0.78637748 
805.988330    0.80424023 
806.312871    0.82300636 
806.620350    0.83501565 
806.918107    0.83167644 
807.220155    0.81445414 
807.541198    0.79353958 
807.886677    0.77675838 
808.249984    0.76702341 
808.620498    0.76410375 
808.989703    0.76765109 
809.351192    0.77787554 
809.700797    0.79290170 
810.036346    0.80980480 
810.357769    0.82424983 
810.668792    0.82946605 
810.978473    0.82171089 
811.299063    0.80578176 
811.639190    0.78962814 
811.998335    0.77803365 
812.369363    0.77216309 
812.744487    0.77176589 
813.117161    0.77723540 
813.481987    0.78846896 
813.835447    0.80335844 
814.175790    0.81914959 
814.503550    0.83137050 
814.823116    0.83394696 
815.143385    0.82493950 
815.474819    0.80947467 
815.823718    0.79428091 
816.188989    0.78323470 
816.564587    0.77743019 
816.943411    0.77717873 
817.318401    0.78354105 
817.683165    0.79653320 
818.033218    0.81386332 
818.366243    0.83165660 
818.683554    0.84237900 
818.992384    0.83858497 
819.305392    0.82219292 
819.634977    0.80214818 
819.985784    0.78538150 
820.353010    0.77477133 
820.727748    0.77075885 
821.101298    0.77382587 
821.465718    0.78480119 
821.814942    0.80206309 
822.145173    0.82213468 
822.455766    0.83793325 
822.752159    0.83895975 
823.047607    0.82305111 
823.358843    0.80030136 
823.695631    0.78039612 
824.053998    0.76764226 
824.422554    0.76250803 
824.791208    0.76438502 
825.152450    0.77353181 
825.501154    0.78852448 
