0.000000    0.00000000 
0.306793    0.01331548 
0.613860    0.02552453 
0.921875    0.03624343 
1.231881    0.04552179 
1.545175    0.05343974 
1.863220    0.05997967 
2.187586    0.06502284 
2.519901    0.06836930 
2.861775    0.06975484 
3.214663    0.06885945 
3.579822    0.06531054 
3.957893    0.05866178 
4.348537    0.04829866 
4.749773    0.03331356 
5.156757    0.01235891 
5.560268    -0.01471452 
5.947484    -0.04503650 
6.305348    -0.07709773 
6.625275    -0.10853563 
6.909064    -0.13548665 
7.170222    -0.15474179 
7.429114    -0.16423682 
7.706498    -0.16180293 
8.016284    -0.14504639 
8.358208    -0.11408023 
8.717936    -0.07328766 
9.074855    -0.02777815 
9.407277    0.02002230 
9.695442    0.06714148 
9.925225    0.11249680 
10.092485    0.15358239 
10.206613    0.18739281 
10.285724    0.21339754 
10.347636    0.23400429 
10.404653    0.25166165 
10.484129    0.27347471 
10.677461    0.31464303 
11.134638    0.31784620 
11.357003    0.08299402 
11.469670    -0.02443313 
11.537138    -0.08215102 
11.581881    -0.11878717 
11.614800    -0.14435987 
11.641643    -0.16425627 
11.666191    -0.18149792 
11.692058    -0.19846756 
11.725178    -0.21822494 
11.779172    -0.24710104 
11.894754    -0.30151388 
12.183335    -0.39782679 
12.525910    -0.21472365 
12.727524    -0.05777811 
12.917272    0.00644646 
13.138966    0.02928914 
13.402291    0.02292818 
13.696509    0.00518845 
14.010158    -0.00868583 
14.338961    -0.01272545 
14.678706    -0.00602478 
15.021931    0.00857953 
15.359360    0.02749790 
15.682184    0.04844282 
15.980268    0.07296367 
16.246198    0.10148151 
16.479454    0.13128289 
16.690363    0.15895088 
16.901054    0.18117007 
17.142424    0.19266607 
17.442842    0.18063770 
17.790259    0.13357790 
18.135249    0.07007048 
18.459464    0.01534884 
18.757735    -0.02921344 
19.029705    -0.06595666 
19.284039    -0.09410542 
19.520476    -0.11868801 
19.739659    -0.14113915 
19.945337    -0.16105993 
20.151460    -0.17786093 
20.381058    -0.18761919 
20.657625    -0.18067073 
20.979386    -0.14673829 
21.315932    -0.09441733 
21.645737    -0.04485183 
21.966544    -0.00670423 
22.283366    0.02094583 
22.599232    0.03901504 
22.912260    0.05177106 
23.229013    0.06096052 
23.553620    0.06653333 
23.876492    0.07338342 
24.190896    0.08365640 
24.500680    0.09336462 
24.811139    0.10063382 
25.122151    0.10657267 
25.439242    0.10923067 
25.770103    0.10474623 
26.117708    0.09178509 
26.479770    0.07284703 
26.850898    0.04935972 
27.223174    0.02246813 
27.589462    -0.00754301 
27.938520    -0.03776737 
28.260050    -0.06871469 
28.551912    -0.09881385 
28.809307    -0.12733124 
29.036226    -0.15308711 
29.249683    -0.17305045 
29.469992    -0.18462802 
29.720395    -0.18461823 
30.020719    -0.16535037 
30.360644    -0.12174630 
30.705257    -0.06761597 
31.035887    -0.01663190 
31.339407    0.02917964 
31.612025    0.06740637 
31.856039    0.10025524 
32.074221    0.12873986 
32.270516    0.15321200 
32.451495    0.17459839 
32.632250    0.19284287 
32.839082    0.20552489 
33.104451    0.20247439 
33.430501    0.16415995 
33.767902    0.09905433 
34.086794    0.04099219 
34.386773    -0.00134497 
34.678736    -0.03097346 
34.975444    -0.04925322 
35.278111    -0.06059597 
35.583062    -0.07056693 
35.891287    -0.07954840 
36.201137    -0.08678913 
36.508747    -0.09405766 
36.815687    -0.10173764 
37.125973    -0.10740993 
37.443034    -0.10895003 
37.770514    -0.10520548 
38.111182    -0.09501744 
38.465880    -0.07820832 
38.832472    -0.05652886 
39.205801    -0.03247688 
39.578000    -0.00678111 
39.939832    0.01992752 
40.286005    0.04553478 
40.614355    0.07003396 
40.920578    0.09430108 
41.203177    0.11683198 
41.468040    0.13529045 
41.728000    0.14784968 
42.000645    0.15184855 
42.302390    0.14341246 
42.637532    0.12009083 
42.993424    0.08542977 
43.352941    0.04676538 
43.703973    0.00857674 
44.038522    -0.02670386 
44.351807    -0.05813851 
44.641383    -0.08704027 
44.905793    -0.11393110 
45.146800    -0.13845095 
45.372827    -0.15928100 
45.600396    -0.17433600 
45.852987    -0.17931397 
46.150975    -0.16530771 
46.487480    -0.12632921 
46.833171    -0.07627888 
47.170480    -0.03129799 
47.495598    0.00627129 
47.810664    0.03553096 
48.117230    0.05812344 
48.415020    0.07735826 
48.703790    0.09506665 
48.984090    0.11162939 
49.257645    0.12638700 
49.530862    0.13774718 
49.815941    0.14241092 
50.123998    0.13604261 
50.457136    0.11678065 
50.806976    0.08771386 
51.162779    0.05562690 
51.518312    0.02515493 
51.869758    -0.00305497 
52.213690    -0.02794038 
52.546656    -0.05012880 
52.865807    -0.07143009 
53.170231    -0.09183830 
53.460277    -0.11083000 
53.738593    -0.12729429 
54.013852    -0.13878523 
54.300463    -0.14182200 
54.611955    -0.13257798 
54.951524    -0.10971934 
55.309893    -0.07765574 
55.673989    -0.04334805 
56.033292    -0.01019512 
56.380543    0.02060120 
56.713215    0.04705996 
57.030384    0.07048076 
57.330107    0.09267935 
57.612353    0.11358032 
57.882019    0.13147550 
58.149812    0.14389511 
58.431054    0.14741650 
58.739360    0.13782712 
59.076540    0.11366029 
59.431758    0.08019062 
59.792236    0.04535510 
60.149501    0.01309613 
60.498558    -0.01582607 
60.836893    -0.04052542 
61.163022    -0.06248883 
61.474534    -0.08348713 
61.769362    -0.10385921 
62.048646    -0.12256439 
62.319283    -0.13756669 
62.594641    -0.14587445 
62.890725    -0.14331552 
63.216217    -0.12639247 
63.565579    -0.09699395 
63.925937    -0.06212970 
64.286842    -0.02757648 
64.641145    0.00515304 
64.983310    0.03447905 
65.308748    0.06074863 
65.613164    0.08578139 
65.894136    0.10986000 
66.153664    0.13197674 
66.400882    0.15014365 
66.652559    0.16139774 
66.929426    0.16100058 
67.244868    0.14287859 
67.590842    0.10692226 
67.946453    0.06370060 
68.297381    0.02276715 
68.637545    -0.01306872 
68.963619    -0.04275885 
69.273053    -0.06829616 
69.565024    -0.09133718 
69.841050    -0.11214570 
70.105307    -0.13021695 
70.366507    -0.14396239 
70.638654    -0.15029290 
70.936802    -0.14453821 
71.266439    -0.12295822 
71.617509    -0.08912557 
71.975774    -0.05283664 
72.333015    -0.02020842 
72.685402    0.00794691 
73.030842    0.03105320 
73.368497    0.05015668 
73.697526    0.06726106 
74.016664    0.08353225 
74.325508    0.09894479 
74.626485    0.11235468 
74.926319    0.12156890 
75.234878    0.12390081 
75.561184    0.11697183 
75.908358    0.10019040 
76.271908    0.07611982 
76.643760    0.04884591 
77.016698    0.02083946 
77.384575    -0.00731797 
77.741580    -0.03396078 
78.082290    -0.05920649 
78.401583    -0.08416380 
78.696334    -0.10855529 
78.968996    -0.13055311 
79.230001    -0.14746939 
79.496709    -0.15608734 
79.788079    -0.15205776 
80.113693    -0.13131059 
80.465176    -0.09595518 
80.825209    -0.05505931 
81.180311    -0.01534091 
81.521827    0.02120363 
81.844360    0.05310892 
82.143996    0.08208548 
82.417974    0.10932248 
82.667099    0.13445989 
82.898929    0.15606002 
83.130025    0.17171197 
83.384570    0.17677071 
83.683403    0.16257761 
84.020992    0.12409651 
84.369762    0.07409205 
84.712138    0.02831120 
85.043637    -0.00934060 
85.364647    -0.03857169 
85.676599    -0.06149066 
85.980193    -0.08063210 
86.275514    -0.09743137 
86.563629    -0.11221794 
86.848670    -0.12401829 
87.138779    -0.13071276 
87.444329    -0.12927086 
87.772163    -0.11708073 
88.120458    -0.09496917 
88.481489    -0.06779773 
88.848200    -0.04050677 
89.216044    -0.01481973 
89.581242    0.00920014 
89.940395    0.03038592 
90.290500    0.04941628 
90.628725    0.06773909 
90.953064    0.08569536 
91.263404    0.10269911 
91.563709    0.11694609 
91.862788    0.12587604 
92.172410    0.12667380 
92.502542    0.11684383 
92.855394    0.09614551 
93.224429    0.06792035 
93.599541    0.03664134 
93.971052    0.00449810 
94.330206    -0.02679137 
94.670141    -0.05585085 
94.985408    -0.08388052 
95.272670    -0.11098964 
95.534402    -0.13551015 
95.781762    -0.15485122 
96.034174    -0.16577947 
96.314317    -0.16314421 
96.634343    -0.14088162 
96.982779    -0.10103079 
97.338014    -0.05586061 
97.686081    -0.01394412 
98.020315    0.02270091 
98.337862    0.05337954 
98.637380    0.08015871 
98.917872    0.10451335 
99.180109    0.12666596 
99.429888    0.14553859 
99.680683    0.15864272 
99.952153    0.16144079 
100.260003    0.14731404 
100.599934    0.11424408 
100.952503    0.07249644 
101.304115    0.03348911 
101.650123    0.00032918 
101.989327    -0.02655213 
102.321526    -0.04796271 
102.646296    -0.06620006 
102.962207    -0.08302202 
103.268533    -0.09878210 
103.567250    -0.11250265 
103.864350    -0.12235515 
104.169576    -0.12555670 
104.492274    -0.11929868 
104.835866    -0.10265542 
105.196234    -0.07814630 
105.565928    -0.05039964 
105.938290    -0.02245905 
106.307524    0.00497521 
106.668058    0.03032921 
107.015090    0.05356239 
107.345130    0.07574433 
107.656616    0.09688745 
107.951544    0.11584756 
108.237702    0.13026645 
108.528124    0.13716439 
108.836963    0.13324268 
109.172003    0.11620631 
109.529229    0.08801682 
109.897445    0.05474632 
110.266061    0.02116768 
110.626783    -0.01119586 
110.973251    -0.04045542 
111.300973    -0.06725575 
111.606582    -0.09283539 
111.889343    -0.11685851 
112.154371    -0.13753737 
112.414776    -0.15204477 
112.689889    -0.15630103 
112.996671    -0.14489915 
113.335880    -0.11576209 
113.692010    -0.07645363 
114.049876    -0.03713875 
114.401142    -0.00158037 
114.741418    0.02908244 
115.068421    0.05505578 
115.380419    0.07845253 
115.675748    0.10042013 
115.954866    0.12065367 
116.223691    0.13739755 
116.495290    0.14760166 
116.786776    0.14681968 
117.109102    0.13057640 
117.457153    0.09996575 
117.816395    0.06344382 
118.175912    0.02838332 
118.530110    -0.00326872 
118.875679    -0.03046894 
119.210592    -0.05365000 
119.532546    -0.07490595 
119.839399    -0.09515823 
120.131759    -0.11367693 
120.415379    -0.12858445 
120.702043    -0.13694185 
121.006059    -0.13500461 
121.336136    -0.11982012 
121.688930    -0.09274074 
122.053400    -0.06007666 
122.419856    -0.02756022 
122.781983    0.00298356 
123.135150    0.03003874 
123.475817    0.05375071 
123.801055    0.07580428 
124.109343    0.09661573 
124.402558    0.11522734 
124.688157    0.12945710 
124.978981    0.13621764 
125.288873    0.13197973 
125.624670    0.11452212 
125.981360    0.08637421 
126.348055    0.05407690 
126.715783    0.02236957 
127.078222    -0.00751818 
127.430514    -0.03406575 
127.769069    -0.05780701 
128.090970    -0.08030626 
128.394788    -0.10174833 
128.682954    -0.12082340 
128.964072    -0.13503519 
129.252453    -0.14098498 
129.562705    -0.13477864 
129.900396    -0.11438772 
130.258141    -0.08349638 
130.623780    -0.04936120 
130.988030    -0.01625979 
131.344452    0.01470220 
131.688284    0.04213583 
132.015823    0.06728389 
132.323757    0.09147572 
132.610804    0.11443882 
132.881198    0.13440340 
133.147319    0.14838975 
133.427812    0.15220767 
133.738736    0.14076204 
134.080594    0.11242028 
134.438547    0.07421754 
134.797841    0.03552560 
135.150257    0.00002206 
135.491347    -0.03087053 
135.818634    -0.05729019 
136.129869    -0.08129599 
136.423292    -0.10376326 
136.700432    -0.12397092 
136.969269    -0.13980911 
137.244904    -0.14786455 
137.544443    -0.14340461 
137.875362    -0.12275278 
138.228571    -0.08922055 
138.589168    -0.05219183 
138.947809    -0.01785886 
139.300153    0.01234285 
139.644140    0.03727694 
139.978388    0.05840473 
140.301231    0.07763633 
140.611731    0.09550948 
140.911885    0.11113337 
141.208375    0.12246187 
141.512018    0.12663181 
141.833495    0.12073333 
142.176978    0.10373563 
142.537860    0.07852549 
142.907797    0.05025443 
143.279832    0.02219935 
143.648605    -0.00490903 
144.009442    -0.02961303 
144.358409    -0.05200442 
144.692026    -0.07352338 
145.008143    -0.09436254 
145.308176    -0.11322769 
145.599332    -0.12767065 
145.894331    -0.13456880 
146.207047    -0.13058477 
146.544846    -0.11368469 
146.903709    -0.08605210 
147.272924    -0.05349456 
147.642363    -0.02034972 
148.003898    0.01197993 
148.350865    0.04162321 
148.677921    0.06932697 
148.980746    0.09616950 
149.258267    0.12148372 
149.516685    0.14309195 
149.771692    0.15777040 
150.045406    0.16089406 
150.355341    0.14630618 
150.698402    0.11246044 
151.054616    0.06914230 
151.407806    0.02723984 
151.750364    -0.00992575 
152.079192    -0.04103092 
152.393088    -0.06743952 
152.690961    -0.09113495 
152.972545    -0.11275554 
153.241343    -0.13147749 
153.507666    -0.14495791 
153.788119    -0.14921953 
154.097916    -0.13902757 
154.437999    -0.11232281 
154.794514    -0.07598492 
155.154069    -0.03980696 
155.510298    -0.00775043 
155.860751    0.01933303 
156.204616    0.04106048 
156.541159    0.05943871 
156.868992    0.07625652 
157.187245    0.09194047 
157.497662    0.10552855 
157.805938    0.11508073 
158.121128    0.11800508 
158.451917    0.11195387 
158.801686    0.09640796 
159.167029    0.07377449 
159.541252    0.04795066 
159.918024    0.02137373 
160.291667    -0.00532683 
160.656643    -0.03047207 
161.007987    -0.05390859 
161.341505    -0.07670761 
161.655064    -0.09863121 
161.951307    -0.11791559 
162.239588    -0.13177454 
162.534404    -0.13701620 
162.849894    -0.13037870 
163.191717    -0.11031216 
163.553417    -0.08000082 
163.923000    -0.04568216 
164.289915    -0.01117479 
164.645733    0.02187946 
164.983954    0.05192541 
165.299440    0.08030740 
165.588777    0.10754872 
165.853520    0.13239359 
166.104083    0.15226531 
166.360322    0.16345512 
166.645548    0.16015344 
166.970623    0.13617405 
167.321534    0.09499228 
167.676769    0.05016061 
168.024519    0.00978181 
168.360247    -0.02452469 
168.682787    -0.05250332 
168.991755    -0.07648383 
169.286721    -0.09799000 
169.568643    -0.11722076 
169.842972    -0.13284839 
170.121599    -0.14196502 
170.419892    -0.14025615 
170.747096    -0.12381845 
171.097950    -0.09439874 
171.459419    -0.06023271 
171.822064    -0.02796932 
172.181372    0.00081181 
172.535101    0.02516463 
172.882096    0.04525669 
173.220964    0.06309852 
173.549860    0.07999185 
173.868324    0.09567718 
174.179263    0.10870556 
174.489939    0.11675450 
174.810285    0.11709785 
175.148148    0.10777065 
175.504807    0.08911130 
175.875090    0.06428701 
176.251666    0.03705303 
176.627863    0.00910416 
176.997407    -0.01838648 
177.354539    -0.04382362 
177.694300    -0.06808981 
178.013190    -0.09160968 
178.311686    -0.11313310 
178.597238    -0.13003411 
178.884039    -0.13906509 
179.188290    -0.13671584 
179.519758    -0.12030723 
179.874989    -0.09148420 
180.241814    -0.05676776 
180.608695    -0.02162750 
180.967079    0.01207903 
181.310659    0.04240445 
181.634778    0.07018785 
181.935883    0.09663540 
182.213695    0.12120820 
182.475060    0.14179951 
182.735994    0.15505596 
183.018058    0.15600429 
183.336038    0.13879522 
183.683783    0.10386289 
184.042310    0.06204316 
184.398132    0.02280623 
184.745084    -0.01158342 
185.080679    -0.04003038 
185.403906    -0.06408336 
185.713787    -0.08569826 
186.009964    -0.10549758 
186.295337    -0.12256852 
186.578738    -0.13446100 
186.874158    -0.13746839 
187.194035    -0.12757633 
187.539677    -0.10405719 
187.901114    -0.07252162 
188.267334    -0.04016382 
188.631584    -0.01002344 
188.989946    0.01700805 
189.340143    0.03990297 
189.680356    0.06016412 
190.008429    0.07928093 
190.323428    0.09716079 
190.628167    0.11229401 
190.930739    0.12216057 
191.242889    0.12369041 
191.574384    0.11439218 
191.927037    0.09433257 
192.294512    0.06721453 
192.668002    0.03775619 
193.040157    0.00821185 
193.404968    -0.02001090 
193.757556    -0.04547842 
194.093758    -0.06939814 
194.410573    -0.09233582 
194.708717    -0.11315038 
194.995718    -0.12926018 
195.285795    -0.13727417 
195.594626    -0.13354331 
195.930393    -0.11576958 
196.288149    -0.08649528 
196.655912    -0.05255793 
197.023378    -0.01889504 
197.383256    0.01296078 
197.730347    0.04123520 
198.060794    0.06692696 
198.371497    0.09132090 
198.662060    0.11398361 
198.938332    0.13283458 
199.214211    0.14452357 
199.508059    0.14459946 
199.832246    0.12883639 
200.182927    0.09837835 
200.545677    0.06160846 
200.908578    0.02592295 
201.264783    -0.00668202 
201.610337    -0.03481116 
201.942882    -0.05922206 
202.260327    -0.08177756 
202.561476    -0.10294651 
202.848861    -0.12153324 
203.131585    -0.13488257 
203.424672    -0.13916729 
203.742169    -0.13018719 
204.086758    -0.10678115 
204.448412    -0.07430241 
204.814924    -0.04030491 
205.178278    -0.00823404 
205.533636    0.02068647 
205.878232    0.04546749 
206.209954    0.06777881 
206.526772    0.08879540 
206.828745    0.10801535 
207.121093    0.12341779 
207.415382    0.13186110 
207.725860    0.12965455 
208.061082    0.11432286 
208.417862    0.08776803 
208.785693    0.05612655 
209.155032    0.02447675 
209.519425    -0.00556941 
209.874579    -0.03219646 
210.217564    -0.05564536 
210.545721    -0.07753915 
210.857644    -0.09805749 
211.156003    -0.11574163 
211.449875    -0.12782749 
211.753158    -0.13083838 
212.077959    -0.12165874 
212.426708    -0.10005722 
212.791652    -0.07059484 
213.162582    -0.03923355 
213.531758    -0.00868494 
213.893464    0.01981008 
214.243521    0.04499553 
214.578498    0.06830193 
214.895693    0.09062552 
215.195425    0.11110765 
215.484192    0.12734556 
215.775308    0.13591913 
216.084313    0.13296642 
216.419786    0.11600851 
216.777306    0.08750127 
217.145213    0.05424079 
217.513357    0.02123717 
217.874632    -0.01009540 
218.223983    -0.03805195 
218.557717    -0.06339980 
218.872657    -0.08757512 
219.167712    -0.11032370 
219.447477    -0.12967957 
219.724682    -0.14234603 
220.017455    -0.14393755 
220.339499    -0.13008163 
220.689024    -0.10108495 
221.052066    -0.06458322 
221.415716    -0.02830675 
221.772246    0.00522734 
222.117317    0.03439346 
222.448649    0.05966037 
222.764331    0.08287037 
223.063401    0.10444564 
223.348878    0.12310957 
223.630747    0.13605731 
223.924839    0.13925624 
224.244874    0.12846771 
224.591803    0.10314711 
224.954280    0.06958316 
225.320260    0.03547922 
225.682427    0.00388655 
226.036775    -0.02382520 
226.381438    -0.04706807 
226.714986    -0.06771328 
227.036038    -0.08688228 
227.345143    -0.10408027 
227.647427    -0.11734360 
227.953222    -0.12370048 
228.274306    -0.12003508 
228.616932    -0.10492542 
228.978061    -0.08075910 
229.349413    -0.05263602 
229.723273    -0.02423784 
230.093777    0.00342378 
230.456275    0.02869413 
230.807141    0.05141117 
231.143126    0.07302506 
231.462234    0.09370051 
231.766392    0.11193326 
232.063796    0.12496644 
232.367786    0.12945656 
232.691084    0.12234864 
233.038136    0.10287733 
233.402915    0.07458191 
233.775081    0.04301244 
234.145570    0.01119631 
234.507038    -0.01950896 
234.853733    -0.04749710 
235.180943    -0.07399968 
235.485187    -0.09961845 
235.767365    -0.12302504 
236.036764    -0.14133632 
236.311375    -0.15056144 
236.611205    -0.14561579 
236.944687    -0.12281379 
237.301193    -0.08636436 
237.663648    -0.04647031 
238.020624    -0.00904437 
238.365932    0.02418553 
238.696699    0.05238586 
239.011249    0.07750069 
239.308448    0.10064997 
239.589936    0.12130982 
239.863769    0.13727002 
240.145511    0.14470823 
240.452244    0.13854693 
240.789742    0.11576183 
241.147368    0.08136079 
241.510734    0.04507909 
241.871278    0.01200879 
242.224997    -0.01669687 
242.570530    -0.04008357 
242.907426    -0.05983744 
243.234873    -0.07769444 
243.552561    -0.09399401 
243.863010    -0.10753848 
244.173190    -0.11596872 
244.493089    -0.11643617 
244.830675    -0.10690899 
245.186936    -0.08806002 
245.556419    -0.06353813 
245.931962    -0.03723655 
246.307504    -0.01074129 
246.677916    0.01498746 
247.038959    0.03830945 
247.386988    0.06006007 
247.718992    0.08107732 
248.034417    0.10061395 
248.337940    0.11647012 
248.640337    0.12559850 
248.955079    0.12488342 
249.291559    0.11226249 
249.649470    0.08878651 
250.020425    0.05901792 
250.394406    0.02735263 
250.762768    -0.00454091 
251.118259    -0.03457933 
251.455149    -0.06255923 
251.768724    -0.08965813 
252.057383    -0.11524058 
252.327057    -0.13684362 
252.593534    -0.15081544 
252.878494    -0.15234288 
253.197521    -0.13617276 
253.546499    -0.10272196 
253.907541    -0.06172278 
254.266053    -0.02211318 
254.614117    0.01355971 
254.947974    0.04380392 
255.265913    0.07005653 
255.566691    0.09398511 
255.850820    0.11568987 
256.124029    0.13358810 
256.399840    0.14438204 
256.696277    0.14314047 
257.024158    0.12528885 
257.376889    0.09301711 
257.739232    0.05609333 
258.100650    0.02178942 
258.456172    -0.00829804 
258.803896    -0.03299355 
259.143456    -0.05329645 
259.474398    -0.07121325 
259.796172    -0.08763447 
260.110048    -0.10190736 
260.421164    -0.11206602 
260.738390    -0.11541774 
261.070642    -0.10953316 
261.421493    -0.09401312 
261.787529    -0.07152299 
262.161989    -0.04603098 
262.538481    -0.01987863 
262.911593    0.00619387 
263.276757    0.03031776 
263.630223    0.05241030 
263.968721    0.07359498 
264.290665    0.09364111 
264.598787    0.11078368 
264.901980    0.12218067 
265.213270    0.12471375 
265.543874    0.11592601 
265.896764    0.09573631 
266.265684    0.06774281 
266.640742    0.03671709 
267.012852    0.00496124 
267.374226    -0.02575749 
267.718683    -0.05414019 
268.041126    -0.08142815 
268.338685    -0.10754347 
268.614858    -0.13041165 
268.882874    -0.14658895 
269.163485    -0.15159900 
269.474990    -0.14016863 
269.818751    -0.11078636 
270.179162    -0.07126334 
270.540298    -0.03149217 
270.892811    0.00493465 
271.231856    0.03633574 
271.555234    0.06329364 
271.861444    0.08772403 
272.150292    0.11007895 
272.426006    0.12913029 
272.700366    0.14193828 
272.991068    0.14392703 
273.311781    0.13011791 
273.660012    0.10068524 
274.021288    0.06425009 
274.383626    0.02927566 
274.740938    -0.00183528 
275.090531    -0.02791433 
275.431674    -0.04925789 
275.763917    -0.06790501 
276.086646    -0.08500497 
276.400670    -0.10018381 
276.710482    -0.11163346 
277.024743    -0.11664417 
277.353154    -0.11248996 
277.700714    -0.09818967 
278.064865    -0.07600800 
278.438697    -0.05012807 
278.815280    -0.02342364 
279.188798    0.00325632 
279.554456    0.02808092 
279.908533    0.05062289 
280.247826    0.07209107 
280.570597    0.09241709 
280.879173    0.10994650 
281.182099    0.12185293 
281.492483    0.12491238 
281.821972    0.11652431 
282.173924    0.09649659 
282.542151    0.06845288 
282.916645    0.03737115 
283.288341    0.00572688 
283.649746    -0.02469913 
283.995200    -0.05251647 
284.320177    -0.07897989 
284.622096    -0.10417141 
284.904113    -0.12619280 
285.178453    -0.14168862 
285.464412    -0.14631599 
285.778950    -0.13532452 
286.123773    -0.10769301 
286.485321    -0.07055558 
286.849072    -0.03284310 
287.205979    0.00209177 
287.550942    0.03258614 
287.881401    0.05880597 
288.195513    0.08266934 
288.492568    0.10471661 
288.775912    0.12375302 
289.056074    0.13690481 
289.349560    0.13989839 
289.670207    0.12822263 
290.017952    0.10162650 
290.380529    0.06728516 
290.745959    0.03313387 
291.107141    0.00184124 
291.460155    -0.02535618 
291.803218    -0.04817941 
292.135177    -0.06850509 
292.455084    -0.08737843 
292.763933    -0.10422728 
293.067183    -0.11697682 
293.375259    -0.12254231 
293.699624    -0.11774402 
294.045645    -0.10139312 
294.409355    -0.07633127 
294.782087    -0.04770960 
295.155901    -0.01882638 
295.524612    0.00921589 
295.883755    0.03443106 
296.230264    0.05715412 
296.561635    0.07862721 
296.877178    0.09851657 
297.180828    0.11488353 
297.482812    0.12466472 
297.796793    0.12447066 
298.132575    0.11202219 
298.489896    0.08847299 
298.860256    0.05878526 
299.233844    0.02771885 
299.602695    -0.00298168 
299.960787    -0.03129461 
300.303954    -0.05686349 
300.628898    -0.08105580 
300.934324    -0.10370345 
301.224429    -0.12279023 
301.511314    -0.13493485 
301.811961    -0.13601551 
302.138937    -0.12254098 
302.491178    -0.09546328 
302.857011    -0.06160933 
303.224794    -0.02751636 
303.586574    0.00469812 
303.937237    0.03325925 
304.273737    0.05836030 
304.593722    0.08166823 
304.896331    0.10337530 
305.185320    0.12187626 
305.471712    0.13403555 
305.771675    0.13568529 
306.097721    0.12302984 
306.449125    0.09668274 
306.814485    0.06342848 
307.182451    0.03002566 
307.545529    -0.00133656 
307.898999    -0.02911030 
308.240235    -0.05315139 
308.567294    -0.07521442 
308.879116    -0.09584286 
309.178005    -0.11383183 
309.472349    -0.12646560 
309.775901    -0.13003463 
310.101227    -0.12100279 
310.450876    -0.09899985 
310.816628    -0.06891775 
311.187731    -0.03701651 
311.555998    -0.00607601 
311.915687    0.02238726 
312.263408    0.04715360 
312.596943    0.06968757 
312.914905    0.09074731 
313.218837    0.10933968 
313.516017    0.12294837 
313.819404    0.12807558 
314.142051    0.12129235 
314.488559    0.10170368 
314.852643    0.07324515 
315.223973    0.04203924 
315.594046    0.01137408 
315.956691    -0.01737737 
316.308045    -0.04254373 
316.645583    -0.06530591 
316.967473    -0.08666733 
317.274383    -0.10590642 
317.572478    -0.12068895 
317.874060    -0.12761893 
318.192826    -0.12318999 
318.535418    -0.10590482 
318.897367    -0.07886018 
319.268663    -0.04807814 
319.640356    -0.01737595 
320.005681    0.01203788 
320.359888    0.03828093 
320.699701    0.06208107 
321.022565    0.08463880 
321.328269    0.10544168 
321.622217    0.12225113 
321.916855    0.13162244 
322.227652    0.12963714 
322.563927    0.11376985 
322.922326    0.08627848 
323.291721    0.05372657 
323.661751    0.02110738 
324.024870    -0.01004932 
324.375938    -0.03781945 
324.711641    -0.06280199 
325.029482    -0.08634130 
325.329251    -0.10807340 
325.616435    -0.12585819 
325.904100    -0.13618718 
326.209056    -0.13472897 
326.541635    -0.11824812 
326.897694    -0.08894503 
327.264530    -0.05440889 
327.631189    -0.02049655 
327.990436    0.01107478 
328.337959    0.03849702 
328.671523    0.06256681 
328.989625    0.08476337 
329.292532    0.10497498 
329.585236    0.12136651 
329.879269    0.13068823 
330.189435    0.12893484 
330.524821    0.11335277 
330.882013    0.08613970 
331.250116    0.05408613 
331.619450    0.02246637 
331.983419    -0.00718028 
332.337952    -0.03304232 
332.681001    -0.05542712 
333.011151    -0.07590464 
333.328108    -0.09467099 
333.635058    -0.11027858 
333.940571    -0.11998340 
334.256782    -0.12049708 
334.593014    -0.10949474 
334.949738    -0.08795925 
335.319820    -0.06050023 
335.694645    -0.03167465 
336.067107    -0.00312527 
336.431642    0.02357476 
336.784462    0.04732649 
337.122711    0.06944149 
337.444650    0.09034085 
337.752039    0.10869402 
338.052733    0.12176491 
338.359885    0.12612270 
338.686027    0.11873200 
339.035290    0.09912662 
339.401640    0.07112782 
339.775050    0.04018926 
340.146608    0.00904730 
340.509100    -0.02083643 
340.857293    -0.04784880 
341.187255    -0.07320612 
341.496470    -0.09739747 
341.786798    -0.11896951 
342.068000    -0.13487189 
342.357169    -0.14098548 
342.671062    -0.13282129 
343.014146    -0.10880246 
343.375934    -0.07441002 
343.742426    -0.03795162 
344.103660    -0.00325877 
344.453284    0.02793918 
344.787945    0.05494864 
345.105641    0.07948191 
345.405673    0.10211318 
345.691330    0.12164205 
345.973033    0.13518788 
346.267342    0.13848396 
346.588434    0.12703244 
346.936670    0.10051991 
347.299891    0.06601385 
347.665896    0.03149711 
348.027246    -0.00018378 
348.379842    -0.02750987 
348.722173    -0.05022898 
349.053638    -0.07015193 
349.374108    -0.08815862 
349.685570    -0.10355270 
349.994232    -0.11419897 
350.310228    -0.11713029 
350.643069    -0.10979040 
350.995617    -0.09214476 
351.363130    -0.06771378 
351.738072    -0.04102656 
352.113769    -0.01427984 
352.484734    0.01164376 
352.846925    0.03487058 
353.197516    0.05590406 
353.534294    0.07582603 
353.856841    0.09422623 
354.168944    0.10920238 
354.479796    0.11789482 
354.801322    0.11735143 
355.142088    0.10581634 
355.502393    0.08439277 
355.875436    0.05704400 
356.252330    0.02747961 
356.624705    -0.00291517 
356.985263    -0.03200427 
357.328374    -0.05914151 
357.649668    -0.08533846 
357.947884    -0.10987308 
358.228955    -0.13015065 
358.507952    -0.14239661 
358.804532    -0.14208316 
359.131555    -0.12534143 
359.484977    -0.09387365 
359.849827    -0.05606623 
360.212938    -0.01881530 
360.565710    0.01572696 
360.903232    0.04574453 
361.222926    0.07244699 
361.523345    0.09705891 
361.806065    0.11907346 
362.079391    0.13621065 
362.359692    0.14450771 
362.665239    0.13864129 
363.002430    0.11535695 
363.360159    0.07997148 
363.723451    0.04275801 
364.083276    0.00889614 
364.435102    -0.02033227 
364.777373    -0.04411661 
365.109859    -0.06423745 
365.432541    -0.08213793 
365.746516    -0.09783196 
366.056112    -0.10980050 
366.369770    -0.11539170 
366.697234    -0.11180166 
367.043782    -0.09789747 
367.407076    -0.07596606 
367.780319    -0.05043707 
368.156729    -0.02437171 
368.530680    0.00141072 
368.897729    0.02519687 
369.254918    0.04627210 
369.600005    0.06585812 
369.931770    0.08422526 
370.251875    0.10014443 
370.566719    0.11124205 
370.886694    0.11470369 
371.221722    0.10832906 
371.575826    0.09189628 
371.945507    0.06797738 
372.323086    0.04034655 
372.700288    0.01106477 
373.069262    -0.01844767 
373.423500    -0.04607058 
373.757878    -0.07250780 
374.069230    -0.09787218 
374.359801    -0.12024029 
374.640643    -0.13623571 
374.929971    -0.14174977 
375.244681    -0.13258016 
375.588703    -0.10757725 
375.951091    -0.07244173 
376.317490    -0.03524188 
376.677277    0.00048141 
377.023421    0.03275513 
377.351962    0.06120693 
377.660365    0.08744727 
377.948224    0.11160582 
378.220816    0.13198668 
378.492224    0.14518851 
378.782553    0.14612416 
379.105732    0.12948053 
379.456507    0.09650253 
379.818194    0.05747168 
380.178490    0.02082913 
380.531212    -0.01135614 
380.873864    -0.03778549 
381.206079    -0.05966753 
381.527919    -0.07881947 
381.840151    -0.09574662 
382.146249    -0.10939718 
382.454072    -0.11729973 
382.774110    -0.11636448 
383.113670    -0.10458252 
383.471939    -0.08340095 
383.842086    -0.05748304 
384.216774    -0.03088091 
384.590221    -0.00483537 
384.957933    0.01939210 
385.317035    0.04052001 
385.665548    0.05967822 
386.002089    0.07765004 
386.327274    0.09372610 
386.645624    0.10595373 
386.965920    0.11168661 
387.298095    0.10851141 
387.648020    0.09552236 
388.014545    0.07436007 
388.391342    0.04847845 
388.770553    0.02044417 
389.144377    -0.00863950 
389.505943    -0.03635838 
389.849927    -0.06251229 
390.172512    -0.08771609 
390.473782    -0.11069589 
390.761464    -0.12849056 
391.051193    -0.13729172 
391.360372    -0.13312679 
391.697610    -0.11379549 
392.056919    -0.08258955 
392.425034    -0.04695228 
392.790411    -0.01163383 
393.144680    0.02155286 
393.482606    0.05094037 
393.800885    0.07788387 
394.097835    0.10302656 
394.376346    0.12512141 
394.647694    0.14117770 
394.931017    0.14662758 
395.243977    0.13593811 
395.588013    0.10759025 
395.948443    0.06960450 
396.310815    0.03193467 
396.667056    -0.00193948 
397.013206    -0.03061639 
397.348072    -0.05431766 
397.671312    -0.07501513 
397.983190    -0.09354267 
398.286414    -0.10915750 
398.588407    -0.11953456 
398.900581    -0.12135430 
399.232622    -0.11177473 
399.585699    -0.09118737 
399.952903    -0.06426581 
400.325790    -0.03614387 
400.697842    -0.00882150 
401.064181    0.01663483 
401.421753    0.03871274 
401.768721    0.05841694 
402.103811    0.07676803 
402.427506    0.09327155 
402.744039    0.10607840 
403.062035    0.11251851 
403.391712    0.10999458 
403.739414    0.09738172 
404.104188    0.07628819 
404.479677    0.05037262 
404.858098    0.02251529 
405.231930    -0.00616013 
405.594729    -0.03331100 
405.941792    -0.05849019 
406.269801    -0.08252009 
406.578501    -0.10453104 
406.874039    -0.12192952 
407.169910    -0.13113820 
407.482058    -0.12845877 
407.819613    -0.11179763 
408.178989    -0.08365832 
408.548916    -0.05047733 
408.918525    -0.01692844 
409.279362    0.01532744 
409.625669    0.04421622 
409.953802    0.07061319 
410.261540    0.09539180 
410.550460    0.11753014 
410.829696    0.13422917 
411.116262    0.14130724 
411.427680    0.13387422 
411.768984    0.10991737 
412.129408    0.07525423 
412.494956    0.03896447 
412.856341    0.00517723 
413.208052    -0.02466737 
413.547543    -0.04984336 
413.873603    -0.07211557 
414.185819    -0.09241129 
414.486430    -0.10999359 
414.782998    -0.12246930 
415.088212    -0.12628471 
415.414003    -0.11798882 
415.763133    -0.09719646 
416.128263    -0.06865017 
416.499584    -0.03843518 
416.869603    -0.00923561 
417.232928    0.01778210 
417.586306    0.04113750 
417.927908    0.06195754 
418.256626    0.08124402 
418.573439    0.09839580 
418.883636    0.11134295 
419.197243    0.11712211 
419.525314    0.11288203 
419.873470    0.09766653 
420.238805    0.07395876 
420.613515    0.04626624 
420.989544    0.01755650 
421.359771    -0.01098019 
421.718731    -0.03706565 
422.062849    -0.06089055 
422.389881    -0.08330760 
422.700481    -0.10346507 
423.001041    -0.11889296 
423.304195    -0.12616247 
423.623949    -0.12187865 
423.967258    -0.10465734 
424.329934    -0.07749591 
424.701903    -0.04625327 
425.073641    -0.01469098 
425.437466    0.01574305 
425.788050    0.04301333 
426.122025    0.06794486 
426.437408    0.09133217 
426.735732    0.11211266 
427.025334    0.12751816 
427.321363    0.13364606 
427.639122    0.12644602 
427.983487    0.10472459 
428.346272    0.07338568 
428.715474    0.03977112 
429.081911    0.00740711 
429.439182    -0.02225774 
429.783582    -0.04799155 
430.112964    -0.07124413 
430.426304    -0.09277446 
430.725815    -0.11156774 
431.019806    -0.12495719 
431.322265    -0.12918014 
431.646302    -0.12059120 
431.994906    -0.09875097 
432.359967    -0.06870727 
432.730741    -0.03692742 
433.099027    -0.00621613 
433.458951    0.02201219 
433.807058    0.04651166 
434.141363    0.06862352 
434.460949    0.08906630 
434.767878    0.10683503 
435.069648    0.11939949 
435.378733    0.12333045 
435.706918    0.11552832 
436.057543    0.09571883 
436.424261    0.06804572 
436.797547    0.03797810 
437.169315    0.00812038 
437.533153    -0.02007886 
437.884889    -0.04496576 
438.222039    -0.06760831 
438.543458    -0.08861713 
438.851264    -0.10685635 
439.153258    -0.11969448 
439.462307    -0.12368226 
439.790448    -0.11578566 
440.141121    -0.09578671 
440.507975    -0.06783543 
440.881356    -0.03742233 
441.252910    -0.00714500 
441.615949    0.02146836 
441.966102    0.04684728 
442.300680    0.07012191 
442.618493    0.09176079 
442.922055    0.11042690 
443.220170    0.12326404 
443.526861    0.12660350 
443.854542    0.11727618 
444.205678    0.09538605 
444.572532    0.06584824 
444.944823    0.03448919 
445.314166    0.00372285 
445.674169    -0.02483099 
446.020866    -0.05002806 
446.351794    -0.07318507 
446.666019    -0.09465725 
446.966581    -0.11298346 
447.263012    -0.12519246 
447.569782    -0.12750815 
447.898869    -0.11677751 
448.251449    -0.09353160 
448.618801    -0.06321458 
448.990554    -0.03161839 
449.358593    -0.00088859 
449.716895    0.02728650 
450.061811    0.05210761 
450.391052    0.07496367 
450.703908    0.09610552 
451.003809    0.11397831 
451.300658    0.12555446 
451.608929    0.12703999 
451.939993    0.11539703 
452.294141    0.09146734 
452.662243    0.06086696 
453.034013    0.02919657 
453.401443    -0.00156163 
453.758612    -0.02957905 
454.102028    -0.05427779 
454.429622    -0.07700412 
454.741152    -0.09782572 
455.040785    -0.11503605 
455.339072    -0.12551861 
455.650415    -0.12549681 
455.985003    -0.11225978 
456.341658    -0.08730020 
456.710808    -0.05652178 
457.082564    -0.02514947 
457.449349    0.00507556 
457.805777    0.03218425 
458.148896    0.05596865 
458.477116    0.07773192 
458.790744    0.09739342 
459.094394    0.11316607 
459.398461    0.12198010 
459.716104    0.12037743 
460.055678    0.10637976 
460.415287    0.08207263 
460.786292    0.05294782 
461.159923    0.02330825 
461.529125    -0.00551714 
461.888643    -0.03157858 
462.235374    -0.05466102 
462.567430    -0.07600205 
462.884780    -0.09546009 
463.191655    -0.11120659 
463.498001    -0.12022324 
463.816640    -0.11921795 
464.156211    -0.10628675 
464.515794    -0.08316264 
464.887480    -0.05477884 
465.262417    -0.02521920 
465.632942    0.00422290 
465.992872    0.03155953 
466.338072    0.05634554 
466.665742    0.07971106 
466.975457    0.10127368 
467.272235    0.11884498 
467.568202    0.12898726 
467.878933    0.12781836 
468.214448    0.11279844 
468.572312    0.08596383 
468.941828    0.05362141 
469.312363    0.02077182 
469.675598    -0.01095459 
470.025630    -0.03946842 
470.358961    -0.06517765 
470.673602    -0.08912353 
470.970687    -0.11060090 
471.257785    -0.12711748 
471.549742    -0.13482827 
471.862868    -0.12933855 
472.203722    -0.10859253 
472.564519    -0.07700043 
472.932523    -0.04253872 
473.298200    -0.00958102 
473.655238    0.02033254 
474.000223    0.04582540 
474.331717    0.06821890 
474.649447    0.08843391 
474.955775    0.10575367 
475.258007    0.11787001 
475.568079    0.12143983 
475.897105    0.11343221 
476.247918    0.09376773 
476.614270    0.06680521 
476.987347    0.03800413 
477.359984    0.00984383 
477.726598    -0.01652732 
478.083583    -0.03947254 
478.428981    -0.05988209 
478.761812    -0.07867459 
479.083192    -0.09524438 
479.398294    -0.10757452 
479.716571    -0.11287596 
480.048219    -0.10864915 
480.398501    -0.09425155 
480.765157    -0.07201893 
481.141367    -0.04587352 
481.519567    -0.01828511 
481.892487    0.00980803 
482.253977    0.03613546 
482.599657    0.06061917 
482.926649    0.08394287 
483.235431    0.10503816 
483.532917    0.12119686 
483.832762    0.12884505 
484.150011    0.12446150 
484.492078    0.10655058 
484.854322    0.07823250 
485.225745    0.04559788 
485.595879    0.01247427 
485.956115    -0.01953509 
486.300395    -0.04846270 
486.624849    -0.07526242 
486.927649    -0.10035700 
487.211961    -0.12221030 
487.489418    -0.13758657 
487.778817    -0.14194809 
488.096529    -0.13041320 
488.443389    -0.10244467 
488.805855    -0.06572583 
489.170262    -0.02893666 
489.528089    0.00488172 
489.874444    0.03402469 
490.207369    0.05872593 
490.526285    0.08060817 
490.832160    0.09997218 
491.129756    0.11544087 
491.429384    0.12408475 
491.744193    0.12217974 
492.082173    0.10739662 
492.440378    0.08211186 
492.809501    0.05261340 
493.181237    0.02359428 
493.549690    -0.00368601 
493.910807    -0.02763192 
494.262580    -0.04799723 
494.604046    -0.06618485 
494.935177    -0.08264706 
495.258318    -0.09635906 
495.579522    -0.10518365 
495.907617    -0.10662773 
496.250238    -0.09901559 
496.609608    -0.08281317 
496.982157    -0.06074953 
497.361596    -0.03587337 
497.741161    -0.00947934 
498.114122    0.01719389 
498.474996    0.04199253 
498.819879    0.06532804 
499.146682    0.08736070 
499.457420    0.10648494 
499.760571    0.11978471 
500.069744    0.12392550 
500.397507    0.11621490 
500.748003    0.09646773 
501.115423    0.06835587 
501.489633    0.03691505 
501.860786    0.00460524 
502.220284    -0.02670007 
502.561929    -0.05547322 
502.881489    -0.08273092 
503.177693    -0.10815207 
503.456127    -0.12941443 
503.731871    -0.14271846 
504.025530    -0.14313566 
504.350869    -0.12615475 
504.703201    -0.09360415 
505.066683    -0.05497023 
505.428449    -0.01773279 
505.780644    0.01601996 
506.119086    0.04474099 
506.442151    0.06967925 
506.749499    0.09206818 
507.043391    0.11152299 
507.331555    0.12590571 
507.627828    0.13150068 
507.946278    0.12405917 
508.290748    0.10231325 
508.652690    0.07155315 
509.020963    0.03942468 
509.387994    0.00945583 
509.748963    -0.01723982 
510.101398    -0.03945812 
510.444483    -0.05841158 
510.778059    -0.07532075 
511.103276    -0.09003751 
511.424212    -0.10102513 
511.748308    -0.10592565 
512.083886    -0.10254149 
512.435692    -0.09024648 
512.802502    -0.07090472 
513.179095    -0.04775373 
513.559309    -0.02299463 
513.936957    0.00268944 
514.306405    0.02726564 
514.663612    0.04971714 
515.005911    0.07080841 
515.332767    0.09016524 
515.647968    0.10587288 
515.960742    0.11510452 
516.283092    0.11506187 
516.623867    0.10415089 
516.983970    0.08339181 
517.357174    0.05645188 
517.734619    0.02687094 
518.107278    -0.00397978 
518.467004    -0.03377227 
518.807756    -0.06171439 
519.125448    -0.08851137 
519.420154    -0.11300211 
519.700166    -0.13217682 
519.982714    -0.14192133 
520.287310    -0.13751079 
520.622855    -0.11610321 
520.980979    -0.08194677 
521.346554    -0.04410191 
521.707966    -0.00775129 
522.057491    0.02530946 
522.390910    0.05394330 
522.706180    0.07966693 
523.003091    0.10304124 
523.285850    0.12282918 
523.566147    0.13599589 
523.861570    0.13793243 
524.185599    0.12402648 
524.536032    0.09508684 
524.899436    0.05962981 
525.264375    0.02543176 
525.624262    -0.00530518 
525.975531    -0.03117185 
526.317037    -0.05252808 
526.648674    -0.07105433 
526.971146    -0.08735644 
527.287423    -0.10053789 
527.604155    -0.10841056 
527.930402    -0.10832681 
528.273092    -0.09864971 
528.632832    -0.08045774 
529.004730    -0.05732506 
529.382397    -0.03257806 
529.759922    -0.00736606 
530.131938    0.01711671 
530.494522    0.03906219 
530.845201    0.05905367 
531.182744    0.07760778 
531.508473    0.09378598 
531.827963    0.10544082 
532.150718    0.10993644 
532.486437    0.10515961 
532.839941    0.09072611 
533.209100    0.06870315 
533.587270    0.04245113 
533.966420    0.01400989 
534.338239    -0.01537389 
534.695627    -0.04320906 
535.033413    -0.06968899 
535.348829    -0.09483012 
535.644625    -0.11661790 
535.932051    -0.13159472 
536.228713    -0.13570626 
536.549860    -0.12528986 
536.897998    -0.10024256 
537.262806    -0.06645001 
537.631356    -0.03089741 
537.993437    0.00364353 
538.341661    0.03511177 
538.671709    0.06321633 
538.981163    0.08922080 
539.270659    0.11276005 
539.547526    0.13157838 
539.827708    0.14174676 
540.130428    0.13803013 
540.464633    0.11679730 
540.821293    0.08246752 
541.185354    0.04517911 
541.546771    0.01066666 
541.899861    -0.01962229 
542.242054    -0.04467085 
542.572706    -0.06603347 
542.892055    -0.08491012 
543.202174    -0.10101807 
543.509039    -0.11248841 
543.822731    -0.11632622 
544.153194    -0.10971684 
544.503775    -0.09237232 
544.869796    -0.06793836 
545.243621    -0.04129923 
545.618656    -0.01488340 
545.989513    0.01048527 
546.352286    0.03296411 
546.704768    0.05276956 
547.045738    0.07093507 
547.375604    0.08720826 
547.698084    0.09996557 
548.020896    0.10676100 
548.353468    0.10523431 
548.702230    0.09433204 
549.067284    0.07531876 
549.443530    0.05125108 
549.823881    0.02469136 
550.200734    -0.00339799 
550.566925    -0.03071780 
550.917152    -0.05621022 
551.247989    -0.08045782 
551.559478    -0.10245622 
551.858221    -0.11948620 
552.157846    -0.12797560 
552.473756    -0.12446318 
552.814180    -0.10736968 
553.175300    -0.07953982 
553.546403    -0.04701339 
553.916899    -0.01383027 
554.277890    0.01838474 
554.623026    0.04755015 
554.948371    0.07448511 
555.252222    0.09959175 
555.537971    0.12129630 
555.817475    0.13629032 
556.109481    0.13996945 
556.429653    0.12762485 
556.777961    0.09933926 
557.141086    0.06312713 
557.506161    0.02722159 
557.865069    -0.00573126 
558.212985    -0.03411436 
558.547859    -0.05826042 
558.869005    -0.07974626 
559.177354    -0.09878822 
559.477677    -0.11391155 
559.780198    -0.12211870 
560.097688    -0.11978111 
560.437649    -0.10486922 
560.797129    -0.07995065 
561.167247    -0.05104024 
561.539889    -0.02238761 
561.908974    0.00489343 
562.270111    0.02912833 
562.620923    0.05011021 
562.960179    0.06910434 
563.287968    0.08627565 
563.607401    0.10025842 
563.925854    0.10859181 
564.253271    0.10858958 
564.597227    0.09870282 
564.958606    0.07996465 
565.332310    0.05573982 
565.711174    0.02920477 
566.087965    0.00154251 
566.455907    -0.02536302 
566.810084    -0.04999435 
567.147396    -0.07307188 
567.467269    -0.09423098 
567.774187    -0.11136672 
568.079049    -0.12127325 
568.395844    -0.12063705 
568.734101    -0.10755523 
569.093158    -0.08367646 
569.464620    -0.05398935 
569.838762    -0.02278554 
570.206881    0.00838236 
570.561989    0.03722067 
570.899596    0.06359605 
571.217194    0.08831228 
571.516053    0.11036306 
571.804576    0.12692621 
572.098517    0.13397483 
572.414195    0.12725305 
572.757185    0.10536161 
573.119154    0.07338161 
573.487707    0.03907473 
573.853444    0.00619093 
574.209722    -0.02374298 
574.552700    -0.04962172 
574.880489    -0.07282947 
575.192815    -0.09392017 
575.493045    -0.11169137 
575.790584    -0.12329285 
576.099412    -0.12489316 
576.430599    -0.11339461 
576.784339    -0.08978629 
577.151849    -0.05994896 
577.523590    -0.02951818 
577.892385    -0.00036165 
578.252934    0.02598894 
578.602186    0.04882308 
578.938589    0.06942977 
579.261984    0.08815980 
579.575409    0.10372032 
579.886809    0.11348664 
580.207494    0.11435080 
580.546407    0.10424086 
580.904581    0.08414875 
581.275940    0.05817398 
581.652484    0.03030725 
582.026887    0.00203171 
582.392696    -0.02492457 
582.745442    -0.04920467 
583.082449    -0.07168470 
583.403224    -0.09226525 
583.711749    -0.10911545 
584.018058    -0.11917363 
584.335521    -0.11910152 
584.673685    -0.10686729 
585.032373    -0.08393970 
585.403722    -0.05515277 
585.778480    -0.02483058 
586.148446    0.00545884 
586.506913    0.03353956 
586.849591    0.05895356 
587.174127    0.08260557 
587.481310    0.10379875 
587.777994    0.12004494 
588.077762    0.12767211 
588.395595    0.12288500 
588.738273    0.10423474 
589.100305    0.07553572 
589.470918    0.04346988 
589.840896    0.01187749 
590.203120    -0.01782655 
590.552838    -0.04393481 
590.887477    -0.06739801 
591.206142    -0.08890755 
591.511317    -0.10741445 
591.811350    -0.12022233 
592.119689    -0.12366283 
592.448346    -0.11456921 
592.799728    -0.09317887 
593.166538    -0.06451038 
593.539222    -0.03426410 
593.910030    -0.00472203 
594.272846    0.02269563 
594.623738    0.04677011 
594.960533    0.06863175 
595.282640    0.08868337 
595.592913    0.10561989 
595.899694    0.11668681 
596.215417    0.11850711 
596.550355    0.10860274 
596.906034    0.08775324 
597.275798    0.06044736 
597.650868    0.03128834 
598.023489    0.00203101 
598.387050    -0.02562964 
598.737028    -0.05047246 
599.070732    -0.07346708 
599.387701    -0.09452939 
599.692156    -0.11179352 
599.994740    -0.12206374 
600.309629    -0.12173826 
600.646649    -0.10855410 
601.004865    -0.08423070 
601.375415    -0.05423219 
601.748668    -0.02319476 
602.116609    0.00726311 
602.473013    0.03501456 
602.814109    0.05989830 
603.138017    0.08285291 
603.445886    0.10322609 
603.744608    0.11861719 
604.047318    0.12543384 
604.368105    0.12003225 
604.712874    0.10127477 
605.076028    0.07310939 
605.447342    0.04191578 
605.818174    0.01121613 
606.181822    -0.01759995 
606.533791    -0.04283844 
606.871695    -0.06540120 
607.194802    -0.08597176 
607.505507    -0.10356421 
607.811491    -0.11563298 
608.124958    -0.11879855 
608.456839    -0.11032145 
608.809752    -0.09054620 
609.177717    -0.06383848 
609.552201    -0.03517801 
609.925754    -0.00664519 
610.292057    0.02041839 
610.646696    0.04448770 
610.987090    0.06646811 
611.312347    0.08673754 
611.625046    0.10397714 
611.933277    0.11544551 
612.249359    0.11783484 
612.583841    0.10870820 
612.938969    0.08865373 
613.308704    0.06183236 
613.684341    0.03274600 
614.057813    0.00320390 
614.421974    -0.02512761 
614.771695    -0.05086459 
615.103766    -0.07490394 
615.417455    -0.09706040 
615.717272    -0.11528977 
616.014888    -0.12617491 
616.325855    -0.12582463 
616.660740    -0.11167711 
617.017948    -0.08562929 
617.387357    -0.05384532 
617.758570    -0.02138484 
618.123307    0.01003220 
618.475447    0.03831193 
618.811408    0.06367386 
619.129550    0.08701369 
619.431590    0.10753799 
619.725474    0.12268662 
620.025559    0.12863042 
620.346315    0.12145654 
620.692268    0.10027459 
621.055790    0.07003898 
621.425875    0.03773131 
621.794151    0.00667847 
622.154602    -0.02161649 
622.503621    -0.04591377 
622.839527    -0.06742446 
623.162223    -0.08674392 
623.474638    -0.10284931 
623.784518    -0.11325386 
624.103219    -0.11477976 
624.440031    -0.10516205 
624.796297    -0.08531308 
625.166122    -0.05957395 
625.541824    -0.03228308 
625.916658    -0.00505592 
626.284774    0.02072954 
626.642076    0.04362189 
626.986195    0.06447704 
627.316401    0.08362645 
627.635151    0.09980676 
627.949795    0.11046375 
628.271353    0.11263146 
628.609337    0.10427519 
628.966273    0.08596022 
629.337420    0.06113307 
629.715065    0.03357804 
630.091358    0.00486699 
630.458789    -0.02339643 
630.811578    -0.04949261 
631.145923    -0.07410177 
631.460710    -0.09691452 
631.760440    -0.11572903 
632.057137    -0.12703922 
632.366859    -0.12696896 
632.700681    -0.11295092 
633.057332    -0.08677549 
633.426582    -0.05455765 
633.797595    -0.02142818 
634.161521    0.01083575 
634.511702    0.04008533 
634.844098    0.06659011 
635.156784    0.09114561 
635.451765    0.11275028 
635.738243    0.12858226 
636.032551    0.13445304 
636.350569    0.12591228 
636.695943    0.10200652 
637.058641    0.06883802 
637.426311    0.03440132 
637.790448    0.00206402 
638.145474    -0.02656120 
638.488451    -0.05085649 
638.818226    -0.07228660 
639.135280    -0.09129755 
639.443396    -0.10670724 
639.751294    -0.11586272 
640.070709    -0.11546068 
640.409912    -0.10343694 
640.768283    -0.08148672 
641.138716    -0.05465540 
641.513546    -0.02716227 
641.886516    -0.00032733 
642.252546    0.02427299 
642.608423    0.04572651 
642.952493    0.06507212 
643.284619    0.08256108 
643.607564    0.09695872 
643.928264    0.10589809 
644.256414    0.10676426 
644.599890    0.09801058 
644.960437    0.08047892 
645.333834    0.05724962 
645.713345    0.03138846 
646.091794    0.00407038 
646.462029    -0.02305617 
646.818447    -0.04820124 
647.157392    -0.07190208 
647.477878    -0.09377187 
647.784245    -0.11162329 
648.087680    -0.12212692 
648.402792    -0.12185015 
648.739726    -0.10878390 
649.098032    -0.08459142 
649.469116    -0.05440233 
649.842909    -0.02260634 
650.210327    0.00921361 
650.563908    0.03878121 
650.898693    0.06603269 
651.211988    0.09162608 
651.505510    0.11433473 
651.788969    0.13109360 
652.079849    0.13755881 
652.395278    0.12907795 
652.739373    0.10446093 
653.101423    0.06999827 
653.468109    0.03412712 
653.830198    0.00038348 
654.181608    -0.02952793 
654.519119    -0.05519610 
654.841391    -0.07810009 
655.149113    -0.09846340 
655.447185    -0.11478485 
655.746497    -0.12396219 
656.060978    -0.12208497 
656.398984    -0.10677236 
656.757305    -0.08068131 
657.126286    -0.05044617 
657.497450    -0.02077530 
657.864728    0.00700760 
658.223914    0.03120430 
658.572860    0.05192523 
658.910771    0.07039263 
659.238407    0.08664858 
659.559535    0.09927962 
659.881729    0.10585633 
660.214177    0.10393088 
660.562878    0.09254180 
660.927463    0.07337894 
661.302811    0.04987057 
661.682516    0.02461411 
662.060130    -0.00154014 
662.429602    -0.02664227 
662.786600    -0.04950140 
663.128587    -0.07075501 
663.455467    -0.08996739 
663.771634    -0.10513491 
664.086803    -0.11333700 
664.412811    -0.11182520 
664.757445    -0.09941367 
665.120348    -0.07780054 
665.494940    -0.05092069 
665.872850    -0.02191370 
666.245595    0.00804901 
666.605527    0.03659955 
666.947175    0.06331128 
667.267366    0.08864068 
667.567485    0.11114888 
667.856889    0.12763751 
668.152300    0.13396255 
668.470058    0.12609145 
668.814975    0.10316384 
669.178218    0.07054979 
669.547194    0.03562701 
669.911939    0.00171034 
670.264999    -0.02939799 
670.601770    -0.05691754 
670.919804    -0.08211973 
671.219357    -0.10491601 
671.506362    -0.12334321 
671.794522    -0.13374830 
672.101185    -0.13142076 
672.435901    -0.11318130 
672.792836    -0.08244548 
673.159136    -0.04781323 
673.524984    -0.01480682 
