0.000000    0.00000000 
0.400000    0.03676785 
0.800000    0.06453856 
1.200000    0.07784662 
1.600000    0.07521779 
2.000000    0.05846179 
2.400000    0.03172703 
2.800000    0.00070505 
3.200000    -0.02812115 
3.600000    -0.04858562 
4.000000    -0.05645206 
4.400000    -0.05086921 
4.800000    -0.03455381 
5.200000    -0.01243542 
5.600000    0.01023971 
6.000000    0.02924656 
6.400000    0.04187644 
6.800000    0.04688661 
7.200000    0.04425882 
7.600000    0.03496299 
8.000000    0.02077783 
8.400000    0.00412844 
8.800000    -0.01214918 
9.200000    -0.02520555 
9.600000    -0.03274121 
10.000000    -0.03358103 
10.400000    -0.02798794 
10.800000    -0.01752695 
11.200000    -0.00454729 
11.600000    0.00844995 
12.000000    0.01931204 
12.400000    0.02651130 
12.800000    0.02923519 
13.200000    0.02736830 
13.600000    0.02142679 
14.000000    0.01247024 
14.400000    0.00198271 
14.800000    -0.00830467 
15.200000    -0.01667032 
15.600000    -0.02171866 
16.000000    -0.02267853 
16.400000    -0.01957202 
16.800000    -0.01317878 
17.200000    -0.00481287 
17.600000    0.00399087 
18.000000    0.01177353 
18.400000    0.01736975 
18.800000    0.02003673 
19.200000    0.01951009 
19.600000    0.01600406 
20.000000    0.01016435 
20.400000    0.00297564 
20.800000    -0.00437683 
21.200000    -0.01068743 
21.600000    -0.01493390 
22.000000    -0.01646644 
22.400000    -0.01513082 
22.800000    -0.01128451 
23.200000    -0.00569992 
23.600000    0.00061095 
24.000000    0.00659502 
24.400000    0.01133131 
24.800000    0.01415257 
25.200000    0.01471180 
25.600000    0.01300308 
26.000000    0.00934790 
26.400000    0.00435148 
26.800000    -0.00117468 
27.200000    -0.00632865 
27.600000    -0.01026599 
28.000000    -0.01235432 
28.400000    -0.01229497 
28.800000    -0.01017493 
29.200000    -0.00643420 
29.600000    -0.00176225 
30.000000    0.00304264 
30.400000    0.00721408 
30.800000    0.01013181 
31.200000    0.01139791 
31.600000    0.01087521 
32.000000    0.00869332 
32.400000    0.00522580 
32.800000    0.00103884 
33.200000    -0.00318934 
33.600000    -0.00677374 
34.000000    -0.00913890 
34.400000    -0.00992295 
34.800000    -0.00904319 
35.200000    -0.00670465 
35.600000    -0.00334910 
36.000000    0.00043910 
36.400000    0.00404331 
36.800000    0.00691508 
37.200000    0.00864844 
37.600000    0.00902361 
38.000000    0.00802313 
38.400000    0.00582527 
38.800000    0.00277798 
39.200000    -0.00064595 
39.600000    -0.00391191 
40.000000    -0.00650096 
40.400000    -0.00799344 
40.800000    -0.00814454 
41.200000    -0.00693467 
41.600000    -0.00457947 
42.000000    -0.00149291 
42.400000    0.00179029 
42.800000    0.00471473 
43.200000    0.00680377 
43.600000    0.00773817 
44.000000    0.00740190 
44.400000    0.00589161 
44.800000    0.00349224 
45.200000    0.00062409 
45.600000    -0.00223046 
46.000000    -0.00460954 
46.400000    -0.00614920 
46.800000    -0.00664067 
47.200000    -0.00605637 
47.600000    -0.00454131 
48.000000    -0.00237552 
48.400000    0.00008098 
48.800000    0.00244809 
49.200000    0.00438030 
49.600000    0.00561028 
50.000000    0.00597929 
50.400000    0.00545325 
50.800000    0.00412448 
51.200000    0.00219855 
51.600000    -0.00003315 
52.000000    -0.00223303 
52.400000    -0.00406523 
52.800000    -0.00524603 
53.200000    -0.00558926 
53.600000    -0.00503868 
54.000000    -0.00368037 
54.400000    -0.00173142 
54.800000    0.00049402 
55.200000    0.00263578 
55.600000    0.00434676 
56.000000    0.00535037 
56.400000    0.00548657 
56.800000    0.00473892 
57.200000    0.00323765 
57.600000    0.00123775 
58.000000    -0.00092480 
58.400000    -0.00289138 
58.800000    -0.00434299 
59.200000    -0.00505449 
59.600000    -0.00493011 
60.000000    -0.00401386 
60.400000    -0.00247484 
60.800000    -0.00057296 
61.200000    0.00138620 
61.600000    0.00309864 
62.000000    0.00430511 
62.400000    0.00482598 
62.800000    0.00458585 
63.200000    0.00362541 
63.600000    0.00209837 
64.000000    0.00025140 
64.400000    -0.00161296 
64.800000    -0.00318633 
65.200000    -0.00420924 
65.600000    -0.00451881 
66.000000    -0.00407796 
66.400000    -0.00297910 
66.800000    -0.00142225 
67.200000    0.00032553 
67.600000    0.00197876 
68.000000    0.00328010 
68.400000    0.00403747 
68.800000    0.00414864 
69.200000    0.00361200 
69.600000    0.00252417 
70.000000    0.00106461 
70.400000    -0.00053145 
70.800000    -0.00200933 
71.200000    -0.00313576 
71.600000    -0.00373734 
72.000000    -0.00372913 
72.400000    -0.00312730 
72.800000    -0.00204337 
73.200000    -0.00066187 
73.600000    0.00079288 
74.000000    0.00209390 
74.400000    0.00304600 
74.800000    0.00351278 
75.200000    0.00343371 
75.600000    0.00283037 
76.000000    0.00180189 
76.400000    0.00051030 
76.800000    -0.00084295 
77.200000    -0.00204693 
77.600000    -0.00291383 
78.000000    -0.00330924 
78.400000    -0.00317455 
78.800000    -0.00253678 
79.200000    -0.00150361 
79.600000    -0.00024459 
80.000000    0.00103779 
80.400000    0.00214145 
80.800000    0.00289648 
81.200000    0.00319054 
81.600000    0.00298442 
82.000000    0.00231636 
82.400000    0.00129518 
82.800000    0.00008330 
83.200000    -0.00112794 
83.600000    -0.00214767 
84.000000    -0.00281542 
84.400000    -0.00302701 
84.800000    -0.00275184 
85.200000    -0.00203813 
85.600000    -0.00100479 
86.000000    0.00017876 
86.400000    0.00132094 
86.800000    0.00223959 
87.200000    0.00279122 
87.600000    0.00289332 
88.000000    0.00253650 
88.400000    0.00178489 
88.800000    0.00076473 
89.200000    -0.00035683 
89.600000    -0.00139952 
90.000000    -0.00219949 
90.400000    -0.00263569 
90.800000    -0.00264821 
91.200000    -0.00224568 
91.600000    -0.00150088 
92.000000    -0.00053648 
92.400000    0.00049588 
92.800000    0.00143902 
93.200000    0.00215258 
93.600000    0.00253185 
94.000000    0.00252146 
94.400000    0.00212300 
94.800000    0.00139582 
95.200000    0.00045039 
95.600000    -0.00056628 
96.000000    -0.00149212 
96.400000    -0.00217608 
96.800000    -0.00250452 
97.200000    -0.00242246 
97.600000    -0.00194465 
98.000000    -0.00115351 
98.400000    -0.00018394 
98.800000    0.00080160 
99.200000    0.00164214 
99.600000    0.00220548 
100.000000    0.00240871 
100.400000    0.00222912 
100.800000    0.00170477 
101.200000    0.00092576 
101.600000    0.00001847 
102.000000    -0.00087454 
102.400000    -0.00161606 
102.800000    -0.00209439 
103.200000    -0.00223950 
103.600000    -0.00203308 
104.000000    -0.00151091 
104.400000    -0.00075710 
104.800000    0.00010905 
105.200000    0.00095162 
105.600000    0.00163923 
106.000000    0.00206547 
106.400000    0.00216533 
106.800000    0.00192528 
107.200000    0.00138524 
107.600000    0.00063224 
108.000000    -0.00021336 
108.400000    -0.00101708 
108.800000    -0.00165174 
109.200000    -0.00201793 
109.600000    -0.00205984 
110.000000    -0.00177393 
110.400000    -0.00120895 
110.800000    -0.00045750 
111.200000    0.00035941 
111.600000    0.00111197 
112.000000    0.00168220 
112.400000    0.00198231 
112.800000    0.00196798 
113.200000    0.00164480 
113.600000    0.00106684 
114.000000    0.00032774 
114.400000    -0.00045437 
114.800000    -0.00115572 
115.200000    -0.00166657 
115.600000    -0.00190841 
116.000000    -0.00184607 
116.400000    -0.00149266 
116.800000    -0.00090689 
117.200000    -0.00018315 
117.600000    0.00056359 
118.000000    0.00121591 
118.400000    0.00167217 
118.800000    0.00186212 
119.200000    0.00175775 
119.600000    0.00137757 
120.000000    0.00078366 
120.400000    0.00007180 
120.800000    -0.00064394 
121.200000    -0.00124973 
121.600000    -0.00165041 
122.000000    -0.00178475 
122.400000    -0.00163487 
122.800000    -0.00122828 
123.200000    -0.00063248 
123.600000    0.00005664 
124.000000    0.00073030 
124.400000    0.00128376 
124.800000    0.00163214 
125.200000    0.00172292 
125.600000    0.00154362 
126.000000    0.00112363 
126.400000    0.00052990 
126.800000    -0.00014325 
127.200000    -0.00078873 
127.600000    -0.00130384 
128.000000    -0.00160700 
128.400000    -0.00165126 
128.800000    -0.00143190 
129.200000    -0.00098687 
129.600000    -0.00038987 
130.000000    0.00026237 
130.400000    0.00086618 
130.800000    0.00132748 
131.200000    0.00157613 
131.600000    0.00157609 
132.000000    0.00133015 
132.400000    0.00087893 
132.800000    0.00029432 
133.200000    -0.00033149 
133.600000    -0.00090022 
134.000000    -0.00132270 
134.400000    -0.00153298 
134.800000    -0.00149892 
135.200000    -0.00122737 
135.600000    -0.00076308 
136.000000    -0.00018120 
136.400000    0.00042504 
136.800000    0.00095951 
137.200000    0.00133850 
137.600000    0.00150376 
138.000000    0.00143124 
138.400000    0.00113444 
138.800000    0.00066194 
139.200000    0.00008950 
139.600000    -0.00049187 
140.000000    -0.00099035 
140.400000    -0.00132779 
140.800000    -0.00145207 
141.200000    -0.00134532 
141.600000    -0.00102649 
142.000000    -0.00054796 
142.400000    0.00001319 
142.800000    0.00056775 
143.200000    0.00102857 
143.600000    0.00132416 
144.000000    0.00140959 
144.400000    0.00127318 
144.800000    0.00093800 
145.200000    0.00045811 
145.600000    -0.00008999 
146.000000    -0.00061939 
146.400000    -0.00104654 
146.800000    -0.00130452 
147.200000    -0.00135373 
147.600000    -0.00118811 
148.000000    -0.00083578 
148.400000    -0.00035420 
148.800000    0.00017936 
149.200000    0.00068042 
149.600000    0.00107056 
150.000000    0.00128963 
150.400000    0.00130478 
150.800000    0.00111522 
151.200000    0.00075212 
151.600000    0.00027361 
152.000000    -0.00024431 
152.400000    -0.00071976 
152.800000    -0.00107783 
153.200000    -0.00126260 
153.600000    -0.00124598 
154.000000    -0.00103213 
154.400000    -0.00065654 
154.800000    -0.00018003 
155.200000    0.00032127 
155.600000    0.00076815 
156.000000    0.00109088 
156.400000    0.00123988 
156.800000    0.00119321 
157.200000    0.00095968 
157.600000    0.00057724 
158.000000    0.00010692 
158.400000    -0.00037671 
158.800000    -0.00079730 
159.200000    -0.00108881 
159.600000    -0.00120594 
160.000000    -0.00113134 
160.400000    -0.00087822 
160.800000    -0.00048800 
161.200000    -0.00002344 
161.600000    0.00044157 
162.000000    0.00083381 
162.400000    0.00109218 
162.800000    0.00117711 
163.200000    0.00107652 
163.600000    0.00080745 
164.000000    0.00041330 
164.400000    -0.00004307 
164.800000    -0.00048927 
165.200000    -0.00085481 
165.600000    -0.00108236 
166.000000    -0.00113683 
166.400000    -0.00101092 
166.800000    -0.00072603 
167.200000    -0.00032856 
167.600000    0.00011775 
168.000000    0.00054221 
168.400000    0.00087831 
168.800000    0.00107409 
169.200000    0.00109998 
169.600000    0.00095318 
170.000000    0.00065783 
170.400000    0.00026121 
170.800000    -0.00017379 
171.200000    -0.00057842 
171.600000    -0.00088901 
172.000000    -0.00105698 
172.400000    -0.00105662 
172.800000    -0.00088906 
173.200000    -0.00058199 
173.600000    -0.00018497 
174.000000    0.00023862 
174.400000    0.00062181 
174.800000    0.00090461 
175.200000    0.00104331 
175.600000    0.00101714 
176.000000    0.00083133 
176.400000    0.00051607 
176.800000    0.00012177 
177.200000    -0.00028897 
177.600000    -0.00065124 
178.000000    -0.00090805 
178.400000    -0.00101947 
178.800000    -0.00096884 
179.200000    -0.00076537 
179.600000    -0.00044241 
180.000000    -0.00005187 
180.400000    0.00034415 
180.800000    0.00068337 
181.200000    0.00091297 
181.600000    0.00099780 
182.000000    0.00092556 
182.400000    0.00070856 
182.800000    0.00038167 
183.200000    -0.00000322 
183.600000    -0.00038525 
184.000000    -0.00070421 
184.400000    -0.00091001 
184.800000    -0.00097067 
185.200000    -0.00087734 
185.600000    -0.00064568 
186.000000    -0.00031323 
186.400000    0.00006676 
186.800000    0.00043391 
187.200000    0.00073039 
187.600000    0.00090997 
188.000000    0.00094518 
188.400000    0.00083146 
188.800000    0.00058770 
189.200000    0.00025311 
189.600000    -0.00011903 
190.000000    -0.00046979 
190.400000    -0.00074395 
190.800000    -0.00089871 
191.200000    -0.00091044 
191.600000    -0.00077826 
192.000000    -0.00052408 
192.400000    -0.00018885 
192.800000    0.00017405 
193.200000    0.00050736 
193.600000    0.00075893 
194.000000    0.00088978 
194.400000    0.00088009 
194.800000    0.00073214 
195.200000    0.00046991 
195.600000    0.00013521 
196.000000    -0.00021882 
196.400000    -0.00053616 
196.800000    -0.00076676 
197.200000    -0.00087458 
197.600000    -0.00084326 
198.000000    -0.00067868 
198.400000    -0.00040784 
198.800000    -0.00007439 
199.200000    0.00026856 
199.600000    0.00056691 
200.000000    0.00077409 
200.400000    0.00085828 
200.800000    0.00080716 
201.200000    0.00062970 
201.600000    0.00035454 
202.000000    0.00002550 
202.400000    -0.00030539 
202.800000    -0.00058603 
203.200000    -0.00077248 
203.600000    -0.00083590 
204.000000    -0.00076702 
204.400000    -0.00057758 
204.800000    -0.00029824 
205.200000    0.00002638 
205.600000    0.00034490 
206.000000    0.00060734 
206.400000    0.00077292 
206.800000    0.00081631 
207.200000    0.00073147 
207.600000    0.00053242 
208.000000    0.00025098 
208.400000    -0.00006829 
208.800000    -0.00037506 
209.200000    -0.00062114 
209.600000    -0.00076808 
210.000000    -0.00079320 
210.400000    -0.00069313 
210.800000    -0.00048427 
211.200000    -0.00020007 
211.600000    0.00011438 
212.000000    0.00040950 
212.400000    0.00063902 
212.800000    0.00076721 
213.200000    0.00077435 
213.600000    0.00065978 
214.000000    0.00044187 
214.400000    0.00015522 
214.800000    -0.00015483 
215.200000    -0.00043925 
215.600000    -0.00065314 
216.000000    -0.00076283 
216.400000    -0.00075125 
216.800000    -0.00062064 
217.200000    -0.00039215 
217.600000    -0.00010237 
218.000000    0.00020255 
218.400000    0.00047428 
218.800000    0.00067001 
219.200000    0.00075909 
219.600000    0.00072783 
220.000000    0.00058160 
220.400000    0.00034393 
220.800000    0.00005280 
221.200000    -0.00024541 
221.600000    -0.00050323 
222.000000    -0.00067975 
222.400000    -0.00074717 
222.800000    -0.00069525 
223.200000    -0.00053291 
223.600000    -0.00028666 
224.000000    0.00000372 
224.400000    0.00029174 
224.800000    0.00053166 
225.200000    0.00068572 
225.600000    0.00073011 
226.000000    0.00065856 
226.400000    0.00048326 
226.800000    0.00023275 
227.200000    -0.00005266 
227.600000    -0.00032736 
228.000000    -0.00054776 
228.400000    -0.00067925 
228.800000    -0.00070174 
229.200000    -0.00061271 
229.600000    -0.00042745 
230.000000    -0.00017640 
230.400000    0.00009995 
230.800000    0.00035768 
231.200000    0.00055640 
231.600000    0.00066561 
232.000000    0.00066924 
232.400000    0.00056802 
232.800000    0.00037903 
233.200000    0.00013287 
233.600000    -0.00013129 
234.000000    -0.00037195 
234.400000    -0.00055178 
234.800000    -0.00064341 
235.200000    -0.00063361 
235.600000    -0.00052513 
236.000000    -0.00033605 
236.400000    -0.00009671 
236.800000    0.00015521 
237.200000    0.00038064 
237.600000    0.00054514 
238.000000    0.00062404 
238.400000    0.00060611 
238.800000    0.00049501 
239.200000    0.00030856 
239.600000    0.00007596 
240.000000    -0.00016680 
240.400000    -0.00038239 
240.800000    -0.00053787 
241.200000    -0.00060967 
241.600000    -0.00058715 
242.000000    -0.00047412 
242.400000    -0.00028826 
242.800000    -0.00005829 
243.200000    0.00018043 
243.600000    0.00039129 
244.000000    0.00054195 
244.400000    0.00060925 
244.800000    0.00058268 
245.200000    0.00046601 
245.600000    0.00027680 
246.000000    0.00004389 
246.400000    -0.00019695 
246.800000    -0.00040835 
247.200000    -0.00055717 
247.600000    -0.00061961 
248.000000    -0.00058516 
248.400000    -0.00045836 
248.800000    -0.00025833 
249.200000    -0.00001588 
249.600000    0.00023110 
250.000000    0.00044365 
250.400000    0.00058775 
250.800000    0.00063983 
251.200000    0.00059062 
251.600000    0.00044682 
252.000000    0.00023033 
252.400000    -0.00002497 
252.800000    -0.00027844 
253.200000    -0.00048915 
253.600000    -0.00062251 
254.000000    -0.00065608 
254.400000    -0.00058344 
254.800000    -0.00041547 
255.200000    -0.00017881 
255.600000    0.00008842 
256.000000    0.00034278 
256.400000    0.00054260 
256.800000    0.00065490 
257.200000    0.00066083 
257.600000    0.00055889 
258.000000    0.00036532 
258.400000    0.00011155 
258.800000    -0.00016083 
259.200000    -0.00040694 
259.600000    -0.00058605 
260.000000    -0.00066847 
260.400000    -0.00064057 
260.800000    -0.00050715 
261.200000    -0.00029059 
261.600000    -0.00002707 
262.000000    0.00023958 
262.400000    0.00046528 
262.800000    0.00061302 
263.200000    0.00065900 
263.600000    0.00059644 
264.000000    0.00043661 
264.400000    0.00020677 
264.800000    -0.00005444 
265.200000    -0.00030354 
265.600000    -0.00049955 
266.000000    -0.00061077 
266.400000    -0.00062006 
266.800000    -0.00052751 
267.200000    -0.00035012 
267.600000    -0.00011863 
268.000000    0.00012788 
268.400000    0.00034868 
268.800000    0.00050825 
269.200000    0.00058192 
269.600000    0.00055975 
270.000000    0.00044766 
270.400000    0.00026616 
270.800000    0.00004650 
271.200000    -0.00017470 
271.600000    -0.00036162 
272.000000    -0.00048512 
272.400000    -0.00052728 
272.800000    -0.00048403 
273.200000    -0.00036522 
273.600000    -0.00019255 
274.000000    0.00000452 
274.400000    0.00019387 
274.800000    0.00034600 
275.200000    0.00043861 
275.600000    0.00045979 
276.000000    0.00040936 
276.400000    0.00029829 
276.800000    0.00014635 
277.200000    -0.00002139 
277.600000    -0.00017877 
278.000000    -0.00030262 
278.400000    -0.00037611 
278.800000    -0.00039088 
279.200000    -0.00034776 
279.600000    -0.00025603 
280.000000    -0.00013137 
280.400000    0.00000680 
280.800000    0.00013838 
281.200000    0.00024547 
281.600000    0.00031461 
282.000000    0.00033820 
282.400000    0.00031505 
282.800000    0.00025003 
283.200000    0.00015306 
283.600000    0.00003759 
284.000000    -0.00008116 
284.400000    -0.00018799 
284.800000    -0.00026944 
285.200000    -0.00031518 
285.600000    -0.00031916 
286.000000    -0.00028029 
286.400000    -0.00020272 
286.800000    -0.00009553 
287.200000    0.00002800 
287.600000    0.00015183 
288.000000    0.00025892 
288.400000    0.00033343 
288.800000    0.00036297 
289.200000    0.00034068 
289.600000    0.00026675 
290.000000    0.00014906 
290.400000    0.00000273 
290.800000    -0.00015153 
291.200000    -0.00029021 
291.600000    -0.00039050 
292.000000    -0.00043412 
292.400000    -0.00041070 
292.800000    -0.00032014 
293.200000    -0.00017345 
293.600000    0.00000841 
294.000000    0.00019730 
294.400000    0.00036234 
294.800000    0.00047492 
295.200000    0.00051378 
295.600000    0.00046904 
296.000000    0.00034451 
296.400000    0.00015778 
296.800000    -0.00006211 
297.200000    -0.00027917 
297.600000    -0.00045639 
298.000000    -0.00056217 
298.400000    -0.00057604 
298.800000    -0.00049277 
299.200000    -0.00032372 
299.600000    -0.00009546 
300.000000    0.00015454 
300.400000    0.00038409 
300.800000    0.00055354 
301.200000    0.00063273 
301.600000    0.00060631 
302.000000    0.00047680 
302.400000    0.00026439 
302.800000    0.00000391 
303.200000    -0.00026099 
303.600000    -0.00048516 
304.000000    -0.00062981 
304.400000    -0.00066928 
304.800000    -0.00059571 
305.200000    -0.00042052 
305.600000    -0.00017266 
306.000000    0.00010636 
306.400000    0.00036948 
306.800000    0.00057214 
307.200000    0.00067984 
307.600000    0.00067397 
308.000000    0.00055498 
308.400000    0.00034235 
308.800000    0.00007143 
309.200000    -0.00021247 
309.600000    -0.00046163 
310.000000    -0.00063400 
310.400000    -0.00070034 
310.800000    -0.00064920 
311.200000    -0.00048895 
311.600000    -0.00024630 
312.000000    0.00003814 
312.400000    0.00031675 
312.800000    0.00054287 
313.200000    0.00067858 
313.600000    0.00070103 
314.000000    0.00060620 
314.400000    0.00040968 
314.800000    0.00014413 
315.200000    -0.00014606 
315.600000    -0.00041209 
316.000000    -0.00060899 
316.400000    -0.00070324 
316.800000    -0.00067859 
317.200000    -0.00053892 
317.600000    -0.00030774 
318.000000    -0.00002419 
318.400000    0.00026356 
318.800000    0.00050653 
319.200000    0.00066327 
319.600000    0.00070697 
320.000000    0.00063006 
320.400000    0.00044562 
320.800000    0.00018526 
321.200000    -0.00010618 
321.600000    -0.00037834 
322.000000    -0.00058407 
322.400000    -0.00068772 
322.800000    -0.00067152 
323.200000    -0.00053878 
323.600000    -0.00031333 
324.000000    -0.00003522 
324.400000    0.00024641 
324.800000    0.00048215 
325.200000    0.00063103 
325.600000    0.00066780 
326.000000    0.00058724 
326.400000    0.00040497 
326.800000    0.00015455 
327.200000    -0.00011864 
327.600000    -0.00036570 
328.000000    -0.00054301 
328.400000    -0.00062020 
328.800000    -0.00058547 
329.200000    -0.00044753 
329.600000    -0.00023362 
330.000000    0.00001583 
330.400000    0.00025495 
330.800000    0.00044096 
331.200000    0.00054193 
331.600000    0.00054237 
332.000000    0.00044558 
332.400000    0.00027259 
332.800000    0.00005771 
333.200000    -0.00015820 
333.600000    -0.00033552 
334.000000    -0.00044332 
334.400000    -0.00046484 
334.800000    -0.00040024 
335.200000    -0.00026582 
335.600000    -0.00009033 
336.000000    0.00009113 
336.400000    0.00024409 
336.800000    0.00034137 
337.200000    0.00036793 
337.600000    0.00032323 
338.000000    0.00022058 
338.400000    0.00008387 
338.800000    -0.00005772 
339.200000    -0.00017584 
339.600000    -0.00024862 
340.000000    -0.00026480 
340.400000    -0.00022551 
340.800000    -0.00014336 
341.200000    -0.00003920 
341.600000    0.00006279 
342.000000    0.00014041 
342.400000    0.00017816 
342.800000    0.00017037 
343.200000    0.00012197 
343.600000    0.00004703 
344.000000    -0.00003474 
344.400000    -0.00010271 
344.800000    -0.00014005 
345.200000    -0.00013769 
345.600000    -0.00009632 
346.000000    -0.00002622 
346.400000    0.00005511 
346.800000    0.00012704 
347.200000    0.00017063 
347.600000    0.00017310 
348.000000    0.00013107 
348.400000    0.00005162 
348.800000    -0.00004894 
349.200000    -0.00014839 
349.600000    -0.00022343 
350.000000    -0.00025490 
350.400000    -0.00023230 
350.800000    -0.00015650 
351.200000    -0.00004018 
351.600000    0.00009447 
352.000000    0.00022002 
352.400000    0.00030945 
352.800000    0.00034188 
353.200000    0.00030723 
353.600000    0.00020873 
354.000000    0.00006285 
354.400000    -0.00010357 
354.800000    -0.00025839 
355.200000    -0.00037046 
355.600000    -0.00041598 
356.000000    -0.00038348 
356.400000    -0.00027648 
356.800000    -0.00011318 
357.200000    0.00007684 
357.600000    0.00025815 
358.000000    0.00039627 
358.400000    0.00046430 
358.800000    0.00044820 
359.200000    0.00034955 
359.600000    0.00018540 
360.000000    -0.00001480 
360.400000    -0.00021468 
360.800000    -0.00037775 
361.200000    -0.00047419 
361.600000    -0.00048639 
362.000000    -0.00041217 
362.400000    -0.00026503 
362.800000    -0.00007150 
363.200000    0.00013388 
363.600000    0.00031496 
364.000000    0.00044045 
364.400000    0.00048934 
364.800000    0.00045437 
365.200000    0.00034288 
365.600000    0.00017514 
366.000000    -0.00001948 
366.400000    -0.00020786 
366.800000    -0.00035882 
367.200000    -0.00044831 
367.600000    -0.00046317 
368.000000    -0.00040283 
368.400000    -0.00027893 
368.800000    -0.00011284 
369.200000    0.00006816 
369.600000    0.00023543 
370.000000    0.00036345 
370.400000    0.00043352 
370.800000    0.00043622 
371.200000    0.00037242 
371.600000    0.00025270 
372.000000    0.00009555 
372.400000    -0.00007548 
372.800000    -0.00023514 
373.200000    -0.00036002 
373.600000    -0.00043170 
374.000000    -0.00043926 
374.400000    -0.00038085 
374.800000    -0.00026401 
375.200000    -0.00010484 
375.600000    0.00007404 
376.000000    0.00024642 
376.400000    0.00038612 
376.800000    0.00047074 
377.200000    0.00048520 
377.600000    0.00042432 
378.000000    0.00029429 
378.400000    0.00011243 
378.800000    -0.00009481 
379.200000    -0.00029538 
379.600000    -0.00045648 
380.000000    -0.00054988 
380.400000    -0.00055689 
380.800000    -0.00047218 
381.200000    -0.00030548 
381.600000    -0.00008084 
382.000000    0.00016665 
382.400000    0.00039628 
382.800000    0.00056841 
383.200000    0.00065132 
383.600000    0.00062711 
384.000000    0.00049546 
384.400000    0.00027455 
384.800000    -0.00000118 
385.200000    -0.00028630 
385.600000    -0.00053183 
386.000000    -0.00069373 
386.400000    -0.00074097 
386.800000    -0.00066150 
387.200000    -0.00046515 
387.600000    -0.00018260 
388.000000    0.00013944 
388.400000    0.00044600 
388.800000    0.00068335 
389.200000    0.00080844 
389.600000    0.00079670 
390.000000    0.00064679 
390.400000    0.00038146 
390.800000    0.00004418 
391.200000    -0.00030789 
391.600000    -0.00061360 
392.000000    -0.00081851 
392.400000    -0.00088472 
392.800000    -0.00079798 
393.200000    -0.00057066 
393.600000    -0.00024007 
394.000000    0.00013779 
394.400000    0.00049781 
394.800000    0.00077708 
395.200000    0.00092586 
395.600000    0.00091634 
396.000000    0.00074781 
396.400000    0.00044718 
396.800000    0.00006477 
397.200000    -0.00033399 
397.600000    -0.00067972 
398.000000    -0.00091121 
398.400000    -0.00098637 
398.800000    -0.00089003 
399.200000    -0.00063698 
399.600000    -0.00026974 
400.000000    0.00014868 
400.400000    0.00054569 
400.800000    0.00085176 
401.200000    0.00101253 
401.600000    0.00099842 
402.000000    0.00081000 
402.400000    0.00047829 
402.800000    0.00005981 
403.200000    -0.00037293 
403.600000    -0.00074389 
404.000000    -0.00098695 
404.400000    -0.00105786 
404.800000    -0.00094250 
405.200000    -0.00065975 
405.600000    -0.00025842 
406.000000    0.00019125 
406.400000    0.00061000 
406.800000    0.00092359 
407.200000    0.00107592 
407.600000    0.00103906 
408.000000    0.00081832 
408.400000    0.00045169 
408.800000    0.00000342 
409.200000    -0.00044705 
409.600000    -0.00081918 
410.000000    -0.00104586 
410.400000    -0.00108576 
410.800000    -0.00093112 
411.200000    -0.00060933 
411.600000    -0.00017812 
412.000000    0.00028501 
412.400000    0.00069680 
412.800000    0.00098332 
413.200000    0.00109320 
413.600000    0.00100688 
414.000000    0.00074007 
414.400000    0.00034109 
414.800000    -0.00011779 
415.200000    -0.00055331 
415.600000    -0.00088641 
416.000000    -0.00105679 
416.400000    -0.00103410 
416.800000    -0.00082355 
417.200000    -0.00046487 
417.600000    -0.00002467 
418.000000    0.00041604 
418.400000    0.00077690 
418.800000    0.00099293 
419.200000    0.00102618 
419.600000    0.00087244 
420.000000    0.00056170 
420.400000    0.00015246 
420.800000    -0.00027916 
421.200000    -0.00065352 
421.600000    -0.00090234 
422.000000    -0.00098133 
422.400000    -0.00087830 
422.800000    -0.00061513 
423.200000    -0.00024316 
423.600000    0.00016690 
424.000000    0.00053855 
424.400000    0.00080378 
424.800000    0.00091558 
425.200000    0.00085620 
425.600000    0.00063993 
426.000000    0.00030993 
426.400000    -0.00007020 
426.800000    -0.00042862 
427.200000    -0.00069883 
427.600000    -0.00083214 
428.000000    -0.00080663 
428.400000    -0.00063078 
428.800000    -0.00034129 
429.200000    0.00000461 
429.600000    0.00034046 
430.000000    0.00060339 
430.400000    0.00074588 
430.800000    0.00074431 
431.200000    0.00060276 
431.600000    0.00035165 
432.000000    0.00004137 
432.400000    -0.00026767 
432.800000    -0.00051678 
433.200000    -0.00066015 
433.600000    -0.00067336 
434.000000    -0.00055760 
434.400000    -0.00033877 
434.800000    -0.00006183 
435.200000    0.00021843 
435.600000    0.00044818 
436.000000    0.00058483 
436.400000    0.00060492 
436.800000    0.00050799 
437.200000    0.00031610 
437.600000    0.00006903 
438.000000    -0.00018389 
438.400000    -0.00039346 
438.800000    -0.00052023 
439.200000    -0.00054188 
439.600000    -0.00045720 
440.000000    -0.00028574 
440.400000    -0.00006341 
440.800000    0.00016496 
441.200000    0.00035465 
441.600000    0.00046970 
442.000000    0.00048968 
442.400000    0.00041321 
442.800000    0.00025775 
443.200000    0.00005571 
443.600000    -0.00015217 
444.000000    -0.00032499 
444.400000    -0.00042970 
444.800000    -0.00044739 
445.200000    -0.00037668 
445.600000    -0.00023354 
446.000000    -0.00004774 
446.400000    0.00014332 
446.800000    0.00030217 
447.200000    0.00039850 
447.600000    0.00041492 
448.000000    0.00035000 
448.400000    0.00021815 
448.800000    0.00004644 
449.200000    -0.00013086 
449.600000    -0.00027918 
450.000000    -0.00037033 
450.400000    -0.00038785 
450.800000    -0.00032995 
451.200000    -0.00020948 
451.600000    -0.00005110 
452.000000    0.00011385 
452.400000    0.00025353 
452.800000    0.00034178 
453.200000    0.00036294 
453.600000    0.00031457 
454.000000    0.00020757 
454.400000    0.00006371 
454.800000    -0.00008879 
455.200000    -0.00022079 
455.600000    -0.00030789 
456.000000    -0.00033488 
456.400000    -0.00029837 
456.800000    -0.00020712 
457.200000    -0.00007991 
457.600000    0.00005834 
458.000000    0.00018148 
458.400000    0.00026714 
458.800000    0.00030074 
459.200000    0.00027796 
459.600000    0.00020510 
460.000000    0.00009753 
460.400000    -0.00002359 
460.800000    -0.00013548 
461.200000    -0.00021806 
461.600000    -0.00025756 
462.000000    -0.00024882 
462.400000    -0.00019580 
462.800000    -0.00011038 
463.200000    -0.00000974 
463.600000    0.00008711 
464.000000    0.00016300 
464.400000    0.00020560 
464.800000    0.00020939 
465.200000    0.00017628 
465.600000    0.00011469 
466.000000    0.00003761 
466.400000    -0.00004017 
466.800000    -0.00010487 
467.200000    -0.00014621 
467.600000    -0.00015902 
468.000000    -0.00014371 
468.400000    -0.00010573 
468.800000    -0.00005404 
469.200000    0.00000093 
469.600000    0.00004932 
470.000000    0.00008369 
470.400000    0.00010007 
470.800000    0.00009832 
471.200000    0.00008158 
471.600000    0.00005523 
472.000000    0.00002548 
472.400000    -0.00000205 
472.800000    -0.00002335 
473.200000    -0.00003660 
473.600000    -0.00004211 
474.000000    -0.00004179 
474.400000    -0.00003831 
474.800000    -0.00003410 
475.200000    -0.00003065 
475.600000    -0.00002809 
476.000000    -0.00002526 
476.400000    -0.00002027 
476.800000    -0.00001117 
477.200000    0.00000311 
477.600000    0.00002215 
478.000000    0.00004375 
478.400000    0.00006410 
478.800000    0.00007852 
479.200000    0.00008244 
479.600000    0.00007263 
480.000000    0.00004815 
480.400000    0.00001103 
480.800000    -0.00003374 
481.200000    -0.00007882 
481.600000    -0.00011577 
482.000000    -0.00013662 
482.400000    -0.00013555 
482.800000    -0.00011030 
483.200000    -0.00006297 
483.600000    -0.00000004 
484.000000    0.00006850 
484.400000    0.00013074 
484.800000    0.00017496 
485.200000    0.00019183 
485.600000    0.00017633 
486.000000    0.00012895 
486.400000    0.00005597 
486.800000    -0.00003132 
487.200000    -0.00011837 
487.600000    -0.00018985 
488.000000    -0.00023234 
488.400000    -0.00023688 
488.800000    -0.00020074 
489.200000    -0.00012826 
489.600000    -0.00003032 
490.000000    0.00007724 
490.400000    0.00017625 
490.800000    0.00024932 
491.200000    0.00028286 
491.600000    0.00026958 
492.000000    0.00021000 
492.400000    0.00011259 
492.800000    -0.00000741 
493.200000    -0.00013035 
493.600000    -0.00023546 
494.000000    -0.00030434 
494.400000    -0.00032416 
494.800000    -0.00029005 
495.200000    -0.00020614 
495.600000    -0.00008508 
496.000000    0.00005387 
496.400000    0.00018794 
496.800000    0.00029456 
497.200000    0.00035519 
497.600000    0.00035845 
498.000000    0.00030225 
498.400000    0.00019430 
498.800000    0.00005111 
499.200000    -0.00010451 
499.600000    -0.00024707 
500.000000    -0.00035260 
500.400000    -0.00040259 
500.800000    -0.00038728 
501.200000    -0.00030745 
501.600000    -0.00017458 
502.000000    -0.00000923 
502.400000    0.00016221 
502.800000    0.00031163 
503.200000    0.00041384 
503.600000    0.00045072 
504.000000    0.00041440 
504.400000    0.00030877 
504.800000    0.00014926 
505.200000    -0.00003943 
505.600000    -0.00022704 
506.000000    -0.00038255 
506.400000    -0.00047931 
506.800000    -0.00049955 
507.200000    -0.00043764 
507.600000    -0.00030137 
508.000000    -0.00011108 
508.400000    0.00010333 
508.800000    0.00030708 
509.200000    0.00046612 
509.600000    0.00055273 
510.000000    0.00055030 
510.400000    0.00045645 
510.800000    0.00028384 
511.200000    0.00005866 
511.600000    -0.00018327 
512.000000    -0.00040206 
512.400000    -0.00056036 
512.800000    -0.00062966 
513.200000    -0.00059545 
513.600000    -0.00046018 
514.000000    -0.00024340 
514.400000    0.00002099 
514.800000    0.00029001 
515.200000    0.00051856 
515.600000    0.00066695 
516.000000    0.00070770 
516.400000    0.00063056 
516.800000    0.00044483 
517.200000    0.00017842 
517.600000    -0.00012616 
518.000000    -0.00041844 
518.400000    -0.00064836 
518.800000    -0.00077482 
519.200000    -0.00077309 
519.600000    -0.00063960 
520.000000    -0.00039327 
520.400000    -0.00007291 
520.800000    0.00026893 
521.200000    0.00057455 
521.600000    0.00079087 
522.000000    0.00087852 
522.400000    0.00081898 
522.800000    0.00061827 
523.200000    0.00030672 
523.600000    -0.00006547 
524.000000    -0.00043614 
524.400000    -0.00074155 
524.800000    -0.00092733 
525.200000    -0.00095829 
525.600000    -0.00082509 
526.000000    -0.00054663 
526.400000    -0.00016741 
526.800000    0.00024962 
527.200000    0.00063360 
527.600000    0.00091779 
528.000000    0.00105111 
528.400000    0.00100722 
528.800000    0.00078958 
529.200000    0.00043157 
529.600000    -0.00000840 
530.000000    -0.00045628 
530.400000    -0.00083478 
530.800000    -0.00107677 
531.200000    -0.00113732 
531.600000    -0.00100217 
532.000000    -0.00069090 
532.400000    -0.00025413 
532.800000    0.00023480 
533.200000    0.00069233 
533.600000    0.00103894 
534.000000    0.00121295 
534.400000    0.00118135 
534.800000    0.00094589 
535.200000    0.00054347 
535.600000    0.00004056 
536.000000    -0.00047761 
536.400000    -0.00092141 
536.800000    -0.00121240 
537.200000    -0.00129739 
537.600000    -0.00115832 
538.000000    -0.00081609 
538.400000    -0.00032737 
538.800000    0.00022496 
539.200000    0.00074604 
539.600000    0.00114540 
540.000000    0.00135260 
540.400000    0.00132946 
540.800000    0.00107695 
541.200000    0.00063558 
541.600000    0.00007910 
542.000000    -0.00049762 
542.400000    -0.00099470 
542.800000    -0.00132459 
543.200000    -0.00142778 
543.600000    -0.00128374 
544.000000    -0.00091507 
544.400000    -0.00038384 
544.800000    0.00021904 
545.200000    0.00078969 
545.600000    0.00122919 
546.000000    0.00146065 
546.400000    0.00144246 
546.800000    0.00117559 
547.200000    0.00070387 
547.600000    0.00010692 
548.000000    -0.00051301 
548.400000    -0.00104848 
548.800000    -0.00140559 
549.200000    -0.00152069 
549.600000    -0.00137205 
550.000000    -0.00098401 
550.400000    -0.00042289 
550.800000    0.00021462 
551.200000    0.00081840 
551.600000    0.00128402 
552.000000    0.00153069 
552.400000    0.00151503 
552.800000    0.00123855 
553.200000    0.00074757 
553.600000    0.00012571 
554.000000    -0.00052015 
554.400000    -0.00107810 
554.800000    -0.00145076 
555.200000    -0.00157248 
555.600000    -0.00142130 
556.000000    -0.00102294 
556.400000    -0.00044633 
556.800000    0.00020864 
557.200000    0.00082870 
557.600000    0.00130689 
558.000000    0.00156087 
558.400000    0.00154685 
558.800000    0.00126695 
559.200000    0.00076891 
559.600000    0.00013814 
560.000000    -0.00051670 
560.400000    -0.00108224 
560.800000    -0.00146020 
561.200000    -0.00158473 
561.600000    -0.00143420 
562.000000    -0.00103502 
562.400000    -0.00045693 
562.800000    0.00019951 
563.200000    0.00082070 
563.600000    0.00129975 
564.000000    0.00155468 
564.400000    0.00154223 
564.800000    0.00126501 
565.200000    0.00077096 
565.600000    0.00014530 
566.000000    -0.00050395 
566.400000    -0.00106447 
566.800000    -0.00143917 
567.200000    -0.00156332 
567.600000    -0.00141598 
568.000000    -0.00102366 
568.400000    -0.00045545 
568.800000    0.00018947 
569.200000    0.00079934 
569.600000    0.00126931 
570.000000    0.00151930 
570.400000    0.00150735 
570.800000    0.00123658 
571.200000    0.00075438 
571.600000    0.00014443 
572.000000    -0.00048764 
572.400000    -0.00103239 
572.800000    -0.00139560 
573.200000    -0.00151487 
573.600000    -0.00137059 
574.000000    -0.00098928 
574.400000    -0.00043864 
574.800000    0.00018476 
575.200000    0.00077259 
575.600000    0.00122370 
576.000000    0.00146134 
576.400000    0.00144602 
576.800000    0.00118190 
577.200000    0.00071587 
577.600000    0.00012940 
578.000000    -0.00047541 
578.400000    -0.00099355 
578.800000    -0.00133539 
579.200000    -0.00144247 
579.600000    -0.00129775 
580.000000    -0.00092842 
580.400000    -0.00040070 
580.800000    0.00019221 
581.200000    0.00074683 
581.600000    0.00116750 
582.000000    0.00138274 
582.400000    0.00135725 
582.800000    0.00109750 
583.200000    0.00065036 
583.600000    0.00009484 
584.000000    -0.00047170 
584.400000    -0.00095050 
584.800000    -0.00125871 
585.200000    -0.00134404 
585.600000    -0.00119379 
586.000000    -0.00083685 
586.400000    -0.00033802 
586.800000    0.00021387 
587.200000    0.00072202 
587.600000    0.00109863 
588.000000    0.00127999 
588.400000    0.00123709 
588.800000    0.00098014 
589.200000    0.00055638 
589.600000    0.00004157 
590.000000    -0.00047338 
590.400000    -0.00089842 
590.800000    -0.00116023 
591.200000    -0.00121510 
591.600000    -0.00105641 
592.000000    -0.00071527 
592.400000    -0.00025446 
592.800000    0.00024333 
593.200000    0.00069047 
593.600000    0.00100984 
594.000000    0.00114802 
594.400000    0.00108409 
594.800000    0.00083269 
595.200000    0.00044088 
595.600000    -0.00002053 
596.000000    -0.00046958 
596.400000    -0.00082781 
596.800000    -0.00103401 
597.200000    -0.00105486 
597.600000    -0.00089046 
598.000000    -0.00057356 
598.400000    -0.00016312 
598.800000    0.00026684 
599.200000    0.00064068 
599.600000    0.00089441 
600.000000    0.00098659 
600.400000    0.00090493 
600.800000    0.00066774 
601.200000    0.00032006 
601.600000    -0.00007479 
602.000000    -0.00044664 
602.400000    -0.00073093 
602.800000    -0.00088007 
603.200000    -0.00087141 
603.600000    -0.00071072 
604.000000    -0.00043039 
604.400000    -0.00008285 
604.800000    0.00026921 
605.200000    0.00056430 
605.600000    0.00075275 
606.000000    0.00080504 
606.400000    0.00071623 
606.800000    0.00050605 
607.200000    0.00021475 
607.600000    -0.00010455 
608.000000    -0.00039546 
608.400000    -0.00060829 
608.800000    -0.00070856 
609.200000    -0.00068262 
609.600000    -0.00053932 
610.000000    -0.00030766 
610.400000    -0.00003096 
610.800000    0.00024128 
611.200000    0.00046223 
611.600000    0.00059575 
612.000000    0.00062217 
612.400000    0.00054101 
612.800000    0.00037027 
613.200000    0.00014267 
613.600000    -0.00010060 
614.000000    -0.00031727 
614.400000    -0.00047127 
614.800000    -0.00053879 
615.200000    -0.00051181 
615.600000    -0.00039883 
616.000000    -0.00022270 
616.400000    -0.00001599 
616.800000    0.00018496 
617.200000    0.00034647 
617.600000    0.00044304 
618.000000    0.00046124 
618.400000    0.00040143 
618.800000    0.00027699 
619.200000    0.00011148 
619.600000    -0.00006573 
620.000000    -0.00022465 
620.400000    -0.00033966 
620.800000    -0.00039360 
621.200000    -0.00038017 
621.600000    -0.00030450 
622.000000    -0.00018169 
622.400000    -0.00003391 
622.800000    0.00011363 
623.200000    0.00023688 
623.600000    0.00031682 
624.000000    0.00034222 
624.400000    0.00031110 
624.800000    0.00023063 
625.200000    0.00011557 
625.600000    -0.00001435 
626.000000    -0.00013776 
626.400000    -0.00023509 
626.800000    -0.00029157 
627.200000    -0.00029937 
627.600000    -0.00025865 
628.000000    -0.00017723 
628.400000    -0.00006915 
628.800000    0.00004767 
629.200000    0.00015438 
629.600000    0.00023412 
630.000000    0.00027461 
630.400000    0.00027000 
630.800000    0.00022166 
631.200000    0.00013789 
631.600000    0.00003258 
632.000000    -0.00007703 
632.400000    -0.00017311 
632.800000    -0.00024005 
633.200000    -0.00026699 
633.600000    -0.00024960 
634.000000    -0.00019079 
634.400000    -0.00010029 
634.800000    0.00000689 
635.200000    0.00011292 
635.600000    0.00020003 
636.000000    0.00025350 
636.400000    0.00026415 
636.800000    0.00022992 
637.200000    0.00015633 
637.600000    0.00005567 
638.000000    -0.00005500 
638.400000    -0.00015671 
638.800000    -0.00023179 
639.200000    -0.00026698 
639.600000    -0.00025583 
640.000000    -0.00019988 
640.400000    -0.00010859 
640.800000    0.00000230 
641.200000    0.00011338 
641.600000    0.00020505 
642.000000    0.00026092 
642.400000    0.00027081 
642.800000    0.00023261 
643.200000    0.00015279 
643.600000    0.00004531 
644.000000    -0.00007073 
644.400000    -0.00017456 
644.800000    -0.00024738 
645.200000    -0.00027587 
645.600000    -0.00025466 
646.000000    -0.00018736 
646.400000    -0.00008598 
646.800000    0.00003118 
647.200000    0.00014286 
647.600000    0.00022875 
648.000000    0.00027312 
648.400000    0.00026782 
648.800000    0.00021374 
649.200000    0.00012069 
649.600000    0.00000567 
650.000000    -0.00011024 
650.400000    -0.00020579 
650.800000    -0.00026341 
651.200000    -0.00027256 
651.600000    -0.00023163 
652.000000    -0.00014828 
652.400000    -0.00003799 
652.800000    0.00007882 
653.200000    0.00018059 
653.600000    0.00024863 
654.000000    0.00027053 
654.400000    0.00024250 
654.800000    0.00016998 
655.200000    0.00006661 
655.600000    -0.00004831 
656.000000    -0.00015344 
656.400000    -0.00022939 
656.800000    -0.00026230 
657.200000    -0.00024642 
657.600000    -0.00018510 
658.000000    -0.00009013 
658.400000    0.00002056 
658.800000    0.00012629 
659.200000    0.00020752 
659.600000    0.00024946 
660.000000    0.00024475 
660.400000    0.00019482 
660.800000    0.00010943 
661.200000    0.00000486 
661.600000    -0.00009924 
662.000000    -0.00018355 
662.400000    -0.00023265 
662.800000    -0.00023789 
663.200000    -0.00019889 
663.600000    -0.00012355 
664.000000    -0.00002642 
664.400000    0.00007412 
664.800000    0.00015930 
665.200000    0.00021354 
665.600000    0.00022723 
666.000000    0.00019850 
666.400000    0.00013338 
666.800000    0.00004459 
667.200000    -0.00005093 
667.600000    -0.00013525 
668.000000    -0.00019285 
668.400000    -0.00021345 
668.800000    -0.00019387 
669.200000    -0.00013849 
669.600000    -0.00005834 
670.000000    0.00003114 
670.400000    0.00011305 
670.800000    0.00017221 
671.200000    0.00019800 
671.600000    0.00018626 
672.000000    0.00013991 
672.400000    0.00006832 
672.800000    -0.00001457 
673.200000    -0.00009299 
673.600000    -0.00015228 
674.000000    -0.00018168 
674.400000    -0.00017627 
674.800000    -0.00013779 
675.200000    -0.00007417 
675.600000    0.00000204 
676.000000    0.00007620 
676.400000    0.00013433 
676.800000    0.00016578 
677.200000    0.00016517 
677.600000    0.00013328 
678.000000    0.00007683 
678.400000    0.00000703 
678.800000    -0.00006254 
679.200000    -0.00011867 
679.600000    -0.00015092 
680.000000    -0.00015364 
680.400000    -0.00012694 
680.800000    -0.00007654 
681.200000    -0.00001259 
681.600000    0.00005238 
682.000000    0.00010588 
682.400000    0.00013787 
682.800000    0.00014265 
683.200000    0.00011986 
683.600000    0.00007444 
684.000000    0.00001560 
684.400000    -0.00004502 
684.800000    -0.00009567 
685.200000    -0.00012674 
685.600000    -0.00013258 
686.000000    -0.00011255 
686.400000    -0.00007104 
686.800000    -0.00001653 
687.200000    0.00004012 
687.600000    0.00008786 
688.000000    0.00011756 
688.400000    0.00012376 
688.800000    0.00010569 
689.200000    0.00006731 
689.600000    0.00001648 
690.000000    -0.00003664 
690.400000    -0.00008162 
690.800000    -0.00010981 
691.200000    -0.00011600 
691.600000    -0.00009935 
692.000000    -0.00006355 
692.400000    -0.00001594 
692.800000    0.00003393 
693.200000    0.00007627 
693.600000    0.00010292 
694.000000    0.00010894 
694.400000    0.00009355 
694.800000    0.00006016 
695.200000    0.00001563 
695.600000    -0.00003110 
696.000000    -0.00007085 
696.400000    -0.00009597 
696.800000    -0.00010186 
697.200000    -0.00008777 
697.600000    -0.00005687 
698.000000    -0.00001557 
698.400000    0.00002781 
698.800000    0.00006478 
699.200000    0.00008827 
699.600000    0.00009404 
700.000000    0.00008143 
700.400000    0.00005337 
700.800000    0.00001577 
701.200000    -0.00002379 
701.600000    -0.00005755 
702.000000    -0.00007911 
702.400000    -0.00008468 
702.800000    -0.00007370 
703.200000    -0.00004888 
703.600000    -0.00001556 
704.000000    0.00001944 
704.400000    0.00004926 
704.800000    0.00006829 
705.200000    0.00007329 
705.600000    0.00006392 
706.000000    0.00004267 
706.400000    0.00001428 
706.800000    -0.00001532 
707.200000    -0.00004027 
707.600000    -0.00005590 
708.000000    -0.00005969 
708.400000    -0.00005158 
708.800000    -0.00003395 
709.200000    -0.00001094 
709.600000    0.00001247 
710.000000    0.00003151 
710.400000    0.00004265 
710.800000    0.00004421 
711.200000    0.00003663 
711.600000    0.00002227 
712.000000    0.00000473 
712.400000    -0.00001193 
712.800000    -0.00002416 
713.200000    -0.00002962 
713.600000    -0.00002771 
714.000000    -0.00001951 
714.400000    -0.00000755 
714.800000    0.00000495 
715.200000    0.00001478 
715.600000    0.00001958 
716.000000    0.00001832 
716.400000    0.00001157 
716.800000    0.00000128 
717.200000    -0.00000966 
717.600000    -0.00001817 
718.000000    -0.00002174 
718.400000    -0.00001906 
718.800000    -0.00001040 
719.200000    0.00000245 
719.600000    0.00001648 
720.000000    0.00002820 
720.400000    0.00003442 
720.800000    0.00003303 
721.200000    0.00002357 
721.600000    0.00000742 
722.000000    -0.00001237 
722.400000    -0.00003170 
722.800000    -0.00004625 
723.200000    -0.00005241 
723.600000    -0.00004813 
724.000000    -0.00003344 
724.400000    -0.00001059 
724.800000    0.00001635 
725.200000    0.00004215 
725.600000    0.00006155 
726.000000    0.00007022 
726.400000    0.00006578 
726.800000    0.00004832 
727.200000    0.00002050 
727.600000    -0.00001285 
728.000000    -0.00004561 
728.400000    -0.00007149 
728.800000    -0.00008528 
729.200000    -0.00008384 
729.600000    -0.00006681 
730.000000    -0.00003678 
730.400000    0.00000119 
730.800000    0.00004038 
731.200000    0.00007366 
731.600000    0.00009479 
732.000000    0.00009960 
732.400000    0.00008678 
732.800000    0.00005819 
733.200000    0.00001854 
733.600000    -0.00002537 
734.000000    -0.00006589 
734.400000    -0.00009584 
734.800000    -0.00010980 
735.200000    -0.00010508 
735.600000    -0.00008220 
736.000000    -0.00004484 
736.400000    0.00000081 
736.800000    0.00004708 
737.200000    0.00008613 
737.600000    0.00011132 
738.000000    0.00011827 
738.400000    0.00010564 
738.800000    0.00007532 
739.200000    0.00003214 
739.600000    -0.00001693 
740.000000    -0.00006393 
740.400000    -0.00010116 
740.800000    -0.00012250 
741.200000    -0.00012432 
741.600000    -0.00010610 
742.000000    -0.00007050 
742.400000    -0.00002299 
742.800000    0.00002907 
743.200000    0.00007747 
743.600000    0.00011450 
744.000000    0.00013412 
744.400000    0.00013288 
744.800000    0.00011055 
745.200000    0.00007015 
745.600000    0.00001758 
746.000000    -0.00003922 
746.400000    -0.00009144 
746.800000    -0.00013073 
747.200000    -0.00015050 
747.600000    -0.00014699 
748.000000    -0.00011996 
748.400000    -0.00007286 
748.800000    -0.00001240 
749.200000    0.00005230 
749.600000    0.00011109 
750.000000    0.00015435 
750.400000    0.00017450 
750.800000    0.00016730 
751.200000    0.00013275 
751.600000    0.00007521 
752.000000    0.00000300 
752.400000    -0.00007280 
752.800000    -0.00013997 
753.200000    -0.00018711 
753.600000    -0.00020557 
754.000000    -0.00019097 
754.400000    -0.00014421 
754.800000    -0.00007154 
755.200000    0.00001616 
755.600000    0.00010501 
756.000000    0.00018026 
756.400000    0.00022877 
756.800000    0.00024123 
757.200000    0.00021395 
757.600000    0.00014975 
758.000000    0.00005776 
758.400000    -0.00004775 
758.800000    -0.00014962 
759.200000    -0.00023049 
759.600000    -0.00027583 
760.000000    -0.00027648 
760.400000    -0.00023050 
760.800000    -0.00014378 
761.200000    -0.00002939 
761.600000    0.00009437 
762.000000    0.00020689 
762.400000    0.00028868 
762.800000    0.00032470 
763.200000    0.00030713 
763.600000    0.00023695 
764.000000    0.00012413 
764.400000    -0.00001372 
764.800000    -0.00015409 
765.200000    -0.00027320 
765.600000    -0.00035001 
766.000000    -0.00036997 
766.400000    -0.00032775 
766.800000    -0.00022843 
767.200000    -0.00008704 
767.600000    0.00007373 
768.000000    0.00022715 
768.400000    0.00034693 
768.800000    0.00041163 
769.200000    0.00040855 
769.600000    0.00033608 
770.000000    0.00020437 
770.400000    0.00003398 
770.800000    -0.00014729 
771.200000    -0.00030893 
771.600000    -0.00042280 
772.000000    -0.00046805 
772.400000    -0.00043496 
772.800000    -0.00032689 
773.200000    -0.00016013 
773.600000    0.00003857 
774.000000    0.00023627 
774.400000    0.00039934 
774.800000    0.00049909 
775.200000    0.00051686 
775.600000    0.00044739 
776.000000    0.00030008 
776.400000    0.00009786 
776.800000    -0.00012634 
777.200000    -0.00033493 
777.600000    -0.00049189 
778.000000    -0.00056907 
778.400000    -0.00055119 
778.800000    -0.00043886 
779.200000    -0.00024889 
779.600000    -0.00001176 
780.000000    0.00023324 
780.400000    0.00044455 
780.800000    0.00058539 
781.200000    0.00063009 
781.600000    0.00056872 
782.000000    0.00040917 
782.400000    0.00017622 
782.800000    -0.00009217 
783.200000    -0.00035101 
783.600000    -0.00055582 
784.000000    -0.00067027 
784.400000    -0.00067267 
784.800000    -0.00056009 
785.200000    -0.00034929 
785.600000    -0.00007424 
786.000000    0.00021936 
786.400000    0.00048173 
786.800000    0.00066746 
787.200000    0.00074328 
787.600000    0.00069401 
788.000000    0.00052547 
788.400000    0.00026395 
788.800000    -0.00004777 
789.200000    -0.00035736 
789.600000    -0.00061172 
790.000000    -0.00076609 
790.400000    -0.00079202 
790.800000    -0.00068264 
791.200000    -0.00045430 
791.600000    -0.00014410 
792.000000    0.00019618 
792.400000    0.00050876 
792.800000    0.00073975 
793.200000    0.00084834 
793.600000    0.00081399 
794.000000    0.00064021 
794.400000    0.00035438 
794.800000    0.00000357 
795.200000    -0.00035318 
795.600000    -0.00065473 
796.000000    -0.00084840 
796.400000    -0.00089924 
796.800000    -0.00079645 
797.200000    -0.00055561 
797.600000    -0.00021631 
798.000000    0.00016445 
798.400000    0.00052191 
798.800000    0.00079465 
799.200000    0.00093508 
799.600000    0.00091768 
800.000000    0.00074355 
800.400000    0.00044061 
800.800000    0.00005914 
801.200000    -0.00033645 
801.600000    -0.00067843 
802.000000    -0.00090748 
802.400000    -0.00098305 
802.800000    -0.00089068 
803.200000    -0.00064478 
803.600000    -0.00028637 
804.000000    0.00012392 
804.400000    0.00051620 
804.800000    0.00082332 
805.200000    0.00099234 
805.600000    0.00099357 
806.000000    0.00082570 
806.400000    0.00051626 
806.800000    0.00011712 
807.200000    -0.00030409 
807.600000    -0.00067540 
808.000000    -0.00093292 
808.400000    -0.00103192 
808.800000    -0.00095478 
809.200000    -0.00071415 
809.600000    -0.00035087 
810.000000    0.00007316 
810.400000    0.00048564 
810.800000    0.00081632 
811.200000    0.00100895 
811.600000    0.00103076 
812.000000    0.00087797 
812.400000    0.00057640 
812.800000    0.00017719 
813.200000    -0.00025182 
813.600000    -0.00063761 
814.000000    -0.00091446 
814.400000    -0.00103529 
814.800000    -0.00097982 
815.200000    -0.00075805 
815.600000    -0.00040837 
816.000000    0.00000919 
816.400000    0.00042349 
816.800000    0.00076450 
817.200000    0.00097510 
817.600000    0.00102063 
818.000000    0.00089444 
818.400000    0.00061885 
818.800000    0.00024117 
819.200000    -0.00017433 
819.600000    -0.00055737 
820.000000    -0.00084359 
820.400000    -0.00098548 
820.800000    -0.00096042 
821.200000    -0.00077430 
821.600000    -0.00046020 
822.000000    -0.00007234 
822.400000    0.00032340 
822.800000    0.00066086 
823.200000    0.00088460 
823.600000    0.00095897 
824.000000    0.00087367 
824.400000    0.00064499 
824.800000    0.00031279 
825.200000    -0.00006648 
825.600000    -0.00042935 
826.000000    -0.00071596 
826.400000    -0.00088003 
826.800000    -0.00089642 
827.200000    -0.00076495 
827.600000    -0.00050994 
828.000000    -0.00017562 
828.400000    0.00018169 
828.800000    0.00050318 
829.200000    0.00073725 
829.600000    0.00084770 
830.000000    0.00081917 
830.400000    0.00065910 
830.800000    0.00039595 
831.200000    0.00007418 
831.600000    -0.00025328 
832.000000    -0.00053371 
832.400000    -0.00072313 
832.800000    -0.00079316 
833.200000    -0.00073523 
833.600000    -0.00056143 
834.000000    -0.00030201 
834.400000    0.00000004 
834.800000    0.00029613 
835.200000    0.00053997 
835.600000    0.00069465 
836.000000    0.00073808 
836.400000    0.00066595 
836.800000    0.00049184 
837.200000    0.00024472 
837.600000    -0.00003592 
838.000000    -0.00030629 
838.400000    -0.00052506 
838.800000    -0.00065964 
839.200000    -0.00069090 
839.600000    -0.00061578 
840.000000    -0.00044743 
840.400000    -0.00021279 
840.800000    0.00005171 
841.200000    0.00030578 
841.600000    0.00051135 
842.000000    0.00063809 
842.400000    0.00066769 
842.800000    0.00059640 
843.200000    0.00043536 
843.600000    0.00020894 
844.000000    -0.00004890 
844.400000    -0.00029952 
844.800000    -0.00050529 
845.200000    -0.00063511 
845.600000    -0.00066904 
846.000000    -0.00060137 
846.400000    -0.00044154 
846.800000    -0.00021292 
847.200000    0.00005057 
847.600000    0.00030937 
848.000000    0.00052414 
848.400000    0.00066157 
848.800000    0.00069951 
849.200000    0.00063045 
849.600000    0.00046298 
850.000000    0.00022092 
850.400000    -0.00005989 
850.800000    -0.00033675 
851.200000    -0.00056641 
851.600000    -0.00071187 
852.000000    -0.00074829 
852.400000    -0.00066738 
852.800000    -0.00047911 
853.200000    -0.00021074 
853.600000    0.00009713 
854.000000    0.00039657 
854.400000    0.00063981 
854.800000    0.00078676 
855.200000    0.00081161 
855.600000    0.00070731 
856.000000    0.00048726 
856.400000    0.00018382 
856.800000    -0.00015627 
857.200000    -0.00047899 
857.600000    -0.00073153 
858.000000    -0.00087103 
858.400000    -0.00087194 
858.800000    -0.00073076 
859.200000    -0.00046719 
859.600000    -0.00012152 
860.000000    0.00025162 
860.400000    0.00059187 
860.800000    0.00084293 
861.200000    0.00096183 
861.600000    0.00092626 
862.000000    0.00073859 
862.400000    0.00042621 
862.800000    0.00003760 
863.200000    -0.00036498 
863.600000    -0.00071543 
864.000000    -0.00095471 
864.400000    -0.00104090 
864.800000    -0.00095665 
865.200000    -0.00071263 
865.600000    -0.00034632 
866.000000    0.00008385 
866.400000    0.00050790 
866.800000    0.00085575 
867.200000    0.00106876 
867.600000    0.00110954 
868.000000    0.00096839 
868.400000    0.00066538 
868.800000    0.00024766 
869.200000    -0.00021773 
869.600000    -0.00065450 
870.000000    -0.00098963 
870.400000    -0.00116567 
870.800000    -0.00115076 
871.200000    -0.00094443 
871.600000    -0.00057822 
872.000000    -0.00011073 
872.400000    0.00038188 
872.800000    0.00081842 
873.200000    0.00112604 
873.600000    0.00125227 
874.000000    0.00117381 
874.400000    0.00090072 
874.800000    0.00047527 
875.200000    -0.00003443 
875.600000    -0.00054515 
876.000000    -0.00097212 
876.400000    -0.00124309 
876.800000    -0.00131079 
877.200000    -0.00116130 
877.600000    -0.00081684 
878.000000    -0.00033241 
878.400000    0.00021312 
878.800000    0.00073010 
879.200000    0.00113277 
879.600000    0.00135344 
880.000000    0.00135365 
880.400000    0.00113072 
880.800000    0.00071860 
881.200000    0.00018289 
881.600000    -0.00038936 
882.000000    -0.00090370 
882.400000    -0.00127382 
882.800000    -0.00143625 
883.200000    -0.00136141 
883.600000    -0.00105909 
884.000000    -0.00057721 
884.400000    0.00000597 
884.800000    0.00059473 
885.200000    0.00109175 
885.600000    0.00141407 
886.000000    0.00150675 
886.400000    0.00135197 
886.800000    0.00097239 
887.200000    0.00042793 
887.600000    -0.00019339 
888.000000    -0.00078944 
888.400000    -0.00126073 
888.800000    -0.00152712 
889.200000    -0.00154172 
889.600000    -0.00129929 
890.000000    -0.00083765 
890.400000    -0.00023157 
890.800000    0.00041953 
891.200000    0.00100809 
891.600000    0.00143616 
892.000000    0.00163149 
892.400000    0.00155941 
892.800000    0.00122887 
893.200000    0.00069146 
893.600000    0.00003369 
894.000000    -0.00063666 
894.400000    -0.00120801 
894.800000    -0.00158365 
895.200000    -0.00169838 
895.600000    -0.00153011 
896.000000    -0.00110411 
896.400000    -0.00048920 
896.800000    0.00021368 
897.200000    0.00088829 
897.600000    0.00142237 
898.000000    0.00172616 
898.400000    0.00174713 
898.800000    0.00147888 
899.200000    0.00096260 
899.600000    0.00028110 
900.000000    -0.00045413 
900.400000    -0.00112088 
900.800000    -0.00160655 
901.200000    -0.00182744 
901.600000    -0.00174351 
902.000000    -0.00136587 
902.400000    -0.00075532 
902.800000    -0.00001230 
903.200000    0.00073999 
903.600000    0.00137614 
904.000000    0.00178939 
904.400000    0.00190915 
904.800000    0.00171276 
905.200000    0.00122961 
905.600000    0.00053701 
906.000000    -0.00025175 
906.400000    -0.00100559 
906.800000    -0.00159730 
907.200000    -0.00192531 
907.600000    -0.00193152 
908.000000    -0.00161190 
908.400000    -0.00101773 
908.800000    -0.00024713 
909.200000    0.00057162 
909.600000    0.00130165 
910.000000    0.00182040 
910.400000    0.00203981 
910.800000    0.00192094 
911.200000    0.00148059 
911.600000    0.00078920 
912.000000    -0.00003999 
912.400000    -0.00086905 
912.800000    -0.00155809 
913.200000    -0.00198912 
913.600000    -0.00208666 
914.000000    -0.00183147 
914.400000    -0.00126434 
914.800000    -0.00047941 
915.200000    0.00039197 
915.600000    0.00120360 
916.000000    0.00181905 
916.400000    0.00213422 
916.800000    0.00209460 
917.200000    0.00170428 
917.600000    0.00102586 
918.000000    0.00017076 
918.400000    -0.00071851 
918.800000    -0.00149182 
919.200000    -0.00201694 
919.600000    -0.00220263 
920.000000    -0.00201500 
920.400000    -0.00148399 
920.800000    -0.00069833 
921.200000    0.00020971 
921.600000    0.00108713 
922.000000    0.00178615 
922.400000    0.00218881 
922.800000    0.00222643 
923.200000    0.00189088 
923.600000    0.00123628 
924.000000    0.00037066 
924.400000    -0.00056134 
924.800000    -0.00140222 
925.200000    -0.00200833 
925.600000    -0.00227492 
926.000000    -0.00215481 
926.400000    -0.00166711 
926.800000    -0.00089410 
927.200000    0.00003325 
927.600000    0.00095793 
928.000000    0.00172384 
928.400000    0.00220186 
928.800000    0.00231120 
929.200000    0.00203250 
929.600000    0.00141123 
930.000000    0.00055057 
930.400000    -0.00040513 
930.800000    -0.00129411 
931.200000    -0.00196460 
931.600000    -0.00230118 
932.000000    -0.00224529 
932.400000    -0.00180588 
932.800000    -0.00105792 
933.200000    -0.00012913 
933.600000    0.00082245 
934.000000    0.00163572 
934.400000    0.00217363 
934.800000    0.00234579 
935.200000    0.00212318 
935.600000    0.00154282 
936.000000    0.00070197 
936.400000    -0.00025768 
936.800000    -0.00117335 
937.200000    -0.00188869 
937.600000    -0.00228098 
938.000000    -0.00228275 
938.400000    -0.00189395 
938.800000    -0.00118195 
939.200000    -0.00026936 
939.600000    0.00068766 
940.000000    0.00152654 
940.400000    0.00210587 
940.800000    0.00232876 
941.200000    0.00215850 
941.600000    0.00162444 
942.000000    0.00081710 
942.400000    -0.00012663 
942.800000    -0.00104616 
943.200000    -0.00178442 
943.600000    -0.00221510 
944.000000    -0.00226486 
944.400000    -0.00192636 
944.800000    -0.00125945 
945.200000    -0.00038012 
945.600000    0.00056020 
946.000000    0.00140121 
946.400000    0.00200102 
946.800000    0.00225971 
947.200000    0.00213544 
947.600000    0.00165095 
948.000000    0.00088961 
948.400000    -0.00001845 
948.800000    -0.00091809 
949.200000    -0.00165553 
949.600000    -0.00210494 
950.000000    -0.00219051 
950.400000    -0.00189979 
950.800000    -0.00128555 
951.200000    -0.00045588 
951.600000    0.00044535 
952.000000    0.00126390 
952.400000    0.00186157 
952.800000    0.00213920 
953.200000    0.00205264 
953.600000    0.00161947 
954.000000    0.00091566 
954.400000    0.00006268 
954.800000    -0.00079303 
955.200000    -0.00150505 
955.600000    -0.00195229 
956.000000    -0.00206012 
956.400000    -0.00181333 
956.800000    -0.00125828 
957.200000    -0.00049397 
957.600000    0.00034605 
958.000000    0.00111745 
958.400000    0.00168994 
958.800000    0.00196905 
959.200000    0.00191121 
959.600000    0.00153036 
960.000000    0.00089485 
960.400000    0.00011565 
960.800000    -0.00067272 
961.200000    -0.00133523 
961.600000    -0.00175973 
962.000000    -0.00187634 
962.400000    -0.00166938 
962.800000    -0.00117943 
963.200000    -0.00049526 
963.600000    0.00026259 
964.000000    0.00096342 
964.400000    0.00148895 
964.800000    0.00175306 
965.200000    0.00171554 
965.600000    0.00138796 
966.000000    0.00083080 
966.400000    0.00014266 
966.800000    -0.00055692 
967.200000    -0.00114806 
967.600000    -0.00153135 
968.000000    -0.00164481 
968.400000    -0.00147426 
968.800000    -0.00105494 
969.200000    -0.00046421 
969.600000    0.00019291 
970.000000    0.00080271 
970.400000    0.00126250 
970.800000    0.00149772 
971.200000    0.00147378 
971.600000    0.00120082 
972.000000    0.00073097 
972.400000    0.00014870 
972.800000    -0.00044414 
973.200000    -0.00094605 
973.600000    -0.00127340 
974.000000    -0.00137459 
974.400000    -0.00123833 
974.800000    -0.00089461 
975.200000    -0.00040825 
975.600000    0.00013339 
976.000000    0.00063633 
976.400000    0.00101627 
976.800000    0.00121261 
977.200000    0.00119788 
977.600000    0.00098127 
978.000000    0.00060593 
978.400000    0.00014063 
978.800000    -0.00033262 
979.200000    -0.00073302 
979.600000    -0.00099481 
980.000000    -0.00107823 
980.400000    -0.00097555 
980.800000    -0.00071131 
981.200000    -0.00033681 
981.600000    0.00007986 
982.000000    0.00046627 
982.400000    0.00075823 
982.800000    0.00091041 
983.200000    0.00090313 
983.600000    0.00074457 
984.000000    0.00046818 
984.400000    0.00012591 
984.800000    -0.00022140 
985.200000    -0.00051481 
985.600000    -0.00070729 
986.000000    -0.00077130 
986.400000    -0.00070258 
986.800000    -0.00051978 
987.200000    -0.00025996 
987.600000    0.00002880 
988.000000    0.00029628 
988.400000    0.00049885 
988.800000    0.00060653 
989.200000    0.00060719 
989.600000    0.00050750 
990.000000    0.00033061 
990.400000    0.00011115 
990.800000    -0.00011140 
991.200000    -0.00029980 
991.600000    -0.00042520 
992.000000    -0.00047156 
992.400000    -0.00043740 
992.800000    -0.00033491 
993.200000    -0.00018680 
993.600000    -0.00002141 
994.000000    0.00013255 
994.400000    0.00025104 
994.800000    0.00031828 
995.200000    0.00032863 
995.600000    0.00028653 
996.000000    0.00020459 
996.400000    0.00010056 
996.800000    -0.00000635 
997.200000    -0.00009893 
997.600000    -0.00016471 
998.000000    -0.00019746 
998.400000    -0.00019731 
998.800000    -0.00016975 
999.200000    -0.00012374 
999.600000    -0.00006943 
1000.000000    -0.00001609 
