0.000000    0.60560601 
0.238922    0.60561034 
0.478251    0.60552526 
0.719343    0.60507853 
0.964802    0.60375295 
1.218572    0.60075419 
1.485840    0.59509128 
1.772632    0.58592180 
2.084660    0.57327845 
2.424920    0.55909861 
2.790092    0.54791304 
3.167904    0.54579047 
3.539956    0.55635655 
3.891665    0.57561328 
4.221202    0.59232353 
4.537384    0.59751127 
4.849949    0.59217173 
5.159885    0.58022246 
5.466151    0.57677684 
5.762860    0.58096018 
6.046162    0.59017585 
6.316632    0.60005954 
6.578739    0.60713562 
6.839392    0.60916111 
7.106624    0.60506444 
7.388256    0.59505130 
7.689957    0.58091716 
8.012389    0.56660639 
8.348477    0.55781179 
8.683867    0.55937695 
9.003227    0.57132233 
9.299351    0.58673925 
9.576775    0.59580876 
9.850591    0.59750538 
10.127406    0.58654733 
10.411119    0.57379624 
10.698026    0.56656154 
10.980286    0.56797337 
11.251292    0.57619199 
11.508977    0.58678842 
11.756045    0.59551888 
11.994575    0.59501554 
12.237202    0.59302420 
12.493405    0.58458935 
12.771774    0.57021231 
13.077138    0.55246521 
13.406322    0.53698984 
13.745284    0.53075708 
14.073262    0.53767708 
14.374304    0.55398375 
14.646675    0.56881053 
14.901275    0.57245483 
15.153029    0.56314866 
15.412794    0.54652901 
15.682129    0.53168033 
15.953166    0.52581616 
16.214746    0.53014182 
16.458508    0.53867332 
16.685026    0.55021809 
16.899532    0.55898020 
17.110530    0.56292211 
17.328385    0.56086095 
17.564598    0.55179962 
17.830330    0.53560286 
18.132199    0.51479787 
18.465153    0.49614126 
18.808163    0.48864713 
19.131722    0.49696674 
19.415811    0.51521301 
19.661246    0.52980159 
19.883900    0.53096927 
20.103171    0.51814933 
20.334047    0.49717540 
20.580759    0.47745968 
20.833482    0.46787330 
21.074783    0.46983209 
21.292948    0.48023192 
21.486728    0.49228493 
21.662193    0.50248489 
21.828726    0.50946464 
21.997471    0.51241313 
22.181704    0.50986728 
22.397524    0.49933010 
22.661558    0.47886090 
22.980013    0.45204501 
23.332098    0.43097984 
23.672266    0.42741726 
23.960614    0.44063220 
24.188226    0.45672503 
24.371870    0.46209978 
24.535490    0.45374302 
24.701654    0.43472281 
24.889880    0.40921305 
25.108586    0.38423931 
25.340061    0.36962561 
25.550002    0.36915852 
25.719868    0.37570287 
25.852362    0.38273890 
25.958202    0.38853074 
26.048097    0.39380281 
26.131331    0.39971069 
26.217221    0.40689921 
26.318464    0.41465622 
26.458423    0.41870667 
26.683814    0.40642549 
27.041225    0.36465682 
27.440646    0.32253870 
27.750522    0.30788370 
27.949390    0.30827337 
28.068461    0.30339612 
28.141924    0.28795069 
28.191689    0.26768288 
28.230023    0.24798949 
28.264629    0.23120763 
28.303193    0.21754938 
28.363331    0.20536482 
28.545269    0.18294797 
28.946242    0.12610560 
29.044691    0.10756432 
29.065059    0.08080328 
29.069612    0.05846487 
29.070687    0.04284508 
29.070949    0.03192274 
29.071015    0.02404502 
29.071055    0.01816900 
29.071095    0.01364351 
29.071135    0.01005783 
29.071181    0.00716516 
29.071273    0.00484143 
29.071573    0.00304512 
29.071837    0.00173590 
29.071877    0.00086158 
29.080510    0.00049806 
29.115853    0.00042840 
29.161044    0.00043571 
29.198908    0.00045815 
29.226224    0.00046864 
29.245895    0.00046512 
29.261375    0.00045485 
29.275117    0.00044535 
29.288403    0.00044066 
29.301499    0.00044056 
29.314103    0.00044242 
29.325862    0.00044368 
29.336642    0.00044299 
29.346527    0.00044024 
29.355720    0.00043592 
29.364449    0.00043084 
29.372913    0.00042578 
29.381253    0.00042124 
29.389545    0.00041747 
29.397811    0.00041448 
29.406034    0.00041200 
29.414185    0.00040972 
29.422246    0.00040732 
29.430220    0.00040460 
29.438134    0.00040166 
29.446034    0.00039876 
29.453965    0.00039616 
29.461964    0.00039399 
29.470052    0.00039233 
29.478226    0.00039109 
29.486474    0.00039010 
29.494777    0.00038923 
29.503124    0.00038844 
29.511512    0.00038768 
29.519945    0.00038699 
29.528430    0.00038643 
29.536973    0.00038607 
29.545573    0.00038593 
29.554226    0.00038600 
29.562926    0.00038631 
29.571660    0.00038679 
29.580418    0.00038725 
29.589190    0.00038758 
29.597972    0.00038780 
29.606760    0.00038791 
29.615556    0.00038802 
29.624361    0.00038827 
29.633179    0.00038870 
29.642005    0.00038925 
29.650833    0.00038990 
29.659652    0.00039049 
29.668454    0.00039090 
29.677233    0.00039118 
29.685993    0.00039138 
29.694743    0.00039157 
29.703498    0.00039185 
29.712268    0.00039224 
29.721055    0.00039262 
29.729855    0.00039290 
29.738660    0.00039309 
29.747466    0.00039330 
29.756274    0.00039368 
29.765089    0.00039434 
29.773911    0.00039520 
29.782738    0.00039603 
29.791566    0.00039666 
