0.000000    0.00000000 
0.238922    0.02271645 
0.478251    0.04406664 
0.719343    0.06301184 
0.964802    0.07872888 
1.218572    0.09043069 
1.485840    0.09718673 
1.772632    0.09777936 
2.084660    0.09068317 
2.424920    0.07435046 
2.790092    0.04803942 
3.167904    0.01323277 
3.539956    -0.02492879 
3.891665    -0.05782268 
4.221202    -0.07676900 
4.537384    -0.07754024 
4.849949    -0.06151015 
5.159885    -0.03436797 
5.466151    -0.00059648 
5.762860    0.03285413 
6.046162    0.06213600 
6.316632    0.08534931 
6.578739    0.10183142 
6.839392    0.11132103 
7.106624    0.11345218 
7.388256    0.10754082 
7.689957    0.09268791 
8.012389    0.06831926 
8.348477    0.03518304 
8.683867    -0.00350886 
9.003227    -0.04163507 
9.299351    -0.07161174 
9.576775    -0.08753423 
9.850591    -0.08490048 
10.127406    -0.06949070 
10.411119    -0.04246606 
10.698026    -0.00888784 
10.980286    0.02588994 
11.251292    0.05770350 
11.508977    0.08413891 
11.756045    0.10418210 
11.994575    0.12137152 
12.237202    0.12823027 
12.493405    0.12723577 
12.771774    0.11716535 
13.077138    0.09665513 
13.406322    0.06509113 
13.745284    0.02420973 
14.073262    -0.02060171 
14.374304    -0.06096085 
14.646675    -0.08873908 
14.901275    -0.09956016 
15.153029    -0.09299231 
15.412794    -0.07094982 
15.682129    -0.03733967 
15.953166    0.00208444 
16.214746    0.04136359 
16.458508    0.07699418 
16.685026    0.10574289 
16.899532    0.12753928 
17.110530    0.14251037 
17.328385    0.15047985 
17.564598    0.15043459 
17.830330    0.14029984 
18.132199    0.11741818 
18.465153    0.08031903 
18.808163    0.03126765 
19.131722    -0.02242851 
19.415811    -0.07005105 
19.661246    -0.10244155 
19.883900    -0.11606258 
20.103171    -0.11135614 
20.334047    -0.08963844 
20.580759    -0.05337932 
20.833482    -0.00802553 
21.074783    0.03905970 
21.292948    0.08167779 
21.486728    0.11691154 
21.662193    0.14459335 
21.828726    0.16559426 
21.997471    0.18056162 
22.181704    0.18909011 
22.397524    0.18887372 
22.661558    0.17494429 
22.980013    0.14108689 
23.332098    0.08580962 
23.672266    0.01732972 
23.960614    -0.04956167 
24.188226    -0.10127635 
24.371870    -0.13244237 
24.535490    -0.14493432 
24.701654    -0.14105740 
24.889880    -0.11982764 
25.108586    -0.07880949 
25.340061    -0.02146602 
25.550002    0.04023571 
25.719868    0.09443743 
25.852362    0.13726950 
25.958202    0.17020498 
26.048097    0.19612993 
26.131331    0.21763263 
26.217221    0.23668176 
26.318464    0.25459200 
26.458423    0.27112999 
26.683814    0.27852964 
27.041225    0.24256147 
27.440646    0.13595426 
27.750522    0.01625458 
27.949390    -0.07639427 
28.068461    -0.13618092 
28.141924    -0.17109653 
28.191689    -0.19163342 
28.230023    -0.20474591 
28.264629    -0.21416409 
28.303193    -0.22188952 
28.363331    -0.22893840 
28.545269    -0.22958126 
28.946242    -0.08996610 
29.044691    0.08333066 
29.065059    0.13300402 
29.069612    0.14464750 
29.070687    0.14741081 
29.070949    0.14813363 
29.071015    0.14839362 
29.071055    0.14858423 
29.071095    0.14883993 
29.071135    0.14923217 
29.071181    0.14988688 
29.071273    0.15107720 
29.071573    0.15325634 
29.071837    0.15700039 
29.071877    0.17241879 
29.080510    0.21702096 
29.115853    0.22837421 
29.161044    0.17176548 
29.198908    0.09939306 
29.226224    0.04020401 
29.245895    -0.00317706 
29.261375    -0.03308472 
29.275117    -0.05080644 
29.288403    -0.05699978 
29.301499    -0.05333113 
29.314103    -0.04290158 
29.325862    -0.02918603 
29.336642    -0.01492630 
29.346527    -0.00184013 
29.355720    0.00913756 
29.364449    0.01754703 
29.372913    0.02320388 
29.381253    0.02610889 
29.389545    0.02642266 
29.397811    0.02445720 
29.406034    0.02065512 
29.414185    0.01554957 
29.422246    0.00971557 
29.430220    0.00372509 
29.438134    -0.00189283 
29.446034    -0.00668512 
29.453965    -0.01029851 
29.461964    -0.01250372 
29.470052    -0.01322009 
29.478226    -0.01252307 
29.486474    -0.01062595 
29.494777    -0.00784280 
29.503124    -0.00454207 
29.511512    -0.00110099 
29.519945    0.00213217 
29.528430    0.00486484 
29.536973    0.00687846 
29.545573    0.00803930 
29.554226    0.00830241 
29.562926    0.00770916 
29.571660    0.00637812 
29.580418    0.00449120 
29.589190    0.00227426 
29.597972    -0.00002592 
29.606760    -0.00216577 
29.615556    -0.00392883 
29.624361    -0.00514702 
29.633179    -0.00571732 
29.642005    -0.00561231 
29.650833    -0.00488150 
29.659652    -0.00364247 
29.668454    -0.00206309 
29.677233    -0.00033813 
29.685993    0.00133453 
29.694743    0.00277440 
29.703498    0.00383472 
29.712268    0.00441490 
29.721055    0.00446948 
29.729855    0.00401219 
29.738660    0.00311343 
29.747466    0.00189138 
29.756274    0.00049800 
29.765089    -0.00089795 
29.773911    -0.00213004 
29.782738    -0.00305427 
29.791566    -0.00356785 
29.800390    -0.00362217 
29.809211    -0.00322733 
