0.000000    0.54667983 
0.106295    0.54661264 
0.212600    0.54653946 
0.318939    0.54649383 
0.425358    0.54653501 
0.531916    0.54675105 
0.638690    0.54724727 
0.745772    0.54811740 
0.853269    0.54942770 
0.961304    0.55119454 
1.070023    0.55339476 
1.179593    0.55595429 
1.290209    0.55876049 
1.402092    0.56166265 
1.515495    0.56448709 
1.630703    0.56703892 
1.748027    0.56911481 
1.867810    0.57051242 
1.990412    0.57104220 
2.116210    0.57054147 
2.245580    0.56888749 
2.378885    0.56601121 
2.516454    0.56191151 
2.658566    0.55665330 
2.805422    0.55037448 
2.957134    0.54330864 
3.113700    0.53569654 
3.274995    0.52781888 
3.440784    0.51997347 
3.610713    0.51245043 
3.784321    0.50552050 
3.961060    0.49940083 
4.140302    0.49430021 
4.321350    0.49043539 
4.503433    0.48804436 
4.685699    0.48748729 
4.867183    0.48915783 
5.046862    0.49336543 
5.223704    0.50025732 
5.396683    0.50996992 
5.564756    0.52274789 
5.726823    0.53886006 
5.881717    0.55843364 
6.028221    0.58116654 
6.165116    0.60597862 
6.291281    0.63070736 
6.405853    0.65205707 
6.508427    0.66613213 
6.599244    0.66981273 
6.679275    0.66234033 
6.750140    0.64563458 
6.813908    0.62286240 
6.872895    0.59672160 
6.929523    0.56874324 
6.986300    0.53938760 
7.045831    0.50832910 
7.110725    0.47486202 
7.183165    0.43867174 
7.264022    0.40090139 
7.351955    0.36451746 
7.443520    0.33294222 
7.534570    0.30808188 
7.621746    0.28984039 
7.703041    0.27701439 
7.777593    0.26822375 
7.845251    0.26232895 
7.906248    0.25845858 
7.961009    0.25597008 
8.010031    0.25441822 
8.053821    0.25348158 
8.092873    0.25289562 
8.127654    0.25239989 
8.158600    0.25171756 
8.186114    0.25058120 
8.210566    0.24878263 
8.232288    0.24621296 
8.251582    0.24287798 
8.268716    0.23888228 
8.283929    0.23438682 
8.297435    0.22956144 
8.309420    0.22455288 
8.320052    0.21947263 
8.329478    0.21439725 
8.337828    0.20937344 
8.345222    0.20442344 
8.351762    0.19954963 
8.357506    0.19414894 
8.362580    0.18935895 
8.367059    0.18456570 
8.371004    0.17956249 
8.374484    0.17459451 
8.377553    0.16944186 
8.380263    0.16402356 
8.382655    0.15825466 
8.384770    0.15203921 
8.386642    0.14527407 
8.388301    0.13785089 
8.389775    0.12966045 
8.391088    0.12060103 
8.392259    0.11059373 
8.393308    0.09960958 
8.394250    0.08771742 
8.395097    0.07517868 
8.395892    0.06273031 
8.396498    0.05209774 
8.396541    0.04645503 
8.408116    0.05193942 
