0.000000    0.00000000 
0.106295    0.01310700 
0.212600    0.02605608 
0.318939    0.03876401 
0.425358    0.05121187 
0.531916    0.06339872 
0.638690    0.07531372 
0.745772    0.08692864 
0.853269    0.09819983 
0.961304    0.10907021 
1.070023    0.11947333 
1.179593    0.12933324 
1.290209    0.13856649 
1.402092    0.14708225 
1.515495    0.15478337 
1.630703    0.16156688 
1.748027    0.16732541 
1.867810    0.17194863 
1.990412    0.17532577 
2.116210    0.17734889 
2.245580    0.17791726 
2.378885    0.17694296 
2.516454    0.17435755 
2.658566    0.17011708 
2.805422    0.16421295 
2.957134    0.15668245 
3.113700    0.14758697 
3.274995    0.13703380 
3.440784    0.12516075 
3.610713    0.11212718 
3.784321    0.09809152 
3.961060    0.08318348 
4.140302    0.06749583 
4.321350    0.05104458 
4.503433    0.03374313 
4.685699    0.01544699 
4.867183    -0.00378818 
5.046862    -0.02353656 
5.223704    -0.04352519 
5.396683    -0.06391491 
5.564756    -0.08497823 
5.726823    -0.10691134 
5.881717    -0.12981793 
6.028221    -0.15370235 
6.165116    -0.17842952 
6.291281    -0.20366381 
6.405853    -0.22882002 
6.508427    -0.25307190 
6.599244    -0.27546464 
6.679275    -0.29511669 
6.750140    -0.31141037 
6.813908    -0.32405425 
6.872895    -0.33298179 
6.929523    -0.33814406 
6.986300    -0.33927432 
7.045831    -0.33566719 
7.110725    -0.32602271 
7.183165    -0.30853538 
7.264022    -0.28157989 
7.351955    -0.24504734 
7.443520    -0.20125600 
7.534570    -0.15411319 
7.621746    -0.10725209 
7.703041    -0.06294761 
7.777593    -0.02216065 
7.845251    0.01492194 
7.906248    0.04837638 
7.961009    0.07850975 
8.010031    0.10567742 
8.053821    0.13019133 
8.092873    0.15232295 
8.127654    0.17230923 
8.158600    0.19035828 
8.186114    0.20665446 
8.210566    0.22136259 
8.232288    0.23463098 
8.251582    0.24659361 
8.268716    0.25737174 
8.283929    0.26707513 
8.297435    0.27580311 
8.309420    0.28364562 
8.320052    0.29068424 
8.329478    0.29699312 
8.337828    0.30263992 
8.345222    0.30768660 
8.351762    0.31219016 
8.357506    0.31621614 
8.362580    0.31977784 
8.367059    0.32294156 
8.371004    0.32574617 
8.374484    0.32823329 
8.377553    0.33043701 
8.380263    0.33238920 
8.382655    0.33411873 
8.384770    0.33565174 
8.386642    0.33701170 
8.388301    0.33821961 
8.389775    0.33929417 
8.391088    0.34025197 
8.392259    0.34110772 
8.393308    0.34187451 
8.394250    0.34256397 
0.000000    0.00000000 
0.106295    0.01310700 
0.212600    0.02605608 
0.318939    0.03876401 
0.425358    0.05121187 
0.531916    0.06339872 
0.638690    0.07531372 
0.745772    0.08692864 
0.853269    0.09819983 
0.961304    0.10907021 
1.070023    0.11947333 
1.179593    0.12933324 
1.290209    0.13856649 
1.402092    0.14708225 
1.515495    0.15478337 
1.630703    0.16156688 
1.748027    0.16732541 
1.867810    0.17194863 
1.990412    0.17532577 
2.116210    0.17734889 
2.245580    0.17791726 
2.378885    0.17694296 
2.516454    0.17435755 
2.658566    0.17011708 
2.805422    0.16421295 
2.957134    0.15668245 
3.113700    0.14758697 
3.274995    0.13703380 
3.440784    0.12516075 
3.610713    0.11212718 
3.784321    0.09809152 
3.961060    0.08318348 
4.140302    0.06749583 
4.321350    0.05104458 
4.503433    0.03374313 
4.685699    0.01544699 
4.867183    -0.00378818 
5.046862    -0.02353656 
5.223704    -0.04352519 
5.396683    -0.06391491 
5.564756    -0.08497823 
5.726823    -0.10691134 
5.881717    -0.12981793 
6.028221    -0.15370235 
6.165116    -0.17842952 
6.291281    -0.20366381 
6.405853    -0.22882002 
6.508427    -0.25307190 
6.599244    -0.27546464 
6.679275    -0.29511669 
6.750140    -0.31141037 
6.813908    -0.32405425 
6.872895    -0.33298179 
6.929523    -0.33814406 
6.986300    -0.33927432 
7.045831    -0.33566719 
7.110725    -0.32602271 
7.183165    -0.30853538 
7.264022    -0.28157989 
7.351955    -0.24504734 
7.443520    -0.20125600 
7.534570    -0.15411319 
7.621746    -0.10725209 
7.703041    -0.06294761 
7.777593    -0.02216065 
7.845251    0.01492194 
7.906248    0.04837638 
7.961009    0.07850975 
8.010031    0.10567742 
8.053821    0.13019133 
8.092873    0.15232295 
8.127654    0.17230923 
8.158600    0.19035828 
8.186114    0.20665446 
8.210566    0.22136259 
8.232288    0.23463098 
8.251582    0.24659361 
8.268716    0.25737174 
8.283929    0.26707513 
8.297435    0.27580311 
8.309420    0.28364562 
8.320052    0.29068424 
8.329478    0.29699312 
8.337828    0.30263992 
8.345222    0.30768660 
8.351762    0.31219016 
8.357506    0.31621614 
8.362580    0.31977784 
8.367059    0.32294156 
8.371004    0.32574617 
8.374484    0.32823329 
8.377553    0.33043701 
8.380263    0.33238920 
8.382655    0.33411873 
8.384770    0.33565174 
8.386642    0.33701170 
8.388301    0.33821961 
8.389775    0.33929417 
8.391088    0.34025197 
8.392259    0.34110772 
8.393308    0.34187451 
8.394250    0.34256397 
8.395097    0.34318467 
8.395892    0.34378025 
8.396498    0.34429272 
8.396541    0.34284776 
8.408116    0.35474378 
