0.000000    0.00000000 
0.400000    0.02659529 
0.800000    0.04807626 
1.200000    0.06121322 
1.600000    0.06454358 
2.000000    0.05800387 
2.400000    0.04269271 
2.800000    0.02082904 
3.200000    -0.00412069 
3.600000    -0.02738216 
4.000000    -0.04347511 
4.400000    -0.04805784 
4.800000    -0.04025397 
5.200000    -0.02319737 
5.600000    -0.00207840 
6.000000    0.01825158 
6.400000    0.03441826 
6.800000    0.04454904 
7.200000    0.04791065 
7.600000    0.04458034 
8.000000    0.03526882 
8.400000    0.02128759 
8.800000    0.00460262 
9.200000    -0.01214353 
9.600000    -0.02584741 
10.000000    -0.03361040 
10.400000    -0.03376445 
10.800000    -0.02663269 
11.200000    -0.01435910 
11.600000    0.00006340 
12.000000    0.01380517 
12.400000    0.02474549 
12.800000    0.03157764 
13.200000    0.03370797 
13.600000    0.03112653 
14.000000    0.02432543 
14.400000    0.01427372 
14.800000    0.00241465 
15.200000    -0.00938768 
15.600000    -0.01905406 
16.000000    -0.02471632 
16.400000    -0.02527603 
16.800000    -0.02080562 
17.200000    -0.01250768 
17.600000    -0.00225309 
18.000000    0.00799566 
18.400000    0.01659633 
18.800000    0.02240479 
19.200000    0.02479412 
19.600000    0.02361125 
20.000000    0.01913065 
20.400000    0.01202400 
20.800000    0.00333255 
21.200000    -0.00559638 
21.600000    -0.01326122 
22.000000    -0.01827733 
22.400000    -0.01972316 
22.800000    -0.01741843 
23.200000    -0.01197480 
23.600000    -0.00458262 
24.000000    0.00334152 
24.400000    0.01047607 
24.800000    0.01579225 
25.200000    0.01863205 
25.600000    0.01871452 
26.000000    0.01611590 
26.400000    0.01124682 
26.800000    0.00482628 
27.200000    -0.00216778 
27.600000    -0.00860187 
28.000000    -0.01336584 
28.400000    -0.01560946 
28.800000    -0.01496276 
29.200000    -0.01163814 
29.600000    -0.00635817 
30.000000    -0.00014672 
30.400000    0.00591666 
30.800000    0.01089248 
31.200000    0.01409564 
31.600000    0.01514179 
32.000000    0.01395378 
32.400000    0.01074990 
32.800000    0.00602088 
33.200000    0.00048836 
33.600000    -0.00497121 
34.000000    -0.00945114 
34.400000    -0.01218202 
34.800000    -0.01270379 
35.200000    -0.01097906 
35.600000    -0.00739550 
36.000000    -0.00265537 
36.400000    0.00239727 
36.800000    0.00694595 
37.200000    0.01032503 
37.600000    0.01208845 
38.000000    0.01203679 
38.400000    0.01021953 
38.800000    0.00692287 
39.200000    0.00264344 
39.600000    -0.00196023 
40.000000    -0.00614915 
40.400000    -0.00922131 
40.800000    -0.01064934 
41.200000    -0.01020042 
41.600000    -0.00799291 
42.000000    -0.00446421 
42.400000    -0.00026285 
42.800000    0.00389294 
43.200000    0.00734564 
43.600000    0.00959230 
44.000000    0.01033765 
44.400000    0.00951429 
44.800000    0.00727926 
45.200000    0.00399153 
45.600000    0.00016917 
46.000000    -0.00357764 
46.400000    -0.00663889 
46.800000    -0.00851224 
47.200000    -0.00890251 
47.600000    -0.00778219 
48.000000    -0.00539079 
48.400000    -0.00217355 
48.800000    0.00131704 
49.200000    0.00452511 
49.600000    0.00697652 
50.000000    0.00833555 
50.400000    0.00843505 
50.800000    0.00728606 
51.200000    0.00507202 
51.600000    0.00212818 
52.000000    -0.00109590 
52.400000    -0.00409433 
52.800000    -0.00638196 
53.200000    -0.00758076 
53.600000    -0.00749570 
54.000000    -0.00615652 
54.400000    -0.00381060 
54.800000    -0.00086881 
55.200000    0.00217726 
55.600000    0.00484307 
56.000000    0.00672535 
56.400000    0.00755408 
56.800000    0.00722178 
57.200000    0.00579257 
57.600000    0.00349285 
58.000000    0.00068342 
58.400000    -0.00218829 
58.800000    -0.00465522 
59.200000    -0.00631008 
59.600000    -0.00688203 
60.000000    -0.00629056 
60.400000    -0.00465958 
60.800000    -0.00228714 
61.200000    0.00041835 
61.600000    0.00301574 
62.000000    0.00510344 
62.400000    0.00637512 
62.800000    0.00665541 
63.200000    0.00591713 
63.600000    0.00428229 
64.000000    0.00200718 
64.400000    -0.00054958 
64.800000    -0.00297711 
65.200000    -0.00487755 
65.600000    -0.00593706 
66.000000    -0.00598675 
66.400000    -0.00503596 
66.800000    -0.00326744 
67.200000    -0.00099618 
67.600000    0.00139465 
68.000000    0.00352261 
68.400000    0.00506547 
68.800000    0.00580344 
69.200000    0.00564316 
69.600000    0.00462487 
70.000000    0.00291475 
70.400000    0.00078283 
70.800000    -0.00143368 
71.200000    -0.00338023 
71.600000    -0.00474287 
72.000000    -0.00530416 
72.400000    -0.00498379 
72.800000    -0.00385247 
73.200000    -0.00211505 
73.600000    -0.00006820 
74.000000    0.00195519 
74.400000    0.00364138 
74.800000    0.00474137 
75.200000    0.00510213 
75.600000    0.00468281 
76.000000    0.00355710 
76.400000    0.00190258 
76.800000    -0.00002272 
77.200000    -0.00191610 
77.600000    -0.00347594 
78.000000    -0.00445172 
78.400000    -0.00468881 
78.800000    -0.00415722 
79.200000    -0.00295627 
79.600000    -0.00129396 
80.000000    0.00055328 
80.400000    0.00228977 
80.800000    0.00364809 
81.200000    0.00442741 
81.600000    0.00451899 
82.000000    0.00391815 
82.400000    0.00272312 
82.800000    0.00112149 
83.200000    -0.00063548 
83.600000    -0.00226922 
84.000000    -0.00351768 
84.400000    -0.00417978 
84.800000    -0.00415179 
85.200000    -0.00344638 
85.600000    -0.00218929 
86.000000    -0.00059443 
86.400000    0.00107594 
86.800000    0.00255639 
87.200000    0.00361991 
87.600000    0.00411005 
88.000000    0.00396081 
88.400000    0.00320351 
88.800000    0.00196117 
89.200000    0.00043083 
89.600000    -0.00114503 
90.000000    -0.00251550 
90.400000    -0.00346199 
90.800000    -0.00383563 
91.200000    -0.00358330 
91.600000    -0.00275605 
92.000000    -0.00149773 
92.400000    -0.00001735 
92.800000    0.00144805 
93.200000    0.00267169 
93.600000    0.00347037 
94.000000    0.00372875 
94.400000    0.00341345 
94.800000    0.00257644 
95.200000    0.00134814 
95.600000    -0.00008002 
96.000000    -0.00148265 
96.400000    -0.00263500 
96.800000    -0.00335038 
97.200000    -0.00351347 
97.600000    -0.00310174 
98.000000    -0.00218946 
98.400000    -0.00093301 
98.800000    0.00045866 
99.200000    0.00176110 
99.600000    0.00277115 
100.000000    0.00333728 
100.400000    0.00337987 
100.800000    0.00290021 
101.200000    0.00197856 
101.600000    0.00076179 
102.000000    -0.00055804 
102.400000    -0.00177240 
102.800000    -0.00268888 
103.200000    -0.00316288 
103.600000    -0.00312226 
104.000000    -0.00257963 
104.400000    -0.00162920 
104.800000    -0.00042911 
105.200000    0.00082658 
105.600000    0.00194022 
106.000000    0.00274119 
106.400000    0.00311036 
106.800000    0.00299607 
107.200000    0.00242026 
107.600000    0.00147490 
108.000000    0.00030877 
108.400000    -0.00089413 
108.800000    -0.00194270 
109.200000    -0.00266955 
109.600000    -0.00295926 
110.000000    -0.00276853 
110.400000    -0.00213343 
110.800000    -0.00116217 
111.200000    -0.00001511 
111.600000    0.00112320 
112.000000    0.00207435 
112.400000    0.00269322 
112.800000    0.00288860 
113.200000    0.00263513 
113.600000    0.00197591 
114.000000    0.00101591 
114.400000    -0.00009338 
114.800000    -0.00117649 
115.200000    -0.00206127 
115.600000    -0.00260700 
116.000000    -0.00272813 
116.400000    -0.00240903 
116.800000    -0.00170611 
117.200000    -0.00073713 
117.600000    0.00033993 
118.000000    0.00135361 
118.400000    0.00214639 
118.800000    0.00259812 
119.200000    0.00264290 
119.600000    0.00227764 
120.000000    0.00156190 
120.400000    0.00060908 
120.800000    -0.00043025 
121.200000    -0.00139123 
121.600000    -0.00212087 
122.000000    -0.00250336 
122.400000    -0.00247978 
122.800000    -0.00205803 
123.200000    -0.00131069 
123.600000    -0.00036157 
124.000000    0.00063605 
124.400000    0.00152483 
124.800000    0.00216786 
125.200000    0.00246861 
125.600000    0.00238418 
126.000000    0.00193072 
126.400000    0.00118069 
126.800000    0.00025238 
127.200000    -0.00070757 
127.600000    -0.00154670 
128.000000    -0.00213124 
128.400000    -0.00236853 
128.800000    -0.00222293 
129.200000    -0.00172168 
129.600000    -0.00094953 
130.000000    -0.00003338 
130.400000    0.00087973 
130.800000    0.00164657 
131.200000    0.00214975 
131.600000    0.00231456 
132.000000    0.00211903 
132.400000    0.00159631 
132.800000    0.00082950 
133.200000    -0.00006056 
133.600000    -0.00093337 
134.000000    -0.00165054 
134.400000    -0.00209821 
134.800000    -0.00220603 
135.200000    -0.00195919 
135.600000    -0.00140062 
136.000000    -0.00062315 
136.400000    0.00024692 
136.800000    0.00107105 
137.200000    0.00172065 
137.600000    0.00209658 
138.000000    0.00214336 
138.400000    0.00185657 
138.800000    0.00128303 
139.200000    0.00051371 
139.600000    -0.00032987 
140.000000    -0.00111409 
140.400000    -0.00171441 
140.800000    -0.00203573 
141.200000    -0.00202830 
141.600000    -0.00169605 
142.000000    -0.00109552 
142.400000    -0.00032557 
142.800000    0.00048970 
143.200000    0.00122143 
143.600000    0.00175625 
144.000000    0.00201316 
144.400000    0.00195495 
144.800000    0.00159308 
145.200000    0.00098568 
145.600000    0.00022878 
146.000000    -0.00055799 
146.400000    -0.00124996 
146.800000    -0.00173729 
147.200000    -0.00194306 
147.600000    -0.00183620 
148.000000    -0.00143654 
148.400000    -0.00081097 
148.800000    -0.00006157 
149.200000    0.00069172 
149.600000    0.00133059 
150.000000    0.00175663 
150.400000    0.00190577 
150.800000    0.00175728 
151.200000    0.00133626 
151.600000    0.00070978 
152.000000    -0.00002322 
152.400000    -0.00074685 
152.800000    -0.00134640 
153.200000    -0.00172682 
153.600000    -0.00182842 
154.000000    -0.00163689 
154.400000    -0.00118542 
154.800000    -0.00054868 
155.200000    0.00017024 
155.600000    0.00085699 
156.000000    0.00140426 
156.400000    0.00172819 
156.800000    0.00178048 
157.200000    0.00155514 
157.600000    0.00108894 
158.000000    0.00045583 
158.400000    -0.00024418 
158.800000    -0.00090036 
159.200000    -0.00140868 
159.600000    -0.00168871 
160.000000    -0.00169699 
160.400000    -0.00143414 
160.800000    -0.00094455 
161.200000    -0.00030840 
161.600000    0.00037200 
162.000000    0.00098904 
162.400000    0.00144676 
162.800000    0.00167534 
163.200000    0.00164115 
163.600000    0.00135133 
164.000000    0.00085247 
164.400000    0.00022357 
164.800000    -0.00043595 
165.200000    -0.00102164 
165.600000    -0.00144066 
166.000000    -0.00162692 
166.400000    -0.00155211 
166.800000    -0.00123018 
167.200000    -0.00071475 
167.600000    -0.00008964 
168.000000    0.00054521 
168.400000    0.00108995 
168.800000    0.00146033 
169.200000    0.00160026 
169.600000    0.00148977 
170.000000    0.00114768 
170.400000    0.00062852 
170.800000    0.00001435 
171.200000    -0.00059778 
171.600000    -0.00111094 
172.000000    -0.00144392 
172.400000    -0.00154446 
172.800000    -0.00139794 
173.200000    -0.00102965 
173.600000    -0.00050019 
174.000000    0.00010494 
174.400000    0.00068950 
174.800000    0.00116195 
175.200000    0.00144949 
175.600000    0.00150885 
176.000000    0.00133239 
176.400000    0.00094899 
176.800000    0.00041954 
177.200000    -0.00017225 
177.600000    -0.00073278 
178.000000    -0.00117327 
178.400000    -0.00142412 
178.800000    -0.00144631 
179.200000    -0.00123783 
179.600000    -0.00083377 
180.000000    -0.00030009 
180.400000    0.00027751 
180.800000    0.00080766 
181.200000    0.00120776 
181.600000    0.00141649 
182.000000    0.00140282 
182.400000    0.00117031 
182.800000    0.00075637 
183.200000    0.00022650 
183.600000    -0.00033558 
184.000000    -0.00084100 
184.400000    -0.00120973 
184.800000    -0.00138363 
185.200000    -0.00133597 
185.600000    -0.00107578 
186.000000    -0.00064616 
186.400000    -0.00011676 
186.800000    0.00042780 
187.200000    0.00090169 
187.600000    0.00123127 
188.000000    0.00136624 
188.400000    0.00128692 
188.800000    0.00100697 
189.200000    0.00057115 
189.600000    0.00004845 
190.000000    -0.00047848 
190.400000    -0.00092623 
190.800000    -0.00122402 
191.200000    -0.00132514 
191.600000    -0.00121463 
192.000000    -0.00091159 
192.400000    -0.00046575 
192.800000    0.00005103 
193.200000    0.00055661 
193.600000    0.00097169 
194.000000    0.00123210 
194.400000    0.00129837 
194.800000    0.00116140 
195.200000    0.00084365 
195.600000    0.00039561 
196.000000    -0.00011187 
196.400000    -0.00059855 
196.800000    -0.00098737 
197.200000    -0.00121690 
197.600000    -0.00125135 
198.000000    -0.00108639 
198.400000    -0.00074973 
198.800000    -0.00029624 
199.200000    0.00020128 
199.600000    0.00066405 
200.000000    0.00101976 
200.400000    0.00121369 
200.800000    0.00121676 
201.200000    0.00102970 
201.600000    0.00068273 
202.000000    0.00023087 
202.400000    -0.00025449 
202.800000    -0.00069665 
203.200000    -0.00102573 
203.600000    -0.00118996 
204.000000    -0.00116406 
204.400000    -0.00095333 
204.800000    -0.00059259 
205.200000    -0.00014020 
205.600000    0.00033167 
206.000000    0.00074868 
206.400000    0.00104598 
206.800000    0.00117803 
207.200000    0.00112534 
207.600000    0.00089713 
208.000000    0.00052983 
208.400000    0.00008151 
208.800000    -0.00037711 
209.200000    -0.00077357 
209.600000    -0.00104529 
210.000000    -0.00114960 
210.400000    -0.00107071 
210.800000    -0.00082222 
211.200000    -0.00044468 
211.600000    0.00000124 
212.000000    0.00044473 
212.400000    0.00081615 
212.800000    0.00105784 
213.200000    0.00113285 
213.600000    0.00103032 
214.000000    0.00076704 
214.400000    0.00038473 
214.800000    -0.00005623 
215.200000    -0.00048616 
215.600000    -0.00083702 
216.000000    -0.00105327 
216.400000    -0.00110094 
216.800000    -0.00097315 
217.200000    -0.00069119 
217.600000    -0.00030082 
218.000000    0.00013535 
218.400000    0.00054811 
218.800000    0.00087266 
219.200000    0.00105861 
219.600000    0.00107761 
220.000000    0.00092748 
220.400000    0.00063243 
220.800000    0.00023932 
221.200000    -0.00018956 
221.600000    -0.00058618 
222.000000    -0.00088759 
222.400000    -0.00104606 
222.800000    -0.00103692 
223.200000    -0.00086252 
223.600000    -0.00055175 
224.000000    -0.00015507 
224.400000    0.00026392 
224.800000    0.00063881 
225.200000    0.00091089 
225.600000    0.00103818 
226.000000    0.00100169 
226.400000    0.00080817 
226.800000    0.00048886 
227.200000    0.00009464 
227.600000    -0.00031185 
228.000000    -0.00066615 
228.400000    -0.00091222 
228.800000    -0.00101149 
229.200000    -0.00094916 
229.600000    -0.00073642 
230.000000    -0.00040842 
230.400000    -0.00001823 
230.800000    0.00037192 
231.200000    0.00070066 
231.600000    0.00091708 
232.000000    0.00098841 
232.400000    0.00090477 
232.800000    0.00068042 
233.200000    0.00035142 
233.600000    -0.00003004 
234.000000    -0.00040377 
234.400000    -0.00071099 
234.800000    -0.00090369 
235.200000    -0.00095228 
235.600000    -0.00085022 
236.000000    -0.00061492 
236.400000    -0.00028464 
236.800000    0.00008790 
237.200000    0.00044406 
237.600000    0.00072856 
238.000000    0.00089790 
238.400000    0.00092677 
238.800000    0.00081171 
239.200000    0.00057140 
239.600000    0.00024372 
240.000000    -0.00012003 
240.400000    -0.00046305 
240.800000    -0.00073180 
241.200000    -0.00088448 
241.600000    -0.00089761 
242.000000    -0.00076974 
242.400000    -0.00052160 
242.800000    -0.00019262 
243.200000    0.00016543 
243.600000    0.00049670 
244.000000    0.00074990 
244.400000    0.00088608 
244.800000    0.00088445 
245.200000    0.00074545 
245.600000    0.00049065 
246.000000    0.00015954 
246.400000    -0.00019634 
246.800000    -0.00052131 
247.200000    -0.00076421 
247.600000    -0.00088654 
248.000000    -0.00086872 
248.400000    -0.00071338 
248.800000    -0.00044495 
249.200000    -0.00010579 
249.600000    0.00025062 
250.000000    0.00056815 
250.400000    0.00079683 
250.800000    0.00090059 
251.200000    0.00086282 
251.600000    0.00068900 
252.000000    0.00040597 
252.400000    0.00005804 
252.800000    -0.00029983 
253.200000    -0.00061055 
253.600000    -0.00082409 
254.000000    -0.00090571 
254.400000    -0.00084182 
254.800000    -0.00064240 
255.200000    -0.00033940 
255.600000    0.00001848 
256.000000    0.00037376 
256.400000    0.00066947 
256.800000    0.00085832 
257.200000    0.00091009 
257.600000    0.00081644 
258.000000    0.00059223 
258.400000    0.00027329 
258.800000    -0.00008917 
259.200000    -0.00043661 
259.600000    -0.00071269 
260.000000    -0.00087252 
260.400000    -0.00089021 
260.800000    -0.00076327 
261.200000    -0.00051295 
261.600000    -0.00018060 
262.000000    0.00017934 
262.400000    0.00050844 
262.800000    0.00075383 
263.200000    0.00087663 
263.600000    0.00085796 
264.000000    0.00070185 
264.400000    0.00043433 
264.800000    0.00009929 
265.200000    -0.00024869 
265.600000    -0.00055318 
266.000000    -0.00076514 
266.400000    -0.00085103 
266.800000    -0.00079827 
267.200000    -0.00061712 
267.600000    -0.00033870 
268.000000    -0.00000940 
268.400000    0.00031698 
268.800000    0.00058816 
269.200000    0.00076173 
269.600000    0.00081166 
270.000000    0.00073207 
270.400000    0.00053775 
270.800000    0.00026145 
271.200000    -0.00005154 
271.600000    -0.00035079 
272.000000    -0.00058889 
272.400000    -0.00072905 
272.800000    -0.00075088 
273.200000    -0.00065338 
273.600000    -0.00045463 
274.000000    -0.00018836 
274.400000    0.00010194 
274.800000    0.00037027 
275.200000    0.00057537 
275.600000    0.00068703 
276.000000    0.00069031 
276.400000    0.00058732 
276.800000    0.00039642 
277.200000    0.00014895 
277.600000    -0.00011587 
278.000000    -0.00035713 
278.400000    -0.00053852 
278.800000    -0.00063380 
279.200000    -0.00063050 
279.600000    -0.00053153 
280.000000    -0.00035413 
280.400000    -0.00012687 
280.800000    0.00011510 
281.200000    0.00033549 
281.600000    0.00050220 
282.000000    0.00059182 
282.400000    0.00059271 
282.800000    0.00050628 
283.200000    0.00034647 
283.600000    0.00013751 
284.000000    -0.00008961 
284.400000    -0.00030168 
284.800000    -0.00046790 
285.200000    -0.00056430 
285.600000    -0.00057707 
286.000000    -0.00050453 
286.400000    -0.00035732 
286.800000    -0.00015682 
287.200000    0.00006783 
287.600000    0.00028393 
288.000000    0.00045978 
288.400000    0.00056920 
288.800000    0.00059525 
289.200000    0.00053284 
289.600000    0.00038968 
290.000000    0.00018554 
290.400000    -0.00005023 
290.800000    -0.00028268 
291.200000    -0.00047634 
291.600000    -0.00060051 
292.000000    -0.00063427 
292.400000    -0.00057007 
292.800000    -0.00041539 
293.200000    -0.00019212 
293.600000    0.00006645 
294.000000    0.00032057 
294.400000    0.00053011 
294.800000    0.00066081 
295.200000    0.00068993 
295.600000    0.00061018 
296.000000    0.00043138 
296.400000    0.00017955 
296.800000    -0.00010668 
297.200000    -0.00038182 
297.600000    -0.00060081 
298.000000    -0.00072643 
298.400000    -0.00073590 
298.800000    -0.00062509 
299.200000    -0.00040979 
299.600000    -0.00012342 
300.000000    0.00018818 
300.400000    0.00047423 
300.800000    0.00068735 
301.200000    0.00079141 
301.600000    0.00076760 
302.000000    0.00061781 
302.400000    0.00036472 
302.800000    0.00004848 
303.200000    -0.00027954 
303.600000    -0.00056504 
304.000000    -0.00075993 
304.400000    -0.00083063 
304.800000    -0.00076399 
305.200000    -0.00056987 
305.600000    -0.00027962 
306.000000    0.00005913 
306.400000    0.00039050 
306.800000    0.00065965 
307.200000    0.00082186 
307.600000    0.00084987 
308.000000    0.00073836 
308.400000    0.00050492 
308.800000    0.00018736 
309.200000    -0.00016229 
309.600000    -0.00048623 
310.000000    -0.00073047 
310.400000    -0.00085397 
310.800000    -0.00083576 
311.200000    -0.00067856 
311.600000    -0.00040841 
312.000000    -0.00007020 
312.400000    0.00027995 
312.800000    0.00058415 
313.200000    0.00079223 
313.600000    0.00086997 
314.000000    0.00080457 
314.400000    0.00060671 
314.800000    0.00030889 
315.200000    -0.00003973 
315.600000    -0.00038137 
316.000000    -0.00065909 
316.400000    -0.00082643 
316.800000    -0.00085541 
317.200000    -0.00074133 
317.600000    -0.00050365 
318.000000    -0.00018259 
318.400000    0.00016781 
318.800000    0.00048893 
319.200000    0.00072739 
319.600000    0.00084391 
320.000000    0.00081965 
320.400000    0.00065926 
320.800000    0.00039006 
321.200000    0.00005757 
321.600000    -0.00028208 
322.000000    -0.00057155 
322.400000    -0.00076216 
322.800000    -0.00082227 
323.200000    -0.00074276 
323.600000    -0.00053858 
324.000000    -0.00024587 
324.400000    0.00008455 
324.800000    0.00039615 
325.200000    0.00063652 
325.600000    0.00076617 
326.000000    0.00076498 
326.400000    0.00063532 
326.800000    0.00040128 
327.200000    0.00010438 
327.600000    -0.00020376 
328.000000    -0.00047039 
328.400000    -0.00065083 
328.800000    -0.00071617 
329.200000    -0.00065813 
329.600000    -0.00049003 
330.000000    -0.00024390 
330.400000    0.00003571 
330.800000    0.00029998 
331.200000    0.00050447 
331.600000    0.00061662 
332.000000    0.00062091 
332.400000    0.00052088 
332.800000    0.00033778 
333.200000    0.00010624 
333.600000    -0.00013222 
334.000000    -0.00033668 
334.400000    -0.00047403 
334.800000    -0.00052438 
335.200000    -0.00048403 
335.600000    -0.00036523 
336.000000    -0.00019310 
336.400000    -0.00000034 
336.800000    0.00017900 
337.200000    0.00031571 
337.600000    0.00039011 
338.000000    0.00039482 
338.400000    0.00033504 
338.800000    0.00022659 
339.200000    0.00009220 
339.600000    -0.00004317 
340.000000    -0.00015697 
340.400000    -0.00023292 
340.800000    -0.00026323 
341.200000    -0.00024908 
341.600000    -0.00019925 
342.000000    -0.00012744 
342.400000    -0.00004897 
342.800000    0.00002246 
343.200000    0.00007715 
343.600000    0.00011063 
344.000000    0.00012356 
344.400000    0.00012038 
344.800000    0.00010744 
345.200000    0.00009074 
345.600000    0.00007433 
346.000000    0.00005931 
346.400000    0.00004403 
346.800000    0.00002512 
347.200000    -0.00000081 
347.600000    -0.00003538 
348.000000    -0.00007707 
348.400000    -0.00012067 
348.800000    -0.00015792 
349.200000    -0.00017904 
349.600000    -0.00017512 
350.000000    -0.00014067 
350.400000    -0.00007567 
350.800000    0.00001335 
351.200000    0.00011362 
351.600000    0.00020799 
352.000000    0.00027790 
352.400000    0.00030713 
352.800000    0.00028535 
353.200000    0.00021091 
353.600000    0.00009208 
354.000000    -0.00005357 
354.400000    -0.00020176 
354.800000    -0.00032563 
355.200000    -0.00040074 
355.600000    -0.00040995 
356.000000    -0.00034724 
356.400000    -0.00021955 
356.800000    -0.00004620 
357.200000    0.00014413 
357.600000    0.00031830 
358.000000    0.00044465 
358.400000    0.00049880 
358.800000    0.00046838 
359.200000    0.00035566 
359.600000    0.00017764 
360.000000    -0.00003652 
360.400000    -0.00025037 
360.800000    -0.00042648 
361.200000    -0.00053319 
361.600000    -0.00055041 
362.000000    -0.00047346 
362.400000    -0.00031413 
362.800000    -0.00009876 
363.200000    0.00013640 
363.600000    0.00035143 
364.000000    0.00050970 
364.400000    0.00058411 
364.800000    0.00056168 
365.200000    0.00044569 
365.600000    0.00025511 
366.000000    0.00002141 
366.400000    -0.00021671 
366.800000    -0.00041979 
367.200000    -0.00055426 
367.600000    -0.00059798 
368.000000    -0.00054392 
368.400000    -0.00040117 
368.800000    -0.00019325 
369.200000    0.00004600 
369.600000    0.00027799 
370.000000    0.00046570 
370.400000    0.00057949 
370.800000    0.00060154 
371.200000    0.00052853 
371.600000    0.00037192 
372.000000    0.00015617 
372.400000    -0.00008508 
372.800000    -0.00031415 
373.200000    -0.00049511 
373.600000    -0.00059930 
374.000000    -0.00060984 
374.400000    -0.00052432 
374.800000    -0.00035522 
375.200000    -0.00012809 
375.600000    0.00012229 
376.000000    0.00035718 
376.400000    0.00053973 
376.800000    0.00064060 
377.200000    0.00064250 
377.600000    0.00054309 
378.000000    0.00035569 
378.400000    0.00010771 
378.800000    -0.00016304 
379.200000    -0.00041397 
379.600000    -0.00060425 
380.000000    -0.00070146 
380.400000    -0.00068721 
380.800000    -0.00056067 
381.200000    -0.00033934 
381.600000    -0.00005673 
382.000000    0.00024263 
382.400000    0.00051025 
382.800000    0.00070140 
383.200000    0.00078260 
383.600000    0.00073734 
384.000000    0.00056941 
384.400000    0.00030296 
384.800000    -0.00002062 
385.200000    -0.00034896 
385.600000    -0.00062708 
386.000000    -0.00080665 
386.400000    -0.00085458 
386.800000    -0.00075931 
387.200000    -0.00053348 
387.600000    -0.00021234 
388.000000    0.00015180 
388.400000    0.00049825 
388.800000    0.00076810 
389.200000    0.00091424 
389.600000    0.00090942 
390.000000    0.00075126 
390.400000    0.00046326 
390.800000    0.00009149 
391.200000    -0.00030252 
391.600000    -0.00065187 
392.000000    -0.00089572 
392.400000    -0.00099014 
392.800000    -0.00091623 
393.200000    -0.00068402 
393.600000    -0.00033112 
394.000000    0.00008353 
394.400000    0.00048976 
394.800000    0.00081813 
395.200000    0.00101178 
395.600000    0.00103607 
396.000000    0.00088467 
396.400000    0.00058094 
396.800000    0.00017462 
397.200000    -0.00026612 
397.600000    -0.00066595 
398.000000    -0.00095527 
398.400000    -0.00108261 
398.800000    -0.00102407 
399.200000    -0.00078797 
399.600000    -0.00041370 
400.000000    0.00003507 
400.400000    0.00048149 
400.800000    0.00084885 
401.200000    0.00107367 
401.600000    0.00111646 
402.000000    0.00096853 
402.400000    0.00065364 
402.800000    0.00022448 
403.200000    -0.00024591 
403.600000    -0.00067633 
404.000000    -0.00099148 
404.400000    -0.00113544 
404.800000    -0.00108194 
405.200000    -0.00083942 
405.600000    -0.00044968 
406.000000    0.00001952 
406.400000    0.00048659 
406.800000    0.00087041 
407.200000    0.00110440 
407.600000    0.00114785 
408.000000    0.00099286 
408.400000    0.00066578 
408.800000    0.00022299 
409.200000    -0.00025855 
409.600000    -0.00069443 
410.000000    -0.00100772 
410.400000    -0.00114290 
410.800000    -0.00107606 
411.200000    -0.00081947 
411.600000    -0.00041928 
412.000000    0.00005308 
412.400000    0.00051388 
412.800000    0.00088217 
413.200000    0.00109391 
413.600000    0.00111295 
414.000000    0.00093704 
414.400000    0.00059813 
414.800000    0.00015678 
415.200000    -0.00030835 
415.600000    -0.00071444 
416.000000    -0.00098941 
416.400000    -0.00108506 
416.800000    -0.00098597 
417.200000    -0.00071212 
417.600000    -0.00031486 
418.000000    0.00013299 
418.400000    0.00055076 
418.800000    0.00086453 
419.200000    0.00102020 
419.600000    0.00099263 
420.000000    0.00078957 
420.400000    0.00044990 
420.800000    0.00003642 
421.200000    -0.00037552 
421.600000    -0.00071175 
422.000000    -0.00091283 
422.400000    -0.00094493 
422.800000    -0.00080574 
423.200000    -0.00052438 
423.600000    -0.00015529 
424.000000    0.00023248 
424.400000    0.00056836 
424.800000    0.00079311 
425.200000    0.00086916 
425.600000    0.00078679 
426.000000    0.00056511 
426.400000    0.00024804 
426.800000    -0.00010421 
427.200000    -0.00042640 
427.600000    -0.00066039 
428.000000    -0.00076582 
428.400000    -0.00072731 
428.800000    -0.00055669 
429.200000    -0.00028998 
429.600000    0.00002022 
430.000000    0.00031510 
430.400000    0.00054086 
430.800000    0.00065846 
431.200000    0.00065025 
431.600000    0.00052248 
432.000000    0.00030333 
432.400000    0.00003702 
432.800000    -0.00022489 
433.200000    -0.00043344 
433.600000    -0.00055148 
434.000000    -0.00056034 
434.400000    -0.00046289 
434.800000    -0.00028212 
435.200000    -0.00005604 
435.600000    0.00017031 
436.000000    0.00035370 
436.400000    0.00046097 
436.800000    0.00047485 
437.200000    0.00039670 
437.600000    0.00024548 
438.000000    0.00005357 
438.400000    -0.00014001 
438.800000    -0.00029733 
439.200000    -0.00038897 
439.600000    -0.00039950 
440.000000    -0.00033011 
440.400000    -0.00019776 
440.800000    -0.00003124 
441.200000    0.00013491 
441.600000    0.00026751 
442.000000    0.00034119 
442.400000    0.00034318 
442.800000    0.00027537 
443.200000    0.00015356 
443.600000    0.00000391 
444.000000    -0.00014250 
444.400000    -0.00025601 
444.800000    -0.00031427 
445.200000    -0.00030664 
445.600000    -0.00023602 
446.000000    -0.00011800 
446.400000    0.00002258 
446.800000    0.00015682 
447.200000    0.00025762 
447.600000    0.00030503 
448.000000    0.00029009 
448.400000    0.00021642 
448.800000    0.00009929 
449.200000    -0.00003752 
449.600000    -0.00016653 
450.000000    -0.00026204 
450.400000    -0.00030523 
450.800000    -0.00028775 
451.200000    -0.00021335 
451.600000    -0.00009692 
452.000000    0.00003856 
452.400000    0.00016660 
452.800000    0.00026244 
453.200000    0.00030775 
453.600000    0.00029407 
454.000000    0.00022430 
454.400000    0.00011202 
454.800000    -0.00002122 
455.200000    -0.00015010 
455.600000    -0.00025034 
456.000000    -0.00030332 
456.400000    -0.00029954 
456.800000    -0.00024028 
457.200000    -0.00013717 
457.600000    -0.00000978 
458.000000    0.00011812 
458.400000    0.00022317 
458.800000    0.00028660 
459.200000    0.00029765 
459.600000    0.00025526 
460.000000    0.00016806 
460.400000    0.00005254 
460.800000    -0.00007008 
461.200000    -0.00017786 
461.600000    -0.00025206 
462.000000    -0.00028046 
462.400000    -0.00025934 
462.800000    -0.00019387 
463.200000    -0.00009683 
463.600000    0.00001395 
464.000000    0.00011891 
464.400000    0.00020032 
464.800000    0.00024524 
465.200000    0.00024753 
465.600000    0.00020859 
466.000000    0.00013670 
466.400000    0.00004528 
466.800000    -0.00004966 
467.200000    -0.00013235 
467.600000    -0.00018994 
468.000000    -0.00021444 
468.400000    -0.00020374 
468.800000    -0.00016156 
469.200000    -0.00009641 
469.600000    -0.00001985 
470.000000    0.00005559 
470.400000    0.00011853 
470.800000    0.00016035 
471.200000    0.00017630 
471.600000    0.00016584 
472.000000    0.00013231 
472.400000    0.00008202 
472.800000    0.00002309 
473.200000    -0.00003590 
473.600000    -0.00008714 
474.000000    -0.00012446 
474.400000    -0.00014396 
474.800000    -0.00014421 
475.200000    -0.00012610 
475.600000    -0.00009255 
476.000000    -0.00004800 
476.400000    0.00000211 
476.800000    0.00005192 
477.200000    0.00009563 
477.600000    0.00012802 
478.000000    0.00014496 
478.400000    0.00014381 
478.800000    0.00012385 
479.200000    0.00008657 
479.600000    0.00003573 
480.000000    -0.00002280 
480.400000    -0.00008157 
480.800000    -0.00013236 
481.200000    -0.00016729 
481.600000    -0.00017999 
482.000000    -0.00016684 
482.400000    -0.00012778 
482.800000    -0.00006676 
483.200000    0.00000850 
483.600000    0.00008735 
484.000000    0.00015769 
484.400000    0.00020780 
484.800000    0.00022829 
485.200000    0.00021387 
485.600000    0.00016455 
486.000000    0.00008603 
486.400000    -0.00001078 
486.800000    -0.00011124 
487.200000    -0.00019912 
487.600000    -0.00025927 
488.000000    -0.00028027 
488.400000    -0.00025653 
488.800000    -0.00018966 
489.200000    -0.00008853 
489.600000    0.00003182 
490.000000    0.00015241 
490.400000    0.00025334 
490.800000    0.00031708 
491.200000    0.00033150 
491.600000    0.00029212 
492.000000    0.00020320 
492.400000    0.00007740 
492.800000    -0.00006595 
493.200000    -0.00020379 
493.600000    -0.00031307 
494.000000    -0.00037459 
494.400000    -0.00037642 
494.800000    -0.00031616 
495.200000    -0.00020169 
495.600000    -0.00005016 
496.000000    0.00011457 
496.400000    0.00026576 
496.800000    0.00037809 
497.200000    0.00043188 
497.600000    0.00041651 
498.000000    0.00033239 
498.400000    0.00019123 
498.800000    0.00001452 
499.200000    -0.00016975 
499.600000    -0.00033142 
500.000000    -0.00044317 
500.400000    -0.00048509 
500.800000    -0.00044825 
501.200000    -0.00033654 
501.600000    -0.00016633 
502.000000    0.00003596 
502.400000    0.00023794 
502.800000    0.00040650 
503.200000    0.00051315 
503.600000    0.00053877 
504.000000    0.00047698 
504.400000    0.00033543 
504.800000    0.00013508 
505.200000    -0.00009290 
505.600000    -0.00031179 
506.000000    -0.00048529 
506.400000    -0.00058345 
506.800000    -0.00058794 
507.200000    -0.00049544 
507.600000    -0.00031858 
508.000000    -0.00008433 
508.400000    0.00017022 
508.800000    0.00040372 
509.200000    0.00057723 
509.600000    0.00066065 
510.000000    0.00063781 
510.400000    0.00050947 
510.800000    0.00029372 
511.200000    0.00002359 
511.600000    -0.00025785 
512.000000    -0.00050424 
512.400000    -0.00067353 
512.800000    -0.00073526 
513.200000    -0.00067604 
513.600000    -0.00050241 
514.000000    -0.00024025 
514.400000    0.00006909 
514.800000    0.00037537 
515.200000    0.00062761 
515.600000    0.00078253 
516.000000    0.00081183 
516.400000    0.00070715 
516.800000    0.00048212 
517.200000    0.00017074 
517.600000    -0.00017745 
518.000000    -0.00050512 
518.400000    -0.00075650 
518.800000    -0.00088697 
519.200000    -0.00087110 
519.600000    -0.00070767 
520.000000    -0.00042054 
520.400000    -0.00005514 
520.800000    0.00032883 
521.200000    0.00066725 
521.600000    0.00090223 
522.000000    0.00099188 
522.400000    0.00091753 
522.800000    0.00068745 
523.200000    0.00033622 
523.600000    -0.00008014 
524.000000    -0.00049284 
524.400000    -0.00083160 
524.800000    -0.00103667 
525.200000    -0.00106962 
525.600000    -0.00092072 
526.000000    -0.00061136 
526.400000    -0.00019094 
526.800000    0.00027120 
527.200000    0.00069746 
527.600000    0.00101496 
528.000000    0.00116789 
528.400000    0.00112700 
528.800000    0.00089500 
529.200000    0.00050683 
529.600000    0.00002481 
530.000000    -0.00047108 
530.400000    -0.00089623 
530.800000    -0.00117595 
531.200000    -0.00125892 
531.600000    -0.00112692 
532.000000    -0.00079874 
532.400000    -0.00032751 
532.800000    0.00020822 
533.200000    0.00071792 
533.600000    0.00111446 
534.000000    0.00132879 
534.400000    0.00132165 
534.800000    0.00109044 
535.200000    0.00067034 
535.600000    0.00012934 
536.000000    -0.00044231 
536.400000    -0.00094693 
536.800000    -0.00129614 
537.200000    -0.00142675 
537.600000    -0.00131266 
538.000000    -0.00097018 
538.400000    -0.00045566 
538.800000    0.00014421 
539.200000    0.00072747 
539.600000    0.00119436 
540.000000    0.00146422 
540.400000    0.00148895 
540.800000    0.00126126 
541.200000    0.00081636 
541.600000    0.00022694 
542.000000    -0.00040819 
542.400000    -0.00098034 
542.800000    -0.00138956 
543.200000    -0.00156261 
543.600000    -0.00146660 
544.000000    -0.00111555 
544.400000    -0.00056820 
544.800000    0.00008226 
545.200000    0.00072467 
545.600000    0.00124915 
546.000000    0.00156564 
546.400000    0.00161891 
546.800000    0.00139771 
547.200000    0.00093700 
547.600000    0.00031281 
548.000000    -0.00036973 
548.400000    -0.00099368 
548.800000    -0.00145033 
549.200000    -0.00165872 
549.600000    -0.00158057 
550.000000    -0.00122774 
550.400000    -0.00066032 
550.800000    0.00002418 
551.200000    0.00070826 
551.600000    0.00127488 
552.000000    0.00162730 
552.400000    0.00170503 
552.800000    0.00149367 
553.200000    0.00102749 
553.600000    0.00038417 
554.000000    -0.00032745 
554.400000    -0.00098535 
554.800000    -0.00147526 
555.200000    -0.00171101 
555.600000    -0.00165042 
556.000000    -0.00130330 
556.400000    -0.00072975 
556.800000    -0.00002912 
557.200000    0.00067785 
557.600000    0.00127021 
558.000000    0.00164731 
558.400000    0.00174527 
558.800000    0.00154728 
559.200000    0.00108628 
559.600000    0.00043986 
560.000000    -0.00028220 
560.400000    -0.00095602 
560.800000    -0.00146487 
561.200000    -0.00171992 
561.600000    -0.00167647 
562.000000    -0.00134225 
562.400000    -0.00077601 
562.800000    -0.00007654 
563.200000    0.00063523 
563.600000    0.00123751 
564.000000    0.00162831 
564.400000    0.00174213 
564.800000    0.00156031 
565.200000    0.00111396 
565.600000    0.00047889 
566.000000    -0.00023658 
566.400000    -0.00090960 
566.800000    -0.00142384 
567.200000    -0.00169005 
567.600000    -0.00166230 
568.000000    -0.00134639 
568.400000    -0.00079862 
568.800000    -0.00011520 
569.200000    0.00058530 
569.600000    0.00118292 
570.000000    0.00157663 
570.400000    0.00170092 
570.800000    0.00153606 
571.200000    0.00111106 
571.600000    0.00049883 
572.000000    -0.00019567 
572.400000    -0.00085298 
572.800000    -0.00135956 
573.200000    -0.00162790 
573.600000    -0.00161227 
574.000000    -0.00131703 
574.400000    -0.00079555 
574.800000    -0.00014008 
575.200000    0.00053516 
575.600000    0.00111429 
576.000000    0.00149946 
576.400000    0.00162686 
576.800000    0.00147683 
577.200000    0.00107658 
577.600000    0.00049562 
578.000000    -0.00016580 
578.400000    -0.00079350 
578.800000    -0.00127902 
579.200000    -0.00153877 
579.600000    -0.00152902 
580.000000    -0.00125376 
580.400000    -0.00076354 
580.800000    -0.00014583 
581.200000    0.00049117 
581.600000    0.00103779 
582.000000    0.00140162 
582.400000    0.00152272 
582.800000    0.00138300 
583.200000    0.00100870 
583.600000    0.00046576 
584.000000    -0.00015131 
584.400000    -0.00073547 
584.800000    -0.00118570 
585.200000    -0.00142478 
585.600000    -0.00141316 
586.000000    -0.00115581 
586.400000    -0.00070087 
586.800000    -0.00013029 
587.200000    0.00045540 
587.600000    0.00095502 
588.000000    0.00128418 
588.400000    0.00138908 
588.800000    0.00125494 
589.200000    0.00090785 
589.600000    0.00040998 
590.000000    -0.00015116 
590.400000    -0.00067775 
590.800000    -0.00107871 
591.200000    -0.00128580 
591.600000    -0.00126564 
592.000000    -0.00102540 
592.400000    -0.00061086 
592.800000    -0.00009743 
593.200000    0.00042396 
593.600000    0.00086310 
594.000000    0.00114606 
594.400000    0.00122728 
594.800000    0.00109659 
595.200000    0.00078020 
595.600000    0.00033572 
596.000000    -0.00015798 
596.400000    -0.00061455 
596.800000    -0.00095528 
597.200000    -0.00112289 
597.600000    -0.00109155 
598.000000    -0.00087095 
598.400000    -0.00050383 
598.800000    -0.00005751 
599.200000    0.00038871 
599.600000    0.00075777 
600.000000    0.00098804 
600.400000    0.00104336 
600.800000    0.00091843 
601.200000    0.00063892 
601.600000    0.00025647 
602.000000    -0.00016062 
602.400000    -0.00053940 
602.800000    -0.00081506 
603.200000    -0.00094224 
603.600000    -0.00090261 
604.000000    -0.00070759 
604.400000    -0.00039544 
604.800000    -0.00002367 
605.200000    0.00034172 
605.600000    0.00063803 
606.000000    0.00081647 
606.400000    0.00085004 
606.800000    0.00073729 
607.200000    0.00050183 
607.600000    0.00018759 
608.000000    -0.00014920 
608.400000    -0.00044993 
608.800000    -0.00066386 
609.200000    -0.00075674 
609.600000    -0.00071639 
610.000000    -0.00055416 
610.400000    -0.00030211 
610.800000    -0.00000666 
611.200000    0.00028006 
611.600000    0.00050940 
612.000000    0.00064433 
612.400000    0.00066527 
612.800000    0.00057267 
613.200000    0.00038619 
613.600000    0.00014075 
614.000000    -0.00011994 
614.400000    -0.00035099 
614.800000    -0.00051414 
615.200000    -0.00058402 
615.600000    -0.00055215 
616.000000    -0.00042773 
616.400000    -0.00023537 
616.800000    -0.00001025 
617.200000    0.00020837 
617.600000    0.00038394 
618.000000    0.00048865 
618.400000    0.00050767 
618.800000    0.00044104 
619.200000    0.00030309 
619.600000    0.00011950 
620.000000    -0.00007741 
620.400000    -0.00025424 
620.800000    -0.00038219 
621.200000    -0.00044162 
621.600000    -0.00042512 
622.000000    -0.00033821 
622.400000    -0.00019793 
622.800000    -0.00002955 
623.200000    0.00013799 
623.600000    0.00027703 
624.000000    0.00036560 
624.400000    0.00039084 
624.800000    0.00035070 
625.200000    0.00025388 
625.600000    0.00011809 
626.000000    -0.00003315 
626.400000    -0.00017448 
626.800000    -0.00028286 
627.200000    -0.00034136 
627.600000    -0.00034165 
628.000000    -0.00028526 
628.400000    -0.00018297 
628.800000    -0.00005282 
629.200000    0.00008303 
629.600000    0.00020203 
630.000000    0.00028495 
630.400000    0.00031886 
630.800000    0.00029913 
631.200000    0.00023001 
631.600000    0.00012381 
632.000000    -0.00000126 
632.400000    -0.00012408 
632.800000    -0.00022418 
633.200000    -0.00028510 
633.600000    -0.00029708 
634.000000    -0.00025868 
634.400000    -0.00017694 
634.800000    -0.00006612 
635.200000    0.00005474 
635.600000    0.00016507 
636.000000    0.00024624 
636.400000    0.00028466 
636.800000    0.00027409 
637.200000    0.00021659 
637.600000    0.00012228 
638.000000    0.00000751 
638.400000    -0.00010784 
638.800000    -0.00020381 
639.200000    -0.00026378 
639.600000    -0.00027743 
640.000000    -0.00024250 
640.400000    -0.00016526 
640.800000    -0.00005935 
641.200000    0.00005653 
641.600000    0.00016200 
642.000000    0.00023851 
642.400000    0.00027264 
642.800000    0.00025846 
643.200000    0.00019856 
643.600000    0.00010363 
644.000000    -0.00000941 
644.400000    -0.00012037 
644.800000    -0.00020943 
645.200000    -0.00026065 
645.600000    -0.00026491 
646.000000    -0.00022155 
646.400000    -0.00013849 
646.800000    -0.00003082 
647.200000    0.00008197 
647.600000    0.00017951 
648.000000    0.00024425 
648.400000    0.00026462 
648.800000    0.00023708 
649.200000    0.00016679 
649.600000    0.00006663 
650.000000    -0.00004510 
650.400000    -0.00014804 
650.800000    -0.00022347 
651.200000    -0.00025775 
651.600000    -0.00024482 
652.000000    -0.00018730 
652.400000    -0.00009597 
652.800000    0.00001225 
653.200000    0.00011747 
653.600000    0.00020047 
654.000000    0.00024626 
654.400000    0.00024674 
654.800000    0.00020217 
655.200000    0.00012103 
655.600000    0.00001848 
656.000000    -0.00008653 
656.400000    -0.00017470 
656.800000    -0.00022999 
657.200000    -0.00024252 
657.600000    -0.00021041 
658.000000    -0.00014003 
658.400000    -0.00004473 
658.800000    0.00005769 
659.200000    0.00014832 
659.600000    0.00021066 
660.000000    0.00023363 
660.400000    0.00021350 
660.800000    0.00015451 
661.200000    0.00006798 
661.600000    -0.00002981 
662.000000    -0.00012074 
662.400000    -0.00018815 
662.800000    -0.00021996 
663.200000    -0.00021083 
663.600000    -0.00016307 
664.000000    -0.00008611 
664.400000    0.00000541 
664.800000    0.00009437 
665.200000    0.00016445 
665.600000    0.00020307 
666.000000    0.00020370 
666.400000    0.00016691 
666.800000    0.00010015 
667.200000    0.00001627 
667.600000    -0.00006894 
668.000000    -0.00013972 
668.400000    -0.00018329 
668.800000    -0.00019215 
669.200000    -0.00016536 
669.600000    -0.00010864 
670.000000    -0.00003313 
670.400000    0.00004677 
670.800000    0.00011619 
671.200000    0.00016251 
671.600000    0.00017771 
672.000000    0.00015969 
672.400000    0.00011259 
672.800000    0.00004582 
673.200000    -0.00002773 
673.600000    -0.00009422 
674.000000    -0.00014145 
674.400000    -0.00016110 
674.800000    -0.00015020 
675.200000    -0.00011159 
675.600000    -0.00005322 
676.000000    0.00001345 
676.400000    0.00007571 
676.800000    0.00012200 
677.200000    0.00014408 
677.600000    0.00013848 
678.000000    0.00010701 
678.400000    0.00005633 
678.800000    -0.00000345 
679.200000    -0.00006077 
679.600000    -0.00010483 
680.000000    -0.00012764 
680.400000    -0.00012546 
680.800000    -0.00009944 
681.200000    -0.00005523 
681.600000    -0.00000181 
682.000000    0.00005031 
682.400000    0.00009117 
682.800000    0.00011324 
683.200000    0.00011279 
683.600000    0.00009055 
684.000000    0.00005143 
684.400000    0.00000348 
684.800000    -0.00004375 
685.200000    -0.00008108 
685.600000    -0.00010148 
686.000000    -0.00010141 
686.400000    -0.00008139 
686.800000    -0.00004588 
687.200000    -0.00000223 
687.600000    0.00004077 
688.000000    0.00007464 
688.400000    0.00009292 
688.800000    0.00009234 
689.200000    0.00007340 
689.600000    0.00004024 
690.000000    -0.00000029 
690.400000    -0.00003999 
690.800000    -0.00007098 
691.200000    -0.00008725 
691.600000    -0.00008581 
692.000000    -0.00006722 
692.400000    -0.00003547 
692.800000    0.00000294 
693.200000    0.00004026 
693.600000    0.00006910 
694.000000    0.00008385 
694.400000    0.00008174 
694.800000    0.00006342 
695.200000    0.00003269 
695.600000    -0.00000422 
696.000000    -0.00003996 
696.400000    -0.00006749 
696.800000    -0.00008147 
697.200000    -0.00007931 
697.600000    -0.00006162 
698.000000    -0.00003204 
698.400000    0.00000351 
698.800000    0.00003802 
699.200000    0.00006479 
699.600000    0.00007876 
700.000000    0.00007739 
700.400000    0.00006117 
700.800000    0.00003345 
701.200000    -0.00000025 
701.600000    -0.00003340 
702.000000    -0.00005967 
702.400000    -0.00007419 
702.800000    -0.00007444 
703.200000    -0.00006070 
703.600000    -0.00003589 
704.000000    -0.00000497 
704.400000    0.00002609 
704.800000    0.00005147 
705.200000    0.00006662 
705.600000    0.00006905 
706.000000    0.00005876 
706.400000    0.00003813 
706.800000    0.00001136 
707.200000    -0.00001637 
707.600000    -0.00003995 
708.000000    -0.00005526 
708.400000    -0.00005994 
708.800000    -0.00005373 
709.200000    -0.00003838 
709.600000    -0.00001720 
710.000000    0.00000562 
710.400000    0.00002589 
710.800000    0.00004020 
711.200000    0.00004652 
711.600000    0.00004441 
712.000000    0.00003503 
712.400000    0.00002074 
712.800000    0.00000452 
713.200000    -0.00001061 
713.600000    -0.00002222 
714.000000    -0.00002883 
714.400000    -0.00003010 
714.800000    -0.00002669 
715.200000    -0.00002002 
715.600000    -0.00001183 
716.000000    -0.00000374 
716.400000    0.00000304 
716.800000    0.00000794 
717.200000    0.00001098 
717.600000    0.00001264 
718.000000    0.00001353 
718.400000    0.00001419 
718.800000    0.00001476 
719.200000    0.00001500 
719.600000    0.00001427 
720.000000    0.00001180 
720.400000    0.00000697 
720.800000    -0.00000040 
721.200000    -0.00000979 
721.600000    -0.00001997 
722.000000    -0.00002910 
722.400000    -0.00003511 
722.800000    -0.00003610 
723.200000    -0.00003085 
723.600000    -0.00001922 
724.000000    -0.00000238 
724.400000    0.00001728 
724.800000    0.00003645 
725.200000    0.00005145 
725.600000    0.00005897 
726.000000    0.00005673 
726.400000    0.00004411 
726.800000    0.00002237 
727.200000    -0.00000536 
727.600000    -0.00003456 
728.000000    -0.00006003 
728.400000    -0.00007683 
728.800000    -0.00008128 
729.200000    -0.00007166 
729.600000    -0.00004875 
730.000000    -0.00001578 
730.400000    0.00002200 
730.800000    0.00005814 
731.200000    0.00008617 
731.600000    0.00010070 
732.000000    0.00009849 
732.400000    0.00007909 
732.800000    0.00004510 
733.200000    0.00000179 
733.600000    -0.00004371 
734.000000    -0.00008360 
734.400000    -0.00011078 
734.800000    -0.00012008 
735.200000    -0.00010925 
735.600000    -0.00007947 
736.000000    -0.00003518 
736.400000    0.00001654 
736.800000    0.00006714 
737.200000    0.00010806 
737.600000    0.00013213 
738.000000    0.00013484 
738.400000    0.00011516 
738.800000    0.00007577 
739.200000    0.00002272 
739.600000    -0.00003554 
740.000000    -0.00008948 
740.400000    -0.00013010 
740.800000    -0.00015037 
741.200000    -0.00014646 
741.600000    -0.00011846 
742.000000    -0.00007037 
742.400000    -0.00000955 
742.800000    0.00005438 
743.200000    0.00011114 
743.600000    0.00015137 
744.000000    0.00016815 
744.400000    0.00015820 
744.800000    0.00012243 
745.200000    0.00006594 
745.600000    -0.00000275 
746.000000    -0.00007292 
746.400000    -0.00013334 
746.800000    -0.00017400 
747.200000    -0.00018782 
747.600000    -0.00017177 
748.000000    -0.00012754 
748.400000    -0.00006138 
748.800000    0.00001677 
749.200000    0.00009473 
749.600000    0.00015998 
750.000000    0.00020161 
750.400000    0.00021213 
750.800000    0.00018879 
751.200000    0.00013414 
751.600000    0.00005588 
752.000000    -0.00003418 
752.400000    -0.00012191 
752.800000    -0.00019298 
753.200000    -0.00023519 
753.600000    -0.00024058 
754.000000    -0.00020689 
754.400000    -0.00013812 
754.800000    -0.00004420 
755.200000    0.00006046 
755.600000    0.00015913 
756.000000    0.00023541 
756.400000    0.00027595 
756.800000    0.00027270 
757.200000    0.00022451 
757.600000    0.00013758 
758.000000    0.00002471 
758.400000    -0.00009642 
758.800000    -0.00020610 
759.200000    -0.00028566 
759.600000    -0.00032072 
760.000000    -0.00030375 
760.400000    -0.00023563 
760.800000    -0.00012582 
761.200000    0.00000890 
761.600000    0.00014698 
762.000000    0.00026552 
762.400000    0.00034408 
762.800000    0.00036815 
763.200000    0.00033177 
763.600000    0.00023886 
764.000000    0.00010292 
764.400000    -0.00005484 
764.800000    -0.00020876 
765.200000    -0.00033285 
765.600000    -0.00040523 
766.000000    -0.00041193 
766.400000    -0.00034964 
766.800000    -0.00022657 
767.200000    -0.00006148 
767.600000    0.00011920 
768.000000    0.00028561 
768.400000    0.00040940 
768.800000    0.00046848 
769.200000    0.00045096 
769.600000    0.00035739 
770.000000    0.00020107 
770.400000    0.00000630 
770.800000    -0.00019533 
771.200000    -0.00037003 
771.600000    -0.00048746 
772.000000    -0.00052604 
772.400000    -0.00047689 
772.800000    -0.00034580 
773.200000    -0.00015265 
773.600000    0.00007167 
774.000000    0.00029019 
774.400000    0.00046597 
774.800000    0.00056833 
775.200000    0.00057809 
775.600000    0.00049108 
776.000000    0.00031925 
776.400000    0.00008916 
776.800000    -0.00016203 
777.200000    -0.00039242 
777.600000    -0.00056243 
778.000000    -0.00064156 
778.400000    -0.00061398 
778.800000    -0.00048165 
779.200000    -0.00026444 
779.600000    0.00000290 
780.000000    0.00027633 
780.400000    0.00050987 
780.800000    0.00066324 
781.200000    0.00070875 
781.600000    0.00063618 
782.000000    0.00045485 
782.400000    0.00019265 
782.800000    -0.00010815 
783.200000    -0.00039755 
783.600000    -0.00062612 
784.000000    -0.00075349 
784.400000    -0.00075558 
784.800000    -0.00062923 
785.200000    -0.00039319 
785.600000    -0.00008533 
786.000000    0.00024355 
786.400000    0.00053823 
786.800000    0.00074828 
787.200000    0.00083660 
787.600000    0.00078586 
788.000000    0.00060169 
788.400000    0.00031233 
788.800000    -0.00003555 
789.200000    -0.00038420 
789.600000    -0.00067430 
790.000000    -0.00085513 
790.400000    -0.00089357 
790.800000    -0.00078034 
791.200000    -0.00053205 
791.600000    -0.00018875 
792.000000    0.00019269 
792.400000    0.00054818 
792.800000    0.00081719 
793.200000    0.00095295 
793.600000    0.00093040 
794.000000    0.00075067 
794.400000    0.00044134 
794.800000    0.00005242 
795.200000    -0.00035150 
795.600000    -0.00070191 
796.000000    -0.00093801 
796.400000    -0.00101749 
796.800000    -0.00092434 
797.200000    -0.00067206 
797.600000    -0.00030171 
798.000000    0.00012502 
798.400000    0.00053633 
798.800000    0.00086242 
799.200000    0.00104730 
799.600000    0.00105814 
800.000000    0.00089092 
800.400000    0.00057149 
800.800000    0.00015174 
801.200000    -0.00029857 
801.600000    -0.00070323 
802.000000    -0.00099253 
802.400000    -0.00111553 
802.800000    -0.00104930 
803.200000    -0.00080330 
803.600000    -0.00041804 
804.000000    0.00004188 
804.400000    0.00049890 
804.800000    0.00087572 
805.200000    0.00110832 
805.600000    0.00115656 
806.000000    0.00101091 
806.400000    0.00069420 
806.800000    0.00025824 
807.200000    -0.00022439 
807.600000    -0.00067225 
808.000000    -0.00100876 
808.400000    -0.00117560 
808.800000    -0.00114311 
809.200000    -0.00091580 
809.600000    -0.00053168 
810.000000    -0.00005563 
810.400000    0.00043190 
810.800000    0.00084874 
811.200000    0.00112478 
811.600000    0.00121351 
812.000000    0.00109961 
812.400000    0.00080146 
812.800000    0.00036828 
813.200000    -0.00012768 
813.600000    -0.00060305 
814.000000    -0.00097725 
814.400000    -0.00118645 
814.800000    -0.00119479 
815.200000    -0.00100079 
815.600000    -0.00063758 
816.000000    -0.00016700 
816.400000    0.00033136 
816.800000    0.00077385 
817.200000    0.00108682 
817.600000    0.00121867 
818.000000    0.00114804 
818.400000    0.00088707 
818.800000    0.00047942 
819.200000    -0.00000687 
819.600000    -0.00049046 
820.000000    -0.00089028 
820.400000    -0.00113931 
820.800000    -0.00119611 
821.200000    -0.00105202 
821.600000    -0.00073248 
822.000000    -0.00029231 
822.400000    0.00019407 
822.800000    0.00064551 
823.200000    0.00098775 
823.600000    0.00116545 
824.000000    0.00115080 
824.400000    0.00094766 
824.800000    0.00059064 
825.200000    0.00013932 
825.600000    -0.00033141 
826.000000    -0.00074372 
826.400000    -0.00102979 
826.800000    -0.00114321 
827.200000    -0.00106673 
827.600000    -0.00081499 
828.000000    -0.00043151 
828.400000    0.00001906 
828.800000    0.00046221 
829.200000    0.00082599 
829.600000    0.00105254 
830.000000    0.00110705 
830.400000    0.00098274 
830.800000    0.00070157 
831.200000    0.00031035 
831.600000    -0.00012679 
832.000000    -0.00053882 
832.400000    -0.00085933 
832.800000    -0.00103731 
833.200000    -0.00104549 
833.600000    -0.00088460 
834.000000    -0.00058278 
834.400000    -0.00019048 
834.800000    0.00022823 
835.200000    0.00060632 
835.600000    0.00088445 
836.000000    0.00102004 
836.400000    0.00099348 
836.800000    0.00081072 
837.200000    0.00050200 
837.600000    0.00011693 
838.000000    -0.00028325 
838.400000    -0.00063532 
838.800000    -0.00088401 
839.200000    -0.00099079 
839.600000    -0.00093990 
840.000000    -0.00074070 
840.400000    -0.00042585 
840.800000    -0.00004578 
841.200000    0.00033958 
841.600000    0.00067022 
842.000000    0.00089528 
842.400000    0.00098059 
842.800000    0.00091359 
843.200000    0.00070503 
843.600000    0.00038728 
844.000000    0.00000952 
844.400000    -0.00036970 
844.800000    -0.00069131 
845.200000    -0.00090494 
845.600000    -0.00097684 
846.000000    -0.00089537 
846.400000    -0.00067289 
846.800000    -0.00034385 
847.200000    0.00004070 
847.600000    0.00042105 
848.000000    0.00073812 
848.400000    0.00094246 
848.800000    0.00100168 
849.200000    0.00090546 
849.600000    0.00066722 
850.000000    0.00032245 
850.400000    -0.00007630 
850.800000    -0.00046717 
851.200000    -0.00078841 
851.600000    -0.00098818 
852.000000    -0.00103307 
852.400000    -0.00091385 
852.800000    -0.00064740 
853.200000    -0.00027426 
853.600000    0.00014760 
854.000000    0.00055191 
854.400000    0.00087450 
854.800000    0.00106330 
855.200000    0.00108653 
855.600000    0.00093790 
856.000000    0.00063800 
856.400000    0.00023181 
856.800000    -0.00021780 
857.200000    -0.00063942 
857.600000    -0.00096447 
858.000000    -0.00113845 
858.400000    -0.00113034 
858.800000    -0.00093837 
859.200000    -0.00059081 
859.600000    -0.00014174 
860.000000    0.00033758 
860.400000    0.00077020 
860.800000    0.00108574 
861.200000    0.00123169 
861.600000    0.00118183 
862.000000    0.00094081 
862.400000    0.00054401 
862.800000    0.00005271 
863.200000    -0.00045497 
863.600000    -0.00089631 
864.000000    -0.00119752 
864.400000    -0.00130641 
864.800000    -0.00120176 
865.200000    -0.00089751 
865.600000    -0.00044096 
866.000000    0.00009490 
866.400000    0.00062338 
866.800000    0.00105821 
867.200000    0.00132753 
867.600000    0.00138535 
868.000000    0.00121916 
868.400000    0.00085235 
868.800000    0.00034131 
869.200000    -0.00023288 
869.600000    -0.00077688 
870.000000    -0.00120021 
870.400000    -0.00143060 
870.800000    -0.00142673 
871.200000    -0.00118597 
871.600000    -0.00074535 
872.000000    -0.00017562 
872.400000    0.00043060 
872.800000    0.00097418 
873.200000    0.00136563 
873.600000    0.00153952 
874.000000    0.00146492 
874.400000    0.00115063 
874.800000    0.00064444 
875.200000    0.00002629 
875.600000    -0.00060381 
876.000000    -0.00114171 
876.400000    -0.00149651 
876.800000    -0.00160636 
877.200000    -0.00144976 
877.600000    -0.00104989 
878.000000    -0.00047092 
878.400000    0.00019273 
878.800000    0.00083235 
879.200000    0.00134287 
879.600000    0.00163978 
880.000000    0.00167263 
880.400000    0.00143308 
880.800000    0.00095672 
881.200000    0.00031823 
881.600000    -0.00037973 
882.000000    -0.00102251 
882.400000    -0.00150231 
882.800000    -0.00173669 
883.200000    -0.00168335 
883.600000    -0.00134819 
884.000000    -0.00078467 
884.400000    -0.00008484 
884.800000    0.00063645 
885.200000    0.00126067 
885.600000    0.00168495 
886.000000    0.00183845 
886.400000    0.00169356 
886.800000    0.00127051 
887.200000    0.00063491 
887.600000    -0.00011172 
888.000000    -0.00084748 
888.400000    -0.00144972 
888.800000    -0.00181585 
889.200000    -0.00188148 
889.600000    -0.00163238 
890.000000    -0.00110761 
890.400000    -0.00039287 
890.800000    0.00039417 
891.200000    0.00112394 
891.600000    0.00167625 
892.000000    0.00195960 
892.400000    0.00192553 
892.800000    0.00157638 
893.200000    0.00096550 
893.600000    0.00018978 
894.000000    -0.00062483 
894.400000    -0.00134321 
894.800000    -0.00184369 
895.200000    -0.00203927 
895.600000    -0.00189369 
896.000000    -0.00142846 
896.400000    -0.00071951 
896.800000    0.00011607 
897.200000    0.00094019 
897.600000    0.00161688 
898.000000    0.00203433 
898.400000    0.00212248 
898.800000    0.00186399 
899.200000    0.00129741 
899.600000    0.00051202 
900.000000    -0.00036526 
900.400000    -0.00118953 
900.800000    -0.00182174 
901.200000    -0.00215276 
901.600000    -0.00212325 
902.000000    -0.00173504 
902.400000    -0.00105125 
902.800000    -0.00018532 
903.200000    0.00071895 
903.600000    0.00151180 
904.000000    0.00206218 
904.400000    0.00227850 
904.800000    0.00212287 
905.200000    0.00161727 
905.600000    0.00084088 
906.000000    -0.00008127 
906.400000    -0.00099735 
906.800000    -0.00175330 
907.200000    -0.00221924 
907.600000    -0.00231287 
908.000000    -0.00201505 
908.400000    -0.00137387 
908.800000    -0.00049622 
909.200000    0.00047122 
909.600000    0.00136747 
910.000000    0.00204402 
910.400000    0.00238871 
910.800000    0.00234311 
911.200000    0.00191168 
911.600000    0.00116165 
912.000000    0.00021358 
912.400000    -0.00077678 
912.800000    -0.00164329 
913.200000    -0.00223757 
913.600000    -0.00245554 
914.000000    -0.00225692 
914.400000    -0.00167327 
914.800000    -0.00080247 
915.200000    0.00020891 
915.600000    0.00119155 
916.000000    0.00198209 
916.400000    0.00244960 
916.800000    0.00251601 
917.200000    0.00216813 
917.600000    0.00146000 
918.000000    0.00050544 
918.400000    -0.00053886 
918.800000    -0.00149805 
919.200000    -0.00220834 
919.600000    -0.00254604 
920.000000    -0.00245060 
920.400000    -0.00193639 
920.800000    -0.00109030 
921.200000    -0.00005585 
921.600000    0.00099263 
922.000000    0.00188007 
922.400000    0.00245942 
922.800000    0.00263472 
923.200000    0.00237575 
923.600000    0.00172275 
924.000000    0.00078095 
924.400000    -0.00029501 
924.800000    -0.00132516 
925.200000    -0.00213401 
925.600000    -0.00258138 
926.000000    -0.00258825 
926.400000    -0.00215197 
926.800000    -0.00134701 
927.200000    -0.00031109 
927.600000    0.00078000 
928.000000    0.00174315 
928.400000    0.00241853 
928.800000    0.00269476 
929.200000    0.00252595 
929.600000    0.00193854 
930.000000    0.00102771 
930.400000    -0.00005669 
930.800000    -0.00113330 
931.200000    -0.00201907 
931.600000    -0.00256110 
932.000000    -0.00266459 
932.400000    -0.00231093 
932.800000    -0.00156134 
933.200000    -0.00054527 
933.600000    0.00056355 
934.000000    0.00157808 
934.400000    0.00232950 
934.800000    0.00269421 
935.200000    0.00261262 
935.600000    0.00209800 
936.000000    0.00123454 
936.400000    0.00016487 
936.800000    -0.00093197 
937.200000    -0.00186972 
937.600000    -0.00248707 
938.000000    -0.00267691 
938.400000    -0.00240647 
938.800000    -0.00172363 
939.200000    -0.00074760 
939.600000    0.00035344 
940.000000    0.00139271 
940.400000    0.00219674 
940.800000    0.00263337 
941.200000    0.00263200 
941.600000    0.00219389 
942.000000    0.00139183 
942.400000    0.00035918 
942.800000    -0.00073082 
943.200000    -0.00169321 
943.600000    -0.00236295 
944.000000    -0.00262464 
944.400000    -0.00243400 
944.800000    -0.00182614 
945.200000    -0.00090856 
945.600000    0.00015934 
946.000000    0.00119530 
946.400000    0.00202581 
946.800000    0.00251436 
947.200000    0.00258250 
947.600000    0.00222125 
948.000000    0.00149209 
948.400000    0.00051738 
948.800000    -0.00053870 
949.200000    -0.00149692 
949.600000    -0.00219346 
950.000000    -0.00250913 
950.400000    -0.00239131 
950.800000    -0.00186359 
951.200000    -0.00102076 
951.600000    -0.00001058 
952.000000    0.00099351 
952.400000    0.00182273 
952.800000    0.00234073 
953.200000    0.00246481 
953.600000    0.00217794 
954.000000    0.00153072 
954.400000    0.00063319 
954.800000    -0.00036264 
955.200000    -0.00128757 
955.600000    -0.00198396 
956.000000    -0.00233356 
956.400000    -0.00227896 
956.800000    -0.00183387 
957.200000    -0.00107989 
957.600000    -0.00015050 
958.000000    0.00079374 
958.400000    0.00159356 
958.800000    0.00211745 
959.200000    0.00228224 
959.600000    0.00206524 
960.000000    0.00150687 
960.400000    0.00070372 
960.800000    -0.00020716 
961.200000    -0.00107074 
961.600000    -0.00174034 
962.000000    -0.00210322 
962.400000    -0.00210081 
962.800000    -0.00173882 
963.200000    -0.00108541 
963.600000    -0.00025757 
964.000000    0.00060079 
964.400000    0.00134444 
964.800000    0.00185121 
965.200000    0.00204118 
965.600000    0.00188842 
966.000000    0.00142392 
966.400000    0.00072984 
966.800000    -0.00007420 
967.200000    -0.00085104 
967.600000    -0.00146926 
968.000000    -0.00182587 
968.400000    -0.00186441 
968.800000    -0.00158446 
969.200000    -0.00104074 
969.600000    -0.00033191 
970.000000    0.00041800 
970.400000    0.00108183 
970.800000    0.00155073 
971.200000    0.00175142 
971.600000    0.00165687 
972.000000    0.00128939 
972.400000    0.00071595 
972.800000    0.00003660 
973.200000    -0.00063246 
973.600000    -0.00117857 
974.000000    -0.00151197 
974.400000    -0.00158108 
974.800000    -0.00138094 
975.200000    -0.00095296 
975.600000    -0.00037619 
976.000000    0.00024772 
976.400000    0.00081286 
976.800000    0.00122695 
977.200000    0.00142605 
977.600000    0.00138382 
978.000000    0.00111448 
978.400000    0.00066925 
978.800000    0.00012708 
979.200000    -0.00041900 
979.600000    -0.00087764 
980.000000    -0.00117471 
980.400000    -0.00126552 
980.800000    -0.00114184 
981.200000    -0.00083205 
981.600000    -0.00039490 
982.000000    0.00009189 
982.400000    0.00054569 
982.800000    0.00089299 
983.200000    0.00108105 
983.600000    0.00108548 
984.000000    0.00091292 
984.400000    0.00059861 
984.800000    0.00019960 
985.200000    -0.00021536 
985.600000    -0.00057754 
986.000000    -0.00082967 
986.400000    -0.00093510 
986.800000    -0.00088314 
987.200000    -0.00068971 
987.600000    -0.00039329 
988.000000    -0.00004730 
988.400000    0.00028967 
988.800000    0.00056380 
989.200000    0.00073445 
989.600000    0.00077990 
990.000000    0.00069965 
990.400000    0.00051325 
990.800000    0.00025601 
991.200000    -0.00002748 
991.600000    -0.00029099 
992.000000    -0.00049417 
992.400000    -0.00060862 
992.800000    -0.00062180 
993.200000    -0.00053794 
993.600000    -0.00037625 
994.000000    -0.00016674 
994.400000    0.00005537 
994.800000    0.00025551 
995.200000    0.00040508 
995.600000    0.00048528 
996.000000    0.00048907 
996.400000    0.00042123 
996.800000    0.00029664 
997.200000    0.00013720 
997.600000    -0.00003189 
998.000000    -0.00018604 
998.400000    -0.00030469 
998.800000    -0.00037386 
999.200000    -0.00038740 
999.600000    -0.00034716 
1000.000000    -0.00026199 
