0.000000    0.00000000 
0.400000    0.01719319 
0.800000    0.03277987 
1.200000    0.04671907 
1.600000    0.05882660 
2.000000    0.06879763 
2.400000    0.07639578 
2.800000    0.08150023 
3.200000    0.08410531 
3.600000    0.08428159 
4.000000    0.08215007 
4.400000    0.07786823 
4.800000    0.07159433 
5.200000    0.06347045 
5.600000    0.05359303 
6.000000    0.04197870 
6.400000    0.02847303 
6.800000    0.01251252 
7.200000    -0.00652806 
7.600000    -0.02758047 
8.000000    -0.05101325 
8.400000    -0.07808880 
8.800000    -0.10964032 
9.200000    -0.14524945 
9.600000    -0.17925101 
10.000000    -0.19274142 
10.400000    -0.16430517 
10.800000    -0.10560110 
11.200000    -0.04601954 
11.600000    0.00319391 
12.000000    0.04260425 
12.400000    0.07420606 
12.800000    0.09890238 
13.200000    0.11604437 
13.600000    0.12518092 
14.000000    0.12711673 
14.400000    0.12240413 
14.800000    0.10953588 
15.200000    0.08841927 
15.600000    0.06402422 
16.000000    0.04217812 
16.400000    0.02529337 
16.800000    0.01278329 
17.200000    0.00321719 
17.600000    -0.00416104 
18.000000    -0.00979142 
18.400000    -0.01438955 
18.800000    -0.01877529 
19.200000    -0.02370849 
19.600000    -0.02988547 
20.000000    -0.03791483 
20.400000    -0.04815534 
20.800000    -0.06044632 
21.200000    -0.07384247 
21.600000    -0.08660926 
22.000000    -0.09645681 
22.400000    -0.10061028 
22.800000    -0.09641486 
23.200000    -0.08321878 
23.600000    -0.06333754 
24.000000    -0.04034216 
24.400000    -0.01678214 
24.800000    0.00646602 
25.200000    0.02781567 
25.600000    0.04771377 
26.000000    0.06775754 
26.400000    0.08942796 
26.800000    0.11367623 
27.200000    0.13832374 
27.600000    0.15330572 
28.000000    0.14477493 
28.400000    0.11404343 
28.800000    0.07549366 
29.200000    0.03887408 
29.600000    0.00652446 
30.000000    -0.02168574 
30.400000    -0.04561357 
30.800000    -0.06670554 
31.200000    -0.08555817 
31.600000    -0.10217299 
32.000000    -0.11602142 
32.400000    -0.12532448 
32.800000    -0.12571536 
33.200000    -0.11231703 
33.600000    -0.08683571 
34.000000    -0.05754126 
34.400000    -0.03099874 
34.800000    -0.00885157 
35.200000    0.00919597 
35.600000    0.02255924 
36.000000    0.03235205 
36.400000    0.04001212 
36.800000    0.04663882 
37.200000    0.05302126 
37.600000    0.05955919 
38.000000    0.06624136 
38.400000    0.07262560 
38.800000    0.07778967 
39.200000    0.08042787 
39.600000    0.07930825 
40.000000    0.07381426 
40.400000    0.06421637 
40.800000    0.05159159 
41.200000    0.03733831 
41.600000    0.02237740 
42.000000    0.00669509 
42.400000    -0.00942444 
42.800000    -0.02472639 
43.200000    -0.03980216 
43.600000    -0.05581953 
44.000000    -0.07353096 
44.400000    -0.09293111 
44.800000    -0.11232853 
45.200000    -0.12712499 
45.600000    -0.13053742 
46.000000    -0.11854721 
46.400000    -0.09389500 
46.800000    -0.06321082 
47.200000    -0.03184159 
47.600000    -0.00174103 
48.000000    0.02624401 
48.400000    0.05192181 
48.800000    0.07670514 
49.200000    0.10137853 
49.600000    0.12596504 
50.000000    0.14789891 
50.400000    0.15721633 
50.800000    0.13901934 
51.200000    0.09701155 
51.600000    0.05212800 
52.000000    0.01563494 
52.400000    -0.01206603 
52.800000    -0.03138429 
53.200000    -0.04431612 
53.600000    -0.05255453 
54.000000    -0.05748050 
54.400000    -0.06049638 
54.800000    -0.06284860 
55.200000    -0.06532679 
55.600000    -0.06811228 
56.000000    -0.07079095 
56.400000    -0.07244116 
56.800000    -0.07191413 
57.200000    -0.06836453 
57.600000    -0.06159866 
58.000000    -0.05213112 
58.400000    -0.04081890 
58.800000    -0.02832789 
59.200000    -0.01471619 
59.600000    0.00034977 
60.000000    0.01592476 
60.400000    0.03123949 
60.800000    0.04705169 
61.200000    0.06390917 
61.600000    0.08167283 
62.000000    0.09911991 
62.400000    0.11350810 
62.800000    0.12079641 
63.200000    0.11727974 
63.600000    0.10208772 
64.000000    0.07813028 
64.400000    0.05009433 
64.800000    0.02158077 
65.200000    -0.00619955 
65.600000    -0.03181904 
66.000000    -0.05572620 
66.400000    -0.07923583 
66.800000    -0.10320509 
67.200000    -0.12758475 
67.600000    -0.14864258 
68.000000    -0.15404126 
68.400000    -0.13054837 
68.800000    -0.08727472 
69.200000    -0.04436406 
69.600000    -0.00993366 
70.000000    0.01632884 
70.400000    0.03499649 
70.800000    0.04823074 
71.200000    0.05754734 
71.600000    0.06415949 
72.000000    0.06924484 
72.400000    0.07375253 
72.800000    0.07802875 
73.200000    0.08149394 
73.600000    0.08270121 
74.000000    0.07997266 
74.400000    0.07251404 
74.800000    0.06104363 
75.200000    0.04721629 
75.600000    0.03261544 
76.000000    0.01799071 
76.400000    0.00318703 
76.800000    -0.01125588 
77.200000    -0.02443341 
77.600000    -0.03708120 
78.000000    -0.05008353 
78.400000    -0.06377643 
78.800000    -0.07787661 
79.200000    -0.09122975 
79.600000    -0.10158318 
80.000000    -0.10597289 
80.400000    -0.10193558 
80.800000    -0.08898466 
81.200000    -0.06924149 
81.600000    -0.04623443 
82.000000    -0.02272273 
82.400000    0.00050242 
82.800000    0.02236991 
83.200000    0.04262836 
83.600000    0.06278212 
84.000000    0.08398717 
84.400000    0.10681988 
84.800000    0.12969045 
85.200000    0.14510819 
85.600000    0.13980174 
86.000000    0.11026198 
86.400000    0.07023374 
86.800000    0.03280252 
87.200000    0.00144023 
87.600000    -0.02389661 
88.000000    -0.04382184 
88.400000    -0.06003236 
88.800000    -0.07339245 
89.200000    -0.08450158 
89.600000    -0.09373094 
90.000000    -0.10059702 
90.400000    -0.10293495 
90.800000    -0.09758597 
91.200000    -0.08359515 
91.600000    -0.06404504 
92.000000    -0.04341865 
92.400000    -0.02441004 
92.800000    -0.00738638 
93.200000    0.00762653 
93.600000    0.01970226 
94.000000    0.02946106 
94.400000    0.03814825 
94.800000    0.04675255 
95.200000    0.05588061 
95.600000    0.06561919 
96.000000    0.07540898 
96.400000    0.08393664 
96.800000    0.08918341 
97.200000    0.08903180 
97.600000    0.08234489 
98.000000    0.06964945 
98.400000    0.05283351 
98.800000    0.03412520 
99.200000    0.01486878 
99.600000    -0.00474006 
100.000000    -0.02345568 
100.400000    -0.04150194 
100.800000    -0.06032201 
101.200000    -0.08090421 
101.600000    -0.10326185 
102.000000    -0.12468237 
102.400000    -0.13733017 
102.800000    -0.13126600 
103.200000    -0.10573572 
103.600000    -0.07073348 
104.000000    -0.03579706 
104.400000    -0.00440744 
104.800000    0.02286905 
105.200000    0.04591676 
105.600000    0.06623915 
106.000000    0.08452326 
106.400000    0.10090768 
106.800000    0.11462251 
107.200000    0.12241523 
107.600000    0.11797788 
108.000000    0.09816511 
108.400000    0.06937060 
108.800000    0.04077040 
109.200000    0.01661129 
109.600000    -0.00311381 
110.000000    -0.01808038 
110.400000    -0.02887748 
110.800000    -0.03705932 
111.200000    -0.04380695 
111.600000    -0.05002264 
112.000000    -0.05639633 
112.400000    -0.06327084 
112.800000    -0.07037099 
113.200000    -0.07660529 
113.600000    -0.08017946 
114.000000    -0.07925042 
114.400000    -0.07294633 
114.800000    -0.06186909 
115.200000    -0.04757701 
115.600000    -0.03163906 
116.000000    -0.01488178 
116.400000    0.00262385 
116.800000    0.01968882 
117.200000    0.03611440 
117.600000    0.05315390 
118.000000    0.07162625 
118.400000    0.09136731 
118.800000    0.11016775 
119.200000    0.12269842 
119.600000    0.12230975 
120.000000    0.10673545 
120.400000    0.08047199 
120.800000    0.05033033 
121.200000    0.02080450 
121.600000    -0.00692725 
122.000000    -0.03161739 
122.400000    -0.05386328 
122.800000    -0.07490378 
123.200000    -0.09536681 
123.600000    -0.11490859 
124.000000    -0.13022906 
124.400000    -0.13253815 
124.800000    -0.11375406 
125.200000    -0.08008979 
125.600000    -0.04525017 
126.000000    -0.01602675 
126.400000    0.00733139 
126.800000    0.02464436 
127.200000    0.03725200 
127.600000    0.04681696 
128.000000    0.05445271 
128.400000    0.06101429 
128.800000    0.06709203 
129.200000    0.07280478 
129.600000    0.07753409 
130.000000    0.07985463 
130.400000    0.07805356 
130.800000    0.07123900 
131.200000    0.06007459 
131.600000    0.04626076 
132.000000    0.03138761 
132.400000    0.01614192 
132.800000    0.00044025 
133.200000    -0.01477138 
133.600000    -0.02876923 
134.000000    -0.04251680 
134.400000    -0.05690335 
134.800000    -0.07217222 
135.200000    -0.08752465 
135.600000    -0.10057733 
136.000000    -0.10743628 
136.400000    -0.10449263 
136.800000    -0.09110600 
137.200000    -0.07014039 
137.600000    -0.04577168 
138.000000    -0.02102958 
138.400000    0.00323517 
138.800000    0.02578057 
139.200000    0.04665769 
139.600000    0.06724370 
140.000000    0.08847032 
140.400000    0.11031699 
140.800000    0.12950315 
141.200000    0.13634436 
141.600000    0.12063736 
142.000000    0.08713956 
142.400000    0.05031418 
142.800000    0.01823764 
143.200000    -0.00833706 
143.600000    -0.02910968 
144.000000    -0.04537138 
144.400000    -0.05854099 
144.800000    -0.06946051 
145.200000    -0.07870627 
145.600000    -0.08636527 
146.000000    -0.09145642 
146.400000    -0.09175947 
146.800000    -0.08517684 
147.200000    -0.07197945 
147.600000    -0.05500203 
148.000000    -0.03739394 
148.400000    -0.02076911 
148.800000    -0.00509599 
149.200000    0.00937877 
149.600000    0.02169140 
150.000000    0.03245745 
150.400000    0.04272622 
150.800000    0.05321013 
151.200000    0.06418163 
151.600000    0.07524395 
152.000000    0.08499074 
152.400000    0.09096277 
152.800000    0.09048345 
153.200000    0.08234061 
153.600000    0.06773460 
154.000000    0.04929391 
154.400000    0.02940321 
154.800000    0.00911177 
155.200000    -0.01117753 
155.600000    -0.03017752 
156.000000    -0.04879585 
156.400000    -0.06826797 
156.800000    -0.08919923 
157.200000    -0.11050189 
157.600000    -0.12691882 
158.000000    -0.12868119 
158.400000    -0.11044237 
158.800000    -0.07920463 
159.200000    -0.04570537 
159.600000    -0.01527929 
160.000000    0.01152003 
160.400000    0.03397620 
160.800000    0.05329666 
161.200000    0.07053981 
161.600000    0.08615233 
162.000000    0.09990634 
162.400000    0.10986001 
162.800000    0.11129554 
163.200000    0.09966061 
163.600000    0.07704047 
164.000000    0.05096843 
164.400000    0.02711695 
164.800000    0.00683948 
165.200000    -0.00997998 
165.600000    -0.02285636 
166.000000    -0.03297938 
166.400000    -0.04166104 
166.800000    -0.04974588 
167.200000    -0.05772542 
167.600000    -0.06568192 
168.000000    -0.07309619 
168.400000    -0.07866953 
168.800000    -0.08050118 
169.200000    -0.07695975 
169.600000    -0.06783073 
170.000000    -0.05453342 
170.400000    -0.03906953 
170.800000    -0.02277900 
171.200000    -0.00584955 
171.600000    0.01129362 
172.000000    0.02748306 
172.400000    0.04353018 
172.800000    0.06047469 
173.200000    0.07863177 
173.600000    0.09689299 
174.000000    0.11150397 
174.400000    0.11622791 
174.800000    0.10665832 
175.200000    0.08495425 
175.600000    0.05757722 
176.000000    0.02980533 
176.400000    0.00348181 
176.800000    -0.02072664 
177.200000    -0.04238804 
177.600000    -0.06290945 
178.000000    -0.08311376 
178.400000    -0.10301232 
178.800000    -0.12031143 
179.200000    -0.12768380 
179.600000    -0.11582808 
180.000000    -0.08662764 
180.400000    -0.05267803 
180.800000    -0.02264616 
181.200000    0.00201722 
181.600000    0.02107113 
182.000000    0.03522192 
182.400000    0.04625370 
182.800000    0.05534441 
183.200000    0.06326664 
183.600000    0.07038623 
184.000000    0.07641187 
184.400000    0.08016504 
184.800000    0.07988085 
185.200000    0.07430590 
185.600000    0.06380664 
186.000000    0.05021426 
186.400000    0.03552435 
186.800000    0.02080407 
187.200000    0.00597714 
187.600000    -0.00870905 
188.000000    -0.02213584 
188.400000    -0.03478655 
188.800000    -0.04767156 
189.200000    -0.06130548 
189.600000    -0.07544030 
190.000000    -0.08862361 
190.400000    -0.09784930 
190.800000    -0.09933749 
191.200000    -0.09095985 
191.600000    -0.07409745 
192.000000    -0.05245339 
192.400000    -0.02941508 
192.800000    -0.00645251 
193.200000    0.01577874 
193.600000    0.03633697 
194.000000    0.05656298 
194.400000    0.07758321 
194.800000    0.09964624 
195.200000    0.12036171 
195.600000    0.13146704 
196.000000    0.12194747 
196.400000    0.09275147 
196.800000    0.05703814 
197.200000    0.02438260 
197.600000    -0.00329646 
198.000000    -0.02555978 
198.400000    -0.04315662 
198.800000    -0.05764475 
199.200000    -0.06990691 
199.600000    -0.08043005 
200.000000    -0.08898299 
200.400000    -0.09391214 
200.800000    -0.09225650 
201.200000    -0.08217266 
201.600000    -0.06550099 
202.000000    -0.04639665 
202.400000    -0.02807842 
202.800000    -0.01148279 
203.200000    0.00357364 
203.600000    0.01629676 
204.000000    0.02686559 
204.400000    0.03645973 
204.800000    0.04600761 
205.200000    0.05598260 
205.600000    0.06628511 
206.000000    0.07600987 
206.400000    0.08326608 
206.800000    0.08551690 
207.200000    0.08083789 
207.600000    0.06935139 
208.000000    0.05317455 
208.400000    0.03482102 
208.800000    0.01574489 
209.200000    -0.00376869 
209.600000    -0.02243416 
210.000000    -0.04034539 
210.400000    -0.05888964 
210.800000    -0.07879919 
211.200000    -0.09935419 
211.600000    -0.11647186 
212.000000    -0.12190685 
212.400000    -0.10945557 
212.800000    -0.08303343 
213.200000    -0.05201934 
213.600000    -0.02249692 
214.000000    0.00421332 
214.400000    0.02721530 
214.800000    0.04702553 
215.200000    0.06500535 
215.600000    0.08179312 
216.000000    0.09720190 
216.400000    0.10903053 
216.800000    0.11176887 
217.200000    0.10000898 
217.600000    0.07619047 
218.000000    0.04886527 
218.400000    0.02403270 
218.800000    0.00291507 
219.200000    -0.01423907 
219.600000    -0.02720814 
220.000000    -0.03750083 
220.400000    -0.04641343 
220.800000    -0.05474671 
221.200000    -0.06283221 
221.600000    -0.07037815 
222.000000    -0.07627306 
222.400000    -0.07870635 
222.800000    -0.07596414 
223.200000    -0.06759865 
223.600000    -0.05485211 
224.000000    -0.03977723 
224.400000    -0.02393667 
224.800000    -0.00767776 
225.200000    0.00871648 
225.600000    0.02394829 
226.000000    0.03852894 
226.400000    0.05354119 
226.800000    0.06938865 
227.200000    0.08529470 
227.600000    0.09854618 
228.000000    0.10449873 
228.400000    0.09916802 
228.800000    0.08292343 
229.200000    0.06018183 
229.600000    0.03558210 
230.000000    0.01143357 
230.400000    -0.01170162 
230.800000    -0.03257670 
231.200000    -0.05227620 
231.600000    -0.07202182 
232.000000    -0.09220396 
232.400000    -0.11120636 
232.800000    -0.12277291 
233.200000    -0.11716659 
233.600000    -0.09280626 
234.000000    -0.06033136 
234.400000    -0.02955008 
234.800000    -0.00321095 
235.200000    0.01841950 
235.600000    0.03527397 
236.000000    0.04896940 
236.400000    0.06059753 
236.800000    0.07077807 
237.200000    0.07952518 
237.600000    0.08575157 
238.000000    0.08714175 
238.400000    0.08151877 
238.800000    0.06910974 
239.200000    0.05271727 
239.600000    0.03546356 
240.000000    0.01897682 
240.400000    0.00330784 
240.800000    -0.01106164 
241.200000    -0.02333659 
241.600000    -0.03433687 
242.000000    -0.04506952 
242.400000    -0.05607186 
242.800000    -0.06724914 
243.200000    -0.07759056 
243.600000    -0.08497764 
244.000000    -0.08667527 
244.400000    -0.08085063 
244.800000    -0.06803020 
245.200000    -0.05072396 
245.600000    -0.03155987 
246.000000    -0.01181325 
246.400000    0.00817537 
246.800000    0.02698860 
247.200000    0.04525670 
247.600000    0.06427970 
248.000000    0.08448468 
248.400000    0.10430291 
248.800000    0.11807091 
249.200000    0.11702546 
249.600000    0.09819337 
250.000000    0.06902223 
250.400000    0.03854206 
250.800000    0.01067510 
251.200000    -0.01410798 
251.600000    -0.03497371 
252.000000    -0.05321783 
252.400000    -0.06985784 
252.800000    -0.08520123 
253.200000    -0.09835584 
253.600000    -0.10593299 
254.000000    -0.10244344 
254.400000    -0.08589552 
254.800000    -0.06171748 
255.200000    -0.03707163 
255.600000    -0.01531403 
256.000000    0.00340058 
256.400000    0.01837696 
256.800000    0.02999880 
257.200000    0.03972258 
257.600000    0.04858984 
258.000000    0.05713226 
258.400000    0.06530051 
258.800000    0.07229571 
259.200000    0.07654913 
259.600000    0.07624850 
260.000000    0.07041709 
260.400000    0.05965866 
260.800000    0.04573141 
261.200000    0.03039368 
261.600000    0.01443523 
262.000000    -0.00217771 
262.400000    -0.01828714 
262.800000    -0.03349872 
263.200000    -0.04887498 
263.600000    -0.06503480 
264.000000    -0.08150344 
264.400000    -0.09592404 
264.800000    -0.10372286 
265.200000    -0.10031832 
265.600000    -0.08530131 
266.000000    -0.06295074 
266.400000    -0.03826290 
266.800000    -0.01388423 
267.200000    0.00965582 
267.600000    0.03103384 
268.000000    0.05108231 
268.400000    0.07100893 
268.800000    0.09113372 
269.200000    0.10967649 
269.600000    0.12021829 
270.000000    0.11340044 
270.400000    0.08863434 
270.800000    0.05678654 
271.200000    0.02705105 
271.600000    0.00170620 
272.000000    -0.01894931 
272.400000    -0.03496823 
272.800000    -0.04795245 
273.200000    -0.05898320 
273.600000    -0.06865364 
274.000000    -0.07687572 
274.400000    -0.08244028 
274.800000    -0.08310864 
275.200000    -0.07709536 
275.600000    -0.06498593 
276.000000    -0.04951198 
276.400000    -0.03341627 
276.800000    -0.01795386 
277.200000    -0.00300776 
277.600000    0.01096076 
278.000000    0.02317535 
278.400000    0.03440625 
278.800000    0.04559693 
279.200000    0.05715196 
279.600000    0.06872916 
280.000000    0.07896127 
280.400000    0.08540338 
280.800000    0.08535785 
281.200000    0.07757839 
281.600000    0.06330370 
282.000000    0.04527987 
282.400000    0.02583033 
282.800000    0.00571340 
283.200000    -0.01444687 
283.600000    -0.03349885 
284.000000    -0.05257671 
284.400000    -0.07268140 
284.800000    -0.09352009 
285.200000    -0.11168817 
285.600000    -0.11906833 
286.000000    -0.10820354 
286.400000    -0.08226848 
286.800000    -0.05142152 
287.200000    -0.02234209 
287.600000    0.00367808 
288.000000    0.02587734 
288.400000    0.04469059 
288.800000    0.06145596 
289.200000    0.07679234 
289.600000    0.09043667 
290.000000    0.10022243 
290.400000    0.10143560 
290.800000    0.09023154 
291.200000    0.06921877 
291.600000    0.04533453 
292.000000    0.02336938 
292.400000    0.00429664 
292.800000    -0.01167599 
293.200000    -0.02406617 
293.600000    -0.03412168 
294.000000    -0.04313469 
294.400000    -0.05187997 
294.800000    -0.06052502 
295.200000    -0.06845499 
295.600000    -0.07419651 
296.000000    -0.07579763 
296.400000    -0.07186544 
296.800000    -0.06257051 
297.200000    -0.04951096 
297.600000    -0.03458225 
298.000000    -0.01888998 
298.400000    -0.00242298 
298.800000    0.01413209 
299.200000    0.02984249 
299.600000    0.04560740 
300.000000    0.06217309 
300.400000    0.07918901 
300.800000    0.09435949 
301.200000    0.10296417 
301.600000    0.10008157 
302.000000    0.08517994 
302.400000    0.06278928 
302.800000    0.03815309 
303.200000    0.01395677 
303.600000    -0.00936414 
304.000000    -0.03054338 
304.400000    -0.05036867 
304.800000    -0.07002524 
305.200000    -0.08977413 
305.600000    -0.10765886 
306.000000    -0.11708853 
306.400000    -0.10918705 
306.800000    -0.08434253 
307.200000    -0.05337857 
307.600000    -0.02476200 
308.000000    -0.00037645 
308.400000    0.01940082 
308.800000    0.03473560 
309.200000    0.04722306 
309.600000    0.05794652 
310.000000    0.06749173 
310.400000    0.07567854 
310.800000    0.08109057 
311.200000    0.08131319 
311.600000    0.07465765 
312.000000    0.06201299 
312.400000    0.04628853 
312.800000    0.03016679 
313.200000    0.01470774 
313.600000    -0.00021465 
314.000000    -0.01384681 
314.400000    -0.02578386 
314.800000    -0.03702840 
315.200000    -0.04846166 
315.600000    -0.06029988 
316.000000    -0.07181034 
316.400000    -0.08105181 
316.800000    -0.08516925 
317.200000    -0.08181548 
317.600000    -0.07089709 
318.000000    -0.05467071 
318.400000    -0.03599900 
318.800000    -0.01656639 
319.200000    0.00341036 
319.600000    0.02270075 
320.000000    0.04126180 
320.400000    0.06040115 
320.800000    0.08062090 
321.200000    0.10037241 
321.600000    0.11393325 
322.000000    0.11253470 
322.400000    0.09359345 
322.800000    0.06496041 
323.200000    0.03550207 
323.600000    0.00873908 
324.000000    -0.01494455 
324.400000    -0.03482747 
324.800000    -0.05221969 
325.200000    -0.06809387 
325.600000    -0.08268583 
326.000000    -0.09481484 
326.400000    -0.10068081 
326.800000    -0.09518971 
327.200000    -0.07781476 
327.600000    -0.05448600 
328.000000    -0.03142491 
328.400000    -0.01105423 
328.800000    0.00652340 
329.200000    0.02049022 
329.600000    0.03157093 
330.000000    0.04115848 
330.400000    0.05018700 
330.800000    0.05903147 
331.200000    0.06728287 
331.600000    0.07353827 
332.000000    0.07570130 
332.400000    0.07211041 
332.800000    0.06280332 
333.200000    0.04950880 
333.600000    0.03433646 
334.000000    0.01853119 
334.400000    0.00216346 
334.800000    -0.01405853 
335.200000    -0.02927373 
335.600000    -0.04438170 
336.000000    -0.06012993 
336.400000    -0.07619780 
336.800000    -0.09039508 
337.200000    -0.09832313 
337.600000    -0.09551825 
338.000000    -0.08153104 
338.400000    -0.06047395 
338.800000    -0.03717421 
339.200000    -0.01415359 
339.600000    0.00820708 
340.000000    0.02866753 
340.400000    0.04788307 
340.800000    0.06705083 
341.200000    0.08644599 
341.600000    0.10411802 
342.000000    0.11364706 
342.400000    0.10658377 
342.800000    0.08317876 
343.200000    0.05342606 
343.600000    0.02539275 
344.000000    0.00104680 
344.400000    -0.01916944 
344.800000    -0.03527118 
345.200000    -0.04876172 
345.600000    -0.06058393 
346.000000    -0.07110311 
346.400000    -0.07976304 
346.800000    -0.08455419 
347.200000    -0.08262628 
347.600000    -0.07279880 
348.000000    -0.05722854 
348.400000    -0.03960265 
348.800000    -0.02245186 
349.200000    -0.00630531 
349.600000    0.00857910 
350.000000    0.02126525 
350.400000    0.03241970 
350.800000    0.04312245 
351.200000    0.05392803 
351.600000    0.06464657 
352.000000    0.07404949 
352.400000    0.07984180 
352.800000    0.07953454 
353.200000    0.07210124 
353.600000    0.05881664 
354.000000    0.04222580 
354.400000    0.02441123 
354.800000    0.00595501 
355.200000    -0.01270354 
355.600000    -0.03041360 
356.000000    -0.04808264 
356.400000    -0.06660762 
356.800000    -0.08559653 
357.200000    -0.10189965 
357.600000    -0.10877152 
358.000000    -0.10029834 
358.400000    -0.07860132 
358.800000    -0.05151723 
359.200000    -0.02489029 
359.600000    -0.00023744 
360.000000    0.02173297 
360.400000    0.04092476 
360.800000    0.05867570 
361.200000    0.07558817 
361.600000    0.09111317 
362.000000    0.10217966 
362.400000    0.10269481 
362.800000    0.08878009 
363.200000    0.06497055 
363.600000    0.03936325 
364.000000    0.01633956 
364.400000    -0.00358290 
364.800000    -0.01965442 
365.200000    -0.03230812 
365.600000    -0.04299839 
366.000000    -0.05265049 
366.400000    -0.06159661 
366.800000    -0.06939774 
367.200000    -0.07461530 
367.600000    -0.07518336 
368.000000    -0.06975588 
368.400000    -0.05894597 
368.800000    -0.04491661 
369.200000    -0.02979316 
369.600000    -0.01450220 
370.000000    0.00099872 
370.400000    0.01578942 
370.800000    0.02944013 
371.200000    0.04289230 
371.600000    0.05673916 
372.000000    0.07063491 
372.400000    0.08276732 
372.800000    0.08973051 
373.200000    0.08805488 
373.600000    0.07700340 
374.000000    0.05930534 
374.400000    0.03876022 
374.800000    0.01773551 
375.200000    -0.00337663 
375.600000    -0.02346640 
376.000000    -0.04258538 
376.400000    -0.06198246 
376.800000    -0.08201369 
377.200000    -0.10085935 
377.600000    -0.11231150 
378.000000    -0.10768818 
378.400000    -0.08611042 
378.800000    -0.05684315 
379.200000    -0.02830048 
379.600000    -0.00299531 
380.000000    0.01859338 
380.400000    0.03626116 
380.800000    0.05149119 
381.200000    0.06513192 
381.600000    0.07725616 
382.000000    0.08663966 
382.400000    0.09020308 
382.800000    0.08457451 
383.200000    0.06992959 
383.600000    0.05056708 
384.000000    0.03093138 
384.400000    0.01292386 
384.800000    -0.00334361 
385.200000    -0.01699235 
385.600000    -0.02821904 
386.000000    -0.03830101 
386.400000    -0.04810320 
386.800000    -0.05781789 
387.200000    -0.06680847 
387.600000    -0.07346068 
388.000000    -0.07555621 
388.400000    -0.07149425 
388.800000    -0.06151564 
389.200000    -0.04751707 
389.600000    -0.03164330 
390.000000    -0.01502269 
390.400000    0.00229584 
390.800000    0.01925512 
391.200000    0.03558303 
391.600000    0.05230052 
392.000000    0.06971239 
392.400000    0.08648001 
392.800000    0.09856327 
393.200000    0.10015471 
393.600000    0.08858782 
394.000000    0.06753339 
394.400000    0.04306393 
394.800000    0.01895427 
395.200000    -0.00405518 
395.600000    -0.02493629 
396.000000    -0.04400888 
396.400000    -0.06255044 
396.800000    -0.08090726 
397.200000    -0.09757326 
397.600000    -0.10731704 
398.000000    -0.10257491 
398.400000    -0.08232639 
398.800000    -0.05492124 
399.200000    -0.02833813 
399.600000    -0.00507778 
400.000000    0.01448754 
400.400000    0.02990148 
400.800000    0.04262640 
401.200000    0.05382237 
401.600000    0.06396594 
402.000000    0.07266183 
402.400000    0.07830295 
402.800000    0.07843531 
403.200000    0.07154480 
403.600000    0.05874408 
404.000000    0.04296642 
404.400000    0.02675397 
404.800000    0.01102523 
405.200000    -0.00413224 
405.600000    -0.01767486 
406.000000    -0.02971707 
406.400000    -0.04135513 
406.800000    -0.05316770 
407.200000    -0.06486024 
407.600000    -0.07498330 
408.000000    -0.08093432 
408.400000    -0.08004499 
408.800000    -0.07149989 
409.200000    -0.05704304 
409.600000    -0.03953759 
410.000000    -0.02106149 
410.400000    -0.00205976 
410.800000    0.01673281 
411.200000    0.03463982 
411.600000    0.05282383 
412.000000    0.07189594 
412.400000    0.09071414 
412.800000    0.10466626 
413.200000    0.10612433 
413.600000    0.09152409 
414.000000    0.06647231 
414.400000    0.03909095 
414.800000    0.01344058 
415.200000    -0.00990278 
415.600000    -0.02994166 
416.000000    -0.04770263 
416.400000    -0.06430978 
416.800000    -0.07991632 
417.200000    -0.09297629 
417.600000    -0.09907646 
418.000000    -0.09285804 
418.400000    -0.07449371 
418.800000    -0.05063314 
419.200000    -0.02739488 
419.600000    -0.00679545 
420.000000    0.01080635 
420.400000    0.02463683 
420.800000    0.03584654 
421.200000    0.04572609 
421.600000    0.05494771 
422.000000    0.06342984 
422.400000    0.07013023 
422.800000    0.07315125 
423.200000    0.07069317 
423.600000    0.06246593 
424.000000    0.05002173 
424.400000    0.03555964 
424.800000    0.02052952 
425.200000    0.00515377 
425.600000    -0.01013216 
426.000000    -0.02432002 
426.400000    -0.03809259 
426.800000    -0.05226550 
427.200000    -0.06671509 
427.600000    -0.07986238 
428.000000    -0.08836464 
428.400000    -0.08839016 
428.800000    -0.07859955 
429.200000    -0.06144565 
429.600000    -0.04089947 
430.000000    -0.01968349 
430.400000    0.00158457 
430.800000    0.02186886 
431.200000    0.04105040 
431.600000    0.06042308 
432.000000    0.08035044 
432.400000    0.09893328 
432.800000    0.10984694 
433.200000    0.10460602 
433.600000    0.08290231 
434.000000    0.05411616 
434.400000    0.02625539 
434.800000    0.00152973 
435.200000    -0.01944784 
435.600000    -0.03654090 
436.000000    -0.05123222 
436.400000    -0.06437087 
436.800000    -0.07595515 
437.200000    -0.08454275 
437.600000    -0.08693899 
438.000000    -0.08022059 
438.400000    -0.06525537 
438.800000    -0.04637426 
439.200000    -0.02749509 
439.600000    -0.01005302 
440.000000    0.00574733 
440.400000    0.01887644 
440.800000    0.02976510 
441.200000    0.03966859 
441.600000    0.04935657 
442.000000    0.05883995 
442.400000    0.06718931 
442.800000    0.07253678 
443.200000    0.07275940 
443.600000    0.06682868 
444.000000    0.05561404 
444.400000    0.04116934 
444.800000    0.02531121 
445.200000    0.00867337 
445.600000    -0.00848717 
446.000000    -0.02495201 
446.400000    -0.04123716 
446.800000    -0.05819941 
447.200000    -0.07550523 
447.600000    -0.09063391 
448.000000    -0.09840474 
448.400000    -0.09391158 
448.800000    -0.07759648 
449.200000    -0.05482869 
449.600000    -0.03071772 
450.000000    -0.00732190 
450.400000    0.01479181 
450.800000    0.03467113 
451.200000    0.05354217 
451.600000    0.07223245 
452.000000    0.09014064 
452.400000    0.10351263 
452.800000    0.10480153 
453.200000    0.08952363 
453.600000    0.06360443 
454.000000    0.03629974 
454.400000    0.01191099 
454.800000    -0.00908612 
455.200000    -0.02579818 
455.600000    -0.03924156 
456.000000    -0.05073818 
456.400000    -0.06095467 
456.800000    -0.06974516 
457.200000    -0.07578021 
457.600000    -0.07675098 
458.000000    -0.07096227 
458.400000    -0.05914862 
458.800000    -0.04402961 
459.200000    -0.02818519 
459.600000    -0.01269120 
460.000000    0.00234858 
460.400000    0.01588507 
460.800000    0.02773857 
461.200000    0.03899141 
461.600000    0.05034158 
462.000000    0.06160703 
462.400000    0.07148189 
462.800000    0.07755802 
463.200000    0.07729020 
463.600000    0.06974205 
464.000000    0.05633259 
464.400000    0.03964082 
464.800000    0.02166355 
465.200000    0.00291904 
465.600000    -0.01585938 
466.000000    -0.03386644 
466.400000    -0.05219261 
466.800000    -0.07135286 
467.200000    -0.08995212 
467.600000    -0.10302536 
468.000000    -0.10311774 
468.400000    -0.08767735 
468.800000    -0.06278839 
469.200000    -0.03603482 
469.600000    -0.01086736 
470.000000    0.01216541 
470.400000    0.03202450 
470.800000    0.04981557 
471.200000    0.06650629 
471.600000    0.08198556 
472.000000    0.09407912 
472.400000    0.09764305 
472.800000    0.08801619 
473.200000    0.06751284 
473.600000    0.04346930 
474.000000    0.02097380 
474.400000    0.00110615 
474.800000    -0.01547547 
475.200000    -0.02847805 
475.600000    -0.03925337 
476.000000    -0.04886836 
476.400000    -0.05774546 
476.800000    -0.06546487 
477.200000    -0.07060453 
477.600000    -0.07118599 
478.000000    -0.06598490 
478.400000    -0.05563339 
478.800000    -0.04214831 
479.200000    -0.02744971 
479.600000    -0.01232652 
480.000000    0.00311590 
480.400000    0.01771807 
480.800000    0.03131754 
481.200000    0.04489578 
481.600000    0.05877347 
482.000000    0.07204178 
482.400000    0.08218600 
482.800000    0.08561298 
483.200000    0.07995765 
483.600000    0.06620125 
484.000000    0.04771113 
484.400000    0.02759030 
484.800000    0.00707839 
485.200000    -0.01328561 
485.600000    -0.03238331 
486.000000    -0.05125836 
486.400000    -0.07068606 
486.800000    -0.08974560 
487.200000    -0.10389593 
487.600000    -0.10500269 
488.000000    -0.08923906 
488.400000    -0.06314047 
488.800000    -0.03555181 
489.200000    -0.01033892 
489.600000    0.01200625 
490.000000    0.03056197 
490.400000    0.04647533 
490.800000    0.06079564 
491.200000    0.07369368 
491.600000    0.08392444 
492.000000    0.08821019 
492.400000    0.08292553 
492.800000    0.06826113 
493.200000    0.04875494 
493.600000    0.02895113 
494.000000    0.01065865 
494.400000    -0.00587999 
494.800000    -0.01959920 
495.200000    -0.03091336 
495.600000    -0.04104526 
496.000000    -0.05071482 
496.400000    -0.05987014 
496.800000    -0.06747901 
497.200000    -0.07160426 
497.600000    -0.07028253 
498.000000    -0.06293821 
498.400000    -0.05088132 
498.800000    -0.03624443 
499.200000    -0.02055462 
499.600000    -0.00414413 
500.000000    0.01233694 
500.400000    0.02786639 
500.800000    0.04325648 
501.200000    0.05909575 
501.600000    0.07463538 
502.000000    0.08706827 
502.400000    0.09177180 
502.800000    0.08543455 
503.200000    0.06946425 
503.600000    0.04850758 
504.000000    0.02646125 
504.400000    0.00466340 
504.800000    -0.01620409 
505.200000    -0.03528713 
505.600000    -0.05379771 
506.000000    -0.07238603 
506.400000    -0.08999405 
506.800000    -0.10206422 
507.200000    -0.10102192 
507.600000    -0.08418036 
508.000000    -0.05847461 
508.400000    -0.03213338 
508.800000    -0.00837790 
509.200000    0.01237619 
509.600000    0.02929423 
510.000000    0.04356538 
510.400000    0.05626921 
510.800000    0.06767978 
511.200000    0.07689919 
511.600000    0.08146631 
512.000000    0.07845573 
512.400000    0.06734610 
512.800000    0.05104193 
513.200000    0.03327576 
513.600000    0.01608480 
514.000000    -0.00024058 
514.400000    -0.01476728 
514.800000    -0.02704129 
515.200000    -0.03812607 
515.600000    -0.04883769 
516.000000    -0.05917873 
516.400000    -0.06809917 
516.800000    -0.07350447 
517.200000    -0.07311527 
517.600000    -0.06607442 
518.000000    -0.05368752 
518.400000    -0.03832497 
518.800000    -0.02178871 
519.200000    -0.00454511 
519.600000    0.01277687 
520.000000    0.02914229 
520.400000    0.04542705 
520.800000    0.06221749 
521.200000    0.07859994 
521.600000    0.09119836 
522.000000    0.09457608 
522.400000    0.08549356 
522.800000    0.06669689 
523.200000    0.04390298 
523.600000    0.02098066 
524.000000    -0.00118476 
524.400000    -0.02161076 
524.800000    -0.04015708 
525.200000    -0.05808679 
525.600000    -0.07572027 
526.000000    -0.09144246 
526.400000    -0.10016111 
526.800000    -0.09523397 
527.200000    -0.07639618 
527.600000    -0.05117744 
528.000000    -0.02640885 
528.400000    -0.00417644 
528.800000    0.01498787 
529.200000    0.03049339 
529.600000    0.04363044 
530.000000    0.05535524 
530.400000    0.06581507 
530.800000    0.07401557 
531.200000    0.07766090 
531.600000    0.07434650 
532.000000    0.06388068 
532.400000    0.04881297 
532.800000    0.03227456 
533.200000    0.01597241 
533.600000    0.00014389 
534.000000    -0.01427191 
534.400000    -0.02671551 
534.800000    -0.03817739 
535.200000    -0.04941239 
535.600000    -0.06029354 
536.000000    -0.06956575 
536.400000    -0.07491326 
536.800000    -0.07398553 
537.200000    -0.06612014 
537.600000    -0.05291170 
538.000000    -0.03686091 
538.400000    -0.01969694 
538.800000    -0.00176681 
539.200000    0.01608817 
539.600000    0.03314131 
540.000000    0.05042334 
540.400000    0.06826932 
540.800000    0.08513045 
541.200000    0.09641913 
541.600000    0.09595432 
542.000000    0.08199345 
542.400000    0.05964701 
542.800000    0.03520528 
543.200000    0.01164207 
543.600000    -0.01055449 
544.000000    -0.03022567 
544.400000    -0.04827650 
544.800000    -0.06563516 
545.200000    -0.08195544 
545.600000    -0.09444720 
546.000000    -0.09721147 
546.400000    -0.08587102 
546.800000    -0.06403549 
547.200000    -0.03946572 
547.600000    -0.01672306 
548.000000    0.00345528 
548.400000    0.02013122 
548.800000    0.03355020 
549.200000    0.04503835 
549.600000    0.05532984 
550.000000    0.06434186 
550.400000    0.07091379 
550.800000    0.07296954 
551.200000    0.06880375 
551.600000    0.05871647 
552.000000    0.04492562 
552.400000    0.02982999 
552.800000    0.01460372 
553.200000    -0.00064145 
553.600000    -0.01489329 
554.000000    -0.02763407 
554.400000    -0.03980801 
554.800000    -0.05200075 
555.200000    -0.06377139 
555.600000    -0.07339146 
556.000000    -0.07807624 
556.400000    -0.07544005 
556.800000    -0.06539740 
557.200000    -0.05020917 
557.600000    -0.03260183 
558.000000    -0.01407625 
558.400000    0.00510407 
558.800000    0.02366108 
559.200000    0.04177429 
559.600000    0.06043505 
560.000000    0.07926789 
560.400000    0.09511422 
560.800000    0.10125193 
561.200000    0.09220509 
561.600000    0.07084301 
562.000000    0.04504643 
562.400000    0.01999373 
562.800000    -0.00325158 
563.200000    -0.02370414 
563.600000    -0.04155738 
564.000000    -0.05802414 
564.400000    -0.07335250 
564.800000    -0.08616671 
565.200000    -0.09248865 
565.600000    -0.08745136 
566.000000    -0.07103687 
566.400000    -0.04910363 
566.800000    -0.02726958 
567.200000    -0.00749236 
567.600000    0.00985128 
568.000000    0.02383132 
568.400000    0.03536176 
568.800000    0.04558774 
569.200000    0.05498877 
569.600000    0.06318118 
570.000000    0.06877854 
570.400000    0.06981468 
570.800000    0.06502502 
571.200000    0.05498057 
571.600000    0.04166892 
572.000000    0.02701948 
572.400000    0.01182626 
572.800000    -0.00376595 
573.200000    -0.01851326 
573.600000    -0.03227379 
574.000000    -0.04596969 
574.400000    -0.05973136 
574.800000    -0.07231550 
575.200000    -0.08089326 
575.600000    -0.08202491 
576.000000    -0.07420689 
576.400000    -0.05930129 
576.800000    -0.04077523 
577.200000    -0.02116832 
577.600000    -0.00112859 
578.000000    0.01843125 
578.400000    0.03694482 
578.800000    0.05556089 
579.200000    0.07448965 
579.600000    0.09164463 
580.000000    0.10111360 
580.400000    0.09591899 
580.800000    0.07646949 
581.200000    0.05071739 
581.600000    0.02527161 
582.000000    0.00197317 
582.400000    -0.01851130 
582.800000    -0.03582088 
583.200000    -0.05126871 
583.600000    -0.06547889 
584.000000    -0.07786872 
584.400000    -0.08589094 
584.800000    -0.08542766 
585.200000    -0.07451242 
585.600000    -0.05634689 
586.000000    -0.03616875 
586.400000    -0.01702740 
586.800000    0.00057512 
587.200000    0.01574999 
587.600000    0.02819970 
588.000000    0.03907799 
588.400000    0.04919775 
588.800000    0.05857577 
589.200000    0.06622029 
589.600000    0.07022158 
590.000000    0.06866797 
590.400000    0.06109874 
590.800000    0.04895638 
591.200000    0.03443031 
591.600000    0.01899205 
592.000000    0.00291585 
592.400000    -0.01301564 
592.800000    -0.02784216 
593.200000    -0.04238619 
593.600000    -0.05714124 
594.000000    -0.07122022 
594.400000    -0.08190145 
594.800000    -0.08520284 
595.200000    -0.07866994 
595.600000    -0.06383286 
596.000000    -0.04466647 
596.400000    -0.02436654 
596.800000    -0.00392386 
597.200000    0.01596807 
597.600000    0.03447211 
598.000000    0.05272771 
598.400000    0.07118713 
598.800000    0.08829264 
599.200000    0.09892994 
599.600000    0.09604900 
600.000000    0.07858813 
600.400000    0.05371910 
600.800000    0.02853915 
601.200000    0.00546538 
601.600000    -0.01498234 
602.000000    -0.03209125 
602.400000    -0.04709881 
602.800000    -0.06081755 
603.200000    -0.07299154 
603.600000    -0.08168758 
604.000000    -0.08332505 
604.400000    -0.07537890 
604.800000    -0.05964523 
605.200000    -0.04072899 
605.600000    -0.02205964 
606.000000    -0.00454682 
606.400000    0.01123396 
606.800000    0.02437038 
607.200000    0.03573340 
607.600000    0.04628287 
608.000000    0.05622780 
608.400000    0.06476460 
608.800000    0.07005796 
609.200000    0.06998891 
609.600000    0.06365214 
610.000000    0.05217133 
610.400000    0.03777181 
610.800000    0.02220509 
611.200000    0.00594808 
611.600000    -0.01047125 
612.000000    -0.02584907 
612.400000    -0.04083986 
612.800000    -0.05608989 
613.200000    -0.07086866 
613.600000    -0.08248583 
614.000000    -0.08667651 
614.400000    -0.08051743 
614.800000    -0.06543283 
615.200000    -0.04572770 
615.600000    -0.02492622 
616.000000    -0.00415231 
616.400000    0.01591280 
616.800000    0.03442653 
617.200000    0.05253320 
617.600000    0.07069659 
618.000000    0.08740272 
618.400000    0.09768543 
618.800000    0.09471822 
619.200000    0.07749207 
619.600000    0.05301849 
620.000000    0.02825692 
620.400000    0.00558724 
620.800000    -0.01446680 
621.200000    -0.03116057 
621.600000    -0.04570595 
622.000000    -0.05894407 
622.400000    -0.07068570 
622.800000    -0.07917642 
623.200000    -0.08113655 
623.600000    -0.07413427 
624.000000    -0.05956886 
624.400000    -0.04158290 
624.800000    -0.02349074 
625.200000    -0.00629494 
625.600000    0.00952901 
626.000000    0.02290591 
626.400000    0.03451454 
626.800000    0.04533003 
627.200000    0.05559099 
627.600000    0.06449843 
628.000000    0.07017908 
628.400000    0.07043138 
628.800000    0.06426425 
629.200000    0.05277695 
629.600000    0.03823611 
630.000000    0.02245469 
630.400000    0.00594787 
630.800000    -0.01074374 
631.200000    -0.02641264 
631.600000    -0.04173809 
632.000000    -0.05733733 
632.400000    -0.07236349 
632.800000    -0.08387070 
633.200000    -0.08734336 
633.600000    -0.08001549 
634.000000    -0.06385544 
634.400000    -0.04350344 
634.800000    -0.02240214 
635.200000    -0.00147188 
635.600000    0.01843234 
636.000000    0.03676859 
636.400000    0.05472572 
636.800000    0.07257414 
637.200000    0.08844290 
637.600000    0.09700203 
638.000000    0.09190616 
638.400000    0.07345157 
638.800000    0.04900790 
639.200000    0.02485864 
639.600000    0.00280665 
640.000000    -0.01649715 
640.400000    -0.03254031 
640.800000    -0.04658313 
641.200000    -0.05935327 
641.600000    -0.07051656 
642.000000    -0.07817699 
642.400000    -0.07915936 
642.800000    -0.07149957 
643.200000    -0.05692615 
643.600000    -0.03938746 
644.000000    -0.02180999 
644.400000    -0.00497418 
644.800000    0.01055064 
645.200000    0.02374511 
645.600000    0.03534688 
646.000000    0.04625890 
646.400000    0.05659760 
646.800000    0.06539236 
647.200000    0.07061857 
647.600000    0.07010085 
648.000000    0.06310469 
648.400000    0.05099570 
648.800000    0.03608992 
649.200000    0.02005012 
649.600000    0.00324788 
650.000000    -0.01354523 
650.400000    -0.02934033 
650.800000    -0.04499213 
651.200000    -0.06089192 
651.600000    -0.07576084 
652.000000    -0.08605918 
652.400000    -0.08711321 
652.800000    -0.07709053 
653.200000    -0.05912963 
653.600000    -0.03806838 
654.000000    -0.01680062 
654.400000    0.00412908 
654.800000    0.02353948 
655.200000    0.04158405 
655.600000    0.05936103 
656.000000    0.07668492 
656.400000    0.09085815 
656.800000    0.09588215 
657.200000    0.08670007 
657.600000    0.06609110 
658.000000    0.04172060 
658.400000    0.01851737 
658.800000    -0.00258519 
659.200000    -0.02064473 
659.600000    -0.03575650 
660.000000    -0.04916851 
660.400000    -0.06136587 
660.800000    -0.07167200 
661.200000    -0.07783082 
661.600000    -0.07679228 
662.000000    -0.06745517 
662.400000    -0.05225067 
662.800000    -0.03493262 
663.200000    -0.01780138 
663.600000    -0.00128532 
664.000000    0.01375188 
664.400000    0.02660933 
664.800000    0.03820278 
665.200000    0.04924630 
665.600000    0.05954414 
666.000000    0.06772998 
666.400000    0.07151421 
666.800000    0.06894430 
667.200000    0.05997767 
667.600000    0.04653667 
668.000000    0.03094481 
668.400000    0.01446831 
668.800000    -0.00267442 
669.200000    -0.01924766 
669.600000    -0.03498639 
670.000000    -0.05083083 
670.400000    -0.06665377 
670.800000    -0.08034916 
671.200000    -0.08759347 
671.600000    -0.08422711 
672.000000    -0.07044618 
672.400000    -0.05070284 
672.800000    -0.02939752 
673.200000    -0.00831706 
673.600000    0.01206210 
674.000000    0.03059824 
674.400000    0.04824432 
674.800000    0.06570852 
675.200000    0.08199489 
675.600000    0.09310669 
676.000000    0.09272911 
676.400000    0.07854036 
676.800000    0.05604321 
677.200000    0.03223250 
677.600000    0.01015237 
678.000000    -0.00974758 
678.400000    -0.02641605 
678.800000    -0.04072160 
679.200000    -0.05367651 
679.600000    -0.06534041 
680.000000    -0.07439949 
680.400000    -0.07803815 
680.800000    -0.07362202 
681.200000    -0.06152041 
681.600000    -0.04509842 
682.000000    -0.02772789 
682.400000    -0.01081861 
682.800000    0.00533938 
683.200000    0.01951658 
683.600000    0.03184018 
684.000000    0.04329187 
684.400000    0.05420503 
684.800000    0.06383847 
685.200000    0.07026871 
685.600000    0.07112024 
686.000000    0.06522761 
686.400000    0.05367982 
686.800000    0.03887427 
687.200000    0.02275723 
687.600000    0.00590582 
688.000000    -0.01111917 
688.400000    -0.02709707 
688.800000    -0.04271865 
689.200000    -0.05854318 
689.600000    -0.07354335 
690.000000    -0.08443589 
690.400000    -0.08653191 
690.800000    -0.07755394 
691.200000    -0.06025809 
691.600000    -0.03952369 
692.000000    -0.01847129 
692.400000    0.00226066 
692.800000    0.02158530 
693.200000    0.03941342 
693.600000    0.05687660 
694.000000    0.07392061 
694.400000    0.08812819 
694.800000    0.09390793 
695.200000    0.08614181 
695.600000    0.06685220 
696.000000    0.04324704 
696.400000    0.02040171 
696.800000    -0.00056319 
697.200000    -0.01878657 
697.600000    -0.03408371 
698.000000    -0.04768806 
698.400000    -0.06012377 
698.800000    -0.07073404 
699.200000    -0.07726041 
699.600000    -0.07659021 
700.000000    -0.06751413 
700.400000    -0.05241300 
700.800000    -0.03508186 
701.200000    -0.01787743 
701.600000    -0.00124997 
702.000000    0.01392834 
702.400000    0.02695420 
702.800000    0.03873256 
703.200000    0.04992537 
703.600000    0.06024388 
704.000000    0.06818771 
704.400000    0.07137931 
704.800000    0.06798653 
705.200000    0.05827248 
705.600000    0.04438032 
706.000000    0.02861068 
706.400000    0.01204893 
706.800000    -0.00505961 
707.200000    -0.02136800 
707.600000    -0.03690348 
708.000000    -0.05252767 
708.400000    -0.06787181 
708.800000    -0.08051251 
709.200000    -0.08605463 
709.600000    -0.08096580 
710.000000    -0.06628476 
710.400000    -0.04656839 
710.800000    -0.02572929 
711.200000    -0.00508248 
711.600000    0.01474316 
712.000000    0.03281074 
712.400000    0.05019811 
712.800000    0.06739122 
713.200000    0.08296148 
713.600000    0.09238674 
714.000000    0.08968365 
714.400000    0.07399459 
714.800000    0.05143484 
715.200000    0.02826716 
715.600000    0.00676397 
716.000000    -0.01257741 
716.400000    -0.02884081 
716.800000    -0.04308217 
717.200000    -0.05614071 
717.600000    -0.06777263 
718.000000    -0.07617486 
718.400000    -0.07816373 
718.800000    -0.07151667 
719.200000    -0.05762361 
719.600000    -0.04034726 
720.000000    -0.02274502 
720.400000    -0.00571679 
720.800000    0.01019949 
721.200000    0.02390385 
721.600000    0.03605522 
722.000000    0.04747660 
722.400000    0.05812704 
722.800000    0.06677618 
723.200000    0.07113621 
723.600000    0.06909364 
724.000000    0.06044698 
724.400000    0.04713166 
724.800000    0.03160032 
725.200000    0.01524067 
725.600000    -0.00171025 
726.000000    -0.01806503 
726.400000    -0.03339171 
726.800000    -0.04860492 
727.200000    -0.06368811 
727.600000    -0.07677726 
728.000000    -0.08396965 
728.400000    -0.08140354 
728.800000    -0.06898617 
729.200000    -0.05059639 
729.600000    -0.03035500 
730.000000    -0.01008841 
730.400000    0.00978929 
730.800000    0.02802365 
731.200000    0.04535144 
731.600000    0.06255912 
732.000000    0.07877586 
732.400000    0.09026304 
732.800000    0.09098236 
733.200000    0.07831715 
733.600000    0.05703450 
734.000000    0.03384412 
734.400000    0.01196535 
734.800000    -0.00812319 
735.200000    -0.02529529 
735.600000    -0.04022636 
736.000000    -0.05393038 
736.400000    -0.06638117 
736.800000    -0.07599899 
737.200000    -0.07953971 
737.600000    -0.07418527 
738.000000    -0.06075029 
738.400000    -0.04320131 
738.800000    -0.02507765 
739.200000    -0.00761431 
739.600000    0.00875505 
740.000000    0.02285148 
740.400000    0.03521494 
740.800000    0.04672406 
741.200000    0.05742550 
741.600000    0.06619459 
742.000000    0.07079902 
742.400000    0.06906663 
742.800000    0.06068198 
743.200000    0.04753851 
743.600000    0.03213684 
744.000000    0.01594008 
744.400000    -0.00079996 
744.800000    -0.01695608 
745.200000    -0.03195439 
745.600000    -0.04668198 
746.000000    -0.06123844 
746.400000    -0.07402013 
746.800000    -0.08150852 
747.200000    -0.08000322 
747.600000    -0.06900057 
748.000000    -0.05181068 
748.400000    -0.03237330 
748.800000    -0.01266873 
749.200000    0.00693632 
749.600000    0.02514406 
750.000000    0.04237285 
750.400000    0.05953152 
750.800000    0.07600686 
751.200000    0.08846824 
751.600000    0.09102392 
752.000000    0.08027990 
752.400000    0.06006358 
752.800000    0.03707507 
753.200000    0.01502600 
753.600000    -0.00549100 
754.000000    -0.02335733 
754.400000    -0.03894323 
754.800000    -0.05332925 
755.200000    -0.06655944 
755.600000    -0.07704815 
756.000000    -0.08132140 
756.400000    -0.07614956 
756.800000    -0.06224449 
757.200000    -0.04392905 
757.600000    -0.02509748 
758.000000    -0.00709972 
758.400000    0.00958938 
758.800000    0.02383594 
759.200000    0.03628651 
759.600000    0.04779497 
760.000000    0.05834214 
760.400000    0.06672519 
760.800000    0.07067473 
761.200000    0.06813974 
761.600000    0.05908306 
762.000000    0.04560683 
762.400000    0.03019784 
762.800000    0.01416126 
763.200000    -0.00228053 
763.600000    -0.01790399 
764.000000    -0.03230882 
764.400000    -0.04635892 
764.800000    -0.06010135 
765.200000    -0.07198803 
765.600000    -0.07878925 
766.000000    -0.07723898 
766.400000    -0.06692927 
766.800000    -0.05077575 
767.200000    -0.03229903 
767.600000    -0.01332225 
768.000000    0.00582661 
768.400000    0.02384618 
768.800000    0.04098548 
769.200000    0.05815735 
769.600000    0.07477901 
770.000000    0.08757721 
770.400000    0.09072207 
770.800000    0.08068883 
771.200000    0.06098469 
771.600000    0.03816106 
772.000000    0.01601462 
772.400000    -0.00480910 
772.800000    -0.02319277 
773.200000    -0.03940887 
773.600000    -0.05452599 
774.000000    -0.06851002 
774.400000    -0.07951455 
774.800000    -0.08358929 
775.200000    -0.07728221 
775.600000    -0.06184488 
776.000000    -0.04229736 
776.400000    -0.02269229 
776.800000    -0.00420567 
777.200000    0.01251848 
777.600000    0.02658850 
778.000000    0.03891169 
778.400000    0.05022643 
778.800000    0.06032196 
779.200000    0.06778306 
779.600000    0.07028604 
780.000000    0.06612413 
780.400000    0.05584372 
780.800000    0.04184466 
781.200000    0.02645418 
781.600000    0.01062580 
782.000000    -0.00537796 
782.400000    -0.02021762 
782.800000    -0.03387782 
783.200000    -0.04715822 
783.600000    -0.05993435 
784.000000    -0.07058022 
784.400000    -0.07609409 
784.800000    -0.07377482 
785.200000    -0.06358199 
785.600000    -0.04818604 
786.000000    -0.03060516 
786.400000    -0.01232130 
786.800000    0.00637339 
787.200000    0.02414000 
787.600000    0.04124377 
788.000000    0.05850795 
788.400000    0.07516514 
788.800000    0.08768104 
789.200000    0.09019858 
789.600000    0.07963467 
790.000000    0.05980222 
790.400000    0.03705102 
790.800000    0.01488878 
791.200000    -0.00610630 
791.600000    -0.02476164 
792.000000    -0.04148299 
792.400000    -0.05725715 
792.800000    -0.07181767 
793.200000    -0.08279704 
793.600000    -0.08560002 
794.000000    -0.07695844 
794.400000    -0.05934343 
794.800000    -0.03854070 
795.200000    -0.01837407 
795.600000    0.00035669 
796.000000    0.01672923 
796.400000    0.03039941 
796.800000    0.04246097 
797.200000    0.05344246 
797.600000    0.06284241 
798.000000    0.06894838 
798.400000    0.06944531 
798.800000    0.06320461 
799.200000    0.05151026 
799.600000    0.03698116 
800.000000    0.02161158 
800.400000    0.00593436 
800.800000    -0.00952605 
801.200000    -0.02352268 
801.600000    -0.03648442 
802.000000    -0.04904835 
802.400000    -0.06081257 
802.800000    -0.06996251 
803.200000    -0.07368386 
803.600000    -0.06993018 
804.000000    -0.05921477 
804.400000    -0.04411371 
804.800000    -0.02714648 
805.200000    -0.00934311 
805.600000    0.00893567 
806.000000    0.02632957 
806.400000    0.04333011 
806.800000    0.06054584 
807.200000    0.07678469 
807.600000    0.08801646 
808.000000    0.08855153 
808.400000    0.07646258 
808.800000    0.05623872 
809.200000    0.03376206 
809.600000    0.01186779 
810.000000    -0.00897591 
810.400000    -0.02756435 
810.800000    -0.04458504 
811.200000    -0.06085992 
811.600000    -0.07573066 
812.000000    -0.08606007 
812.400000    -0.08662528 
812.800000    -0.07497011 
813.200000    -0.05519088 
813.600000    -0.03348145 
814.000000    -0.01300948 
814.400000    0.00572771 
814.800000    0.02160705 
815.200000    0.03499588 
815.600000    0.04695290 
816.000000    0.05769235 
816.400000    0.06627607 
816.800000    0.07057524 
817.200000    0.06839341 
817.600000    0.05949206 
818.000000    0.04604880 
818.400000    0.03079768 
818.800000    0.01523082 
819.200000    -0.00042090 
819.600000    -0.01510709 
820.000000    -0.02818024 
820.400000    -0.04040496 
820.800000    -0.05211398 
821.200000    -0.06251437 
821.600000    -0.06955545 
822.000000    -0.07073288 
822.400000    -0.06488051 
822.800000    -0.05319892 
823.200000    -0.03816440 
823.600000    -0.02169537 
824.000000    -0.00429182 
824.400000    0.01335794 
824.800000    0.03013956 
825.200000    0.04681885 
825.600000    0.06360274 
826.000000    0.07865026 
826.400000    0.08744108 
826.800000    0.08503237 
827.200000    0.07119045 
827.600000    0.05086142 
828.000000    0.02902684 
828.400000    0.00763066 
828.800000    -0.01282485 
829.200000    -0.03125625 
829.600000    -0.04861922 
830.000000    -0.06545064 
830.400000    -0.08045357 
830.800000    -0.08938493 
831.200000    -0.08658912 
831.600000    -0.07129969 
832.000000    -0.04944102 
832.400000    -0.02706812 
832.800000    -0.00635436 
833.200000    0.01216860 
833.600000    0.02758465 
834.000000    0.04088640 
834.400000    0.05286407 
834.800000    0.06326065 
835.200000    0.07048508 
835.600000    0.07195933 
836.000000    0.06604301 
836.400000    0.05391503 
836.800000    0.03864553 
837.200000    0.02272591 
837.600000    0.00692244 
838.000000    -0.00831648 
838.400000    -0.02176982 
838.800000    -0.03378904 
839.200000    -0.04509359 
839.600000    -0.05557934 
840.000000    -0.06401370 
840.400000    -0.06824423 
840.800000    -0.06638782 
841.200000    -0.05832218 
841.600000    -0.04577616 
842.000000    -0.03089599 
842.400000    -0.01485756 
842.800000    0.00217077 
843.200000    0.01896753 
843.600000    0.03510199 
844.000000    0.05135205 
844.400000    0.06729910 
844.800000    0.08029628 
845.200000    0.08562453 
845.600000    0.07978417 
846.000000    0.06432313 
846.400000    0.04414708 
846.800000    0.02306123 
