0.000000    0.00000000 
0.306791    0.01333870 
0.613821    0.02570933 
0.921691    0.03665416 
1.231392    0.04599964 
1.544234    0.05366793 
1.861758    0.05958074 
2.185649    0.06361454 
2.517640    0.06557955 
2.859384    0.06520938 
3.212241    0.06215341 
3.577146    0.05597614 
3.954056    0.04615743 
4.341433    0.03212160 
4.735570    0.01352332 
5.130220    -0.00885779 
5.518150    -0.03081777 
5.895824    -0.04287016 
6.265210    -0.03691897 
6.627264    -0.01655692 
6.979290    0.00896660 
7.318410    0.03404968 
7.643775    0.05671255 
7.956726    0.07630521 
8.260295    0.09247987 
8.558657    0.10494525 
8.856636    0.11342694 
9.159249    0.11765621 
9.471240    0.11736278 
9.796548    0.11229667 
10.137682    0.10225648 
10.495053    0.08707079 
10.866243    0.06653892 
11.245218    0.04031914 
11.621505    0.00818729 
11.980752    -0.02776216 
12.311639    -0.05707291 
12.617062    -0.06202785 
12.905934    -0.04033555 
13.179732    -0.00612872 
13.435949    0.03066297 
13.672573    0.06670503 
13.889292    0.10062348 
14.087740    0.13151283 
14.273089    0.15818748 
14.452640    0.18028654 
14.635743    0.19737282 
14.833560    0.20845071 
15.058387    0.21138164 
15.320738    0.20237726 
15.623394    0.18045287 
15.958070    0.14666279 
16.308521    0.10549185 
16.658125    0.06197962 
16.992279    0.01800724 
17.298303    -0.02518061 
17.568895    -0.06092460 
17.809766    -0.07594038 
18.034902    -0.06502798 
18.252982    -0.03721526 
18.465603    -0.00259879 
18.670788    0.03420835 
18.864537    0.07156940 
19.042444    0.10810022 
19.204319    0.14218711 
19.355275    0.17238208 
19.504827    0.19831308 
19.666651    0.21923103 
19.858882    0.23229878 
20.100766    0.23034613 
20.397369    0.20429065 
20.727313    0.15753274 
21.063948    0.10605829 
21.394495    0.06032033 
21.715862    0.02180640 
22.028752    -0.00995022 
22.334941    -0.03413510 
22.639119    -0.04632150 
22.947381    -0.04356640 
23.262863    -0.02926078 
23.584396    -0.01068701 
23.909249    0.00669425 
24.235409    0.02065145 
24.561993    0.03088469 
24.888894    0.03790177 
25.216361    0.04247773 
25.544723    0.04540342 
25.874301    0.04734678 
26.205474    0.04877633 
26.538788    0.04993357 
26.874939    0.05082926 
27.214689    0.05124733 
27.559006    0.05072636 
27.909050    0.04865803 
28.265816    0.04442678 
28.629814    0.03740181 
29.000641    0.02702411 
29.376491    0.01303859 
29.753927    -0.00399222 
30.128584    -0.02157507 
30.497454    -0.03422978 
30.860860    -0.03563682 
31.220208    -0.02467902 
31.574708    -0.00638133 
31.921987    0.01374765 
32.260266    0.03277077 
32.589481    0.04959935 
32.911049    0.06379253 
33.227083    0.07517732 
33.540138    0.08377393 
33.853468    0.08953827 
34.170811    0.09224452 
34.495735    0.09159382 
34.831209    0.08725934 
35.179268    0.07885514 
35.540412    0.06592768 
35.912761    0.04795849 
36.291179    0.02448973 
36.666736    -0.00414564 
37.028431    -0.03407139 
37.370426    -0.05362078 
37.697274    -0.04997450 
38.013943    -0.02620538 
38.319303    0.00539420 
38.610405    0.03746776 
38.885904    0.06748656 
39.146851    0.09440620 
39.396589    0.11741238 
39.640412    0.13583061 
39.885024    0.14911360 
40.137858    0.15669359 
40.406213    0.15790103 
40.696097    0.15212188 
41.010765    0.13913539 
41.349460    0.11940533 
41.707259    0.09401255 
42.075573    0.06401547 
42.442936    0.02993768 
42.795876    -0.00760557 
43.121823    -0.04402053 
43.417940    -0.06567005 
43.694123    -0.06018044 
43.958338    -0.03370416 
44.210783    0.00073999 
44.449198    0.03657290 
44.671694    0.07179075 
44.877652    0.10526568 
45.068519    0.13601630 
45.250063    0.16260504 
45.430815    0.18438883 
45.621973    0.20038397 
45.836763    0.20851148 
46.087847    0.20513699 
46.380777    0.18679633 
46.708318    0.15449904 
47.054707    0.11458179 
47.404807    0.07331617 
47.747966    0.03353421 
48.076237    -0.00439542 
48.384385    -0.03801225 
48.673379    -0.05925376 
48.952071    -0.05923305 
49.228694    -0.03998242 
49.504773    -0.01168662 
49.778278    0.01814876 
50.047175    0.04652760 
50.310769    0.07226913 
50.570336    0.09442133 
50.829398    0.11198743 
51.093309    0.12405539 
51.368133    0.12989553 
51.659035    0.12910415 
51.968743    0.12191232 
52.296964    0.10940894 
52.641205    0.09324295 
52.997994    0.07491289 
53.363502    0.05532427 
53.733786    0.03483220 
54.104880    0.01360447 
54.472894    -0.00756394 
54.834802    -0.02601295 
55.190097    -0.03680820 
55.541012    -0.03582565 
55.889585    -0.02427349 
56.235553    -0.00743471 
56.577457    0.01011066 
56.914334    0.02617699 
57.246268    0.04011276 
57.574177    0.05182694 
57.899550    0.06133262 
58.224358    0.06859193 
58.550925    0.07348734 
58.881655    0.07584925 
59.218719    0.07548495 
59.563828    0.07218005 
59.918021    0.06569268 
60.281391    0.05576304 
60.652774    0.04214119 
61.029428    0.02468068 
61.406845    0.00372961 
61.779331    -0.01868224 
62.142610    -0.03687804 
62.497289    -0.04243387 
62.846906    -0.03209688 
63.192369    -0.01163831 
63.531819    0.01159539 
63.863377    0.03365303 
64.186499    0.05310764 
64.502172    0.06948808 
64.812747    0.08256472 
65.121603    0.09213576 
65.432676    0.09799170 
65.749909    0.09993285 
66.076727    0.09779888 
66.415590    0.09148338 
66.767619    0.08091812 
67.132219    0.06603016 
67.506629    0.04667852 
67.885411    0.02271055 
68.260264    -0.00528584 
68.621912    -0.03339050 
68.966314    -0.05105066 
69.298239    -0.04745579 
69.622299    -0.02561879 
69.937517    0.00338297 
70.241277    0.03267648 
70.532409    0.05984970 
70.811863    0.08398994 
71.082640    0.10443249 
71.349480    0.12055637 
71.618321    0.13179076 
71.895546    0.13760101 
72.187059    0.13751313 
72.497238    0.13124908 
72.827997    0.11890844 
73.178248    0.10100784 
73.543895    0.07826047 
73.918111    0.05120301 
74.291517    0.02006351 
74.652612    -0.01411971 
74.991154    -0.04548329 
75.306520    -0.06026606 
75.607400    -0.04961898 
75.898538    -0.02198570 
76.178590    0.01089054 
76.445303    0.04365743 
76.697856    0.07460691 
76.937489    0.10276810 
77.167863    0.12717796 
77.395049    0.14690993 
77.627028    0.16102966 
77.872774    0.16841009 
78.140721    0.16771767 
78.436412    0.15793140 
78.760188    0.13930198 
79.106864    0.11375629 
79.467834    0.08392827 
79.833487    0.05168326 
80.194073    0.01768056 
80.539832    -0.01702747 
80.863750    -0.04688865 
81.167854    -0.06000370 
81.461301    -0.04969507 
81.749049    -0.02378130 
82.030267    0.00710663 
82.302903    0.03780716 
82.565994    0.06658375 
82.820433    0.09246902 
83.069430    0.11445595 
83.318497    0.13150153 
83.574747    0.14258093 
83.845581    0.14670921 
84.136875    0.14317288 
84.451224    0.13204237 
84.787288    0.11451818 
85.140723    0.09253277 
85.505703    0.06784765 
85.875883    0.04145944 
86.244593    0.01378147 
86.605115    -0.01401335 
86.952778    -0.03741090 
87.288669    -0.04796021 
87.618344    -0.04075799 
87.944898    -0.02103577 
88.267523    0.00270972 
88.584710    0.02557629 
88.896142    0.04584575 
89.202949    0.06301521 
89.507434    0.07683191 
89.812672    0.08704004 
90.122063    0.09338934 
90.438853    0.09570734 
90.765681    0.09396286 
91.104237    0.08828800 
91.455029    0.07893848 
91.817239    0.06620372 
92.188682    0.05031379 
92.565838    0.03141472 
92.943943    0.00983283 
93.317496    -0.01296607 
93.682180    -0.03259941 
94.037943    -0.04162717 
94.388338    -0.03553834 
94.735340    -0.01824298 
95.077885    0.00301196 
95.414326    0.02364314 
95.744104    0.04189523 
96.068040    0.05726070 
96.388064    0.06957795 
96.706839    0.07873974 
97.027398    0.08463624 
97.352801    0.08715260 
97.685811    0.08617578 
98.028566    0.08160531 
98.382237    0.07335663 
98.746690    0.06134400 
99.120178    0.04544964 
99.499035    0.02557904 
99.877542    0.00212914 
100.248801    -0.02247232 
100.608241    -0.04130857 
100.957529    -0.04484148 
101.300846    -0.03111789 
101.638626    -0.00791691 
101.968708    0.01710612 
102.289529    0.04045558 
102.601265    0.06098669 
102.905758    0.07826067 
103.206130    0.09197118 
103.506344    0.10183202 
103.810739    0.10757486 
104.123527    0.10896658 
104.448260    0.10584067 
104.787283    0.09812806 
105.141245    0.08585433 
105.508703    0.06907571 
105.885792    0.04776738 
106.265892    0.02185513 
106.639644    -0.00793438 
106.997265    -0.03707104 
107.335519    -0.05383127 
107.660355    -0.04771949 
107.976324    -0.02369440 
108.282207    0.00668679 
108.575594    0.03706941 
108.855683    0.06532554 
109.123813    0.09054174 
109.383397    0.11196565 
109.639641    0.12888727 
109.899003    0.14063796 
110.168433    0.14654863 
110.454351    0.14598185 
110.761378    0.13854506 
111.091129    0.12439563 
111.441632    0.10433161 
111.807626    0.07944958 
112.181246    0.05055708 
112.552403    0.01796702 
112.909255    -0.01714755 
113.241985    -0.04833502 
113.551275    -0.06144389 
113.846422    -0.04896072 
114.131971    -0.02040416 
114.406664    0.01287382 
114.668470    0.04597646 
114.916662    0.07729645 
115.152533    0.10578725 
115.379932    0.13037481 
115.605321    0.15002896 
115.837212    0.16368824 
116.085075    0.17004181 
116.357399    0.16758800 
116.658861    0.15539334 
116.988120    0.13422950 
117.338439    0.10667463 
117.700568    0.07563179 
118.065038    0.04284941 
118.422650    0.00895715 
118.764814    -0.02433454 
119.087068    -0.05015210 
119.394032    -0.05722053 
119.694214    -0.04269097 
119.990555    -0.01602111 
120.281507    0.01346809 
120.565301    0.04168718 
120.841698    0.06722444 
121.112429    0.08924102 
121.381218    0.10690071 
121.653341    0.11938158 
121.934694    0.12597094 
122.230546    0.12620352 
122.544281    0.12008782 
122.876621    0.10828923 
123.225714    0.09201129 
123.587918    0.07254058 
123.958603    0.05080354 
124.332579    0.02727932 
124.704257    0.00254446 
125.068435    -0.02123805 
125.422718    -0.03852796 
125.769562    -0.04229861 
126.112970    -0.03142931 
126.453862    -0.01226032 
126.790827    0.00853008 
127.122659    0.02759413 
127.449396    0.04387110 
127.772254    0.05715243 
128.093272    0.06742157 
128.414941    0.07466556 
128.739873    0.07886069 
129.070507    0.07999056 
129.408863    0.07804827 
129.756336    0.07302152 
130.113498    0.06487380 
130.479907    0.05353337 
130.853902    0.03889910 
131.232400    0.02095404 
131.610864    0.00024616 
131.984135    -0.02085999 
132.349018    -0.03661411 
132.706733    -0.03974664 
133.060221    -0.02870284 
133.409762    -0.00935790 
133.753562    0.01186444 
134.090175    0.03165645 
134.419530    0.04887953 
134.742894    0.06321127 
135.062543    0.07453104 
135.381395    0.08273304 
135.702677    0.08768442 
136.029595    0.08922579 
136.364996    0.08718615 
136.710999    0.08139467 
137.068600    0.07167514 
137.437248    0.05781994 
137.814372    0.03957447 
138.194902    0.01680922 
138.571248    -0.00955536 
138.935470    -0.03494495 
139.285037    -0.04889400 
139.624519    -0.04268820 
139.957125    -0.02069674 
140.281326    0.00692812 
140.594719    0.03425670 
140.896542    0.05919644 
141.188076    0.08095794 
141.472400    0.09900907 
141.753957    0.11287477 
142.038025    0.12212593 
142.330090    0.12637762 
142.635133    0.12531614 
142.956844    0.11877699 
143.296893    0.10682253 
143.654393    0.08972641 
144.025643    0.06780608 
144.403988    0.04118794 
144.779659    0.00996336 
145.140536    -0.02396457 
145.477474    -0.05199052 
145.792996    -0.05897285 
146.095577    -0.04111040 
146.387390    -0.01028800 
146.666280    0.02337937 
146.930442    0.05610344 
147.179887    0.08652984 
147.416899    0.11364380 
147.646252    0.13647428 
147.874967    0.15413389 
148.111654    0.16567731 
148.365425    0.16991435 
148.644055    0.16555154 
148.951469    0.15192342 
149.285942    0.12987689 
149.640656    0.10167481 
150.006019    0.06970033 
150.371443    0.03527571 
150.725795    -0.00097100 
151.058764    -0.03597214 
151.367002    -0.05941805 
151.658463    -0.05913625 
151.941828    -0.03733574 
152.218545    -0.00608213 
152.486665    0.02674972 
152.744520    0.05835979 
152.992023    0.08752870 
153.231499    0.11310610 
153.468076    0.13388930 
153.709252    0.14869327 
153.963664    0.15627771 
154.239148    0.15543498 
154.540276    0.14559467 
154.866615    0.12765375 
155.213278    0.10397462 
155.573250    0.07718504 
155.939321    0.04899082 
156.304654    0.02006978 
156.662805    -0.00871908 
157.009089    -0.03381929 
157.343957    -0.04749177 
157.672935    -0.04360331 
157.999975    -0.02573127 
158.324653    -0.00256424 
158.645187    0.02011725 
158.960818    0.04011590 
159.272285    0.05682460 
159.581559    0.07006403 
159.891398    0.07972195 
160.204875    0.08570948 
160.524916    0.08800249 
160.853883    0.08668110 
161.193286    0.08193272 
161.543648    0.07400605 
161.904477    0.06313190 
162.274266    0.04946141 
162.650462    0.03306495 
163.029437    0.01412632 
163.406693    -0.00639374 
163.778044    -0.02543693 
164.142032    -0.03709229 
164.500739    -0.03600509 
164.856275    -0.02319510 
165.208168    -0.00467052 
165.554753    0.01446803 
165.895036    0.03184534 
166.229264    0.04670281 
166.558777    0.05885277 
166.885675    0.06823705 
167.212514    0.07479990 
167.542032    0.07845181 
167.876894    0.07905699 
168.219417    0.07644018 
168.571264    0.07040125 
168.933090    0.06071931 
169.304160    0.04714697 
169.681917    0.02945830 
170.061634    0.00778295 
170.436783    -0.01621350 
170.801709    -0.03695788 
171.156153    -0.04489778 
171.504084    -0.03514507 
171.846848    -0.01360262 
172.182455    0.01132669 
172.508911    0.03514785 
172.825895    0.05628568 
173.134871    0.07418454 
173.438720    0.08851986 
173.741283    0.09901255 
174.046878    0.10540770 
174.359800    0.10748074 
174.683804    0.10505618 
175.021563    0.09803030 
175.374143    0.08637185 
175.740527    0.07007254 
176.117178    0.04905087 
176.497610    0.02317878 
176.872289    -0.00690576 
177.230888    -0.03677055 
177.569587    -0.05441381 
177.894400    -0.04856667 
178.210174    -0.02406739 
178.515702    0.00706590 
178.808497    0.03822156 
179.087730    0.06716635 
179.354827    0.09289310 
179.613432    0.11456854 
179.869099    0.13143232 
180.128665    0.14278564 
180.399366    0.14793753 
180.687673    0.14625639 
180.997901    0.13742905 
181.331023    0.12177957 
181.684289    0.10028808 
182.051731    0.07414160 
182.424898    0.04412621 
182.793212    0.01060609 
183.144822    -0.02456334 
183.471654    -0.05313289 
183.777333    -0.06067804 
184.071219    -0.04357360 
184.356309    -0.01328639 
184.630869    0.02012011 
184.893066    0.05276133 
185.142604    0.08323447 
185.381422    0.11044197 
185.614137    0.13325769 
185.847864    0.15059627 
186.091374    0.16130938 
186.353618    0.16407748 
186.641442    0.15773854 
186.957044    0.14219440 
187.297042    0.11908978 
187.654142    0.09114827 
188.019680    0.06065605 
188.384919    0.02866947 
188.741198    -0.00414513 
189.081210    -0.03455744 
189.403729    -0.05349809 
189.715652    -0.05159945 
190.023340    -0.03158504 
190.327180    -0.00401816 
190.625176    0.02398181 
190.916209    0.04974680 
191.200957    0.07229758 
191.481956    0.09094553 
191.763315    0.10501536 
192.050069    0.11390155 
192.347238    0.11717398 
192.658783    0.11471186 
192.986765    0.10683451 
193.331038    0.09430007 
193.689509    0.07807279 
194.058685    0.05898550 
194.434088    0.03754264 
194.810444    0.01411112 
195.182058    -0.01012390 
195.544492    -0.03129196 
195.897557    -0.04221378 
196.245060    -0.03782159 
196.589549    -0.02144670 
196.930318    -0.00054021 
197.265827    0.01990362 
197.595551    0.03794318 
197.920318    0.05305554 
198.242011    0.06511383 
198.563178    0.07403891 
198.886657    0.07974247 
199.215233    0.08214486 
199.551326    0.08118910 
199.896716    0.07684013 
200.252286    0.06907244 
200.617791    0.05785140 
200.991645    0.04311709 
201.370716    0.02485096 
201.750258    0.00348568 
202.124620    -0.01886861 
202.489874    -0.03654568 
202.846931    -0.04151195 
203.199243    -0.03111511 
203.547586    -0.01125588 
203.890232    0.01094951 
204.225673    0.03174426 
204.553854    0.04981151 
204.876181    0.06474656 
205.195148    0.07637195 
205.513919    0.08454326 
205.835920    0.08911536 
206.164446    0.08994908 
206.502269    0.08692657 
206.851242    0.07995708 
207.211919    0.06895897 
207.583170    0.05382035 
207.961796    0.03439313 
208.342193    0.01076274 
208.716724    -0.01554191 
209.078652    -0.03874765 
209.427639    -0.04813631 
209.768675    -0.03787011 
210.103764    -0.01461074 
210.430987    0.01228033 
210.748378    0.03801695 
211.055770    0.06095468 
211.354940    0.08043292 
211.649247    0.09598930 
211.943136    0.10721848 
212.241546    0.11377264 
212.549260    0.11538155 
212.870216    0.11189575 
213.206864    0.10333485 
213.559655    0.08988351 
213.926715    0.07179222 
214.303655    0.04920847 
214.683364    0.02216284 
215.056110    -0.00855448 
215.412006    -0.03822714 
215.748236    -0.05476990 
216.071297    -0.04783953 
216.385846    -0.02307649 
216.690683    0.00775285 
216.983539    0.03839559 
217.263800    0.06675551 
217.533036    0.09186177 
217.794971    0.11287616 
218.055173    0.12900353 
218.320396    0.13949909 
218.597630    0.14365437 
218.892845    0.14090188 
219.209621    0.13110286 
219.548174    0.11480825 
219.905276    0.09314200 
220.274931    0.06726670 
220.649047    0.03785238 
221.017701    0.00530561 
221.370253    -0.02798644 
221.700660    -0.05308912 
222.013715    -0.05679969 
222.317512    -0.03799501 
222.613692    -0.00822828 
222.900221    0.02351299 
223.175576    0.05384840 
223.440061    0.08152247 
223.696202    0.10555976 
223.948818    0.12496286 
224.204579    0.13876199 
224.471023    0.14601464 
224.755099    0.14588351 
225.061402    0.13798361 
225.390780    0.12284730 
225.740233    0.10195299 
226.104045    0.07706270 
226.475079    0.04942050 
226.845356    0.01957743 
227.206388    -0.01144455 
227.551434    -0.03902809 
227.880746    -0.05292230 
228.201335    -0.04579344 
228.517605    -0.02331214 
228.828745    0.00423619 
229.132876    0.03111448 
229.429511    0.05532905 
229.720031    0.07609561 
230.007519    0.09281587 
230.296335    0.10491406 
230.591416    0.11189623 
230.897400    0.11344488 
231.217721    0.10953274 
231.553941    0.10050939 
231.905535    0.08704613 
232.270103    0.06990343 
232.643749    0.04966900 
233.021336    0.02669435 
233.396709    0.00160390 
233.763743    -0.02309869 
234.119460    -0.04090498 
234.466653    -0.04366377 
234.809707    -0.03055874 
235.149331    -0.00908587 
235.483880    0.01364668 
235.812229    0.03435312 
236.134752    0.05199140 
236.453190    0.06624739 
236.770231    0.07695783 
237.089055    0.08398865 
237.412881    0.08724326 
237.744542    0.08668620 
238.086117    0.08235516 
238.438632    0.07434641 
238.801862    0.06277100 
239.174180    0.04770271 
239.552427    0.02919172 
239.931856    0.00757904 
240.306692    -0.01541787 
240.672465    -0.03474948 
241.029433    -0.04228910 
241.381284    -0.03399987 
241.729497    -0.01493583 
242.072607    0.00734870 
242.408991    0.02851813 
242.738404    0.04699145 
243.062090    0.06228621 
243.382429    0.07420866 
243.702499    0.08261604 
244.025653    0.08737572 
244.355106    0.08837251 
244.693544    0.08552405 
245.042746    0.07878500 
245.403240    0.06812721 
245.773984    0.05349953 
246.152057    0.03481738 
246.532394    0.01219443 
246.908084    -0.01301310 
247.272796    -0.03575980 
247.625633    -0.04632365 
247.970976    -0.03838603 
248.311074    -0.01715610 
248.644301    0.00832799 
248.968664    0.03296479 
249.283787    0.05493816 
249.591141    0.07359836 
249.893686    0.08855289 
250.195403    0.09946043 
250.500752    0.10601867 
250.814104    0.10798533 
251.139141    0.10521286 
251.478288    0.09768068 
251.832236    0.08548618 
252.199588    0.06876731 
252.576596    0.04757960 
252.956886    0.02192195 
253.331509    -0.00743521 
253.691150    -0.03606828 
254.032728    -0.05265719 
254.361966    -0.04693049 
254.683325    -0.02351822 
254.995659    0.00620068 
255.296651    0.03579183 
255.585623    0.06304913 
255.864056    0.08703874 
256.135466    0.10701476 
256.405031    0.12227711 
256.678964    0.13218307 
256.963651    0.13615288 
257.264591    0.13375340 
257.585254    0.12489535 
257.926249    0.10999309 
258.285095    0.08986153 
258.656538    0.06532601 
259.032910    0.03683429 
259.404273    0.00473441 
259.759603    -0.02846006 
260.092469    -0.05339587 
260.407595    -0.05645913 
260.712913    -0.03684909 
261.009787    -0.00649498 
261.296092    0.02567990 
261.570362    0.05639313 
261.833052    0.08439085 
262.086898    0.10867398 
262.336967    0.12824054 
262.590192    0.14212548 
262.854390    0.14936968 
263.136787    0.14907873 
263.442173    0.14078723 
263.771395    0.12497734 
264.121170    0.10314583 
264.485270    0.07711375 
264.855884    0.04815934 
265.224227    0.01684794 
265.581010    -0.01557337 
265.919361    -0.04355024 
266.240786    -0.05564305 
266.553393    -0.04542027 
266.861381    -0.02045302 
267.163675    0.00878604 
267.458451    0.03707848 
267.745397    0.06262206 
268.026192    0.08452721 
268.304443    0.10200201 
268.585220    0.11429477 
268.874185    0.12077919 
269.176447    0.12107275 
269.495424    0.11520955 
269.832090    0.10376982 
270.184941    0.08776593 
270.550526    0.06826599 
270.924074    0.04603297 
271.299855    0.02151327 
271.671513    -0.00440734 
272.033493    -0.02846608 
272.384451    -0.04334123 
272.728453    -0.04199378 
273.069393    -0.02621217 
273.407220    -0.00416407 
273.740280    0.01794688 
274.067796    0.03755215 
274.390474    0.05389370 
274.710242    0.06675768 
275.029800    0.07604098 
275.352162    0.08167333 
275.680222    0.08363283 
276.016375    0.08196395 
276.362209    0.07677440 
276.718303    0.06820233 
277.084094    0.05636834 
277.457771    0.04134396 
277.836193    0.02322264 
278.214917    0.00253687 
278.588947    -0.01859906 
278.955048    -0.03494231 
279.314195    -0.03945348 
279.669429    -0.02995985 
280.021452    -0.01172612 
280.368747    0.00876324 
280.709928    0.02793184 
281.044884    0.04448929 
281.374791    0.05807212 
281.701780    0.06856895 
282.028556    0.07590311 
282.358051    0.07998237 
282.693087    0.08069680 
283.036059    0.07792936 
283.388598    0.07156139 
283.751237    0.06146386 
284.123067    0.04748180 
284.501368    0.02947355 
284.881336    0.00763776 
285.256529    -0.01631283 
285.621520    -0.03682896 
285.976240    -0.04455939 
286.324676    -0.03485317 
286.668202    -0.01358465 
287.004943    0.01097759 
287.333037    0.03439248 
287.652264    0.05508948 
287.964155    0.07250987 
288.271613    0.08632671 
288.578447    0.09625855 
288.888874    0.10205086 
289.207002    0.10348915 
289.536298    0.10042208 
289.879062    0.09277894 
290.235937    0.08055633 
290.605488    0.06375556 
290.983818    0.04230105 
291.364196    0.01617526 
291.737261    -0.01344731 
292.094082    -0.04082829 
292.433371    -0.05344229 
292.761521    -0.04315641 
293.081705    -0.01736487 
293.392062    0.01296056 
293.690427    0.04248257 
293.976540    0.06940365 
294.252354    0.09283962 
294.521845    0.11204110 
294.790572    0.12632351 
295.064980    0.13506586 
295.351486    0.13771098 
295.655378    0.13386798 
295.979678    0.12352186 
296.324364    0.10716441 
296.686237    0.08563401 
297.059258    0.05969108 
297.434843    0.02969180 
297.802076    -0.00380721 
298.149768    -0.03694287 
298.473841    -0.05793076 
298.781603    -0.05434753 
299.080044    -0.03017698 
299.369221    0.00194628 
299.646959    0.03476797 
299.912165    0.06583119 
300.165781    0.09396883 
300.411206    0.11809644 
300.654314    0.13714955 
300.902853    0.15009436 
301.165272    0.15584579 
301.448953    0.15338389 
301.758028    0.14230092 
302.091886    0.12344167 
302.445539    0.09878664 
302.811408    0.07042706 
303.180823    0.03961787 
303.544516    0.00694779 
303.893453    -0.02549869 
304.223003    -0.05011962 
304.537962    -0.05533130 
304.846455    -0.03921844 
305.150796    -0.01193428 
305.449297    0.01742455 
305.740469    0.04502636 
306.024570    0.06949931 
306.303892    0.08999045 
306.582577    0.10569861 
306.865983    0.11590409 
307.159648    0.12007175 
307.468088    0.11799607 
307.793756    0.10997304 
308.136599    0.09684163 
308.494327    0.07973491 
308.863083    0.05966433 
309.237993    0.03726418 
309.613446    0.01299815 
309.983583    -0.01178503 
310.344169    -0.03287394 
310.695631    -0.04284316 
311.042193    -0.03713165 
311.386310    -0.01988814 
311.727153    0.00124486 
312.063242    0.02145385 
312.394201    0.03893420 
312.720988    0.05322146 
313.045554    0.06423290 
313.370416    0.07195194 
313.698267    0.07637329 
314.031628    0.07751202 
314.372554    0.07540799 
314.722404    0.07011289 
315.081653    0.06166487 
315.449727    0.05006783 
315.824854    0.03529930 
316.203918    0.01745270 
316.582552    -0.00271874 
316.956122    -0.02254194 
317.322240    -0.03623228 
317.682476    -0.03743344 
318.039336    -0.02575287 
318.392758    -0.00704937 
318.741067    0.01289883 
319.083089    0.03118104 
319.418963    0.04678998 
319.750044    0.05944482 
320.078555    0.06905378 
320.407227    0.07554237 
320.738965    0.07881160 
321.076526    0.07873720 
321.422194    0.07517962 
321.777440    0.06798736 
322.142561    0.05698772 
322.516280    0.04198329 
322.895352    0.02285055 
323.274362    0.00006454 
323.646680    -0.02370645 
324.008085    -0.04127827 
324.360388    -0.04338777 
324.707369    -0.02882277 
325.049044    -0.00550425 
325.383172    0.01923463 
325.708308    0.04209066 
326.024826    0.06194431 
326.334792    0.07833207 
326.641529    0.09093114 
326.949123    0.09945980 
327.261891    0.10367426 
327.583844    0.10338344 
327.918124    0.09847003 
328.266476    0.08889760 
328.628764    0.07467844 
329.002556    0.05579345 
329.382722    0.03214933 
329.761166    0.00399093 
330.127862    -0.02610077 
330.476117    -0.04915603 
330.808999    -0.05207820 
331.132851    -0.03344349 
331.448254    -0.00441107 
331.752750    0.02618286 
332.044910    0.05494071 
332.325479    0.08061957 
332.597405    0.10238958 
332.865543    0.11950074 
333.136071    0.13127840 
333.415650    0.13711233 
333.710369    0.13649789 
334.024539    0.12921185 
334.359668    0.11552388 
334.714000    0.09619317 
335.082722    0.07213154 
335.458390    0.04394721 
335.831161    0.01196240 
336.189598    -0.02206337 
336.525386    -0.05034238 
336.841234    -0.05868128 
337.146015    -0.04257858 
337.442677    -0.01302872 
337.729422    0.01959524 
338.004508    0.05112185 
338.267975    0.08005565 
338.522176    0.10532532 
338.771925    0.12586713 
339.024092    0.14066508 
339.286613    0.14872653 
339.566968    0.14912477 
339.870268    0.14135578 
340.197636    0.12588899 
340.545973    0.10427927 
340.909187    0.07846416 
341.279653    0.04984118 
341.648895    0.01903484 
342.007988    -0.01285175 
342.350063    -0.04086802 
342.675885    -0.05424832 
342.993052    -0.04590749 
343.306006    -0.02233195 
343.613865    0.00598091 
343.914782    0.03343475 
344.208369    0.05808439 
344.496173    0.07908473 
344.781530    0.09575362 
345.069085    0.10745919 
345.363990    0.11369605 
345.670905    0.11419152 
345.993036    0.10903151 
346.331508    0.09873355 
346.685288    0.08413408 
347.051543    0.06609260 
347.426076    0.04521970 
347.803592    0.02188855 
348.177983    -0.00308223 
348.543641    -0.02664729 
348.898707    -0.04183884 
349.246614    -0.04151679 
349.591101    -0.02675690 
349.932226    -0.00533443 
350.268365    0.01646231 
350.598693    0.03592499 
350.923853    0.05223296 
351.245721    0.06515335 
351.566967    0.07457270 
351.890611    0.08040372 
352.219604    0.08259448 
352.556448    0.08114460 
352.902870    0.07610591 
353.259576    0.06756017 
353.626065    0.05558202 
354.000474    0.04021436 
354.379464    0.02155645 
354.758274    0.00024628 
355.131656    -0.02124085 
355.496578    -0.03699725 
355.854597    -0.03974296 
356.208866    -0.02824765 
356.559743    -0.00869901 
356.905556    0.01241509 
357.245063    0.03180784 
357.578422    0.04834258 
357.907115    0.06168413 
358.233554    0.07170443 
358.560670    0.07830868 
358.891521    0.08140203 
359.228919    0.08089325 
359.575077    0.07670336 
359.931262    0.06876176 
360.297457    0.05698698 
360.672036    0.04127504 
361.051446    0.02160331 
361.430143    -0.00140787 
361.801729    -0.02485610 
362.162614    -0.04143229 
362.515068    -0.04242036 
362.862743    -0.02744158 
363.205537    -0.00445967 
363.541344    0.01955694 
363.868929    0.04151809 
364.188815    0.06038413 
364.503115    0.07573646 
364.815085    0.08729275 
365.128622    0.09481088 
365.447742    0.09808873 
365.776054    0.09698161 
366.116245    0.09141780 
366.469604    0.08139131 
366.835613    0.06691812 
367.211575    0.04796910 
367.592279    0.02451056 
367.969930    -0.00285161 
368.335776    -0.03056749 
368.685632    -0.04891118 
369.023746    -0.04705513 
369.354934    -0.02681781 
369.678676    0.00106284 
369.992641    0.02930327 
370.295906    0.05518798 
370.589672    0.07770979 
370.877077    0.09621424 
371.162742    0.11012564 
371.452134    0.11894279 
371.750784    0.12226216 
372.063401    0.11983981 
372.393020    0.11169343 
372.740359    0.09814778 
373.103550    0.07971955 
373.478138    0.05686095 
373.857114    0.02978508 
374.231006    -0.00099596 
374.589560    -0.03209982 
374.928011    -0.05311684 
375.251853    -0.05178735 
375.567439    -0.03012139 
375.874813    -0.00006309 
376.171741    0.03063788 
376.457246    0.05922067 
376.732481    0.08456943 
377.000792    0.10580420 
377.267434    0.12208332 
377.538909    0.13263356 
377.821938    0.13677526 
378.122176    0.13404489 
378.442894    0.12445875 
378.784174    0.10869869 
379.142965    0.08791720 
379.513763    0.06320960 
379.889194    0.03518532 
380.260270    0.00430460 
380.617511    -0.02696307 
380.955781    -0.05015701 
381.279502    -0.05328449 
381.595812    -0.03544647 
381.906001    -0.00742600 
382.208108    0.02211007 
382.500878    0.04975103 
382.784983    0.07427167 
383.063146    0.09485240 
383.339894    0.11070331 
383.620950    0.12109523 
383.912263    0.12543341 
384.218836    0.12338329 
384.543601    0.11506434 
384.886777    0.10115106 
385.245966    0.08267499 
385.616704    0.06060168 
385.992991    0.03551842 
386.367554    0.00791011 
386.732687    -0.02025345 
387.083583    -0.04253537 
387.422684    -0.04884665 
387.755978    -0.03616947 
388.085319    -0.01260863 
388.409121    0.01315920 
388.726053    0.03706290 
389.036476    0.05774318 
389.342434    0.07464617 
389.647241    0.08737409 
389.954916    0.09559454 
390.269522    0.09908514 
390.594490    0.09779265 
390.932048    0.09187584 
391.282864    0.08168681 
391.645940    0.06766243 
392.018675    0.05018207 
392.396958    0.02952086 
392.775312    0.00619139 
393.147672    -0.01781078 
393.510032    -0.03694065 
393.863665    -0.04298297 
394.212733    -0.03300406 
394.558575    -0.01309801 
394.899735    0.00920148 
395.234859    0.02990352 
395.564024    0.04762265 
395.888730    0.06194731 
396.211491    0.07271392 
396.535373    0.07981189 
396.863539    0.08315929 
397.198835    0.08271419 
397.543408    0.07848471 
397.898386    0.07051918 
398.263621    0.05887345 
398.637475    0.04357976 
399.016644    0.02470712 
399.396156    0.00278600 
399.770215    -0.01989947 
400.135026    -0.03739434 
400.491865    -0.04158640 
400.844310    -0.03032422 
401.193021    -0.00998317 
401.536256    0.01231033 
401.872638    0.03292257 
402.202308    0.05059273 
402.526873    0.06492109 
402.848991    0.07572442 
403.171916    0.08286186 
403.499042    0.08620945 
403.833476    0.08566899 
404.177625    0.08117739 
404.532812    0.07269856 
404.898913    0.06019538 
405.274031    0.04360391 
405.654188    0.02291926 
406.033281    -0.00123479 
406.404325    -0.02583567 
406.763506    -0.04307035 
407.113493    -0.04365536 
407.458272    -0.02756253 
407.797688    -0.00347046 
408.129586    0.02144886 
408.452829    0.04415520 
408.768139    0.06362993 
409.077886    0.07942380 
409.385612    0.09121111 
409.695493    0.09871804 
410.011761    0.10173257 
410.338130    0.10013033 
410.677245    0.09389760 
411.030219    0.08311904 
411.396262    0.06791059 
411.772398    0.04832143 
412.153172    0.02435677 
412.530628    -0.00335744 
412.895990    -0.03119680 
413.245259    -0.04930300 
413.582867    -0.04697466 
413.913562    -0.02640705 
414.236727    0.00157596 
414.550053    0.02980971 
414.852676    0.05565988 
415.145850    0.07814363 
415.432749    0.09660382 
415.718021    0.11045232 
416.007149    0.11917468 
416.305655    0.12236098 
416.618204    0.11977614 
416.947748    0.11146708 
417.294918    0.09780153 
417.657800    0.07933496 
418.031983    0.05653788 
418.410595    0.02961889 
418.784361    -0.00093252 
419.143207    -0.03180234 
419.482367    -0.05274768 
419.807146    -0.05159990 
420.123793    -0.03018996 
420.432340    -0.00033123 
420.730544    0.03021569 
421.017409    0.05866802 
421.294065    0.08390647 
421.563819    0.10505087 
421.831885    0.12125485 
422.104719    0.13173823 
422.389007    0.13581617 
422.690367    0.13302228 
423.012040    0.12336861 
423.354067    0.10752722 
423.713349    0.08663628 
424.084311    0.06177871 
424.459490    0.03356680 
424.829817    0.00252948 
425.185906    -0.02860419 
425.523142    -0.05095092 
425.846506    -0.05271103 
426.163002    -0.03390947 
426.473632    -0.00557851 
426.776403    0.02391379 
427.070164    0.05132957 
427.355737    0.07546064 
427.636010    0.09546578 
427.915640    0.11054684 
428.200362    0.11999190 
428.495955    0.12325898 
428.807044    0.12011379 
429.136050    0.11081008 
429.482700    0.09613192 
429.844245    0.07713580 
430.216042    0.05473489 
430.592038    0.02948138 
430.965085    0.00204042 
431.328118    -0.02495532 
431.677878    -0.04422385 
432.018053    -0.04653374 
432.353957    -0.03144222 
432.686405    -0.00773274 
433.013653    0.01693654 
433.334655    0.03924093 
433.650063    0.05809672 
433.962058    0.07307114 
434.273870    0.08387618 
434.589196    0.09030211 
434.911585    0.09225302 
435.243871    0.08978574 
435.587734    0.08312043 
435.943460    0.07259113 
436.309872    0.05854532 
436.684359    0.04126150 
437.062928    0.02102026 
437.440434    -0.00135911 
437.811728    -0.02311551 
438.174451    -0.03807881 
438.530865    -0.03939621 
438.884170    -0.02691559 
439.234540    -0.00727908 
439.580360    0.01328814 
439.920590    0.03179973 
440.255560    0.04727585 
440.586809    0.05946385 
440.916680    0.06829987 
441.247897    0.07375647 
441.583190    0.07581378 
441.924962    0.07445871 
442.274983    0.06968406 
442.634124    0.06147753 
443.002100    0.04980721 
443.377235    0.03463667 
443.756272    0.01608888 
444.134490    -0.00493210 
444.506948    -0.02529316 
444.871452    -0.03842049 
445.230125    -0.03774098 
445.585492    -0.02389222 
445.937098    -0.00362695 
446.283079    0.01726687 
446.622366    0.03611777 
446.955359    0.05203598 
447.283753    0.06474695 
447.610130    0.07412442 
447.937548    0.08006190 
448.269152    0.08245121 
448.607792    0.08118598 
448.955662    0.07616282 
449.313924    0.06726958 
449.682325    0.05436524 
450.058789    0.03728417 
450.439037    0.01601911 
450.816631    -0.00844219 
451.184841    -0.03192828 
451.541351    -0.04529495 
451.889853    -0.04060712 
452.233225    -0.02105355 
452.570189    0.00419414 
452.898513    0.02919085 
453.217444    0.05167411 
453.528151    0.07084627 
453.833414    0.08626957 
454.137138    0.09758754 
454.443801    0.10449435 
454.757869    0.10674779 
455.083182    0.10419606 
455.422369    0.09680337 
455.776325    0.08463735 
456.143794    0.06779253 
456.521015    0.04627607 
456.901360    0.02006572 
457.275405    -0.00993454 
457.633559    -0.03868483 
457.973352    -0.05390489 
458.301131    -0.04582281 
458.620968    -0.02064136 
458.931356    0.01004251 
459.230034    0.04021198 
459.516573    0.06781275 
459.792819    0.09185475 
460.062759    0.11150391 
460.332083    0.12600107 
460.607421    0.13466955 
460.895328    0.13692609 
461.201049    0.13240749 
461.527338    0.12120428 
461.873740    0.10397109 
462.236636    0.08169183 
462.609708    0.05519610 
462.984297    0.02488212 
463.349711    -0.00843897 
463.695806    -0.04009508 
464.020488    -0.05772418 
464.331730    -0.05078404 
464.635363    -0.02531334 
464.930748    0.00649687 
465.215756    0.03822701 
465.489673    0.06767576 
465.753979    0.09369415 
466.012593    0.11520888 
466.271599    0.13118727 
466.538377    0.14067180 
466.820212    0.14281815 
467.122543    0.13714383 
467.447397    0.12396439 
467.792890    0.10455584 
468.154048    0.08065320 
468.524090    0.05364818 
468.895195    0.02424931 
469.258879    -0.00665122 
469.607876    -0.03515867 
469.941206    -0.05165343 
470.265469    -0.04747102 
470.585950    -0.02653128 
470.902405    0.00063987 
471.212929    0.02744600 
471.516866    0.05144470 
471.815455    0.07170911 
472.111652    0.08762609 
472.409606    0.09867191 
472.713899    0.10446314 
473.028645    0.10484729 
473.356688    0.09998638 
473.699087    0.09037800 
474.055048    0.07673572 
474.422166    0.05976047 
474.796730    0.03996761 
475.173957    0.01778240 
475.548368    -0.00573812 
475.915225    -0.02726731 
476.273429    -0.04012731 
476.626235    -0.03840482 
476.976599    -0.02389668 
477.324235    -0.00380395 
477.667581    0.01627251 
478.005894    0.03390942 
478.339769    0.04838444 
478.670879    0.05954290 
479.001549    0.06736552 
479.334349    0.07186248 
479.671746    0.07306030 
480.015802    0.07099879 
480.367927    0.06572082 
480.728664    0.05725592 
481.097507    0.04561075 
481.472731    0.03079940 
481.851279    0.01303570 
482.228968    -0.00663741 
482.601708    -0.02507638 
482.967974    -0.03633033 
483.329690    -0.03502922 
483.688841    -0.02213558 
484.044896    -0.00360525 
484.396174    0.01543594 
484.741692    0.03253277 
485.081740    0.04685168 
485.417736    0.05816722 
485.751868    0.06641268 
486.086737    0.07153432 
486.425031    0.07345501 
486.769210    0.07207108 
487.121190    0.06725414 
487.482010    0.05884848 
487.851462    0.04667203 
488.227709    0.03056460 
488.606962    0.01065253 
488.983698    -0.01173725 
489.352631    -0.03214268 
489.712594    -0.04225906 
490.066819    -0.03620492 
490.417198    -0.01765785 
490.762268    0.00542347 
491.099991    0.02794133 
491.429713    0.04789792 
491.752489    0.06461269 
492.070761    0.07777269 
492.387889    0.08715028 
492.707663    0.09255109 
493.033816    0.09381394 
493.369539    0.09081803 
493.717007    0.08348074 
494.076919    0.07173386 
494.448038    0.05547808 
494.826729    0.03457085 
495.206575    0.00912975 
495.578892    -0.01901713 
495.936476    -0.04295888 
496.279983    -0.05053785 
496.615228    -0.03688494 
496.943760    -0.01075691 
497.263293    0.01818226 
497.571986    0.04557136 
497.870070    0.06989906 
498.159913    0.09038583 
498.445647    0.10639582 
498.732580    0.11738051 
499.026435    0.12289026 
499.332471    0.12260879 
499.654571    0.11644200 
499.994468    0.10459980 
500.351300    0.08754801 
500.721500    0.06578814 
501.098806    0.03960269 
501.474218    0.00923883 
501.836850    -0.02328544 
502.178870    -0.04974465 
502.503043    -0.05614149 
502.817316    -0.03895331 
503.123670    -0.00939150 
503.419968    0.02260639 
503.704578    0.05310272 
503.977909    0.08064537 
504.242728    0.10420421 
504.504065    0.12279828 
504.768633    0.13552456 
505.043773    0.14156177 
505.336026    0.14025814 
505.649534    0.13143491 
505.984887    0.11571327 
506.339071    0.09442110 
506.706331    0.06898794 
507.079086    0.04032787 
507.448340    0.00895584 
507.804558    -0.02314466 
508.141874    -0.04851007 
508.463935    -0.05492175 
508.778668    -0.03934575 
509.088428    -0.01189248 
509.391443    0.01789188 
509.686186    0.04595472 
509.972992    0.07084442 
510.254313    0.09165818 
510.534502    0.10755751 
510.819152    0.11779575 
511.114041    0.12181153 
511.423891    0.11936656 
511.751281    0.11072390 
512.096130    0.09669844 
512.455930    0.07840512 
512.826376    0.05683415 
513.201900    0.03260296 
513.575983    0.00630181 
513.942009    -0.01999701 
514.296213    -0.04026793 
514.641008    -0.04573194 
514.981525    -0.03405210 
515.319253    -0.01250452 
515.652685    0.01097381 
515.980551    0.03249162 
516.303108    0.05075948 
516.622075    0.06536876 
516.940189    0.07611693 
517.260680    0.08286503 
517.586751    0.08554832 
517.921093    0.08420401 
518.265508    0.07897799 
518.620654    0.07009163 
518.985920    0.05777596 
519.359367    0.04221858 
519.737704    0.02361711 
520.116398    0.00258825 
520.490478    -0.01868453 
520.856883    -0.03492577 
521.216788    -0.03919800 
521.573304    -0.02955795 
521.927139    -0.01140270 
522.276820    0.00879070 
522.621049    0.02747150 
522.959794    0.04335420 
523.294284    0.05607536 
523.626642    0.06553338 
523.959486    0.07167715 
524.295550    0.07445648 
524.637353    0.07381674 
524.986871    0.06970217 
525.345236    0.06205310 
525.712431    0.05079767 
526.087003    0.03586711 
526.465814    0.01734773 
526.844101    -0.00391964 
527.216684    -0.02486738 
527.581075    -0.03878729 
527.939405    -0.03860912 
528.294459    -0.02463951 
528.645883    -0.00384777 
528.991752    0.01766577 
529.330937    0.03707029 
529.663851    0.05340166 
529.992273    0.06633562 
530.318917    0.07570984 
530.646976    0.08139880 
530.979684    0.08329462 
531.319898    0.08130957 
531.669691    0.07537271 
532.029964    0.06541205 
532.400058    0.05133205 
532.777364    0.03303565 
533.157038    0.01069712 
533.532366    -0.01414782 
533.897366    -0.03618145 
534.251563    -0.04567599 
534.599359    -0.03688376 
534.942736    -0.01541012 
535.279964    0.00984836 
535.609109    0.03396115 
535.929924    0.05514449 
536.244008    0.07273102 
536.554421    0.08632464 
536.865128    0.09561152 
537.180414    0.10034812 
537.504260    0.10038006 
537.839761    0.09566523 
538.188605    0.08627322 
538.550665    0.07233313 
538.923686    0.05393825 
539.302994    0.03110866 
539.681338    0.00419921 
540.049891    -0.02428623 
540.402829    -0.04620470 
540.742830    -0.04969400 
541.075702    -0.03290979 
541.402138    -0.00589885 
541.719840    0.02265204 
542.027421    0.04917263 
542.325592    0.07240371 
542.617093    0.09161938 
542.906277    0.10619722 
543.198462    0.11560063 
543.499115    0.11941398 
543.812935    0.11740837 
544.142969    0.10964023 
544.490009    0.09648720 
544.852353    0.07851871 
545.225868    0.05623376 
545.604051    0.02989160 
545.978125    0.00001903 
546.338550    -0.03022176 
546.680668    -0.05115035 
547.009410    -0.05088543 
547.330970    -0.03055778 
547.645541    -0.00157318 
547.950894    0.02813173 
548.246000    0.05560813 
548.531953    0.07971298 
548.811958    0.09961372 
549.090967    0.11453316 
549.374963    0.12378426 
549.669951    0.12682717 
549.980782    0.12339072 
550.310083    0.11365328 
550.657679    0.09829869 
551.020685    0.07828187 
551.393967    0.05441726 
551.770521    0.02715869 
552.141760    -0.00277475 
552.499222    -0.03189975 
552.839898    -0.05065849 
553.169331    -0.04873542 
553.493165    -0.02846816 
553.811389    -0.00071250 
554.121986    0.02725502 
554.424166    0.05271813 
554.719147    0.07465041 
555.010025    0.09234843 
555.301321    0.10517243 
555.598253    0.11258591 
555.905799    0.11423723 
556.227722    0.11006790 
556.565806    0.10040553 
556.919543    0.08591362 
557.286272    0.06735547 
557.661511    0.04532275 
558.039215    0.02022691 
558.412176    -0.00689437 
558.773920    -0.03209089 
559.123120    -0.04656965 
559.464677    -0.04266726 
559.802522    -0.02369769 
560.136103    0.00096069 
560.463622    0.02514578 
560.784560    0.04651192 
561.100139    0.06427839 
561.412999    0.07805923 
561.726667    0.08756343 
562.044960    0.09258122 
562.371368    0.09302345 
562.708495    0.08895658 
563.057644    0.08060169 
563.418590    0.06826927 
563.789499    0.05225789 
564.166928    0.03280850 
564.545888    0.01034672 
564.920434    -0.01350299 
565.285926    -0.03391897 
565.642567    -0.04273767 
565.994393    -0.03537389 
566.343381    -0.01662225 
566.688286    0.00563263 
567.027523    0.02670523 
567.360847    0.04485079 
567.689507    0.05953397 
568.015858    0.07055823 
568.342876    0.07780934 
568.673686    0.08121175 
569.011120    0.08073395 
569.357329    0.07639517 
569.713449    0.06825234 
570.079329    0.05636742 
570.453306    0.04078773 
570.832029    0.02164166 
571.210530    -0.00035589 
571.583294    -0.02250585 
571.947293    -0.03840467 
572.304482    -0.04037745 
572.658242    -0.02760894 
573.008780    -0.00696225 
573.354288    0.01488628 
573.693552    0.03471084 
574.026879    0.05140826 
574.355962    0.06462352 
574.683439    0.07419548 
575.012426    0.08001155 
575.346057    0.08198740 
575.687063    0.08007297 
576.037386    0.07425148 
576.397825    0.06451857 
576.767716    0.05085358 
577.144634    0.03323486 
577.524183    0.01188154 
577.900343    -0.01180321 
578.267643    -0.03315986 
578.625272    -0.04351494 
578.977073    -0.03696561 
579.325248    -0.01774249 
579.668443    0.00579761 
580.004777    0.02851203 
580.333800    0.04844699 
580.656764    0.06494257 
580.976254    0.07768582 
581.295685    0.08644788 
581.618776    0.09104712 
581.949029    0.09136182 
582.289228    0.08734584 
582.641005    0.07902203 
583.004454    0.06643992 
583.377814    0.04961556 
583.757161    0.02854740 
584.136260    0.00364511 
584.507491    -0.02264671 
584.865759    -0.04296339 
585.213105    -0.04675558 
585.554453    -0.03190983 
585.890429    -0.00714850 
586.218850    0.01927582 
586.538289    0.04372591 
586.849259    0.06495992 
587.154111    0.08239320 
587.456577    0.09557482 
587.761187    0.10412008 
588.072606    0.10773321 
588.394924    0.10624899 
588.730994    0.09967828 
589.081897    0.08820728 
589.446608    0.07210877 
589.821805    0.05159032 
590.201697    0.02674731 
590.578026    -0.00184196 
590.941675    -0.03074470 
591.288331    -0.05012153 
591.622665    -0.04865500 
591.950072    -0.02807701 
592.270264    0.00046573 
592.580944    0.02944056 
592.881186    0.05606022 
593.172215    0.07925210 
593.457287    0.09826328 
593.741250    0.11240949 
594.029851    0.12109417 
594.328820    0.12385248 
594.642833    0.12044676 
594.974551    0.11100271 
595.324035    0.09604338 
595.688665    0.07630003 
596.063373    0.05237963 
596.440840    0.02461316 
596.811769    -0.00618545 
597.167066    -0.03582105 
597.504193    -0.05331860 
597.829637    -0.04839004 
598.148733    -0.02539413 
598.460888    0.00414565 
598.764012    0.03349197 
599.057506    0.06025904 
599.342919    0.08340659 
599.623865    0.10209515 
599.905568    0.11554460 
600.194039    0.12308863 
600.494970    0.12425488 
600.812529    0.11891622 
601.148409    0.10745311 
601.501498    0.09071529 
601.868180    0.06969716 
602.242869    0.04514716 
602.618372    0.01754417 
602.986429    -0.01183451 
603.340302    -0.03800399 
603.680075    -0.05059983 
604.012196    -0.04266705 
604.340419    -0.02016341 
604.663683    0.00678385 
604.980224    0.03260455 
605.289855    0.05532753 
605.594288    0.07416934 
605.896787    0.08859256 
606.201584    0.09815253 
606.513116    0.10254288 
606.835211    0.10166627 
607.170381    0.09569458 
607.519382    0.08506202 
607.881119    0.07033913 
608.252780    0.05204881 
608.630017    0.03058471 
609.007167    0.00653901 
609.378105    -0.01802664 
609.738974    -0.03745476 
610.091398    -0.04342170 
610.439846    -0.03311735 
610.785744    -0.01291318 
611.127635    0.00951045 
611.464180    0.03013606 
611.795477    0.04757588 
612.123044    0.06141709 
612.449371    0.07150396 
612.777426    0.07775112 
613.110173    0.08012299 
613.450152    0.07864352 
613.799117    0.07339722 
614.157764    0.06450522 
614.525535    0.05208741 
614.900472    0.03625414 
615.279139    0.01724671 
615.656844    -0.00397670 
616.028880    -0.02436947 
616.393319    -0.03765087 
616.752428    -0.03750547 
617.108932    -0.02443327 
617.462657    -0.00496004 
617.811945    0.01513486 
618.155807    0.03310965 
618.494610    0.04804554 
618.829900    0.05968621 
619.164004    0.06794972 
619.499610    0.07278506 
619.839398    0.07414339 
620.185686    0.07197809 
620.540112    0.06624324 
620.903313    0.05688328 
621.274629    0.04383059 
621.651813    0.02707078 
622.030884    0.00696663 
622.406637    -0.01474404 
622.774832    -0.03319360 
623.135461    -0.04062981 
623.491781    -0.03296179 
623.845151    -0.01468755 
624.194112    0.00693613 
624.536986    0.02752740 
624.873415    0.04539697 
625.204538    0.05999856 
625.532631    0.07111680 
625.860661    0.07861065 
626.191841    0.08235987 
626.529203    0.08226395 
626.875190    0.07824553 
627.231269    0.07023944 
627.597543    0.05816744 
627.972375    0.04192497 
628.352016    0.02149253 
628.730540    -0.00245337 
629.101136    -0.02672239 
629.460256    -0.04330202 
629.810732    -0.04305907 
630.156375    -0.02640438 
630.496813    -0.00209851 
630.829823    0.02286226 
631.154272    0.04554508 
631.470914    0.06494672 
631.782162    0.08059778 
632.091609    0.09214807 
632.403468    0.09930481 
632.721979    0.10184506 
633.050808    0.09964246 
633.392478    0.09268708 
633.747886    0.08106476 
634.115920    0.06487968 
634.493138    0.04415722 
634.873456    0.01893268 
635.248267    -0.00980565 
635.608933    -0.03716302 
635.953316    -0.05168297 
636.287223    -0.04423444 
636.614431    -0.02037950 
636.933485    0.00885660 
637.242180    0.03747715 
637.540104    0.06339218 
637.829045    0.08567453 
638.112751    0.10359578 
638.396421    0.11650190 
638.685959    0.12383467 
638.987036    0.12517077 
639.304061    0.12032386 
639.639265    0.10947155 
639.992180    0.09315307 
640.359576    0.07204660 
640.735639    0.04664174 
641.112070    0.01721078 
641.478559    -0.01496405 
641.826238    -0.04379761 
642.155223    -0.05621336 
642.473455    -0.04464184 
642.784770    -0.01760639 
643.087637    0.01366977 
643.380135    0.04396362 
643.662175    0.07145914 
643.935952    0.09510764 
644.205893    0.11393942 
644.478137    0.12705672 
644.759541    0.13367754 
645.056329    0.13322509 
645.372619    0.12556727 
645.709342    0.11126816 
646.064093    0.09150312 
646.431807    0.06755816 
646.805568    0.04031307 
647.177064    0.01034386 
647.537465    -0.02044612 
647.881143    -0.04526378 
648.211048    -0.05268375 
648.534604    -0.03898219 
648.854344    -0.01324549 
649.168649    0.01495423 
649.476037    0.04126548 
649.776846    0.06416356 
650.073381    0.08286113 
650.369532    0.09671322 
650.670070    0.10519509 
650.979714    0.10798694 
651.302162    0.10507156 
651.639334    0.09680725 
651.991066    0.08387944 
652.355255    0.06708592 
652.728216    0.04709312 
653.105007    0.02439869 
653.479794    -0.00013756 
653.847073    -0.02373664 
654.204660    -0.03994150 
654.555605    -0.04144878 
654.903885    -0.02826798 
655.249953    -0.00771806 
655.592251    0.01356274 
655.929801    0.03249779 
656.263033    0.04811169 
656.593589    0.06015915 
656.923856    0.06858287 
657.256510    0.07337863 
657.594097    0.07458105 
657.938688    0.07226544 
658.291605    0.06653742 
658.653220    0.05750720 
659.022798    0.04527071 
659.398390    0.02994157 
659.776799    0.01185813 
660.153910    -0.00776855 
660.526007    -0.02563613 
660.892090    -0.03592076 
661.254313    -0.03386883 
661.614569    -0.02094204 
661.972325    -0.00298112 
662.326055    0.01519333 
662.674915    0.03129958 
663.019238    0.04457524 
663.360363    0.05483437 
663.700291    0.06204545 
664.041344    0.06618963 
664.385860    0.06722231 
664.735907    0.06506793 
665.092992    0.05962195 
665.457760    0.05075476 
665.829678    0.03833462 
666.206723    0.02233464 
666.585258    0.00322063 
666.960619    -0.01701698 
667.329318    -0.03335594 
667.691750    -0.03866634 
668.050705    -0.03002635 
668.406948    -0.01210843 
668.758889    0.00852570 
669.104927    0.02800890 
669.444747    0.04483990 
669.779433    0.05853143 
670.111133    0.06889746 
670.442649    0.07581582 
670.777029    0.07917103 
671.117176    0.07884641 
671.465465    0.07472161 
671.823346    0.06666219 
672.190923    0.05450539 
672.566509    0.03807229 
672.946198    0.01734148 
673.323850    -0.00678120 
673.692780    -0.03039506 
674.050345    -0.04464810 
674.400048    -0.04118206 
674.745077    -0.02238096 
675.084401    0.00264639 
675.415765    0.02762668 
675.738297    0.05008702 
676.053060    0.06914925 
676.362754    0.08434986 
676.671210    0.09532788 
676.982815    0.10178591 
677.301893    0.10350194 
677.632085    0.10035358 
677.975753    0.09233398 
678.333479    0.07952438 
678.703653    0.06200898 
679.082112    0.03978529 
679.461818    0.01295271 
679.833288    -0.01694432 
680.188261    -0.04329514 
680.526931    -0.05318733 
680.856059    -0.04026943 
681.178136    -0.01337459 
681.491097    0.01695568 
681.793040    0.04593253 
682.084121    0.07188750 
682.366765    0.09390093 
682.645387    0.11118118 
682.925792    0.12303029 
683.214293    0.12886454 
683.516626    0.12826928 
683.836793    0.12114680 
684.176156    0.10785931 
684.533080    0.08916047 
684.903119    0.06586354 
685.279331    0.03848238 
685.652477    0.00742825 
686.012076    -0.02503479 
686.351463    -0.05042435 
686.674483    -0.05536060 
686.989099    -0.03753008 
687.297116    -0.00822105 
687.596488    0.02306221 
687.885754    0.05255591 
688.165507    0.07883207 
688.438666    0.10086766 
688.710275    0.11769498 
688.986792    0.12844637 
689.274902    0.13241398 
689.580063    0.12919961 
689.905131    0.11898408 
690.249666    0.10266315 
690.610221    0.08155855 
690.981184    0.05684994 
691.355459    0.02923653 
691.724880    -0.00052081 
692.081692    -0.02932511 
692.423125    -0.04862900 
692.754417    -0.04855927 
693.081489    -0.03032370 
693.404838    -0.00411716 
693.722582    0.02247497 
694.033823    0.04643947 
694.339541    0.06671762 
694.642432    0.08271946 
694.946392    0.09396807 
695.255791    0.10011178 
695.574644    0.10099864 
695.905844    0.09674481 
696.250641    0.08775218 
696.608484    0.07461216 
696.977145    0.05792105 
697.352951    0.03814390 
697.730997    0.01574242 
698.105627    -0.00803375 
698.472130    -0.02939919 
698.829871    -0.04116205 
699.182523    -0.03769706 
699.532878    -0.02177432 
699.880386    -0.00095206 
700.223497    0.01940816 
700.561651    0.03710800 
700.895667    0.05149643 
701.227429    0.06240909 
701.559437    0.06979639 
701.894373    0.07364047 
702.234722    0.07394828 
702.582442    0.07075260 
702.938690    0.06410341 
703.303593    0.05405094 
703.676060    0.04064240 
704.053642    0.02399635 
704.432547    0.00464601 
704.808271    -0.01551730 
705.177582    -0.03186824 
705.540914    -0.03781211 
705.901054    -0.03042500 
706.259035    -0.01387423 
706.613594    0.00552908 
706.963300    0.02387532 
707.307829    0.03960892 
707.648105    0.05225922 
707.985984    0.06170098 
708.323871    0.06788307 
708.664358    0.07075233 
709.009881    0.07023952 
709.362402    0.06625943 
709.723082    0.05870889 
710.091939    0.04746887 
710.467513    0.03244737 
710.846593    0.01378966 
711.224379    -0.00741030 
711.595972    -0.02754042 
711.959649    -0.03946000 
712.318017    -0.03684518 
712.673473    -0.02138691 
713.025268    -0.00028340 
713.371525    0.02090870 
713.711358    0.03974857 
714.045420    0.05540958 
714.375660    0.06759533 
714.704879    0.07614305 
715.036271    0.08092408 
715.372980    0.08182942 
715.717670    0.07877003 
716.072116    0.07166788 
716.436792    0.06043471 
716.810461    0.04495858 
717.189771    0.02518582 
717.569094    0.00161399 
717.941504    -0.02311135 
718.302577    -0.04168622 
718.654359    -0.04436700 
719.001160    -0.02966296 
719.343289    -0.00585793 
719.678595    0.01931469 
720.005729    0.04237472 
720.325225    0.06211900 
720.639346    0.07802371 
720.951595    0.08972773 
721.266129    0.09694348 
721.587138    0.09946396 
721.918221    0.09718677 
722.261813    0.09013011 
722.618714    0.07840670 
722.987720    0.06214411 
723.365331    0.04140100 
723.745494    0.01630393 
724.119894    -0.01191131 
724.480698    -0.03795197 
724.826771    -0.05052439 
725.163947    -0.04180992 
725.495447    -0.01803259 
725.819695    0.01029306 
726.134667    0.03759247 
726.440180    0.06191083 
726.738173    0.08239520 
727.032372    0.09840846 
727.327693    0.10940353 
727.629475    0.11494954 
727.942586    0.11478348 
728.270547    0.10889130 
728.614843    0.09755744 
728.974579    0.08128205 
729.346443    0.06056306 
729.724759    0.03570317 
