0.000000    0.00000000 
0.270506    0.01838043 
0.541418    0.03528160 
0.814024    0.04944764 
1.090753    0.05983763 
1.375080    0.06554930 
1.671079    0.06575207 
1.982554    0.05971191 
2.311666    0.04700204 
2.657348    0.02795496 
3.014473    0.00424603 
3.375180    -0.02078772 
3.732437    -0.04261842 
4.083460    -0.05685472 
4.430116    -0.06066700 
4.776178    -0.05347711 
5.123805    -0.03688783 
5.471721    -0.01417344 
5.816139    0.01059396 
6.153387    0.03358622 
6.482160    0.05195067 
6.804149    0.06396492 
7.123259    0.06878249 
7.444155    0.06610972 
7.770617    0.05606593 
8.104017    0.03931304 
8.442430    0.01737105 
8.781179    -0.00713703 
9.115105    -0.03065321 
9.441435    -0.04940978 
9.761246    -0.06038493 
10.078576    -0.06193420 
10.397943    -0.05393681 
10.721761    -0.03772250 
11.049037    -0.01588969 
11.376112    0.00817210 
11.698961    0.03105640 
12.015444    0.05003204 
12.326266    0.06331133 
12.634567    0.06991508 
12.944712    0.06939346 
13.260787    0.06165497 
13.585039    0.04703439 
13.916649    0.02658599 
14.251584    0.00241967 
14.584234    -0.02225036 
14.910315    -0.04361855 
15.229182    -0.05823358 
15.543898    -0.06382627 
15.859193    -0.05963353 
16.178680    -0.04638046 
16.502796    -0.02617251 
16.828641    -0.00218101 
17.151829    0.02204216 
17.469065    0.04337187 
17.779782    0.05959353 
18.086265    0.06941112 
18.392672    0.07217791 
18.703588    0.06763991 
19.022422    0.05588839 
19.349892    0.03757706 
19.683217    0.01429920 
20.016915    -0.01116291 
20.345416    -0.03508008 
20.666089    -0.05361173 
20.980500    -0.06380604 
21.293153    -0.06417454 
21.608731    -0.05476837 
21.929416    -0.03709445 
22.253686    -0.01394036 
22.577350    0.01114052 
22.896128    0.03466101 
23.207982    0.05390567 
23.513970    0.06715683 
23.817662    0.07350231 
24.123816    0.07252084 
24.436779    0.06410906 
24.758830    0.04857963 
25.088857    0.02700731 
25.422243    0.00161462 
25.752751    -0.02417992 
26.075789    -0.04635196 
26.390884    -0.06131916 
26.701590    -0.06679859 
27.013164    -0.06207782 
27.329519    -0.04795402 
27.651029    -0.02664043 
27.974406    -0.00146888 
28.294797    0.02383461 
28.608629    0.04602321 
28.915362    0.06284037 
29.217538    0.07300177 
29.519690    0.07587935 
29.826790    0.07121109 
30.142533    0.05904910 
30.467697    0.04000544 
30.799218    0.01568282 
31.131022    -0.01102929 
31.456931    -0.03620553 
31.774030    -0.05579945 
32.084054    -0.06672558 
32.392000    -0.06743660 
32.703123    -0.05794812 
33.020003    -0.03974420 
33.341134    -0.01565441 
33.661942    0.01062695 
33.977617    0.03542047 
34.285753    0.05585153 
34.587346    0.07011774 
34.886186    0.07727670 
35.187450    0.07688275 
35.495999    0.06877330 
35.814584    0.05315775 
36.142290    0.03100013 
36.474206    0.00448333 
36.803322    -0.02286726 
37.124186    -0.04677764 
37.435855    -0.06337825 
37.742007    -0.07016824 
38.048479    -0.06629078 
38.359927    -0.05242359 
38.677254    -0.03070288 
38.997181    -0.00450650 
39.314358    0.02224809 
39.624563    0.04606581 
39.926827    0.06449457 
40.223638    0.07614506 
40.519828    0.08033800 
40.820941    0.07674874 
41.131423    0.06530383 
41.452754    0.04642124 
41.782150    0.02150630 
42.113061    -0.00662484 
42.438174    -0.03388851 
42.753404    -0.05587743 
43.059928    -0.06910916 
43.362990    -0.07173219 
43.668687    -0.06353319 
43.980601    -0.04579759 
44.297839    -0.02125209 
44.615690    0.00630831 
44.928599    0.03291904 
45.233329    0.05538511 
45.530378    0.07167878 
45.823506    0.08074818 
46.118279    0.08209154 
46.420299    0.07545846 
46.733282    0.06087747 
47.057194    0.03904074 
47.387392    0.01186614 
47.716139    -0.01720733 
48.036516    -0.04369156 
48.346228    -0.06327368 
48.648427    -0.07299133 
48.949416    -0.07162044 
49.255017    -0.05951435 
49.567429    -0.03850860 
49.884050    -0.01184027 
50.199196    0.01642245 
50.507604    0.04241329 
50.807234    0.06329592 
51.099954    0.07742832 
51.390533    0.08401455 
51.684986    0.08266324 
51.988699    0.07317689 
52.304408    0.05571696 
52.630445    0.03131214 
52.960514    0.00242733 
53.286256    -0.02694552 
53.601737    -0.05209810 
53.906595    -0.06899089 
54.205628    -0.07522361 
54.505673    -0.07013090 
54.811847    -0.05456549 
55.124790    -0.03087017 
55.440405    -0.00271017 
55.752496    0.02570693 
56.056476    0.05072092 
56.351599    0.06987373 
56.640952    0.08185635 
56.930084    0.08605800 
57.225216    0.08215220 
57.531281    0.06999389 
57.849839    0.04992051 
58.177555    0.02335382 
58.506777    -0.00668842 
58.829091    -0.03576576 
59.139960    -0.05913208 
59.440911    -0.07314814 
59.737985    -0.07597111 
60.038099    -0.06743113 
60.345340    -0.04884198 
60.658769    -0.02301652 
60.973111    0.00604808 
61.282113    0.03413577 
61.582137    0.05787228 
61.873709    0.07517086 
62.160936    0.08499673 
62.449900    0.08686667 
62.746785    0.08049692 
63.055831    0.06581969 
63.377250    0.04340905 
63.706119    0.01513185 
64.033865    -0.01546906 
64.352597    -0.04364788 
64.659457    -0.06480249 
64.957676    -0.07578051 
65.254101    -0.07526796 
65.555291    -0.06354363 
65.864051    -0.04236482 
66.177939    -0.01497121 
66.490894    0.01442126 
66.797038    0.04171516 
67.093861    0.06388093 
67.383078    0.07918132 
67.669602    0.08679943 
67.959794    0.08633769 
68.259537    0.07755493 
68.572128    0.06050706 
68.896317    0.03607525 
69.225781    0.00660728 
69.551571    -0.02389716 
69.866864    -0.05056050 
70.170630    -0.06909070 
70.467516    -0.07687013 
70.764716    -0.07307759 
71.068026    -0.05841753 
71.378777    -0.03508700 
71.693194    -0.00669538 
72.004862    0.02244981 
72.308642    0.04848737 
72.603258    0.06877170 
72.891487    0.08188563 
73.178823    0.08718308 
73.471649    0.08433037 
73.775280    0.07315231 
74.091837    0.05389351 
74.418568    0.02781290 
74.748085    -0.00225299 
75.071660    -0.03195746 
75.383993    -0.05647870 
75.685862    -0.07197028 
75.982961    -0.07636832 
76.282358    -0.06932133 
76.588703    -0.05196771 
76.901760    -0.02694471 
77.216701    0.00185138 
77.527226    0.03016591 
77.829258    0.05448153 
78.122785    0.07255737 
78.411485    0.08326014 
78.701188    0.08607570 
78.998027    0.08073023 
79.306453    0.06715894 
79.627202    0.04587456 
79.956077    0.01857847 
80.285077    -0.01142774 
80.606312    -0.03959500 
80.916332    -0.06134573 
81.217591    -0.07338472 
81.516400    -0.07420899 
81.819230    -0.06393633 
82.129262    -0.04416479 
82.444715    -0.01795181 
82.760096    0.01063752 
83.069673    0.03755140 
83.370658    0.05969959 
83.664258    0.07524356 
83.954854    0.08329358 
84.248360    0.08344128 
84.550374    0.07548947 
84.864197    0.05954733 
85.189035    0.03647999 
85.519445    0.00847454 
85.847366    -0.02076737 
86.166305    -0.04666536 
86.474830    -0.06505596 
86.776793    -0.07326404 
87.078658    -0.07035053 
87.385851    -0.05692420 
87.699859    -0.03506886 
88.017524    -0.00820653 
88.333142    0.01957473 
88.641956    0.04456200 
88.942580    0.06414056 
89.237334    0.07685026 
89.531087    0.08200588 
89.829578    0.07929493 
90.137576    0.06863448 
90.456985    0.05038617 
90.785439    0.02584751 
91.116588    -0.00229574 
91.442912    -0.03004665 
91.759759    -0.05297589 
92.067690    -0.06747320 
92.371585    -0.07152401 
92.677564    -0.06476528 
92.989610    -0.04833523 
93.307431    -0.02480923 
93.626815    0.00212662 
93.942341    0.02852198 
94.250529    0.05111006 
94.551422    0.06776394 
94.848280    0.07736257 
95.146229    0.07939290 
95.450561    0.07364727 
95.764925    0.06021540 
96.089633    0.03980016 
96.420844    0.01419771 
96.751780    -0.01343430 
97.076062    -0.03894871 
97.391154    -0.05825122 
97.699414    -0.06839144 
98.006264    -0.06803998 
98.316981    -0.05743625 
98.633799    -0.03828476 
98.954753    -0.01361252 
99.275047    0.01277894 
99.590028    0.03723667 
99.897697    0.05700889 
100.199439    0.07043516 
100.499248    0.07668447 
100.802242    0.07539335 
101.112975    0.06648696 
101.433710    0.05030327 
101.763071    0.02797633 
102.096021    0.00183967 
102.425952    -0.02455291 
102.748157    -0.04708125 
103.062288    -0.06215229 
103.372118    -0.06754319 
103.683052    -0.06262690 
103.999025    -0.04828534 
104.320345    -0.02681057 
104.643661    -0.00159412 
104.964145    0.02361830 
105.278329    0.04560339 
105.585779    0.06215168 
105.889070    0.07202803 
106.192663    0.07465006 
106.501353    0.06980776 
106.818606    0.05762266 
107.145027    0.03878828 
107.477579    0.01496563 
107.810507    -0.01097510 
108.138101    -0.03523353 
108.457771    -0.05395157 
108.771224    -0.06421356 
109.083096    -0.06458770 
109.398144    -0.05517423 
109.718566    -0.03751614 
110.042849    -0.01442621 
110.366833    0.01053129 
110.686294    0.03387651 
110.999243    0.05291527 
111.306731    0.06595673 
111.612242    0.07211847 
111.920368    0.07101813 
112.235239    0.06260942 
112.558942    0.04727862 
112.890330    0.02616517 
113.225015    0.00149824 
113.557205    -0.02339578 
113.882714    -0.04466738 
114.201169    -0.05891595 
114.515870    -0.06398557 
114.831604    -0.05924191 
115.151843    -0.04553514 
115.476802    -0.02508181 
115.803445    -0.00112102 
116.127447    0.02279878 
116.445719    0.04361782 
116.757907    0.05920969 
117.066385    0.06835748 
117.375231    0.07048055 
117.688774    0.06539655 
118.010048    0.05329504 
118.339418    0.03495468 
118.673996    0.01208020 
119.008596    -0.01252161 
119.338260    -0.03523883 
119.660928    -0.05246255 
119.978357    -0.06149006 
120.294793    -0.06102990 
120.614385    -0.05127934 
120.938812    -0.03384346 
121.266403    -0.01151426 
121.593277    0.01228057 
121.915715    0.03426582 
122.232153    0.05193189 
122.543797    0.06370299 
122.853994    0.06875430 
123.166968    0.06674854 
123.486331    0.05771428 
123.813642    0.04215756 
124.147444    0.02135373 
124.483500    -0.00238866 
124.816665    -0.02580122 
125.143589    -0.04524935 
125.464461    -0.05762865 
125.782598    -0.06105877 
126.102308    -0.05512461 
126.426361    -0.04084848 
126.754434    -0.02054185 
127.083429    0.00260104 
127.409431    0.02521807 
127.729941    0.04449055 
128.045050    0.05849165 
128.357270    0.06612711 
128.670494    0.06688841 
128.988605    0.06066636 
129.314026    0.04776683 
129.646544    0.02913397 
129.983015    0.00663902 
130.318569    -0.01683746 
130.649060    -0.03778511 
130.973285    -0.05286443 
131.293442    -0.05971049 
131.613590    -0.05734775 
131.937201    -0.04624701 
132.265159    -0.02822785 
132.595338    -0.00616759 
132.923993    0.01660564 
133.247990    0.03705482 
133.566420    0.05293159 
133.880908    0.06285823 
134.194862    0.06613334 
134.512205    0.06251137 
134.835954    0.05213811 
135.166933    0.03569762 
135.503098    0.01468724 
135.840150    -0.00840226 
136.173552    -0.03027843 
136.500961    -0.04750401 
136.823385    -0.05733355 
137.144339    -0.05828381 
137.467645    -0.05030432 
137.795191    -0.03472911 
138.125887    -0.01407097 
138.456431    0.00847007 
138.783340    0.02972635 
139.104858    0.04716915 
139.421722    0.05913441 
139.736754    0.06470843 
140.053745    0.06350153 
140.376093    0.05552101 
140.705461    0.04124277 
141.040844    0.02184965 
141.378675    -0.00053555 
141.714369    -0.02289010 
142.044705    -0.04178682 
142.369535    -0.05420004 
142.691629    -0.05819541 
143.014857    -0.05323117 
143.341876    -0.04017106 
143.672600    -0.02114144 
144.004351    0.00085407 
144.333542    0.02259682 
144.657734    0.04132703 
144.976813    0.05510379 
145.292943    0.06278930 
145.609648    0.06384145 
145.930531    0.05814159 
146.257914    0.04599545 
146.591747    0.02832001 
146.929302    0.00689437 
147.266222    -0.01556523 
147.598695    -0.03573758 
147.925507    -0.05041896 
148.248555    -0.05728250 
148.571529    -0.05531159 
148.897665    -0.04489298 
149.227866    -0.02773109 
149.560240    -0.00656323 
149.891331    0.01541582 
150.218167    0.03525498 
150.539809    0.05073091 
150.857691    0.06045041 
151.174963    0.06368855 
151.495290    0.06019060 
151.821501    0.05011092 
152.154366    0.03414431 
152.491980    0.01377371 
152.830337    -0.00857283 
153.165224    -0.02971103 
153.494469    -0.04632162 
153.819031    -0.05574471 
154.142207    -0.05653702 
154.467562    -0.04865525 
154.796823    -0.03341328 
155.128914    -0.01326712 
155.460700    0.00867419 
155.788900    0.02933981 
156.111883    0.04627176 
156.430386    0.05784028 
156.747123    0.06314153 
157.065728    0.06178992 
157.389431    0.05380289 
157.719782    0.03967177 
158.055773    0.02058663 
158.393978    -0.00134977 
158.730038    -0.02317248 
159.060944    -0.04153841 
159.386629    -0.05350275 
159.709800    -0.05718563 
160.034174    -0.05207200 
160.362254    -0.03903136 
160.693879    -0.02017349 
161.026402    0.00153999 
161.356340    0.02294719 
161.681358    0.04133904 
162.001399    0.05480534 
162.318618    0.06221973 
162.636488    0.06304204 
162.958522    0.05715688 
163.286941    0.04488154 
163.621598    0.02715400 
163.959720    0.00577805 
164.296982    -0.01651374 
164.629678    -0.03640502 
164.956724    -0.05072190 
165.280094    -0.05718411 
165.603462    -0.05482688 
165.929963    -0.04408777 
166.260363    -0.02671435 
166.592667    -0.00546691 
166.923403    0.01646644 
167.249668    0.03616519 
167.570626    0.05144370 
167.887813    0.06093898 
168.204445    0.06394309 
168.524220    0.06020733 
168.849956    0.04988762 
169.182371    0.03368413 
169.519474    0.01309624 
169.857174    -0.00941855 
170.191223    -0.03064158 
170.519496    -0.04722950 
170.843056    -0.05651832 
171.165313    -0.05707728 
171.489896    -0.04888436 
171.818512    -0.03328279 
172.149985    -0.01276826 
172.481048    0.00950602 
172.808327    0.03043361 
173.130173    0.04753772 
173.447395    0.05918383 
173.762825    0.06446731 
174.080232    0.06299675 
174.402956    0.05477667 
174.732575    0.04028698 
175.067990    0.02072603 
175.405557    -0.00175623 
175.740673    -0.02410648 
176.070188    -0.04287866 
176.394084    -0.05505088 
176.715258    -0.05871185 
177.037653    -0.05335086 
177.363908    -0.03986530 
177.693838    -0.02041882 
178.024627    0.00194687 
178.352586    0.02398336 
178.675259    0.04291556 
178.992606    0.05679863 
179.306936    0.06449204 
179.621954    0.06544187 
179.941435    0.05950432 
180.267796    0.04695430 
180.600933    0.02869508 
180.937870    0.00654109 
181.273880    -0.01668774 
181.604845    -0.03751893 
181.929495    -0.05260888 
182.249923    -0.05955245 
182.570129    -0.05731911 
182.893590    -0.04632502 
183.221240    -0.02834221 
183.550977    -0.00621715 
183.879020    0.01672583 
184.202153    0.03742717 
184.519392    0.05360239 
184.832349    0.06383639 
185.144506    0.06739114 
185.459943    0.06397771 
185.781887    0.05368341 
186.111341    0.03712213 
186.446294    0.01573423 
186.782249    -0.00799169 
187.114312    -0.03068034 
187.439821    -0.04874291 
187.759707    -0.05927059 
188.077691    -0.06064947 
188.397952    -0.05273636 
188.722688    -0.03681319 
189.050862    -0.01540961 
189.378917    0.00816971 
189.702957    0.03059741 
190.020903    0.04919281 
190.333417    0.06218638 
190.643517    0.06859848 
190.955404    0.06797809 
191.273002    0.06024273 
191.598440    0.04574562 
191.930880    0.02555564 
192.266414    0.00177327 
192.599656    -0.02243419 
192.926536    -0.04333622 
193.246501    -0.05755438 
193.562556    -0.06286635 
193.879278    -0.05853180 
194.200116    -0.04528657 
194.525411    -0.02523292 
194.852285    -0.00151432 
195.176464    0.02236693 
195.494774    0.04333682 
195.806723    0.05921521 
196.114590    0.06872122 
196.422460    0.07121397 
196.734797    0.06644921 
197.054854    0.05454115 
197.383210    0.03618017 
197.717028    0.01299805 
198.050912    -0.01220521 
198.379511    -0.03572349 
198.700429    -0.05377755 
199.015369    -0.06348854 
199.328822    -0.06342892 
199.645335    -0.05369770 
199.966904    -0.03584212 
200.291872    -0.01267349 
200.616028    0.01226278 
200.935187    0.03551708 
201.247458    0.05442067 
201.554018    0.06729241 
201.858497    0.07324098 
202.165635    0.07185739 
202.479684    0.06305543 
202.802748    0.04718341 
203.133514    0.02537598 
203.467231    -0.00007192 
203.797701    -0.02568917 
204.120552    -0.04745348 
204.435573    -0.06184419 
204.746481    -0.06667004 
205.058503    -0.06131237 
205.375357    -0.04665913 
205.697160    -0.02500525 
206.020456    0.00027148 
206.340414    0.02545662 
206.653642    0.04735989 
206.959834    0.06379054 
207.261725    0.07351122 
207.563960    0.07591526 
207.871520    0.07074742 
208.187993    0.05807247 
208.513930    0.03854380 
208.845979    0.01384655 
209.177870    -0.01302202 
209.503467    -0.03805315 
209.820128    -0.05719229 
210.129913    -0.06742444 
210.437994    -0.06731150 
210.749552    -0.05698993 
211.066873    -0.03807468 
211.388097    -0.01351805 
211.708459    0.01291802 
212.023233    0.03756940 
212.330293    0.05763513 
212.630960    0.07139522 
212.929273    0.07796406 
213.230527    0.07692276 
213.539540    0.06812457 
213.858840    0.05181474 
214.187137    0.02904117 
214.519144    0.00211959 
214.847712    -0.02529004 
215.167616    -0.04885521 
215.478358    -0.06476282 
215.783994    -0.07064279 
216.090473    -0.06578175 
216.402255    -0.05099845 
216.719846    -0.02857218 
217.039609    -0.00199408 
217.356095    0.02478539 
217.665275    0.04832467 
217.966520    0.06626541 
218.262638    0.07730001 
218.558662    0.08079594 
218.860175    0.07644965 
219.171470    0.06421301 
219.493672    0.04456971 
219.823533    0.01905172 
220.154170    -0.00936215 
220.478323    -0.03646870 
220.792340    -0.05786351 
221.097927    -0.07018584 
221.400641    -0.07174733 
221.706543    -0.06248837 
222.018867    -0.04384590 
222.336257    -0.01869296 
222.653707    0.00908662 
222.965711    0.03554069 
223.269349    0.05756552 
223.565505    0.07324016 
223.858234    0.08158785 
224.153237    0.08214231 
224.456060    0.07467204 
224.770145    0.05924662 
225.094989    0.03665754 
225.425466    0.00898463 
225.753644    -0.02016473 
226.072891    -0.04622734 
226.381497    -0.06496380 
226.683130    -0.07358089 
226.984265    -0.07103086 
227.290505    -0.05782917 
227.603551    -0.03597863 
227.920318    -0.00886088 
228.234952    0.01940461 
228.542416    0.04501672 
228.841107    0.06526531 
229.133296    0.07862197 
229.424008    0.08435636 
229.719304    0.08210412 
230.024392    0.07169331 
230.341590    0.05335498 
230.668660    0.02826060 
230.998868    -0.00093193 
231.323882    -0.03007976 
231.638304    -0.05447081 
231.942461    -0.07021767 
232.241581    -0.07512945 
232.542486    -0.06873104 
232.849863    -0.05205713 
233.163739    -0.02763601 
233.479589    0.00074111 
233.791242    0.02887454 
234.094524    0.05322997 
234.389201    0.07150546 
234.678737    0.08250550 
234.968839    0.08567487 
235.265634    0.08071488 
235.573696    0.06753088 
235.893993    0.04657931 
236.222568    0.01947735 
236.551505    -0.01055188 
236.872756    -0.03897831 
237.182582    -0.06116233 
237.483225    -0.07370419 
237.780986    -0.07500335 
238.082517    -0.06509263 
238.391270    -0.04548472 
238.705650    -0.01917252 
239.020122    0.00977815 
239.328707    0.03724311 
239.628338    0.06003320 
239.920068    0.07623221 
240.208305    0.08490534 
240.499157    0.08561015 
240.798558    0.07809390 
241.110222    0.06236783 
241.433658    0.03917052 
241.763374    0.01059676 
242.090797    -0.01962446 
242.408715    -0.04673739 
242.715214    -0.06633693 
243.014154    -0.07555456 
243.312416    -0.07332704 
243.616034    -0.06015541 
243.926981    -0.03802982 
244.242153    -0.01037167 
244.555415    0.01858950 
244.861395    0.04492315 
245.158289    0.06583233 
245.448350    0.07976051 
245.736711    0.08598331 
246.029631    0.08414285 
246.332564    0.07405044 
246.648090    0.05588931 
246.974151    0.03076399 
247.303976    0.00127937 
247.628946    -0.02842032 
247.943243    -0.05355233 
248.246881    -0.07012192 
248.545007    -0.07584189 
248.844605    -0.07016001 
249.150696    -0.05403006 
249.463665    -0.02989844 
249.779175    -0.00151843 
250.090982    0.02687233 
250.394654    0.05165126 
250.689677    0.07043080 
250.979315    0.08196495 
251.269177    0.08568404 
251.565402    0.08129334 
251.872701    0.06869561 
252.192318    0.04831154 
252.520663    0.02167246 
252.850086    -0.00811936 
253.172509    -0.03663109 
253.483855    -0.05923198 
253.785935    -0.07244160 
254.084763    -0.07455051 
254.386959    -0.06549611 
254.696202    -0.04669801 
255.011281    -0.02104664 
255.326987    0.00747365 
255.637434    0.03475863 
255.939396    0.05757818 
256.233639    0.07395246 
256.524267    0.08290000 
256.817134    0.08396805 
257.118002    0.07692723 
257.430563    0.06182276 
257.754552    0.03939561 
258.084952    0.01166572 
258.413718    -0.01779697 
258.733890    -0.04441235 
259.043374    -0.06386745 
259.345582    -0.07327597 
259.646939    -0.07151351 
259.953202    -0.05903400 
260.266366    -0.03777761 
260.583652    -0.01107036 
260.899378    0.01698896 
261.208472    0.04257559 
261.509139    0.06293283 
261.803391    0.07649332 
262.095983    0.08251581 
262.392740    0.08065950 
262.698711    0.07080161 
263.016249    0.05321785 
263.343456    0.02906660 
263.674212    0.00088406 
264.000770    -0.02740693 
264.317896    -0.05130982 
264.625583    -0.06703306 
264.928474    -0.07235765 
265.232876    -0.06674015 
265.543266    -0.05114860 
265.859889    -0.02800958 
266.178778    -0.00095009 
266.494333    0.02600595 
266.802633    0.04943263 
267.103297    0.06704624 
267.399351    0.07762270 
267.695914    0.08059573 
267.998484    0.07571882 
268.311097    0.06301777 
268.634534    0.04308563 
268.965294    0.01758166 
269.296564    -0.01043465 
269.621497    -0.03679788 
269.936930    -0.05726288 
270.244803    -0.06866850 
270.550521    -0.06949544 
270.859705    -0.05982629 
271.175100    -0.04122750 
271.495131    -0.01663883 
271.815036    0.01011957 
272.129863    0.03527368 
272.437204    0.05591759 
272.738142    0.07027049 
273.036564    0.07743412 
273.337683    0.07700942 
273.646327    0.06888075 
273.965168    0.05330958 
274.293246    0.03131164 
274.625722    0.00509507 
274.955793    -0.02184871 
275.278222    -0.04534082 
275.592118    -0.06162297 
275.900996    -0.06827601 
276.210394    -0.06449619 
276.524682    -0.05100547 
276.844667    -0.02995981 
277.167275    -0.00469122 
277.487578    0.02099845 
277.801744    0.04374796 
278.108949    0.06120275 
278.411522    0.07202547 
278.713878    0.07557714 
279.020964    0.07160888 
279.336575    0.06018618 
279.661740    0.04190680 
279.993780    0.01830466 
280.327000    -0.00785830 
280.655360    -0.03279997 
280.975716    -0.05255699 
281.289331    -0.06402897 
281.600729    -0.06559389 
281.914897    -0.05718690 
282.234474    -0.04020896 
282.558333    -0.01737761 
282.882424    0.00774742 
283.202321    0.03159704 
283.515686    0.05134662 
283.823257    0.06519307 
284.128350    0.07218502 
284.435558    0.07190396 
284.749180    0.06427166 
285.071619    0.04961725 
285.402103    0.02898293 
285.736514    0.00447683 
286.069029    -0.02066697 
286.395116    -0.04260183 
286.713937    -0.05782619 
287.028482    -0.06402523 
287.343542    -0.06039815 
287.662887    -0.04763462 
287.987162    -0.02780695 
288.313641    -0.00406723 
288.638017    0.02002843 
288.956954    0.04133275 
289.269753    0.05760678 
289.578506    0.06754269 
289.887150    0.07050386 
290.200050    0.06627141 
290.520454    0.05498895 
290.849088    0.03735342 
291.183439    0.01494680 
291.518511    -0.00955474 
291.849198    -0.03261262 
292.173018    -0.05058322 
292.491293    -0.06063387 
292.808058    -0.06130535 
293.127569    -0.05262780 
293.451851    -0.03604950 
293.779613    -0.01423865 
294.107163    0.00942697 
294.430690    0.03163441 
294.748341    0.04978271 
295.061005    0.06220155 
295.371798    0.06799862 
295.684855    0.06679652 
296.003877    0.05858996 
296.330683    0.04382835 
296.664195    0.02368708 
297.000505    0.00033967 
297.334547    -0.02306698 
297.662724    -0.04294021 
297.984807    -0.05611014 
298.303777    -0.06055746 
298.623868    -0.05570489 
298.948059    -0.04241179 
299.276394    -0.02284082 
299.606070    -0.00008720 
299.933228    0.02250347 
300.255181    0.04205561 
300.571715    0.05655523 
300.885056    0.06483163 
301.198925    0.06632617 
301.517185    0.06089600 
301.842417    0.04880466 
302.174724    0.03091900 
302.511328    0.00898980 
302.847580    -0.01423772 
303.179254    -0.03534237 
303.504817    -0.05097697 
303.826086    -0.05867693 
304.146922    -0.05732099 
304.470870    -0.04722247 
304.799110    -0.03004620 
305.129846    -0.00854376 
305.459500    0.01401533 
305.784861    0.03457386 
306.104768    0.05081323 
306.420559    0.06127796 
306.735424    0.06520786 
307.053199    0.06231854 
307.376981    0.05271859 
307.707838    0.03703090 
308.044074    0.01665159 
308.381672    -0.00605740 
308.716146    -0.02791148 
309.044924    -0.04550319 
309.368656    -0.05602158 
309.690596    -0.05785657 
310.014532    -0.05081104 
310.342551    -0.03607253 
310.673864    -0.01602630 
311.005379    0.00620350 
311.333614    0.02745275 
311.656628    0.04513937 
311.974899    0.05752687 
312.291021    0.06364086 
312.608657    0.06305173 
312.931213    0.05573657 
313.260506    0.04212930 
313.595806    0.02333950 
313.933829    0.00138473 
314.270122    -0.02081935 
314.601361    -0.03990410 
314.927121    -0.05282146 
315.249909    -0.05754634 
315.573504    -0.05341280 
315.900690    -0.04114983 
316.231653    -0.02275460 
316.563961    -0.00113668 
316.894108    0.02051522 
317.219545    0.03940811 
317.539942    0.05353499 
317.857244    0.06169235 
318.174841    0.06328900 
318.496309    0.05817055 
318.824071    0.04660505 
319.158280    0.02945360 
319.496439    0.00841719 
319.834320    -0.01386964 
320.168052    -0.03413384 
320.496204    -0.04915777 
320.820424    -0.05654528 
321.144262    -0.05518631 
321.470975    -0.04537324 
321.801620    -0.02872322 
322.134488    -0.00790485 
322.466224    0.01391998 
322.793832    0.03379163 
323.116246    0.04945128 
323.434751    0.05946539 
323.752378    0.06307773 
324.072749    0.06001178 
324.398746    0.05039918 
324.731292    0.03489624 
325.068696    0.01492207 
325.407138    -0.00717677 
325.742451    -0.02828577 
326.072341    -0.04510812 
326.397568    -0.05494643 
326.721279    -0.05627839 
327.047027    -0.04896580 
327.376665    -0.03422790 
327.709292    -0.01444187 
328.041885    0.00732537 
328.371153    0.02799836 
328.695343    0.04508022 
329.015040    0.05689251 
329.332827    0.06249156 
329.652264    0.06146632 
329.976582    0.05381762 
330.307398    0.04001816 
330.643830    0.02122790 
330.982580    -0.00049292 
331.319353    -0.02222211 
331.651100    -0.04063888 
331.977639    -0.05278795 
332.301558    -0.05675284 
332.626522    -0.05197118 
332.955067    -0.03926355 
333.287128    -0.02069295 
333.620163    0.00081546 
333.950740    0.02211602 
334.276508    0.04049421 
334.597340    0.05402167 
334.915310    0.06155264 
335.233820    0.06253339 
335.556352    0.05684115 
335.885135    0.04478684 
336.220085    0.02729531 
336.558530    0.00614476 
336.896238    -0.01596828 
337.229540    -0.03576154 
337.557310    -0.05007814 
337.881437    -0.05663268 
338.205516    -0.05444073 
338.532649    -0.04391430 
338.863625    -0.02677215 
339.196519    -0.00574439 
339.527929    0.01600602 
339.854983    0.03557190 
340.176832    0.05076879 
340.494963    0.06022838 
340.812526    0.06323819 
341.133151    0.05955039 
341.459609    0.04932721 
341.792606    0.03327577 
342.130196    0.01289437 
342.468386    -0.00937684 
342.803035    -0.03035321 
343.132078    -0.04673116 
343.456564    -0.05587805 
343.779826    -0.05638087 
344.105396    -0.04822568 
344.434919    -0.03275553 
344.767222    -0.01245253 
345.099104    0.00955877 
345.427281    0.03020703 
345.750171    0.04704486 
346.068589    0.05845583 
346.385325    0.06354588 
346.704054    0.06193480 
347.028006    0.05364589 
347.358658    0.03918612 
347.694870    0.01978059 
348.033065    -0.00241127 
348.368804    -0.02436018 
348.699116    -0.04267821 
349.024081    -0.05441662 
349.346563    -0.05773038 
349.670359    -0.05216102 
349.997935    -0.03864426 
350.328999    -0.01935816 
350.660759    0.00267872 
350.989661    0.02427474 
351.313405    0.04272178 
351.632048    0.05612931 
351.947897    0.06339253 
352.264562    0.06398358 
352.585647    0.05778909 
352.913384    0.04512715 
353.247530    0.02695152 
353.585123    0.00511220 
353.921631    -0.01758098 
354.253247    -0.03772687 
354.578946    -0.05209529 
354.900880    -0.05839643 
355.222908    -0.05569303 
355.548250    -0.04447171 
355.877616    -0.02654656 
356.208845    -0.00475704 
356.538287    0.01763568 
356.862955    0.03766561 
357.182056    0.05313423 
357.497269    0.06268526 
357.811997    0.06561866 
358.130115    0.06168332 
358.454556    0.05102400 
358.786027    0.03433654 
359.122368    0.01314734 
359.459199    -0.01001047 
359.792010    -0.03180451 
360.118588    -0.04878146 
360.440119    -0.05821295 
360.760259    -0.05865615 
361.082855    -0.05011099 
361.409699    -0.03396790 
361.739514    -0.01279889 
362.068817    0.01014652 
362.394037    0.03167479 
362.713459    0.04925606 
363.027970    0.06123714 
363.340599    0.06671036 
363.655359    0.06527535 
363.975824    0.05691136 
364.303714    0.04206425 
364.637884    0.02191644 
364.974420    -0.00134481 
365.308325    -0.02455835 
365.636136    -0.04412617 
365.957776    -0.05688860 
366.276345    -0.06085009 
366.596107    -0.05546480 
366.919964    -0.04163053 
367.247790    -0.02155576 
367.576586    0.00161904 
367.902365    0.02451743 
368.222433    0.04425352 
368.536694    0.05881667 
368.847581    0.06703860 
369.159060    0.06834833 
369.475231    0.06257009 
369.798814    0.04992357 
370.129855    0.03125127 
370.465252    0.00834402 
370.799859    -0.01591868 
371.129047    -0.03791260 
371.451222    -0.05410000 
371.768508    -0.06190802 
372.085249    -0.06019034 
372.405380    -0.04928625 
372.730163    -0.03093647 
373.057510    -0.00803673 
373.383336    0.01595221 
373.704014    0.03779885 
374.018273    0.05507697 
374.327683    0.06628661 
374.635918    0.07064355 
374.947422    0.06781405 
375.265864    0.05781320 
375.592622    0.04115481 
375.925786    0.01918972 
376.260533    -0.00560448 
376.591299    -0.02973204 
376.914765    -0.04937144 
377.231578    -0.06135823 
377.545659    -0.06387389 
377.861733    -0.05662476 
378.182594    -0.04078427 
378.507525    -0.01885233 
378.832831    0.00577067 
379.154133    0.02956086 
379.468849    0.04962810 
379.777364    0.06405139 
380.082736    0.07176592 
380.389494    0.07226266 
380.702104    0.06537820 
381.023320    0.05133237 
381.352779    0.03102421 
381.686575    0.00642136 
382.018709    -0.01930077 
382.344141    -0.04220869 
382.661538    -0.05859022 
382.973730    -0.06588730 
383.285757    -0.06308595 
383.601898    -0.05069717 
383.923244    -0.03066668 
384.247139    -0.00613342 
384.568893    0.01921581 
384.884593    0.04201846 
385.193114    0.05983227 
385.496478    0.07120837 
385.798929    0.07541318 
386.105451    0.07212028 
386.420078    0.06130886 
386.744213    0.04345818 
387.075493    0.01996180 
387.408242    -0.00652077 
387.736059    -0.03219333 
388.055285    -0.05293993 
388.366870    -0.06543792 
388.675414    -0.06785751 
388.986318    -0.05996030 
389.302721    -0.04300190 
389.623760    -0.01962509 
389.945195    0.00655280 
390.262069    0.03178362 
390.571513    0.05303103 
390.874028    0.06832802 
391.173078    0.07661946 
391.473757    0.07739871 
391.781112    0.07045685 
392.098344    0.05592270 
392.425157    0.03461217 
392.757158    0.00850812 
393.087399    -0.01903118 
393.409928    -0.04375438 
393.723047    -0.06163634 
394.029884    -0.06992930 
394.336194    -0.06753942 
394.647012    -0.05493638 
394.963853    -0.03406719 
395.283922    -0.00818416 
395.601932    0.01879198 
395.913316    0.04324114 
396.216609    0.06254446 
396.513898    0.07518036 
396.809820    0.08039642 
397.109961    0.07783256 
397.419048    0.06737399 
397.739056    0.04934876 
398.067761    0.02500798 
398.398937    -0.00300970 
398.725090    -0.03072422 
399.041525    -0.05367467 
399.348775    -0.06818938 
399.651770    -0.07219426 
399.956749    -0.06527945 
400.267789    -0.04854810 
400.584576    -0.02456625 
400.902707    0.00294413 
401.216495    0.02995915 
401.522278    0.05313532 
401.820100    0.07029325 
402.113427    0.08028084 
402.407737    0.08254932 
402.708763    0.07682230 
403.020562    0.06308082 
403.343598    0.04191584 
403.673686    0.01509448 
404.003213    -0.01408345 
404.324908    -0.04116373 
404.635859    -0.06172091 
404.938734    -0.07259833 
405.239706    -0.07238849 
405.544846    -0.06129350 
405.856824    -0.04100955 
406.173475    -0.01466777 
406.489243    0.01367925 
406.798656    0.04007942 
407.099302    0.06156623 
407.392721    0.07638904 
407.683499    0.08369244 
407.977628    0.08306357 
408.280636    0.07429090 
408.595569    0.05749529 
408.921174    0.03361617 
409.251492    0.00499246 
409.578192    -0.02448770 
409.894996    -0.05012409 
410.201061    -0.06777556 
410.500847    -0.07489633 
410.801143    -0.07069411 
411.107297    -0.05591368 
411.420335    -0.03279290 
411.736485    -0.00492045 
412.049627    0.02350145 
412.354998    0.04874714 
412.651567    0.06826811 
412.942163    0.08068516 
413.232171    0.08535475 
413.527753    0.08194704 
413.833905    0.07032112 
414.152398    0.05079791 
414.480233    0.02473816 
414.810079    -0.00494392 
415.133620    -0.03390841 
415.446121    -0.05744223 
415.748761    -0.07185472 
416.047295    -0.07521647 
416.348530    -0.06728387 
416.656649    -0.04930853 
416.970969    -0.02403343 
417.286493    0.00461241 
417.597109    0.03244730 
417.899126    0.05608473 
418.192888    0.07339865 
418.482283    0.08331840 
418.773183    0.08534881 
419.071603    0.07922273 
419.381700    0.06490616 
419.703772    0.04299562 
420.033192    0.01533054 
420.361805    -0.01464366 
420.682016    -0.04231493 
420.990964    -0.06317635 
421.291622    -0.07409238 
421.590500    -0.07372327 
421.893890    -0.06232923 
422.204505    -0.04165443 
422.520049    -0.01489249 
422.834775    0.01383032 
423.143079    0.04050979 
423.442549    0.06216924 
423.734800    0.07707916 
424.024519    0.08441306 
424.317773    0.08377960 
424.620131    0.07497917 
424.934644    0.05814021 
425.260035    0.03421095 
425.590308    0.00553929 
425.917105    -0.02398483 
426.234132    -0.04967091 
426.540514    -0.06739293 
426.840666    -0.07461673 
427.141331    -0.07055694 
427.447834    -0.05596199 
427.761236    -0.03306537 
428.077860    -0.00543726 
428.391704    0.02274862 
428.698071    0.04779191 
428.995913    0.06715726 
429.287965    0.07946950 
429.579465    0.08409150 
429.876398    0.08071395 
430.183598    0.06923447 
430.502764    0.05001813 
430.831017    0.02444247 
431.161359    -0.00462776 
431.485862    -0.03297354 
431.799982    -0.05601961 
432.104789    -0.07015946 
432.405734    -0.07348395 
432.709288    -0.06574962 
433.019421    -0.04820899 
433.335484    -0.02357623 
433.652761    0.00430676 
433.965498    0.03137692 
434.270215    0.05434024 
434.567233    0.07110944 
434.860229    0.08061704 
435.154742    0.08237367 
435.456404    0.07615133 
435.769023    0.06199512 
436.092750    0.04059040 
436.423208    0.01380771 
436.752887    -0.01500123 
437.074905    -0.04143835 
437.386748    -0.06122867 
437.691235    -0.07138147 
437.994373    -0.07061823 
438.301858    -0.05924614 
438.615989    -0.03905312 
438.934479    -0.01320381 
439.252017    0.01432091 
439.563569    0.03971914 
439.867083    0.06017361 
440.164192    0.07402962 
440.459302    0.08048173 
440.757995    0.07916536 
441.065234    0.06996064 
441.383499    0.05313802 
441.711261    0.02980050 
442.042891    0.00235841 
442.370991    -0.02542644 
442.690310    -0.04916887 
443.000496    -0.06507914 
443.305772    -0.07085848 
443.612159    -0.06587073 
443.924091    -0.05100263 
444.242007    -0.02859108 
444.562259    -0.00216100 
444.879491    0.02434343 
445.189818    0.04752149 
445.492706    0.06506636 
445.790941    0.07571530 
446.089400    0.07887729 
446.393398    0.07430510 
446.706896    0.06203737 
447.030773    0.04266586 
447.361828    0.01780191 
447.693633    -0.00960135 
448.019608    -0.03550893 
448.336577    -0.05576400 
448.646242    -0.06721469 
448.953719    -0.06829752 
449.264435    -0.05903979 
449.581118    -0.04094997 
449.902347    -0.01689495 
450.223579    0.00938512 
450.540013    0.03417329 
450.849239    0.05457927 
451.152227    0.06880660 
451.452690    0.07593440 
451.755665    0.07555341 
452.065835    0.06755640 
452.385800    0.05222369 
452.714649    0.03058056 
453.047738    0.00481231 
453.378530    -0.02165329 
453.701985    -0.04472035 
454.017238    -0.06069417 
454.327678    -0.06718133 
454.638649    -0.06338118 
454.954354    -0.05001476 
455.275532    -0.02922769 
455.599178    -0.00431613 
455.920520    0.02097598 
456.235867    0.04334272 
456.544455    0.06046224 
456.848581    0.07100736 
457.152561    0.07434067 
457.461205    0.07022115 
457.778155    0.05873657 
458.104329    0.04051832 
458.437037    0.01712956 
458.770721    -0.00866648 
459.099582    -0.03312928 
459.420695    -0.05236929 
459.735405    -0.06336173 
460.048160    -0.06454278 
460.363762    -0.05589354 
460.684645    -0.03885417 
461.009570    -0.01615890 
461.334526    0.00865768 
461.655251    0.03208667 
461.969576    0.05136897 
462.278345    0.06474850 
462.584879    0.07129951 
462.893683    0.07062054 
463.208894    0.06265860 
463.532709    0.04778712 
463.864183    0.02710899 
464.199159    0.00278746 
464.531981    -0.02192842 
464.858419    -0.04324031 
465.177911    -0.05774486 
465.493543    -0.06323740 
465.809989    -0.05901618 
466.130761    -0.04585896 
466.456239    -0.02590642 
466.783590    -0.00232989 
467.108607    0.02136001 
467.428183    0.04210236 
467.741845    0.05774370 
468.051803    0.06703625 
468.361983    0.06938023 
468.676609    0.06458914 
468.998689    0.05285507 
469.328673    0.03494917 
469.663859    0.01254060 
469.999292    -0.01163271 
470.330159    -0.03404104 
470.654374    -0.05113407 
470.973527    -0.06022230 
471.291662    -0.05999337 
471.612789    -0.05061054 
471.938579    -0.03363586 
472.267480    -0.01180368 
472.595787    0.01152294 
472.919913    0.03311964 
473.238309    0.05050058 
473.552092    0.06209190 
473.864453    0.06706524 
474.179432    0.06508901 
474.500480    0.05621169 
474.829079    0.04096435 
475.163836    0.02063026 
475.500743    -0.00251717 
475.834956    -0.02529626 
476.163333    -0.04418530 
476.486070    -0.05617454 
476.806307    -0.05943591 
477.128101    -0.05357281 
477.454035    -0.03960258 
477.783763    -0.01979939 
478.114334    0.00271913 
478.442061    0.02468672 
478.764605    0.04336533 
479.082082    0.05687493 
479.396892    0.06414162 
479.712722    0.06467134 
480.033213    0.05838080 
480.360580    0.04561611 
480.694532    0.02735929 
481.032065    0.00548435 
481.368641    -0.01719035 
481.700481    -0.03727988 
482.026586    -0.05159077 
482.349089    -0.05787554 
482.671788    -0.05523261 
482.997838    -0.04417253 
483.327933    -0.02651555 
483.659982    -0.00508217 
483.990467    0.01690841 
484.316520    0.03654029 
484.637388    0.05165779 
484.954680    0.06093632 
485.271637    0.06370457 
485.591911    0.05974896 
485.918224    0.04926453 
486.251179    0.03299661 
486.588721    0.01248642 
486.926808    -0.00979134 
487.261346    -0.03064568 
487.590374    -0.04680470 
487.915026    -0.05569464 
488.238640    -0.05596763 
488.564679    -0.04766715 
488.894689    -0.03217831 
489.227451    -0.01199940 
489.559808    0.00976277 
489.888585    0.03008151 
490.212302    0.04656194 
490.531812    0.05763251 
490.849856    0.06243374 
491.169987    0.06061733 
491.495267    0.05224455 
491.827029    0.03786649 
492.164090    0.01874373 
492.502994    -0.00296483 
492.839559    -0.02428851 
493.171070    -0.04194949 
493.497703    -0.05312281 
493.822215    -0.05606391 
494.148167    -0.05038136 
494.477787    -0.03704492 
494.810700    -0.01822157 
495.144230    0.00313776 
495.475069    0.02394842 
495.801138    0.04160933 
496.122577    0.05430816 
496.441598    0.06098888 
496.761571    0.06116262 
497.085786    0.05476661 
497.416170    0.04218768 
497.752333    0.02444715 
498.091452    0.00341680 
498.429424    -0.01816402 
498.762954    -0.03706412 
499.091327    -0.05027028 
499.416638    -0.05568541 
499.742380    -0.05250919 
500.071321    -0.04131164 
500.403880    -0.02392360 
500.737953    -0.00310656 
501.070244    0.01804200 
501.398190    0.03674508 
501.721254    0.05095592 
502.041096    0.05941349 
502.360843    0.06148008 
502.683915    0.05697248 
503.012736    0.04613319 
503.347641    0.02977512 
503.686465    0.00950706 
504.025310    -0.01216765 
504.360452    -0.03210424 
504.690344    -0.04715386 
505.016357    -0.05490459 
505.341780    -0.05416663 
505.669782    -0.04512027 
506.001536    -0.02925517 
506.335575    -0.00911415 
506.668751    0.01223406 
506.998120    0.03186615 
507.322503    0.04750730 
507.642984    0.05768226 
507.962385    0.06159392 
508.284180    0.05893750 
508.611208    0.04982375 
508.944481    0.03487901 
509.282517    0.01546625 
509.621737    -0.00615326 
509.958124    -0.02695705 
510.289355    -0.04370829 
510.616017    -0.05371257 
510.941057    -0.05540185 
511.267922    -0.04856724 
511.598491    -0.03434674 
511.932002    -0.01503417 
512.265586    0.00637242 
512.596019    0.02683324 
512.921514    0.04385037 
513.242538    0.05572158 
513.561544    0.06147513 
513.881983    0.06067864 
514.207040    0.05331827 
514.538362    0.03985016 
514.875177    0.02140464 
515.214337    -0.00000574 
515.551665    -0.02151516 
515.884127    -0.03984564 
516.211458    -0.05205204 
516.536129    -0.05619535 
516.861722    -0.05167208 
517.190770    -0.03925429 
517.523275    -0.02095476 
517.856782    0.00034460 
518.187910    0.02152284 
518.514295    0.03986717 
518.835751    0.05343478 
519.154280    0.06106058 
519.473230    0.06217422 
519.796058    0.05664005 
520.125016    0.04475602 
520.460076    0.02742878 
520.798642    0.00641132 
521.136533    -0.01562638 
521.470079    -0.03541843 
521.798108    -0.04980507 
522.122452    -0.05648022 
522.446675    -0.05443003 
522.773894    -0.04403606 
523.104940    -0.02699012 
523.437923    -0.00600430 
523.769446    0.01576214 
524.096614    0.03539193 
524.418535    0.05068325 
524.736665    0.06025031 
525.054148    0.06336615 
525.374634    0.05977043 
525.700931    0.04961220 
526.033792    0.03358379 
526.371292    0.01317036 
526.709417    -0.00919197 
527.043970    -0.03030676 
527.372824    -0.04684371 
527.697002    -0.05613780 
528.019860    -0.05674735 
528.344990    -0.04863686 
528.674092    -0.03313654 
529.006010    -0.01272890 
529.337511    0.00944502 
529.665250    0.03028683 
529.987593    0.04732188 
530.305340    0.05891325 
530.621311    0.06415270 
530.939252    0.06264701 
531.262478    0.05440270 
531.592543    0.03990594 
531.928333    0.02036441 
532.266211    -0.00206297 
532.601611    -0.02431911 
532.931434    -0.04296279 
533.255706    -0.05498494 
533.577335    -0.05849165 
533.900234    -0.05299230 
534.226984    -0.03940656 
534.557338    -0.01991824 
534.888450    0.00242102 
535.216651    0.02436766 
535.539535    0.04316225 
535.857123    0.05687797 
536.171758    0.06438917 
536.487150    0.06515335 
536.807040    0.05903872 
537.133784    0.04633784 
537.467197    0.02797962 
537.804255    0.00580813 
538.140247    -0.01733505 
538.471152    -0.03797780 
538.795820    -0.05280289 
539.116431    -0.05944724 
539.436991    -0.05692494 
539.760911    -0.04569436 
540.089020    -0.02756489 
540.419138    -0.00540647 
540.747483    0.01745620 
541.070902    0.03798403 
541.388506    0.05392106 
541.701982    0.06387693 
542.014837    0.06713126 
542.331123    0.06341079 
542.653967    0.05282602 
542.984227    0.03602979 
543.319751    0.01451669 
543.655985    -0.00917084 
543.988121    -0.03163170 
544.313685    -0.04929978 
544.633788    -0.05933136 
544.952212    -0.06019527 
545.273055    -0.05183140 
545.598336    -0.03559766 
545.926858    -0.01407748 
546.255020    0.00941378 
546.579022    0.03158412 
546.896955    0.04981202 
547.209636    0.06238365 
547.520160    0.06835822 
547.832718    0.06731053 
548.151129    0.05918411 
548.477348    0.04437193 
548.810352    0.02400071 
549.146129    0.00023338 
549.479363    -0.02372658 
549.806208    -0.04416781 
550.126359    -0.05778591 
550.442947    -0.06245742 
550.760496    -0.05753979 
551.082245    -0.04385943 
551.408303    -0.02359278 
551.735663    0.00008448 
552.060111    0.02369595 
552.378664    0.04423471 
552.691031    0.05959357 
552.999621    0.06854633 
553.308537    0.07048694 
553.622140    0.06520070 
553.943477    0.05284517 
554.272868    0.03417933 
554.607280    0.01092025 
554.941319    -0.01406487 
555.269878    -0.03706603 
555.590916    -0.05438058 
555.906393    -0.06325549 
556.220819    -0.06239393 
556.538530    -0.05201476 
556.861197    -0.03377105 
557.186916    -0.01054007 
557.511463    0.01413997 
557.830855    0.03689560 
558.143484    0.05515949 
558.450744    0.06733443 
558.756346    0.07258161 
559.064960    0.07052626 
559.380623    0.06112308 
559.705126    0.04478933 
560.036848    0.02275893 
560.370916    -0.00257376 
560.701323    -0.02769466 
561.024124    -0.04863806 
561.339523    -0.06202306 
561.651399    -0.06582129 
561.964830    -0.05956324 
562.283157    -0.04427263 
562.606106    -0.02235304 
562.930050    0.00278180 
563.250303    0.02747793 
563.563808    0.04866558 
563.870585    0.06427257 
564.173555    0.07314191 
564.477365    0.07471215 
564.786818    0.06876546 
565.105167    0.05542807 
565.432553    0.03545671 
565.765323    0.01066632 
566.097238    -0.01584704 
566.422578    -0.04007819 
566.739272    -0.05809901 
567.049770    -0.06708532 
567.359258    -0.06578426 
567.672576    -0.05449802 
567.991498    -0.03499376 
568.313772    -0.01032411 
568.634603    0.01575730 
568.949574    0.03970010 
569.256997    0.05885421 
569.558526    0.07162044 
569.858334    0.07718279 
570.161627    0.07516184 
570.472923    0.06545963 
570.794274    0.04841545 
571.123898    0.02522540 
571.456259    -0.00163387 
571.784453    -0.02841753 
572.103898    -0.05085915 
572.414758    -0.06534314 
572.721394    -0.06973188 
573.029587    -0.06351946 
573.343258    -0.04771673 
573.662300    -0.02477246 
573.982749    0.00174436 
574.299308    0.02794838 
574.608431    0.05056327 
574.909997    0.06740200 
575.207136    0.07727236 
575.504952    0.07959945 
575.808839    0.07411774 
576.122650    0.06084778 
576.446895    0.04040952 
576.777777    0.01453182 
577.108297    -0.01362449 
577.431693    -0.03980630 
577.745159    -0.05974982 
578.051079    -0.07035289 
578.355177    -0.07018690 
578.663132    -0.05942252 
578.977445    -0.03972215 
579.296087    -0.01414156 
579.613849    0.01339163 
579.925583    0.03904920 
580.228999    0.05993397 
580.525540    0.07430511 
580.819560    0.08129067 
581.116756    0.08047234 
581.422358    0.07166457 
581.739186    0.05504149 
582.065959    0.03159186 
582.396985    0.00365125 
582.724427    -0.02498046 
583.042460    -0.04975103 
583.350406    -0.06665331 
583.652580    -0.07321388 
583.955436    -0.06867448 
584.263945    -0.05381617 
584.578887    -0.03090563 
584.896509    -0.00350509 
585.210949    0.02427825 
585.517758    0.04883461 
585.816097    0.06769686 
586.108822    0.07951799 
586.401209    0.08365869 
586.699208    0.07979662 
587.007531    0.06782540 
587.327654    0.04813470 
587.656405    0.02216954 
587.986558    -0.00710173 
588.310195    -0.03536378 
588.623064    -0.05801175 
588.926648    -0.07149244 
589.226699    -0.07398889 
589.529757    -0.06534843 
589.839590    -0.04691871 
590.155156    -0.02152571 
590.471368    0.00688866 
590.782328    0.03421929 
591.084694    0.05719710 
591.379106    0.07379212 
591.669598    0.08298324 
591.962036    0.08429119 
592.262274    0.07746184 
592.574156    0.06250395 
592.897566    0.04010775 
593.227533    0.01224702 
593.555885    -0.01751474 
593.875421    -0.04454319 
594.183870    -0.06443369 
594.484638    -0.07421650 
594.784320    -0.07270679 
595.088930    -0.06030326 
595.400676    -0.03889601 
595.716804    -0.01180255 
596.031432    0.01681864 
596.339202    0.04304110 
596.638127    0.06401695 
596.930207    0.07812521 
597.220357    0.08459733 
597.514683    0.08306190 
597.818577    0.07333813 
598.134688    0.05561612 
598.461176    0.03097847 
598.791588    0.00196295 
599.117554    -0.02738056 
599.433285    -0.05233887 
599.738616    -0.06892283 
600.038447    -0.07480396 
600.339574    -0.06938720 
600.646942    -0.05359909 
600.961003    -0.02985684 
601.277596    -0.00186769 
601.590656    0.02618019 
601.895836    0.05069242 
602.192592    0.06928130 
602.484082    0.08068598 
602.775773    0.08432632 
603.073655    0.07991449 
603.382303    0.06738001 
603.702896    0.04717975 
604.031914    0.02086651 
604.361945    -0.00847809 
604.685206    -0.03648965 
604.997806    -0.05862208 
605.301551    -0.07145411 
605.602288    -0.07330413 
605.906395    -0.06413397 
606.217329    -0.04539736 
606.533788    -0.02000240 
606.850670    0.00809827 
607.162313    0.03487436 
607.465692    0.05717105 
607.761653    0.07305501 
608.054250    0.08156374 
608.349181    0.08225680 
608.651978    0.07493301 
608.966074    0.05969318 
609.291013    0.03735115 
609.621809    0.00997996 
609.950729    -0.01886575 
610.271266    -0.04470700 
610.581653    -0.06337412 
610.885347    -0.07209974 
611.188567    -0.06983572 
611.496729    -0.05709667 
611.811529    -0.03587406 
612.130105    -0.00949806 
612.446951    0.01800262 
612.757301    0.04291617 
613.059605    0.06258385 
613.355960    0.07549156 
613.651051    0.08091708 
613.950502    0.07853420 
614.259065    0.06825847 
614.578753    0.05044093 
614.907431    0.02633800 
615.239013    -0.00144048 
615.566129    -0.02898081 
615.884068    -0.05189705 
616.193188    -0.06656004 
616.498162    -0.07089876 
616.805004    -0.06449224 
617.117721    -0.04842797 
617.436148    -0.02523012 
617.756220    0.00146184 
618.072594    0.02772150 
618.381763    0.05027550 
618.683676    0.06697134 
618.981488    0.07666131 
619.280242    0.07881573 
619.585186    0.07322098 
619.899978    0.05996481 
620.224992    0.03974214 
620.556497    0.01432788 
620.887823    -0.01315214 
621.212631    -0.03857814 
621.528356    -0.05786250 
621.837278    -0.06803995 
622.144754    -0.06775906 
622.456026    -0.05724197 
622.773328    -0.03818144 
623.094725    -0.01359448 
623.415452    0.01272560 
623.730878    0.03712898 
624.039000    0.05686095 
624.341197    0.07025480 
624.641446    0.07647363 
624.944850    0.07515103 
625.255947    0.06621318 
625.576976    0.05000344 
625.906544    0.02766507 
626.239604    0.00154244 
626.569572    -0.02480282 
626.891782    -0.04725045 
627.205939    -0.06221580 
627.515845    -0.06748892 
627.826904    -0.06245642 
628.143023    -0.04801464 
628.464463    -0.02647043 
628.787842    -0.00122583 
629.108334    0.02397175 
629.422503    0.04590525 
629.729964    0.06237385 
630.033342    0.07214851 
630.337129    0.07464889 
630.646133    0.06966521 
630.963796    0.05732282 
631.290657    0.03832951 
631.623591    0.01437542 
631.956778    -0.01162948 
632.284518    -0.03585032 
632.604307    -0.05441784 
632.917967    -0.06443310 
633.230202    -0.06449928 
633.545744    -0.05476240 
633.866681    -0.03682039 
634.191364    -0.01354086 
634.515553    0.01147748 
634.835048    0.03475344 
635.147966    0.05361688 
635.455481    0.06640802 
635.761171    0.07226955 
636.069658    0.07083692 
636.385025    0.06208267 
636.709232    0.04642501 
637.040958    0.02505587 
637.375684    0.00027013 
637.707614    -0.02455358 
638.032721    -0.04555857 
638.350851    -0.05939010 
638.665455    -0.06396795 
638.981333    -0.05873750 
639.301832    -0.04462446 
639.626987    -0.02391151 
639.953641    0.00012389 
640.277483    0.02393811 
640.595547    0.04451122 
640.907641    0.05976687 
641.216263    0.06852840 
641.525540    0.07024125 
641.839760    0.06474396 
642.161825    0.05225647 
642.491910    0.03360895 
642.826946    0.01057657 
643.161696    -0.01396784 
643.491337    -0.03638717 
643.814056    -0.05310931 
644.131819    -0.06151569 
644.448925    -0.06041537 
644.769389    -0.05010696 
645.094655    -0.03229114 
645.422847    -0.00982789 
645.750045    0.01384273 
646.072665    0.03549011 
646.389357    0.05267644 
646.701510    0.06389208 
647.012555    0.06835933 
647.326676    0.06577631 
647.647324    0.05621343 
647.975809    0.04024105 
648.310426    0.01922216 
648.646841    -0.00444879 
648.980048    -0.02746447 
649.307029    -0.04623268 
649.628292    -0.05776254 
649.947284    -0.06031501 
650.268189    -0.05361309 
650.593480    -0.03880439 
650.922541    -0.01829302 
651.252166    0.00470178 
651.578569    0.02687142 
651.899523    0.04549677 
652.215373    0.05874977 
652.528763    0.06560886 
652.843561    0.06561610 
653.163467    0.05871228 
653.490606    0.04527468 
653.824444    0.02634681 
654.161663    0.00390476 
654.497502    -0.01911120 
654.828193    -0.03922492 
655.152969    -0.05322776 
655.474263    -0.05893423 
655.796055    -0.05554831 
656.121477    -0.04370260 
656.451016    -0.02534338 
656.782330    -0.00339957 
657.111761    0.01884980 
657.436485    0.03848973 
657.755934    0.05340729 
658.071944    0.06233098 
658.387935    0.06463193 
658.707645    0.06012615 
659.033746    0.04903889 
659.366658    0.03216623 
659.704058    0.01113310 
660.041681    -0.01148018 
660.375392    -0.03239401 
660.703400    -0.04830914 
661.027103    -0.05669788 
661.350030    -0.05630691 
661.675659    -0.04729376 
662.005379    -0.03116163 
662.337742    -0.01051293 
662.669443    0.01148314 
662.997319    0.03179492 
663.320040    0.04806696 
663.638661    0.05878257 
663.956086    0.06313022 
664.275944    0.06079742 
664.601257    0.05187893 
664.933202    0.03697323 
665.270367    0.01741312 
665.609105    -0.00455316 
665.945192    -0.02587989 
666.276060    -0.04326731 
666.602127    -0.05393634 
666.926330    -0.05623601 
667.252245    -0.04988695 
667.581961    -0.03597175 
667.914885    -0.01675434 
668.248201    0.00475850 
668.578610    0.02548291 
668.904177    0.04286349 
669.225228    0.05514986 
669.544118    0.06134100 
669.864275    0.06099027 
670.188928    0.05407306 
670.519847    0.04102467 
670.856431    0.02293396 
671.195691    0.00175127 
671.533509    -0.01972322 
671.866753    -0.03825033 
672.194954    -0.05087500 
672.520384    -0.05560391 
672.846542    -0.05175512 
673.176037    -0.04001233 
673.509066    -0.02229927 
673.843381    -0.00142548 
674.175706    0.01952384 
674.503633    0.03783146 
674.826821    0.05152607 
675.147070    0.05941219 
675.467539    0.06090153 
675.791565    0.05585384 
676.121389    0.04456309 
676.457125    0.02791042 
676.796444    0.00758037 
677.135456    -0.01387004 
677.470636    -0.03330013 
677.800724    -0.04763604 
678.127287    -0.05458853 
678.453617    -0.05310206 
678.782696    -0.04348062 
679.115436    -0.02731160 
679.450198    -0.00718505 
679.783855    0.01385192 
680.113642    0.03295320 
680.438610    0.04793938 
680.759999    0.05741704 
681.080660    0.06064873 
681.403963    0.05737850 
681.732527    0.04777288 
682.067108    0.03253120 
682.406029    0.01309770 
682.745717    -0.00820873 
683.082388    -0.02837248 
683.414073    -0.04424594 
683.741616    -0.05328147 
684.067991    -0.05407082 
684.396434    -0.04654949 
684.728507    -0.03196926 
685.063213    -0.01268197 
685.397671    0.00833640 
685.728862    0.02813861 
686.055273    0.04434642 
686.377579    0.05536232 
686.698284    0.06028958 
687.020726    0.05875260 
687.347840    0.05079805 
687.680963    0.03696156 
688.019069    0.01846609 
688.358973    -0.00260321 
688.696744    -0.02337640 
689.029769    -0.04066863 
689.358145    -0.05170398 
689.684436    -0.05473501 
690.012021    -0.04933259 
690.343053    -0.03640921 
690.677210    -0.01805970 
691.011954    0.00284235 
691.344103    0.02327449 
691.671622    0.04066680 
691.994603    0.05320877 
692.315158    0.05983102 
692.636542    0.06003075 
692.961947    0.05373774 
693.293257    0.04133575 
693.630104    0.02383914 
693.969760    0.00309959 
694.308249    -0.01817941 
694.642380    -0.03680966 
694.971465    -0.04981266 
695.297554    -0.05510828 
695.624062    -0.05189762 
695.953680    -0.04074274 
696.286797    -0.02345857 
696.621323    -0.00278260 
696.954008    0.01821466 
697.282330    0.03677740 
697.605773    0.05086920 
697.925996    0.05922974 
698.246113    0.06121707 
698.569523    0.05664311 
698.898626    0.04574767 
699.233734    0.02934470 
699.572659    0.00904864 
699.911494    -0.01262767 
700.246527    -0.03252930 
700.576248    -0.04750165 
700.902071    -0.05513424 
701.227320    -0.05424519 
701.555166    -0.04502713 
701.886750    -0.02898593 
702.220550    -0.00868287 
702.553365    0.01279689 
702.882227    0.03251986 
703.205974    0.04820781 
703.525740    0.05838537 
703.844417    0.06225399 
704.165553    0.05950299 
704.492039    0.05023366 
704.824894    0.03506571 
705.162568    0.01536944 
705.501357    -0.00656235 
705.837118    -0.02765264 
706.167473    -0.04460453 
706.493060    -0.05468080 
706.816951    -0.05629707 
707.142710    -0.04924961 
707.472269    -0.03469892 
707.804812    -0.01498033 
708.137341    0.00685207 
708.466508    0.02770376 
708.790467    0.04503891 
709.109730    0.05713701 
709.426866    0.06301832 
709.745489    0.06224007 
710.068943    0.05476860 
710.398981    0.04103520 
710.734807    0.02215794 
711.073094    0.00017436 
711.409394    -0.02197339 
711.740448    -0.04089527 
712.065945    -0.05353869 
712.388500    -0.05789365 
712.711936    -0.05332419 
713.038987    -0.04060080 
713.369704    -0.02177117 
713.701493    0.00020540 
714.030742    0.02210604 
714.354898    0.04112624 
714.673729    0.05526401 
714.989343    0.06332384 
715.305311    0.06471369 
715.625365    0.05926568 
715.952003    0.04722966 
716.285306    0.02946531 
716.622541    0.00771692 
716.959151    -0.01527838 
717.291027    -0.03610777 
717.616738    -0.05143129 
717.938171    -0.05879100 
718.259201    -0.05707435 
718.583326    -0.04660950 
718.911620    -0.02908481 
719.242152    -0.00728057 
719.571237    0.01550886 
719.895627    0.03621197 
720.214221    0.05250554 
720.528488    0.06293169 
720.841798    0.06672097 
721.158167    0.06356717 
721.480822    0.05354822 
721.810830    0.03726591 
722.146295    0.01613669 
722.482840    -0.00738708 
722.815628    -0.02996664 
723.141965    -0.04803153 
723.462687    -0.05866479 
723.781416    -0.06022657 
724.102285    -0.05254298 
724.427513    -0.03686439 
724.756139    -0.01568762 
725.084695    0.00771144 
725.409335    0.03002120 
725.727975    0.04856086 
726.041232    0.06155064 
726.352058    0.06799932 
726.664600    0.06744895 
726.982741    0.05981583 
727.308605    0.04545410 
727.641392    0.02542917 
727.977274    0.00182746 
728.310950    -0.02220860 
728.638401    -0.04297541 
728.959066    -0.05711155 
729.275891    -0.06239808 
729.593386    -0.05809120 
729.914945    -0.04492275 
730.240895    -0.02498892 
730.568389    -0.00142050 
730.893211    0.02229818 
731.212238    0.04310941 
731.524999    0.05884243 
731.833759    0.06821955 
732.142562    0.07060187 
732.455809    0.06575168 
732.776677    0.05379786 
733.105684    0.03545251 
733.439979    0.01236843 
733.774232    -0.01264724 
734.103216    -0.03590530 
734.424655    -0.05366438 
734.740304    -0.06308934 
735.054613    -0.06279112 
735.372020    -0.05290290 
735.694401    -0.03500191 
736.020031    -0.01191366 
736.344735    0.01283000 
736.664433    0.03581582 
736.977346    0.05441551 
737.284720    0.06697766 
737.590189    0.07262816 
737.898432    0.07097093 
738.213584    0.06193979 
738.537603    0.04591763 
738.869053    0.02408579 
739.203167    -0.00121954 
739.533883    -0.02651812 
739.857056    -0.04782645 
740.172670    -0.06169725 
740.484490    -0.06601773 
740.797636    -0.06023938 
741.115617    -0.04531546 
741.438353    -0.02359298 
741.762323    0.00153695 
742.082796    0.02639724 
742.396575    0.04786443 
742.703524    0.06381064 
743.006465    0.07303970 
743.310019    0.07496853 
743.619042    0.06936467 
743.936913    0.05633281 
744.263942    0.03659170 
