0.000000    0.77116376 
0.306794    0.77110638 
0.613871    0.77077649 
0.921963    0.76971231 
1.232252    0.76750488 
1.546239    0.76389706 
1.865639    0.75875407 
2.192279    0.75202846 
2.527994    0.74378341 
2.874484    0.73417936 
3.233047    0.72349679 
3.604336    0.71259213 
3.987562    0.70298313 
4.379479    0.69701414 
4.773213    0.69840565 
5.159093    0.70954259 
5.528253    0.72821153 
5.875853    0.74757070 
6.203265    0.75897492 
6.518054    0.75769086 
6.831422    0.74522947 
7.154663    0.72585619 
7.495804    0.70376071 
7.856923    0.68304431 
8.232775    0.66823322 
8.610500    0.66476316 
8.969441    0.67964177 
9.285476    0.71548405 
9.539678    0.75705885 
9.729705    0.75910554 
9.873593    0.71307474 
9.998133    0.67074470 
10.133234    0.64687616 
10.320544    0.62647960 
10.612727    0.58822455 
10.951502    0.54542336 
11.248326    0.52264093 
11.487214    0.51868670 
11.672473    0.52045890 
11.812519    0.51864679 
11.917011    0.50985947 
11.995448    0.49546484 
12.056340    0.48438124 
12.107357    0.48097523 
12.156666    0.48531773 
12.212530    0.49433755 
12.320986    0.51017101 
12.695059    0.48879980 
13.033249    0.41617177 
13.152436    0.32504092 
13.225511    0.31103133 
13.285883    0.32416717 
13.350458    0.36053027 
13.439342    0.41810517 
13.588429    0.48570699 
13.828537    0.52727877 
14.112521    0.54408655 
14.406418    0.56997984 
14.708025    0.60007674 
15.017306    0.62820093 
15.331764    0.64992946 
15.648584    0.66571578 
15.966208    0.67252516 
16.287152    0.67196058 
16.617138    0.66564322 
16.961943    0.65661561 
17.323319    0.64832384 
17.696313    0.64407275 
18.068994    0.64801254 
18.423522    0.66247268 
18.745447    0.69154310 
19.021436    0.72038470 
19.256047    0.72790005 
19.464185    0.71789954 
19.663843    0.69996487 
19.875523    0.68030368 
20.119280    0.65640999 
20.410348    0.62859524 
20.746669    0.60463138 
21.099556    0.59240267 
21.434312    0.59198353 
21.732940    0.60200010 
21.990035    0.61849677 
22.205756    0.63604429 
22.384063    0.64503705 
22.532081    0.63537148 
22.660473    0.61787354 
22.786507    0.60684218 
22.940485    0.60130257 
23.176630    0.58790882 
23.519340    0.55905897 
23.844520    0.53184976 
24.120265    0.52408817 
24.369510    0.53444774 
24.607109    0.55253096 
24.846708    0.57552986 
25.094037    0.59941026 
25.348455    0.62098511 
25.610534    0.63990952 
25.880184    0.65437267 
26.158100    0.66256648 
26.448999    0.66674751 
26.755528    0.66702698 
27.077653    0.66250525 
27.417206    0.66102344 
27.767016    0.65567556 
28.124371    0.65058894 
28.487776    0.65023962 
28.850522    0.65387750 
29.207874    0.66565567 
29.552348    0.68504532 
29.876583    0.70447378 
30.178877    0.72127949 
30.463081    0.72949089 
30.735639    0.73002070 
31.007103    0.72309114 
31.289994    0.70647841 
31.594936    0.68458840 
31.927353    0.66250366 
32.281860    0.64502234 
32.646017    0.63878697 
33.006163    0.64596650 
33.348013    0.66627403 
33.660086    0.69336216 
33.935731    0.71553772 
34.176651    0.72310342 
34.393372    0.71510620 
34.602298    0.69861245 
34.825467    0.68207265 
35.086582    0.66464025 
35.395576    0.64505931 
35.733938    0.62861363 
36.074165    0.61947221 
36.403192    0.62013105 
36.716788    0.63026313 
37.012987    0.64599556 
37.292200    0.66388787 
37.555558    0.68235983 
37.804073    0.69601652 
38.042351    0.69944058 
38.280806    0.69300920 
38.535840    0.68115475 
38.823339    0.66652222 
39.144698    0.65132706 
39.488080    0.64210909 
39.838749    0.64051638 
40.185893    0.64333879 
40.523753    0.65078280 
40.849672    0.66116730 
41.163192    0.67609868 
41.463017    0.69567930 
41.747114    0.71507017 
42.014685    0.72401341 
42.271959    0.71862143 
42.533925    0.70461030 
42.817534    0.68745575 
43.133556    0.67120077 
43.477382    0.65777948 
43.833434    0.64840321 
44.189025    0.64367646 
44.536746    0.64649502 
44.870165    0.66087775 
45.183008    0.68407584 
45.471329    0.70988781 
45.734065    0.72772107 
45.975746    0.72616721 
46.210438    0.71032610 
46.459400    0.69157463 
46.742646    0.67242091 
47.065030    0.65392746 
47.411510    0.64118032 
47.763123    0.63597968 
48.108975    0.63830627 
48.442942    0.64977826 
48.761330    0.66808203 
49.062158    0.68970994 
49.344078    0.70933551 
49.608880    0.71994196 
49.864071    0.71804554 
50.122933    0.70735647 
50.401194    0.69329168 
50.709456    0.67884033 
51.045612    0.66665134 
51.397705    0.65847561 
51.755055    0.65489219 
52.111668    0.65824562 
52.462101    0.67011657 
52.800170    0.68852172 
53.120313    0.70803511 
53.420343    0.72417364 
53.702237    0.73472267 
53.971657    0.73613737 
54.238741    0.72755854 
54.517268    0.71254581 
54.820204    0.69521583 
55.152210    0.67882388 
55.505584    0.66647860 
55.867081    0.65982262 
56.225396    0.65938983 
56.571361    0.66737055 
56.897437    0.68432052 
57.197590    0.70786347 
57.467856    0.73049581 
57.709883    0.73929423 
57.934104    0.72900963 
58.159367    0.70843649 
58.409707    0.68571166 
58.704748    0.66241332 
59.040259    0.64276789 
59.389322    0.63233988 
59.730165    0.63069449 
60.053685    0.63707225 
60.356879    0.65107316 
60.639028    0.67024990 
60.899623    0.69090513 
61.139641    0.70507718 
61.365378    0.70562647 
61.591185    0.69510545 
61.838484    0.67986624 
62.127180    0.66242839 
62.456258    0.64694352 
62.802435    0.63910504 
63.146996    0.63875905 
63.483565    0.64399820 
63.810906    0.65415290 
64.129592    0.66781311 
64.440190    0.68407480 
64.742465    0.70153807 
65.036195    0.71614352 
65.323614    0.72253754 
65.611526    0.71923262 
65.910207    0.70977329 
66.228566    0.69866021 
66.568836    0.68897477 
66.925964    0.68201298 
67.291992    0.67759835 
67.660042    0.67589376 
68.024192    0.67907203 
68.378660    0.68921561 
68.718361    0.70655165 
69.038482    0.72859438 
69.336067    0.74775155 
69.613516    0.75425232 
69.880643    0.74521650 
70.153140    0.72684707 
70.447443    0.70547517 
70.772531    0.68469315 
71.123706    0.66825511 
71.486702    0.65859710 
71.847149    0.65689773 
72.193344    0.66533445 
72.516161    0.68399939 
72.808844    0.70960100 
73.067270    0.73247220 
73.293951    0.73693137 
73.501561    0.72087045 
73.712360    0.69858081 
73.954882    0.67629535 
74.250990    0.65195279 
74.588717    0.63121221 
74.932774    0.62086781 
75.262968    0.62039511 
75.573985    0.62898969 
75.865561    0.64435426 
76.138678    0.66396128 
76.393985    0.68445477 
76.633251    0.69864062 
76.863044    0.70053372 
77.097334    0.69202542 
77.356100    0.67815113 
77.655247    0.66201808 
77.989626    0.64845145 
78.338363    0.64204233 
78.686860    0.64280773 
79.029615    0.64930074 
79.364758    0.66032233 
79.692049    0.67400851 
80.011490    0.68953390 
80.322677    0.70608855 
80.625454    0.72075888 
80.921582    0.72850831 
81.216759    0.72654402 
81.520040    0.71687196 
81.840535    0.70399090 
82.182646    0.69186355 
82.543264    0.68285117 
82.914370    0.67757089 
83.287380    0.67613839 
83.654388    0.68058515 
84.008308    0.69301643 
84.343394    0.71312831 
84.655036    0.73647715 
84.942093    0.75310586 
85.210199    0.75328382 
85.472816    0.73827826 
85.748250    0.71703450 
86.052355    0.69501419 
86.388975    0.67576112 
86.747173    0.66299232 
87.110429    0.65770924 
87.465218    0.66073389 
87.801495    0.67317359 
88.112721    0.69355420 
88.394442    0.71792918 
88.645207    0.73496910 
88.871011    0.73228015 
89.087962    0.71425348 
89.320688    0.69285674 
89.595314    0.67054371 
89.918688    0.64900733 
90.265891    0.63542592 
90.610442    0.63163077 
90.941359    0.63627740 
91.255361    0.64823734 
91.552234    0.66494520 
91.832268    0.68448186 
92.095682    0.70262641 
92.345335    0.71222983 
92.590035    0.70956875 
92.845349    0.69819439 
93.129337    0.68304374 
93.449855    0.66790815 
93.796027    0.65737705 
94.151167    0.65355045 
94.504849    0.65552463 
94.851687    0.66266989 
95.188768    0.67400948 
95.514894    0.68856718 
95.829110    0.70588884 
96.130578    0.72331274 
96.420378    0.73446300 
96.704346    0.73413550 
96.993409    0.72350810 
97.299975    0.70789582 
97.631488    0.69237883 
97.985446    0.68046596 
98.352191    0.67377489 
98.721455    0.67221580 
99.084521    0.67708890 
99.434054    0.68961727 
99.764940    0.70883503 
100.073507    0.73162895 
100.358746    0.74912514 
100.625820    0.75106179 
100.887800    0.73739385 
101.163064    0.71673440 
101.467616    0.69517743 
101.804646    0.67677931 
102.162521    0.66539265 
102.525387    0.66158096 
102.881175    0.66540352 
103.221387    0.67739262 
103.540914    0.69600254 
103.836495    0.71859964 
104.106783    0.73716323 
104.356057    0.74037803 
104.597385    0.72735028 
104.851438    0.70743260 
105.139188    0.68630794 
105.466679    0.66728837 
105.818246    0.65537543 
106.174150    0.65185966 
106.522813    0.65576845 
106.858024    0.66671373 
107.176764    0.68274061 
107.477442    0.70204963 
107.758997    0.72080522 
108.023265    0.73145179 
108.278069    0.72850812 
108.538244    0.71511236 
108.822067    0.69761500 
109.140468    0.68020012 
109.487219    0.66726620 
109.846271    0.66142126 
110.204608    0.66220239 
110.554137    0.66909614 
110.889858    0.68127176 
111.209316    0.69735457 
111.511059    0.71608299 
111.794815    0.73272828 
112.064061    0.73913966 
112.328809    0.73199910 
112.604895    0.71608617 
112.907721    0.69740821 
113.241939    0.68067072 
113.597665    0.66977378 
113.960174    0.66584550 
114.318360    0.66824589 
114.664649    0.67742598 
114.994392    0.69240443 
115.305160    0.71149412 
115.595810    0.73094708 
115.868240    0.74211696 
116.130666    0.73859171 
116.398303    0.72383851 
116.688782    0.70487455 
117.011847    0.68642837 
117.361376    0.67286787 
117.722438    0.66646970 
118.082665    0.66684663 
118.433844    0.67431446 
118.770650    0.68806247 
119.090337    0.70629697 
119.391199    0.72656522 
119.673392    0.74180841 
119.942222    0.74391192 
120.210021    0.73276008 
120.493664    0.71510211 
120.806524    0.69650751 
121.148816    0.68118445 
121.508757    0.67220181 
121.873284    0.66992801 
122.232794    0.67442100 
122.580062    0.68587246 
122.910408    0.70283926 
123.220698    0.72332797 
123.509336    0.74199240 
123.778965    0.74973129 
124.039280    0.74205961 
124.306860    0.72454602 
124.599716    0.70406927 
124.926467    0.68489636 
125.279258    0.67134257 
125.642019    0.66548799 
126.001452    0.66708569 
126.348215    0.67634007 
126.676123    0.69212669 
126.981585    0.71220335 
127.262731    0.73230490 
127.521300    0.74299792 
127.766054    0.73730362 
128.014089    0.72019657 
128.287077    0.69945624 
128.599481    0.67883537 
128.944342    0.66322986 
129.300757    0.65620009 
129.652757    0.65713724 
129.991936    0.66541853 
130.314082    0.67955341 
130.617721    0.69706857 
130.902662    0.71558152 
131.170553    0.72903027 
131.427711    0.73046995 
131.687292    0.72031844 
131.966995    0.70442390 
132.279826    0.68756082 
132.622703    0.67416187 
132.980302    0.66727863 
133.339415    0.66676849 
133.692525    0.67230124 
134.035084    0.68347372 
134.364943    0.69832397 
134.681186    0.71568467 
134.983426    0.73267292 
135.273515    0.74298950 
135.558084    0.74180011 
135.848749    0.73077553 
136.158149    0.71533711 
136.492780    0.70023234 
136.849024    0.68890401 
137.217258    0.68284232 
137.587814    0.68226322 
137.952311    0.68808777 
138.303696    0.70081830 
138.637019    0.71928472 
138.948842    0.74058476 
139.238367    0.75710079 
139.510506    0.75927766 
139.777737    0.74623376 
140.057748    0.72569725 
140.366032    0.70391071 
140.705926    0.68512302 
141.066452    0.67314278 
141.432073    0.66905090 
141.790084    0.67322020 
142.130648    0.68631910 
142.447237    0.70625925 
142.735893    0.72935799 
142.995849    0.74619254 
143.233140    0.74494955 
143.463324    0.72767906 
143.709970    0.70549287 
143.996491    0.68255661 
144.326874    0.66197491 
144.678649    0.64999788 
145.028502    0.64772618 
145.365142    0.65386975 
145.683852    0.66718175 
145.983290    0.68449898 
146.263582    0.70336581 
146.526106    0.71895836 
146.775862    0.72408778 
147.024384    0.71707114 
147.289461    0.70298726 
147.587975    0.68663447 
147.921697    0.67235377 
148.274940    0.66430116 
148.631813    0.66302986 
148.984077    0.66765965 
149.327582    0.67767360 
149.660504    0.69108167 
149.982417    0.70645650 
150.293236    0.72270500 
150.593715    0.73609754 
150.887496    0.74127278 
151.182621    0.73630830 
151.489968    0.72441205 
151.818182    0.71038512 
152.168511    0.69815606 
152.534872    0.69004546 
152.908488    0.68667767 
153.280985    0.68862955 
153.644478    0.69740441 
153.992639    0.71283945 
154.321111    0.73314771 
154.627487    0.75339391 
154.913472    0.76405001 
155.187579    0.75846640 
155.464972    0.74080938 
155.762623    0.71906847 
156.090480    0.69827465 
156.444731    0.68257089 
156.811780    0.67438456 
157.177498    0.67413423 
157.530132    0.68320229 
157.860710    0.70090487 
158.163572    0.72418968 
158.435896    0.74603758 
158.680457    0.75265259 
158.909448    0.73902703 
159.144539    0.71643173 
159.411746    0.69274618 
159.725945    0.66963594 
160.072904    0.65310062 
160.425508    0.64693212 
160.767654    0.64995041 
161.092481    0.66126554 
161.397479    0.67799447 
161.682282    0.69725930 
161.947590    0.71507832 
162.196894    0.72391109 
162.439835    0.71961691 
162.693359    0.70640654 
162.977187    0.68981983 
163.300008    0.67387369 
163.649056    0.66346209 
164.005338    0.66046563 
164.358137    0.66390422 
164.702561    0.67306652 
165.036414    0.68610082 
165.359207    0.70104499 
165.670936    0.71698773 
165.972195    0.73133291 
166.265795    0.73908906 
166.558638    0.73693667 
166.861263    0.72673166 
167.183477    0.71309242 
167.528573    0.70035324 
167.891708    0.69140295 
168.264065    0.68724658 
168.637024    0.68805374 
169.002737    0.69517495 
169.354650    0.70888334 
169.688401    0.72756186 
170.001501    0.74772883 
170.294661    0.76143637 
170.574430    0.76061072 
170.854010    0.74617345 
171.149787    0.72572427 
171.473441    0.70516763 
171.824326    0.68874685 
172.190968    0.67931724 
172.559652    0.67736002 
172.918617    0.68412739 
173.258393    0.69975281 
173.572895    0.72150884 
173.858820    0.74436978 
174.117343    0.75632144 
174.358010    0.74831982 
174.599832    0.72764369 
174.866999    0.70427704 
175.176347    0.68142452 
175.520747    0.66393065 
175.876900    0.65597330 
176.227411    0.65696726 
176.563411    0.66642843 
176.880476    0.68236915 
177.176945    0.70174622 
177.452508    0.72096093 
177.709434    0.73223762 
177.956007    0.72945730 
178.208169    0.71588311 
178.486140    0.69819195 
178.802519    0.68062830 
179.149152    0.66795271 
179.506904    0.66294455 
179.862705    0.66498537 
180.209902    0.67343882 
180.544997    0.68675097 
180.866689    0.70258543 
181.174544    0.71945494 
181.469182    0.73408526 
181.754131    0.74094222 
182.037726    0.73690543 
182.332512    0.72474490 
182.649969    0.70958195 
182.993151    0.69594686 
183.355151    0.68696734 
183.725252    0.68362122 
184.094050    0.68585296 
184.453828    0.69450336 
184.798813    0.70913647 
185.125482    0.72764684 
185.432311    0.74644300 
185.721079    0.75805435 
185.999274    0.75571727 
186.280560    0.74124383 
186.580796    0.72173363 
186.909650    0.70272815 
187.263891    0.68835938 
187.631167    0.68093852 
187.998767    0.68060726 
188.356339    0.68850956 
188.695935    0.70416995 
189.012780    0.72462286 
189.304742    0.74537484 
189.573778    0.75651963 
189.829194    0.75043932 
190.088391    0.73219393 
190.372070    0.71045263 
190.692426    0.68978579 
191.042240    0.67480093 
191.403272    0.66822153 
191.761147    0.66959089 
192.106953    0.67903204 
192.435233    0.69494853 
192.743277    0.71451020 
193.030031    0.73398030 
193.297498    0.74524010 
193.553975    0.74176641 
193.815189    0.72684162 
194.100319    0.70778992 
194.420859    0.68937709 
194.770099    0.67605940 
195.131234    0.67032533 
195.491173    0.67179940 
195.841777    0.68026719 
196.177988    0.69445132 
196.497257    0.71203763 
196.798335    0.73051122 
197.082117    0.74432584 
197.354131    0.74665386 
197.626225    0.73661960 
197.914563    0.71988227 
198.231835    0.70205284 
198.577825    0.68761305 
198.940609    0.67957831 
199.306946    0.67833480 
199.667033    0.68370878 
200.013838    0.69584987 
200.343004    0.71291877 
200.652212    0.73205047 
200.941609    0.74796649 
201.215864    0.75282457 
201.486178    0.74389434 
201.768995    0.72669151 
202.079189    0.70761844 
202.419877    0.69131383 
202.780399    0.68130839 
203.146490    0.67839489 
203.507389    0.68243010 
203.855360    0.69403138 
204.185483    0.71106698 
204.495319    0.73043234 
204.784879    0.74717388 
205.058483    0.75319399 
205.327039    0.74510964 
205.607050    0.72826451 
205.914063    0.70923169 
206.252156    0.69264316 
206.611134    0.68216012 
206.976901    0.67874355 
207.338890    0.68232277 
207.689392    0.69331771 
208.023399    0.70974343 
208.338228    0.72906286 
208.633101    0.74696507 
208.911014    0.75545845 
209.181292    0.74962279 
209.459388    0.73355726 
209.761562    0.71424416 
210.094831    0.69660373 
210.451761    0.68455675 
210.818489    0.67967802 
211.183296    0.68190511 
211.537237    0.69162058 
211.874077    0.70765217 
212.190091    0.72758233 
212.483559    0.74692345 
212.756717    0.75702571 
213.018554    0.75152691 
213.285310    0.73446242 
213.575841    0.71358746 
213.900693    0.69389206 
214.253149    0.67986744 
214.616736    0.67390425 
214.977512    0.67570266 
215.326001    0.68527267 
215.656170    0.70146554 
215.964673    0.72131854 
216.250367    0.74013566 
216.516090    0.74956891 
216.771382    0.74386741 
217.033140    0.72745146 
217.320941    0.70763458 
217.645029    0.68907077 
217.996559    0.67633165 
218.357607    0.67152515 
218.715046    0.67395819 
219.061294    0.68348503 
219.392151    0.69865556 
219.705720    0.71652890 
220.001796    0.73380748 
220.282946    0.74468916 
220.556676    0.74387681 
220.836122    0.73267539 
221.136296    0.71677067 
221.465450    0.70122695 
221.818838    0.68991817 
222.184385    0.68462540 
222.551527    0.68529183 
222.912543    0.69238423 
223.261670    0.70539996 
223.595526    0.72203980 
223.912459    0.74000987 
224.212919    0.75457093 
224.501405    0.75907509 
224.787894    0.75116252 
225.086175    0.73530869 
225.407886    0.71750482 
225.755315    0.70226271 
226.120816    0.69253562 
226.493188    0.68925239 
226.862009    0.69298932 
227.218060    0.70467218 
227.554547    0.72299038 
227.867185    0.74473348 
228.154841    0.76275770 
228.422251    0.76657170 
228.682196    0.75354529 
228.953843    0.73193196 
229.255323    0.70898184 
229.591562    0.68915794 
229.950246    0.67680269 
230.313910    0.67323732 
230.669288    0.67822145 
231.007144    0.69184880 
231.321862    0.71154036 
231.610515    0.73309819 
231.873580    0.74823747 
232.117919    0.74725478 
232.359077    0.73165376 
232.619527    0.71073876 
232.919122    0.68937366 
233.257321    0.67192022 
233.612945    0.66311637 
233.967058    0.66306382 
234.310289    0.67072309 
234.638396    0.68482514 
234.949944    0.70228580 
235.244870    0.72024619 
235.524868    0.73417226 
235.795465    0.73827682 
236.067771    0.73133062 
236.356778    0.71780191 
236.674090    0.70294141 
237.018985    0.69105212 
237.380198    0.68469484 
237.746297    0.68404953 
238.109501    0.68900399 
238.464186    0.69955148 
238.806866    0.71384257 
239.135841    0.73004570 
239.450708    0.74580311 
239.753369    0.75627771 
240.049714    0.75668752 
240.349885    0.74704049 
240.665394    0.73193575 
241.003354    0.71641786 
241.362392    0.70419656 
241.734614    0.69723479 
242.110307    0.69616703 
242.479868    0.70226674 
242.834579    0.71635231 
243.168182    0.73637398 
243.477168    0.75788125 
243.762282    0.77183063 
244.031188    0.76906988 
244.299220    0.75167347 
244.585470    0.72875779 
244.903571    0.70624485 
245.251977    0.68855688 
245.616264    0.67903421 
245.980680    0.67810404 
246.332931    0.68645765 
246.663970    0.70357816 
246.968265    0.72583529 
247.243450    0.74691930 
247.492405    0.75498308 
247.726625    0.74390483 
247.966847    0.72267266 
248.238197    0.69968375 
248.554816    0.67779597 
248.903104    0.66271338 
249.257773    0.65766426 
249.603774    0.66155788 
249.934543    0.67341755 
250.247610    0.69041399 
250.542542    0.70928486 
250.820275    0.72622523 
251.084654    0.73491222 
251.345040    0.73156800 
251.616639    0.71936714 
251.915368    0.70391542 
252.246719    0.68994571 
252.600616    0.68130530 
252.962779    0.67904012 
253.323827    0.68261279 
253.677981    0.69181013 
254.021724    0.70503026 
254.353513    0.72013481 
254.672898    0.73565523 
254.980797    0.74850034 
255.280973    0.75396827 
255.581151    0.74966087 
255.891787    0.73798205 
256.221719    0.72365930 
256.573184    0.71085319 
256.941126    0.70220153 
257.316994    0.69868093 
257.691861    0.70093600 
258.057003    0.71060399 
258.405272    0.72718730 
258.732062    0.74763318 
259.035895    0.76615248 
259.320337    0.77345757 
259.595915    0.76458760 
259.878963    0.74512600 
260.185657    0.72294130 
260.522711    0.70301806 
260.882965    0.68934098 
261.252081    0.68364276 
261.616558    0.68644515 
261.965119    0.69906905 
262.289614    0.71938567 
262.585339    0.74276825 
262.851751    0.75974444 
263.095631    0.75827492 
263.333406    0.74008894 
263.588953    0.71668397 
263.884094    0.69319257 
264.219994    0.67350190 
264.574811    0.66297662 
264.927769    0.66214256 
265.268183    0.67005786 
265.590870    0.68526499 
265.893842    0.70415684 
266.176902    0.72326637 
266.442152    0.73643669 
266.696675    0.73715564 
266.954487    0.72629039 
267.234042    0.70998046 
267.548418    0.69330904 
267.893216    0.68089955 
268.252066    0.67549426 
268.612098    0.67684723 
268.966153    0.68451521 
269.309891    0.69733062 
269.641319    0.71264701 
269.959793    0.72872255 
270.265814    0.74297409 
270.562400    0.75083840 
270.856609    0.74891424 
271.159149    0.73859740 
271.480459    0.72451029 
271.824767    0.71118892 
272.187869    0.70177717 
272.560973    0.69761022 
272.934947    0.69894018 
273.301386    0.70676135 
273.653342    0.72128050 
273.986223    0.74010162 
274.298056    0.75881460 
274.590883    0.76997504 
274.872631    0.76695701 
275.157203    0.75161615 
275.460337    0.73129943 
275.791484    0.71178789 
276.147596    0.69718123 
276.516654    0.68973210 
276.885722    0.68979967 
277.243683    0.69883849 
277.581749    0.71631487 
277.894429    0.73832691 
278.179771    0.75833553 
278.441527    0.76509988 
278.691957    0.75368065 
278.951209    0.73244977 
279.240631    0.70952860 
279.568646    0.68904225 
279.922447    0.67579978 
280.282384    0.67161272 
280.635272    0.67591174 
280.973204    0.68856925 
281.291770    0.70674483 
281.589058    0.72686861 
281.865468    0.74347968 
282.125911    0.74841061 
282.382397    0.73933881 
282.653125    0.72236081 
282.955178    0.70367557 
283.291427    0.68791153 
283.648046    0.67894331 
284.009508    0.67747630 
284.366176    0.68308433 
284.711901    0.69523377 
285.043303    0.71124800 
285.358983    0.72872469 
285.659001    0.74448132 
285.946379    0.75300423 
286.229008    0.75026852 
286.519493    0.73818763 
286.830880    0.72220583 
287.168883    0.70726472 
287.528182    0.69694936 
287.897940    0.69272890 
288.267935    0.69470634 
288.629685    0.70320906 
288.976862    0.71785265 
289.305534    0.73633219 
289.614068    0.75446840 
289.904619    0.76530490 
290.185033    0.76273612 
290.469024    0.74840139 
290.772158    0.72919206 
291.103537    0.71084514 
291.459577    0.69744844 
291.828133    0.69105116 
292.196817    0.69171343 
292.555547    0.70042231 
292.896642    0.71682814 
293.215385    0.73731710 
293.510186    0.75639369 
293.784292    0.76510587 
294.048142    0.75786485 
294.319045    0.73985083 
294.615422    0.71892660 
294.945462    0.70003764 
295.300446    0.68733927 
295.664429    0.68251497 
296.025024    0.68535146 
296.373691    0.69637521 
296.704816    0.71360643 
297.015436    0.73347809 
297.305047    0.75108620 
297.577416    0.75843786 
297.842988    0.75138542 
298.118351    0.73477953 
298.420221    0.71552488 
298.754394    0.69849230 
299.111232    0.68755162 
299.476208    0.68398696 
299.838429    0.68774241 
300.189952    0.69896366 
300.525538    0.71547262 
300.842442    0.73442762 
301.139959    0.75170651 
301.421151    0.76024550 
301.695054    0.75536447 
301.976430    0.74025115 
302.280839    0.72152770 
302.615195    0.70439122 
302.972723    0.69280265 
303.340253    0.68840064 
303.706238    0.69121466 
304.061697    0.70139200 
304.400439    0.71771663 
304.718872    0.73736174 
305.015844    0.75535786 
305.294578    0.76379047 
305.564800    0.75765286 
305.842377    0.74097300 
306.144024    0.72102822 
306.477118    0.70308960 
306.834077    0.69120067 
307.200416    0.68690289 
307.563949    0.68988066 
307.915877    0.70048080 
308.250411    0.71738612 
308.564360    0.73707159 
308.857253    0.75419557 
309.133203    0.76097935 
309.402896    0.75360376 
309.682737    0.73698512 
309.988635    0.71798879 
310.325575    0.70150785 
310.684097    0.69113702 
311.050161    0.68786099 
311.413100    0.69154808 
311.765264    0.70275576 
312.101575    0.71954218 
312.419349    0.73850352 
312.718296    0.75508451 
313.002171    0.76240075 
313.280616    0.75665873 
313.568268    0.74158960 
313.879221    0.72360038 
314.218335    0.70760796 
314.578340    0.69702269 
314.947336    0.69305997 
315.315070    0.69607308 
315.672984    0.70673471 
316.014751    0.72338506 
316.336654    0.74303967 
316.637482    0.76093009 
316.920374    0.76919038 
317.194906    0.76292183 
317.476501    0.74604864 
317.781122    0.72576472 
318.115818    0.70732008 
318.473849    0.69469603 
318.841809    0.68964973 
319.207534    0.69243081 
319.561149    0.70354812 
319.895573    0.72155590 
320.206552    0.74295070 
320.492908    0.76119102 
320.759024    0.76654886 
321.017099    0.75548921 
321.286083    0.73523362 
321.584738    0.71325783 
321.918754    0.69432068 
322.275731    0.68279815 
322.638297    0.67994072 
322.994095    0.68523519 
323.335180    0.69838541 
323.657102    0.71684508 
323.957814    0.73675175 
324.238105    0.75194213 
324.503911    0.75482410 
324.768102    0.74429983 
325.048569    0.72679484 
325.360008    0.70843539 
325.702492    0.69390568 
326.062420    0.68631744 
326.425848    0.68580479 
326.783838    0.69208434 
327.130645    0.70488948 
327.463062    0.72162347 
327.779735    0.73922931 
328.081367    0.75363575 
328.372283    0.75939456 
328.661684    0.75411083 
328.962183    0.74105877 
329.284517    0.72564077 
329.631076    0.71224393 
329.995331    0.70357371 
330.367722    0.70054573 
330.739471    0.70376748 
331.102549    0.71409463 
331.450719    0.73019904 
331.780162    0.74928049 
332.089622    0.76670552 
332.382070    0.77517139 
332.666389    0.76976382 
332.956655    0.75356301 
333.267302    0.73348978 
333.605192    0.71492470 
333.965498    0.70170992 
334.336588    0.69572900 
334.706401    0.69767460 
335.063945    0.70879461 
335.400532    0.72800656 
335.710607    0.75118568 
335.992560    0.77010678 
336.251593    0.77308432 
336.501881    0.75793700 
336.764750    0.73464071 
337.060654    0.71058722 
337.394495    0.69006332 
337.750817    0.67790020 
338.110158    0.67535051 
338.459593    0.68187788 
338.791237    0.69682052 
339.100937    0.71681457 
339.387065    0.73726569 
339.651413    0.75049833 
339.901933    0.74898809 
340.154419    0.73482673 
340.429611    0.71572193 
340.742163    0.69678675 
341.086709    0.68290943 
341.444504    0.67708597 
341.801412    0.67884978 
342.150218    0.68770268 
342.487178    0.70225133 
342.810740    0.71934518 
343.120683    0.73616799 
343.418599    0.74888833 
343.709508    0.75300173 
344.002738    0.74734665 
344.309862    0.73536319 
344.639238    0.72189842 
344.990843    0.71081334 
345.357634    0.70423499 
345.731037    0.70283201 
346.103274    0.70718548 
346.467227    0.71777320 
346.817603    0.73319157 
347.151300    0.75100718 
347.467537    0.76713379 
347.769233    0.77545234 
348.064271    0.77153009 
348.364822    0.75731569 
348.683241    0.73886128 
349.025671    0.72146746 
349.388750    0.70876849 
349.762851    0.70257334 
350.136849    0.70382249 
350.499643    0.71436332 
350.841793    0.73361294 
351.157056    0.75725295 
351.443544    0.77668659 
351.706533    0.77968256 
351.960413    0.76395445 
352.226390    0.73990024 
352.524303    0.71521007 
352.859005    0.69412834 
353.216199    0.68132054 
353.576960    0.67814473 
353.927740    0.68445458 
354.259492    0.69998093 
354.566939    0.72110928 
354.847796    0.74247352 
355.103959    0.75473145 
355.344544    0.74989362 
355.587486    0.73253594 
355.856214    0.71143975 
356.166857    0.69079623 
356.511215    0.67580976 
356.866583    0.66993743 
357.217906    0.67255219 
357.558505    0.68295095 
357.885486    0.69897549 
358.197990    0.71706380 
358.496427    0.73408587 
358.783293    0.74554135 
359.065091    0.74719678 
359.352879    0.73937091 
359.659119    0.72649359 
359.990786    0.71344394 
360.344564    0.70384520 
360.711152    0.69930138 
361.081826    0.70011053 
361.449496    0.70664624 
361.808294    0.71846575 
362.154487    0.73364782 
362.486166    0.75018455 
362.803332    0.76455919 
363.109204    0.77162806 
363.411203    0.76794143 
363.720127    0.75523251 
364.046337    0.73874887 
364.394394    0.72336488 
364.760873    0.71234036 
365.137228    0.70718783 
365.513417    0.70885973 
365.879051    0.71940444 
366.225164    0.73825628 
366.545933    0.76099960 
366.839944    0.77953742 
367.112606    0.78284531 
367.377642    0.76847306 
367.654530    0.74548090 
367.960567    0.72165281 
368.299667    0.70153730 
368.659921    0.68919564 
369.024718    0.68584058 
369.380714    0.69190148 
369.717849    0.70771925 
370.029646    0.72966463 
370.313049    0.75172540 
370.569960    0.76326649 
370.810374    0.75604670 
371.053486    0.73632878 
371.323544    0.71363974 
371.636194    0.69191388 
371.981875    0.67635292 
372.337390    0.67032723 
372.687565    0.67320113 
373.025309    0.68438858 
373.347320    0.70146078 
373.652442    0.72060280 
373.941129    0.73796087 
374.216699    0.74771067 
374.487631    0.74578816 
374.767689    0.73446317 
375.071249    0.71931266 
375.404128    0.70533142 
375.759106    0.69614714 
376.124164    0.69297518 
376.490175    0.69585339 
376.850453    0.70496760 
377.200179    0.71877804 
377.536806    0.73479289 
377.859387    0.75088138 
378.169008    0.76319204 
378.470278    0.76699903 
378.771921    0.76057086 
379.084970    0.74702357 
379.418038    0.73150012 
379.772515    0.71830283 
380.142578    0.71005034 
380.519175    0.70772844 
380.892789    0.71210999 
381.254287    0.72462149 
381.596599    0.74372039 
381.915676    0.76466326 
382.211851    0.77970964 
382.491824    0.78026299 
382.769275    0.76588557 
383.061598    0.74449677 
383.381887    0.72298233 
383.730466    0.70585702 
384.095903    0.69615663 
384.464159    0.69451687 
384.823322    0.70197981 
385.163825    0.71884716 
385.479346    0.74119813 
385.767174    0.76236101 
386.030258    0.77135630 
386.280026    0.76180025 
386.536239    0.74109112 
386.820988    0.71810477 
387.144716    0.69727123 
387.495952    0.68341510 
387.854871    0.67863532 
388.208179    0.68244006 
388.548226    0.69477577 
388.870663    0.71300701 
389.173500    0.73307910 
389.457093    0.74982124 
389.726054    0.75594289 
389.991512    0.74873811 
390.270055    0.73319351 
390.576892    0.71555762 
390.914842    0.70065707 
391.272591    0.69191197 
391.636708    0.69004825 
391.998114    0.69513189 
392.350307    0.70706280 
392.689165    0.72322007 
393.012741    0.74077533 
393.320905    0.75640472 
393.616658    0.76483237 
393.907699    0.76231478 
394.205853    0.75048361 
394.522976    0.73454966 
394.864353    0.71952651 
395.225754    0.70894140 
395.597762    0.70441165 
395.970606    0.70643084 
396.335328    0.71560413 
396.684820    0.73154408 
397.014509    0.75136176 
397.322780    0.76954424 
397.612815    0.77824413 
397.894128    0.77236823 
398.181673    0.75549755 
398.490627    0.73510720 
398.827809    0.71675473 
399.187442    0.70423241 
399.557021    0.69908717 
399.924522    0.70155871 
400.279880    0.71289923 
400.615585    0.73183101 
400.927150    0.75371152 
401.213995    0.77084411 
401.481924    0.77353405 
401.744783    0.76031398 
402.022041    0.73946754 
402.330246    0.71802836 
402.670991    0.70062023 
403.030574    0.69075367 
403.393581    0.68895900 
403.749424    0.69538558 
404.090799    0.71005497 
404.413217    0.72966346 
404.714635    0.74968798 
404.996409    0.76318894 
405.265726    0.76312391 
405.536677    0.75038924 
405.826792    0.73198068 
406.147758    0.71375582 
406.496331    0.70009835 
406.859076    0.69337920 
407.223887    0.69380637 
407.582239    0.70191270 
407.927781    0.71685106 
408.256733    0.73531070 
408.567481    0.75376970 
408.861350    0.76652485 
409.144683    0.76766351 
409.429474    0.75702656 
409.730352    0.74010200 
410.057330    0.72266600 
410.409117    0.70906491 
410.775712    0.70174717 
411.146039    0.70141301 
411.510544    0.70859469 
411.861462    0.72299275 
412.193748    0.74218297 
412.504847    0.76185714 
412.796071    0.77461793 
413.074825    0.77356045 
413.354892    0.75954188 
413.652726    0.73970964 
413.979044    0.72032304 
414.331451    0.70584408 
414.697957    0.69868189 
415.065930    0.69911138 
415.425136    0.70763442 
415.767905    0.72394155 
416.089454    0.74467725 
416.387965    0.76401883 
416.666512    0.77319700 
416.935288    0.76675082 
417.211033    0.74933412 
417.511231    0.72882209 
417.843340    0.71055574 
418.199216    0.69849622 
418.564210    0.69402509 
418.926685    0.69702829 
419.278398    0.70815668 
419.613817    0.72574760 
419.929851    0.74581945 
420.226139    0.76279020 
420.506989    0.76917722 
420.783142    0.76185730 
421.070304    0.74570804 
421.382612    0.72740920 
421.723401    0.71183137 
422.083690    0.70211901 
422.451290    0.69910708 
422.816614    0.70322880 
423.171986    0.71515878 
423.511916    0.73266029 
423.833324    0.75212559 
424.135809    0.76842223 
424.423501    0.77456106 
424.706540    0.76747077 
424.999506    0.75137929 
425.315548    0.73273418 
425.658382    0.71646228 
426.020645    0.70585147 
426.390925    0.70217303 
426.758817    0.70613879 
427.115197    0.71840412 
427.453340    0.73712270 
427.769214    0.75839747 
428.062260    0.77510970 
428.337905    0.77836710 
428.608962    0.76627084 
428.893224    0.74592604 
429.205754    0.72449483 
429.548625    0.70691397 
429.910360    0.69669891 
430.276548    0.69472242 
430.635732    0.70122525 
430.979327    0.71616098 
431.301930    0.73662921 
431.600917    0.75748792 
431.877914    0.77015091 
432.141469    0.76714081 
432.407664    0.75115979 
432.695802    0.73051093 
433.017598    0.71098127 
433.367418    0.69714161 
433.729398    0.69123521 
434.090444    0.69298032 
434.442169    0.70250027 
434.779378    0.71860457 
435.099334    0.73783394 
435.401414    0.75559895 
435.688591    0.76537390 
435.969390    0.76265213 
436.257482    0.74994927 
436.566763    0.73346300 
436.903056    0.71838491 
437.260535    0.70811589 
437.628326    0.70380548 
437.997144    0.70571627 
438.359535    0.71476829 
438.709672    0.73000428 
439.043947    0.74830915 
439.360957    0.76575249 
439.662688    0.77646428 
439.956130    0.77554306 
440.252987    0.76383647 
440.566038    0.74682540 
440.902710    0.72992159 
441.260907    0.71692938 
441.631956    0.70987897 
442.005826    0.70975570 
442.372633    0.71797979 
442.723566    0.73451475 
443.052476    0.75616995 
443.356507    0.77676211 
443.638285    0.78641333 
443.908120    0.77883989 
444.183127    0.75912095 
444.481448    0.73594845 
444.811860    0.71486732 
445.167436    0.70022965 
445.533074    0.69418135 
445.895141    0.69707540 
446.242930    0.70960571 
446.568976    0.72977462 
446.868980    0.75265706 
447.142676    0.76943267 
447.396807    0.76974431 
447.646983    0.75404290 
447.915121    0.73203773 
448.219509    0.70994628 
448.559325    0.69249688 
448.916075    0.68369790 
449.272783    0.68362954 
449.619963    0.69184588 
449.952542    0.70723663 
450.268233    0.72637964 
450.566520    0.74507403 
450.849746    0.75723432 
451.125341    0.75751483 
451.406381    0.74706546 
451.707646    0.73171069 
452.037001    0.71688234 
452.389675    0.70644589 
452.754325    0.70183530 
453.121462    0.70307373 
453.484281    0.71073916 
453.837617    0.72424072 
454.178313    0.74082828 
454.504961    0.75759604 
454.818388    0.77044381 
455.123050    0.77475153 
455.427464    0.76894113 
455.742291    0.75599030 
456.075902    0.74079829 
456.429986    0.72746706 
456.799551    0.71855873 
457.176484    0.71537717 
457.551771    0.71924061 
457.916128    0.73153842 
458.262011    0.75079278 
458.584796    0.77243107 
458.884204    0.78845974 
459.166504    0.78989888 
459.445087    0.77575599 
459.737207    0.75382175 
460.056293    0.73130040 
460.403598    0.71294059 
460.768556    0.70205415 
461.137203    0.69974821 
461.496928    0.70721114 
461.837176    0.72481075 
462.150715    0.74864028 
462.434221    0.77087148 
462.690902    0.77869100 
462.933449    0.76617461 
463.183445    0.74310443 
463.464794    0.71856661 
463.787941    0.69643777 
464.138500    0.68210769 
464.494349    0.67773916 
464.841839    0.68261612 
465.173911    0.69618556 
465.487255    0.71536017 
465.780687    0.73577806 
466.055579    0.75120311 
466.318219    0.75448350 
466.581733    0.74506324 
466.863824    0.72905570 
467.177715    0.71230856 
467.521081    0.69957399 
467.879706    0.69346296 
468.241325    0.69385128 
468.598907    0.70078672 
468.947969    0.71378752 
469.286010    0.72996072 
469.612033    0.74644932 
469.926634    0.76019922 
470.233153    0.76721880 
470.538558    0.76522996 
470.852279    0.75578896 
471.182630    0.74294306 
471.532568    0.73069492 
471.898759    0.72178513 
472.274459    0.71769465 
472.651915    0.71943369 
473.022910    0.72818849 
473.380202    0.74376720 
473.718892    0.76326859 
474.037187    0.78126130 
474.337986    0.79038178 
474.630002    0.78545309 
474.926727    0.76909173 
475.241795    0.74844199 
475.581998    0.72922292 
475.943682    0.71525366 
476.316336    0.70849314 
476.687912    0.71010670 
477.046521    0.72223293 
477.382243    0.74368129 
477.688734    0.76866729 
477.965046    0.78608052 
478.218882    0.78351931 
478.467771    0.76341393 
478.735214    0.73796067 
479.039943    0.71322210 
479.380634    0.69362215 
479.737951    0.68345914 
480.093541    0.68308344 
480.436130    0.69242419 
480.759007    0.71015432 
481.058674    0.73190182 
481.334408    0.75138323 
481.590257    0.75927433 
481.837892    0.75128180 
482.096667    0.73387089 
482.387053    0.71410433 
482.715451    0.69669682 
483.067187    0.68634065 
483.424092    0.68402563 
483.776334    0.68915965 
484.119091    0.70148775 
484.449992    0.71828383 
484.768177    0.73602752 
485.074225    0.75134162 
485.371344    0.75991662 
485.666730    0.75903251 
485.970768    0.75024236 
486.293064    0.73784320 
486.637071    0.72602793 
486.998668    0.71758577 
487.370353    0.71380329 
487.744667    0.71555156 
488.114383    0.72351505 
488.473382    0.73704649 
488.817697    0.75414743 
489.145486    0.77131233 
489.458120    0.78308679 
489.761402    0.78433820 
490.065452    0.77421635 
490.382083    0.75737961 
490.719517    0.73966782 
491.078037    0.72534161 
491.450771    0.71682077 
491.827697    0.71519009 
492.197909    0.72238257 
492.550966    0.73951109 
492.879208    0.76286938 
493.179257    0.78453719 
493.454589    0.79250981 
493.717597    0.78100647 
493.987836    0.75824928 
494.284847    0.73358394 
494.616295    0.71192044 
494.972271    0.69759318 
495.335663    0.69240612 
495.692529    0.69660375 
496.032664    0.71092508 
496.349339    0.73239976 
496.639072    0.75508238 
496.902992    0.76904053 
497.149920    0.76511784 
497.397754    0.74730538 
497.669660    0.72535285 
497.981393    0.70420983 
498.325772    0.68884425 
498.681741    0.68239190 
499.034549    0.68436963 
499.377051    0.69458860 
499.705657    0.71128151 
500.018785    0.73052276 
500.316481    0.74814429 
500.601668    0.75854793 
500.882173    0.75771549 
501.170593    0.74748884 
501.479811    0.73319223 
501.815243    0.71973749 
502.171380    0.71044884 
502.538123    0.70652809 
502.907037    0.70845938 
503.271254    0.71696317 
503.625329    0.73078619 
503.966083    0.74732700 
504.292176    0.76389854 
504.604756    0.77594737 
504.908931    0.77877988 
505.213874    0.77119001 
505.530570    0.75669054 
505.867031    0.74057596 
506.224016    0.72713521 
506.595557    0.71893939 
506.972666    0.71712026 
507.345558    0.72284177 
507.704805    0.73732904 
508.043295    0.75821783 
508.357379    0.77938568 
508.648830    0.79144575 
508.926765    0.78692402 
509.207011    0.76893758 
509.506989    0.74634587 
509.836523    0.72532290 
510.191435    0.71007330 
510.558498    0.70279401 
510.924292    0.70392858 
511.277656    0.71491247 
511.610121    0.73469546 
511.916466    0.75810666 
512.195771    0.77608313 
512.454352    0.77752049 
512.707626    0.76200928 
512.977383    0.73963751 
513.281925    0.71724325 
513.621321    0.69943743 
513.978297    0.69001041 
514.336166    0.68917843 
514.685147    0.69684633 
515.019490    0.71246478 
515.336050    0.73239528 
515.633735    0.75183445 
515.914759    0.76396709 
516.187005    0.76309103 
516.464566    0.75108450 
516.763331    0.73439958 
517.091597    0.71850776 
517.443813    0.70733572 
517.807571    0.70239942 
518.172872    0.70388887 
518.532561    0.71260619 
518.881221    0.72741083 
519.215688    0.74501578 
519.534760    0.76216440 
519.839927    0.77395910 
520.137029    0.77565396 
520.436360    0.76693337 
520.749768    0.75204346 
521.085017    0.73619665 
521.441399    0.72344145 
521.811571    0.71611037 
522.186284    0.71533290 
522.556213    0.72207805 
522.912952    0.73660148 
523.250572    0.75657059 
523.566092    0.77662333 
523.861310    0.78840241 
524.144661    0.78528142 
524.430648    0.76930925 
524.735228    0.74827150 
525.067442    0.72845470 
525.423727    0.71409245 
525.792256    0.70726535 
526.160583    0.70840255 
526.517994    0.71869526 
526.856274    0.73747359 
527.170294    0.76017499 
527.458921    0.77847565 
527.727762    0.78186793 
527.990900    0.76852581 
528.268240    0.74723083 
528.576561    0.72547515 
528.917210    0.70804942 
529.276206    0.69836183 
529.638211    0.69675730 
529.992913    0.70334134 
530.333528    0.71817516 
530.655993    0.73809690 
530.958511    0.75809015 
531.242892    0.77077217 
531.516973    0.76976077 
531.795070    0.75687120 
532.093551    0.73911867 
532.421386    0.72224440 
532.773585    0.71022441 
533.137691    0.70464551 
533.503211    0.70565977 
533.862549    0.71423406 
534.209903    0.72959126 
534.541675    0.74825703 
534.856436    0.76614595 
535.156044    0.77736153 
535.447444    0.77698307 
535.742469    0.76590515 
536.054067    0.74949937 
536.389629    0.73310396 
536.746692    0.72054732 
537.116346    0.71384984 
537.488824    0.71404431 
537.854854    0.72228799 
538.206496    0.73814556 
538.538457    0.75864299 
538.848401    0.77814477 
539.138949    0.78801361 
539.419593    0.78262856 
539.705653    0.76551246 
540.012863    0.74443331 
540.348483    0.72525487 
540.706770    0.71202549 
541.075176    0.70652811 
541.441636    0.70923372 
541.796021    0.72101975 
542.130989    0.74039956 
542.442223    0.76267608 
542.729432    0.77940306 
542.999122    0.78092758 
543.265902    0.76685659 
543.549196    0.74584630 
543.863746    0.72491163 
544.208518    0.70881493 
544.569312    0.70047586 
544.931908    0.69997069 
545.286633    0.70750732 
545.627115    0.72280477 
545.949678    0.74265481 
546.252901    0.76197620 
546.539171    0.77327992 
546.816966    0.77094342 
547.100712    0.75752748 
547.405700    0.73998376 
547.738907    0.72388797 
548.094354    0.71287671 
548.460238    0.70812919 
548.826771    0.70980458 
549.186579    0.71894361 
549.534091    0.73466735 
549.865855    0.75351605 
550.180661    0.77097379 
550.480948    0.78082444 
550.774403    0.77875011 
551.073195    0.76658709 
551.389638    0.74998476 
551.729653    0.73406127 
552.089692    0.72225868 
552.460834    0.71626975 
552.833637    0.71718614 
553.198946    0.72644825 
553.548935    0.74338731 
553.878405    0.76450680 
554.185420    0.78344375 
554.473526    0.79119653 
554.753385    0.78325461 
555.041076    0.76462287 
555.351842    0.74308558 
555.691106    0.72411661 
556.051468    0.71149365 
556.420028    0.70677567 
556.784835    0.71070469 
557.135747    0.72419236 
557.465483    0.74504151 
557.769892    0.76779171 
558.049483    0.78267350 
558.312443    0.78030059 
558.575401    0.76309622 
558.859028    0.74070154 
559.176934    0.71935953 
559.524474    0.70378837 
559.885025    0.69665417 
560.244330    0.69779670 
560.593237    0.70740244 
560.926188    0.72425574 
561.240291    0.74464743 
561.535027    0.76294912 
561.814220    0.77128444 
562.088225    0.76567322 
562.372848    0.75063834 
562.682732    0.73311657 
563.021417    0.71826658 
563.379561    0.70925137 
563.744871    0.70658997 
564.108490    0.71038543 
564.464114    0.72129475 
564.807530    0.73756351 
565.136426    0.75576049 
565.450576    0.77144879 
565.753339    0.77906558 
566.052798    0.77573853 
566.360315    0.76396584 
566.685979    0.74891768 
567.033206    0.73506165 
567.397633    0.72518591 
567.771250    0.72062039 
568.145655    0.72259976 
568.512368    0.73260298 
568.864194    0.74969557 
569.196448    0.77020152 
569.507815    0.78774657 
569.802359    0.79423537 
570.090579    0.78609386 
570.387322    0.76803259 
570.705817    0.74727722 
571.050221    0.72908461 
571.413913    0.71689353 
571.785378    0.71224375 
572.153015    0.71638199 
572.506084    0.73070136 
572.836396    0.75286090 
573.139216    0.77650537 
573.415396    0.79023795 
573.674481    0.78456632 
573.934815    0.76431385 
574.218163    0.74005323 
574.537588    0.71748445 
574.886419    0.70132871 
575.246546    0.69427252 
575.603138    0.69620858 
575.946594    0.70741456 
576.271112    0.72606329 
576.573687    0.74772613 
576.854314    0.76527267 
577.118560    0.76965671 
577.379759    0.75913743 
577.656979    0.74099628 
577.965992    0.72199363 
578.306583    0.70706399 
578.664053    0.69932860 
579.024364    0.69873282 
579.379343    0.70521331 
579.724179    0.71853125 
580.056347    0.73589521 
580.374861    0.75371602 
580.680816    0.76736530 
580.979061    0.77195049 
581.278846    0.76645213 
581.591330    0.75455124 
581.924252    0.74116473 
582.277578    0.73000204 
582.645025    0.72298455 
583.018871    0.72099897 
583.391740    0.72528983 
583.756555    0.73659306 
584.107922    0.75318337 
584.442690    0.77166300 
584.760643    0.78663609 
585.066034    0.79208104 
585.368028    0.78545583 
585.678700    0.77011845 
586.008217    0.75201235 
586.359570    0.73595215 
586.727760    0.72496716 
587.103586    0.72060766 
587.476593    0.72456191 
587.836087    0.73868253 
588.173432    0.76083514 
588.483603    0.78442982 
588.767537    0.79804769 
589.034856    0.79240954 
589.303347    0.77202966 
589.593273    0.74735121 
589.916444    0.72441919 
590.267509    0.70773916 
590.630516    0.69993362 
590.990714    0.70136498 
591.336998    0.71296346 
591.661654    0.73309589 
591.960205    0.75653127 
592.232255    0.77398147 
592.484618    0.77454058 
592.733376    0.75883352 
593.001128    0.73702165 
593.306152    0.71530670 
593.646149    0.69849007 
594.001551    0.69030403 
594.356022    0.69054342 
594.701217    0.69892425 
595.033021    0.71440486 
595.349660    0.73351058 
595.650888    0.75190565 
595.939198    0.76365362 
596.221944    0.76402233 
596.511484    0.75444244 
596.820797    0.74043716 
597.155704    0.72713467 
597.511211    0.71786118 
597.877481    0.71366837 
598.246292    0.71491330 
598.611208    0.72262297 
598.967081    0.73605959 
599.310772    0.75246640 
599.640958    0.76884000 
599.958762    0.78075734 
600.269046    0.78397917 
600.580320    0.77755477 
600.902450    0.76453741 
601.242484    0.74965212 
601.601203    0.73683086 
601.973649    0.72851012 
602.352035    0.72610408 
602.727304    0.73126590 
603.090183    0.74533906 
603.433441    0.76600803 
603.753281    0.78717071 
604.051301    0.79958297 
604.336268    0.79591829 
604.623203    0.77871513 
604.928317    0.75644797 
605.260712    0.73545107 
605.617064    0.71986654 
605.985698    0.71191994 
606.353790    0.71256553 
606.709581    0.72374038 
607.043525    0.74455551 
607.349472    0.76939743 
607.626262    0.78748376 
607.881131    0.78645848 
608.131214    0.76782275 
608.399862    0.74339224 
608.705536    0.71961953 
609.046244    0.70109616 
609.402667    0.69169615 
609.757548    0.69150699 
610.100895    0.70047645 
610.427086    0.71751456 
610.733253    0.73861357 
611.018843    0.75786246 
611.287599    0.76685086 
611.550187    0.76117740 
611.823794    0.74584249 
612.125338    0.72791319 
612.459227    0.71255360 
612.813946    0.70342193 
613.175121    0.70104203 
613.533853    0.70529299 
613.884748    0.71659128 
614.224565    0.73270756 
614.551800    0.75014845 
614.866654    0.76527894 
615.172204    0.77353789 
615.475557    0.77225884 
615.786703    0.76312101 
616.114577    0.75036891 
616.462410    0.73809889 
616.826690    0.72905032 
617.200563    0.72469117 
617.576572    0.72625868 
617.946998    0.73483111 
618.305215    0.74985081 
618.646881    0.76855006 
618.970472    0.78573466 
619.278829    0.79477918 
619.580029    0.79135045 
619.886098    0.77731064 
620.208780    0.75882995 
620.553693    0.74144793 
620.917746    0.72872175 
621.292169    0.72240111 
621.666450    0.72380800 
622.029666    0.73525657 
622.372422    0.75594800 
622.688644    0.78017964 
622.977607    0.79728220 
623.246940    0.79605890 
623.513116    0.77795765 
623.796820    0.75369846 
624.112722    0.73027622 
624.458904    0.71225892 
624.820325    0.70273649 
625.181644    0.70215674 
625.531479    0.71139808 
625.861741    0.72986924 
626.167467    0.75300107 
626.447228    0.77267206 
626.705925    0.77773574 
626.957376    0.76539720 
627.222752    0.74469460 
627.521722    0.72309264 
627.856824    0.70533704 
628.211421    0.69551514 
628.568337    0.69394984 
628.918078    0.70035948 
629.255580    0.71448837 
629.578304    0.73320023 
629.885354    0.75219405 
630.178331    0.76579307 
630.463391    0.76851256 
630.751997    0.76042677 
631.057511    0.74668415 
631.387889    0.73265755 
631.740449    0.72207519 
632.105895    0.71648516 
632.475452    0.71634644 
632.842146    0.72277553 
633.200145    0.73551305 
633.545707    0.75191672 
633.877068    0.76898067 
634.194889    0.78209064 
634.503736    0.78638675 
634.812251    0.78041488 
635.130921    0.76719734 
635.467695    0.75176374 
635.823968    0.73834014 
636.194803    0.72952142 
636.572183    0.72669977 
636.946951    0.73134513 
637.309826    0.74483537 
637.653553    0.76518373 
637.974163    0.78652598 
638.272906    0.79963380 
638.558197    0.79687645 
638.844881    0.78034209 
639.149271    0.75845055 
639.480790    0.73770888 
639.836370    0.72229750 
640.204446    0.71437733 
640.572385    0.71474472 
640.928838    0.72523492 
641.264677    0.74526032 
641.574001    0.76952491 
641.855587    0.78787460 
642.116177    0.78839076 
642.372042    0.77140483 
642.645385    0.74789167 
642.953634    0.72488473 
643.295323    0.70707416 
643.652969    0.69792416 
644.010319    0.69747257 
644.357507    0.70581947 
644.688700    0.72230593 
645.000741    0.74315102 
645.292774    0.76249078 
645.568191    0.77203450 
645.837145    0.76706759 
646.116014    0.75213329 
646.420828    0.73443895 
646.756163    0.71922093 
647.112099    0.70988123 
647.475375    0.70697490 
647.837051    0.71057631 
648.191165    0.72142175 
648.533780    0.73755929 
648.862843    0.75544339 
649.178220    0.77107248 
649.482995    0.77927923 
649.784710    0.77714451 
650.094092    0.76670129 
650.420780    0.75266845 
650.768228    0.73939094 
651.132539    0.72971778 
651.506236    0.72514832 
651.881260    0.72702169 
652.249356    0.73654295 
652.603583    0.75288226 
652.939473    0.77275348 
653.255772    0.78999014 
653.556367    0.79698889 
653.851126    0.79017279 
654.153817    0.77345125 
654.476608    0.75378478 
654.823441    0.73652350 
655.188566    0.72495813 
655.561467    0.72048682 
655.931081    0.72433457 
656.286975    0.73813525 
656.621166    0.75981972 
656.929160    0.78285927 
657.212194    0.79603354 
657.480052    0.79055670 
657.750586    0.77104479 
658.043695    0.74761442 
658.369836    0.72633710 
658.722174    0.71157102 
659.084874    0.70523218 
659.444550    0.70728336 
659.791785    0.71852704 
660.120420    0.73750687 
660.426980    0.75948314 
660.711453    0.77640348 
660.980105    0.77897537 
661.247166    0.76660689 
661.531673    0.74741432 
661.847555    0.72825354 
662.192602    0.71383246 
662.552491    0.70658723 
662.914290    0.70633531 
663.269944    0.71348753 
663.614217    0.72794059 
663.944007    0.74658394 
664.258030    0.76502097 
664.557967    0.77724639 
664.850416    0.77813622 
665.146905    0.76853301 
665.459956    0.75383180 
665.796319    0.73924385 
666.153144    0.72819306 
666.521894    0.72218136 
666.893938    0.72208318 
667.261430    0.72938341 
667.617525    0.74377962 
667.957667    0.76241437 
668.279779    0.78082053 
668.585640    0.79210462 
668.882585    0.79096148 
669.182764    0.77851296 
669.498993    0.76067171 
669.838268    0.74319794 
670.198055    0.73001447 
670.569509    0.72313554 
670.942390    0.72367934 
671.306572    0.73321982 
671.653508    0.75136553 
671.977599    0.77389867 
672.277368    0.79245096 
672.558182    0.79663033 
672.833471    0.78408987 
673.121525    0.76289523 
673.437070    0.74102752 
673.781510    0.72349223 
674.143476    0.71337286 
674.509129    0.71124172 
674.867394    0.71773790 
675.209956    0.73324328 
675.531522    0.75459114 
675.829789    0.77533785 
676.107611    0.78545791 
676.375667    0.77887983 
676.651660    0.76102970 
676.953442    0.74045311 
677.287145    0.72273096 
677.642833    0.71164712 
678.005789    0.70799680 
678.365436    0.71159758 
678.714827    0.72307811 
679.049679    0.74070479 
679.367694    0.76043547 
679.669150    0.77619962 
679.959036    0.78105827 
680.248247    0.77343590 
680.550859    0.75855060 
680.877121    0.74259997 
681.226946    0.72984980 
681.591795    0.72230562 
681.961992    0.72043898 
682.329533    0.72540852 
682.687525    0.73796790 
683.031052    0.75573468 
683.357464    0.77468435 
683.667261    0.78868008 
683.965985    0.79149607 
684.264473    0.78234741 
684.575686    0.76620891 
684.908608    0.74894492 
685.263245    0.73478931 
685.632162    0.72610964 
686.005733    0.72412738 
686.374283    0.73048527 
686.728873    0.74581742 
687.063051    0.76721117 
687.373669    0.78816981 
687.663172    0.79861202 
687.941747    0.79222073 
688.225944    0.77367190 
688.532366    0.75166156 
688.867968    0.73208584 
689.225814    0.71884397 
689.592558    0.71345442 
689.956085    0.71644455 
690.306552    0.72889327 
690.637048    0.74895017 
690.943690    0.77133440 
691.226978    0.78656479 
691.494841    0.78529074 
691.763452    0.76937205 
692.052553    0.74811780 
692.374296    0.72809271 
692.723535    0.71388799 
693.084839    0.70755021 
693.445294    0.70876041 
693.796573    0.71789479 
694.133594    0.73404314 
694.453682    0.75374012 
694.756390    0.77149359 
695.045413    0.77981297 
695.330515    0.77495126 
695.626036    0.76102872 
695.944435    0.74476078 
696.288229    0.73112354 
696.649554    0.72271807 
697.018017    0.71993330 
697.385407    0.72327944 
697.745167    0.73383669 
698.092563    0.75008436 
698.424852    0.76851234 
698.741732    0.78400689 
699.047012    0.79046456 
699.349487    0.78544160 
699.660883    0.77224120 
699.990837    0.75636256 
700.341796    0.74220572 
700.708721    0.73238033 
701.083310    0.72821678 
701.456713    0.73131707 
701.819959    0.74329029 
702.165745    0.76260285 
702.489598    0.78429521 
702.791509    0.79969054 
703.078339    0.80022486 
703.363881    0.78604908 
703.664631    0.76499158 
703.991654    0.74404912 
704.343775    0.72776584 
704.710256    0.71868237 
705.078635    0.71770105 
705.437679    0.72635253 
705.778166    0.74458950 
706.093989    0.76813275 
706.383074    0.78818056 
706.650475    0.79267070 
706.910527    0.77886482 
707.184195    0.75647941 
707.489655    0.73367944 
707.828634    0.71539314 
708.186062    0.70529542 
708.545627    0.70368462 
708.896721    0.71049973 
709.232869    0.72543116 
709.550678    0.74534346 
709.849008    0.76499034 
710.130563    0.77625786 
710.404488    0.77329561 
710.686234    0.75939198 
710.991632    0.74197310 
711.326407    0.72671638 
711.682279    0.71715301 
712.046514    0.71388398 
712.409886    0.71669839 
712.766271    0.72632055 
713.111752    0.74152588 
713.444242    0.75914954 
713.763448    0.77500911 
714.072220    0.78367271 
714.377804    0.78201449 
714.690556    0.77206129 
715.019711    0.75862200 
715.368585    0.74595809 
715.733609    0.73663473 
716.107810    0.73188080 
716.483644    0.73303689 
716.853256    0.74183460 
717.209730    0.75781332 
717.548440    0.77757475 
717.867946    0.79494465 
718.171867    0.80230891 
718.469732    0.79599837 
718.774883    0.77971880 
719.099118    0.76024843 
719.446488    0.74283555 
719.811851    0.73071457 
720.185289    0.72547413 
720.555881    0.72879828 
720.912727    0.74272015 
721.247049    0.76520223 
721.553690    0.78925939 
721.833710    0.80247447 
722.097445    0.79546813 
722.363829    0.77411270 
722.653939    0.74930052 
722.978716    0.72687021 
723.330362    0.71132676 
723.691650    0.70480157 
724.048363    0.70731789 
724.390648    0.71951578 
724.712295    0.73940134 
725.010017    0.76178509 
725.284435    0.77752477 
725.543228    0.77706269 
725.802734    0.76199524 
726.084026    0.74158558 
726.400857    0.72210022 
726.747167    0.70838840 
727.105271    0.70267210 
727.461997    0.70425414 
727.810382    0.71316500 
728.146908    0.72835230 
728.470080    0.74660351 
728.779868    0.76368619 
729.079044    0.77391585 
729.374936    0.77341909 
729.678757    0.76411576 
730.000939    0.75128387 
730.345015    0.73952823 
730.706292    0.73140177 
731.076830    0.72762834 
731.449479    0.72896621 
731.817803    0.73680808 
732.176425    0.75052350 
732.521937    0.76749719 
732.852987    0.78385537 
733.171419    0.79414115 
733.483349    0.79441324 
733.798314    0.78502837 
734.126135    0.77019371 
734.472466    0.75481354 
734.836283    0.74242737 
735.211459    0.73507229 
735.589507    0.73434811 
735.960594    0.74267225 
736.315248    0.76056034 
736.646709    0.78370602 
736.952806    0.80317970 
737.238662    0.80792276 
737.517587    0.79505893 
737.807601    0.77281669 
738.123444    0.74956138 
738.467661    0.73032362 
738.830269    0.71840892 
739.197364    0.71495445 
739.556430    0.72129325 
739.897016    0.73833338 
740.211868    0.76230365 
740.497690    0.78456884 
740.758192    0.79168770 
741.007059    0.77851254 
741.266522    0.75543218 
741.558837    0.73148526 
741.889743    0.71125712 
742.242831    0.69942106 
742.598611    0.69675542 
742.945696    0.70266933 
743.278191    0.71680199 
743.593422    0.73621557 
743.890546    0.75615052 
744.171753    0.76932846 
744.444873    0.76935793 
744.724142    0.75794741 
745.025435    0.74200324 
745.356090    0.72735470 
745.709293    0.71779180 
746.072461    0.71413889 
746.436355    0.71607049 
746.795143    0.72441316 
747.144931    0.73837475 
747.483606    0.75490433 
747.810600    0.77070712 
748.127633    0.78145582 
748.440002    0.78355381 
748.756169    0.77725003 
749.084824    0.76594589 
749.430878    0.75365530 
749.793365    0.74339515 
750.167131    0.73697179 
750.545389    0.73586545 
750.920383    0.74182403 
751.284427    0.75549038 
751.631840    0.77449525 
751.959942    0.79330583 
752.270728    0.80436352 
752.571997    0.80221282 
752.876119    0.78823408 
753.195725    0.76897862 
753.537587    0.75045436 
753.899371    0.73645740 
754.272375    0.72891681 
754.645788    0.72929265 
755.008223    0.74021875 
755.349652    0.76124142 
755.663445    0.78634383 
755.948705    0.80360868 
756.213690    0.80092535 
756.476191    0.78104966 
756.758220    0.75584093 
757.074517    0.73208245 
757.421212    0.71438599 
757.781400    0.70567378 
758.139480    0.70607663 
758.484651    0.71623316 
758.809885    0.73506272 
759.111172    0.75786161 
759.388028    0.77604460 
759.646541    0.77889658 
759.901718    0.76548906 
760.174957    0.74514367 
760.483335    0.72480204 
760.824668    0.70941824 
761.181159    0.70209295 
761.537805    0.70233225 
761.886819    0.70997898 
762.224311    0.72449585 
762.548545    0.74279146 
762.859168    0.76066010 
763.158345    0.77250283 
763.452654    0.77376210 
763.753066    0.76550909 
764.070812    0.75290379 
764.410909    0.74079717 
764.769556    0.73207128 
765.138688    0.72763195 
765.510899    0.72816573 
765.879712    0.73516131 
766.239572    0.74819323 
766.586945    0.76470625 
766.920285    0.78128739 
767.240911    0.79268689 
767.554280    0.79462454 
767.869410    0.78678292 
768.196085    0.77283058 
768.540568    0.75770248 
768.902709    0.74517467 
769.277024    0.73743078 
769.655436    0.73594122 
770.028488    0.74285198 
770.386855    0.75913667 
770.723719    0.78124849 
771.036427    0.80124295 
771.328965    0.80859942 
771.613118    0.79882399 
771.905691    0.77839920 
772.221374    0.75590496 
772.564333    0.73673993 
772.926684    0.72424748 
773.295602    0.71965821 
773.658852    0.72422475 
774.005734    0.73953552 
774.328425    0.76272173 
774.622828    0.78594236 
774.891381    0.79609379 
775.146232    0.78573748 
775.408271    0.76342528 
775.699488    0.73931720 
776.028042    0.71850233 
776.380905    0.70552217 
776.739211    0.70156654 
777.090551    0.70612966 
777.427824    0.71931422 
777.747318    0.73870169 
778.047379    0.75944934 
778.329528    0.77379481 
778.601231    0.77429848 
778.876990    0.76223922 
779.173928    0.74512508 
779.501226    0.72913335 
779.852818    0.71836114 
780.215279    0.71393539 
780.578376    0.71544645 
780.935769    0.72370659 
781.283308    0.73807734 
781.618716    0.75535416 
781.941381    0.77178195 
782.253291    0.78244843 
782.560471    0.78349717 
782.872471    0.77574721 
783.198810    0.76339978 
783.544202    0.75077938 
783.906545    0.74081891 
784.279576    0.73507010 
784.656031    0.73491340 
785.028178    0.74201286 
785.388879    0.75634656 
785.733216    0.77522740 
786.059162    0.79319988 
786.369260    0.80292075 
786.671686    0.79975814 
786.978727    0.78574068 
787.302223    0.76724898 
787.647651    0.74996349 
788.011696    0.73740042 
788.385548    0.73120419 
788.758814    0.73273316 
789.120817    0.74427515 
789.462588    0.76492314 
789.778527    0.78869849 
790.068611    0.80434091 
790.341453    0.80137301 
790.614181    0.78264722 
790.906728    0.75879386 
791.230937    0.73665654 
791.582137    0.72071425 
791.945396    0.71317539 
792.306789    0.71415754 
792.655928    0.72460618 
792.985710    0.74356003 
793.291962    0.76627545 
793.574316    0.78375479 
793.839367    0.78542044 
794.102509    0.77110506 
794.384393    0.75029159 
794.699809    0.73010204 
795.045278    0.71537011 
795.404513    0.70852309 
795.763776    0.70904260 
796.115065    0.71709556 
796.453828    0.73221822 
