0.000000    0.00000000 
0.306794    0.01331218 
0.613871    0.02544898 
0.921963    0.03586657 
1.232252    0.04449278 
1.546239    0.05136458 
1.865639    0.05645603 
2.192279    0.05963510 
2.527994    0.06065904 
2.874484    0.05917177 
3.233047    0.05468637 
3.604336    0.04654540 
3.987562    0.03383553 
4.379479    0.01546664 
4.773213    -0.00842268 
5.159093    -0.03463634 
5.528253    -0.06038596 
5.875853    -0.08402327 
6.203265    -0.10335330 
6.518054    -0.11632059 
6.831422    -0.12153076 
7.154663    -0.11810523 
7.495804    -0.10560657 
7.856923    -0.08426821 
8.232775    -0.05491128 
8.610500    -0.01793118 
8.969441    0.02584750 
9.285476    0.07261871 
9.539678    0.11989551 
9.729705    0.16277294 
9.873593    0.19739954 
9.998133    0.22443959 
10.133234    0.24627001 
10.320544    0.26319971 
10.612727    0.24434709 
10.951502    0.15653644 
11.248326    0.06004602 
11.487214    -0.01562185 
11.672473    -0.07349058 
11.812519    -0.11847163 
11.917011    -0.15360603 
11.995448    -0.18102376 
12.056340    -0.20272119 
12.107357    -0.22072822 
12.156666    -0.23733470 
12.212530    -0.25368358 
12.320986    -0.27949836 
12.695059    -0.35657077 
13.033249    -0.17076335 
13.152436    0.00196434 
13.225511    0.07365965 
13.285883    0.11957694 
13.350458    0.15813077 
13.439342    0.19679739 
13.588429    0.23141731 
13.828537    0.21857553 
14.112521    0.14907893 
14.406418    0.09398163 
14.708025    0.06508995 
15.017306    0.05536672 
15.331764    0.05719687 
15.648584    0.06590878 
15.966208    0.07683767 
16.287152    0.08578252 
16.617138    0.08908214 
16.961943    0.08398235 
17.323319    0.06918042 
17.696313    0.04492743 
18.068994    0.01213941 
18.423522    -0.02653808 
18.745447    -0.06555987 
19.021436    -0.10473041 
19.256047    -0.13771457 
19.464185    -0.16235395 
19.663843    -0.17962292 
19.875523    -0.18850723 
20.119280    -0.18636762 
20.410348    -0.16973309 
20.746669    -0.13415528 
21.099556    -0.08119402 
21.434312    -0.02370999 
21.732940    0.02956527 
21.990035    0.07500028 
22.205756    0.11422912 
22.384063    0.14824114 
22.532081    0.17711931 
22.660473    0.20163195 
22.786507    0.22333153 
22.940485    0.24354029 
23.176630    0.25881628 
23.519340    0.21676132 
23.844520    0.11260763 
24.120265    0.03040190 
24.369510    -0.02371267 
24.607109    -0.06069258 
24.846708    -0.08584764 
25.094037    -0.10150249 
25.348455    -0.11149405 
25.610534    -0.11885364 
25.880184    -0.12411719 
26.158100    -0.12707098 
26.448999    -0.12668611 
26.755528    -0.12080440 
27.077653    -0.10900650 
27.417206    -0.09255666 
27.767016    -0.07229577 
28.124371    -0.05074970 
28.487776    -0.02769322 
28.850522    -0.00259580 
29.207874    0.02293569 
29.552348    0.04717603 
29.876583    0.07056378 
30.178877    0.09373791 
30.463081    0.11351757 
30.735639    0.12913833 
31.007103    0.14009561 
31.289994    0.14270236 
31.594936    0.13475953 
31.927353    0.11421666 
32.281860    0.08233425 
32.646017    0.04493034 
33.006163    0.00610094 
33.348013    -0.03180658 
33.660086    -0.06675887 
33.935731    -0.09950007 
34.176651    -0.12932139 
34.393372    -0.15439190 
34.602298    -0.17336995 
34.825467    -0.18425050 
35.086582    -0.18152726 
35.395576    -0.15752362 
35.733938    -0.11324850 
36.074165    -0.06196810 
36.403192    -0.01513182 
36.716788    0.02397904 
37.012987    0.05573233 
37.292200    0.08263987 
37.555558    0.10605675 
37.804073    0.12693576 
38.042351    0.14500156 
38.280806    0.15852189 
38.535840    0.16434796 
38.823339    0.15695514 
39.144698    0.13207875 
39.488080    0.09493416 
39.838749    0.05531828 
40.185893    0.01953237 
40.523753    -0.01199325 
40.849672    -0.03888138 
41.163192    -0.06251540 
41.463017    -0.08481394 
41.747114    -0.10598237 
42.014685    -0.12530524 
42.271959    -0.14142941 
42.533925    -0.15107916 
42.817534    -0.15015333 
43.133556    -0.13528854 
43.477382    -0.10627278 
43.833434    -0.06947060 
44.189025    -0.03155438 
44.536746    0.00506828 
44.870165    0.03840226 
45.183008    0.06879929 
45.471329    0.09689594 
45.734065    0.12215022 
45.975746    0.14374807 
46.210438    0.15983658 
46.459400    0.16706899 
46.742646    0.16014109 
47.065030    0.13500228 
47.411510    0.09581421 
47.763123    0.05235144 
48.108975    0.01159021 
48.442942    -0.02410993 
48.761330    -0.05399524 
49.062158    -0.07974468 
49.344078    -0.10281021 
49.608880    -0.12322157 
49.864071    -0.13955915 
50.122933    -0.14947729 
50.401194    -0.14968741 
50.709456    -0.13675493 
51.045612    -0.11066263 
51.397705    -0.07691254 
51.755055    -0.04234721 
52.111668    -0.00982049 
52.462101    0.01983323 
52.800170    0.04569116 
53.120313    0.06941415 
53.420343    0.09195032 
53.702237    0.11268309 
53.971657    0.13030922 
54.238741    0.14275720 
54.517268    0.14712267 
54.820204    0.14005791 
55.152210    0.11948322 
55.505584    0.08801394 
55.867081    0.05193847 
56.225396    0.01531543 
56.571361    -0.02035798 
56.897437    -0.05319743 
57.197590    -0.08406620 
57.467856    -0.11345730 
57.709883    -0.14016647 
57.934104    -0.16212219 
58.159367    -0.17690856 
58.409707    -0.18044630 
58.704748    -0.16550752 
59.040259    -0.12809761 
59.389322    -0.07820929 
59.730165    -0.02917176 
60.053685    0.01420269 
60.356879    0.05047576 
60.639028    0.08140558 
60.899623    0.10888303 
61.139641    0.13352477 
61.365378    0.15466247 
61.591185    0.17033527 
61.838484    0.17656558 
62.127180    0.16595045 
62.456258    0.13307273 
62.802435    0.08702857 
63.146996    0.04246807 
63.483565    0.00464518 
63.810906    -0.02595460 
64.129592    -0.05004794 
64.440190    -0.07015718 
64.742465    -0.08801602 
65.036195    -0.10417026 
65.323614    -0.11788378 
65.611526    -0.12716959 
65.910207    -0.12934485 
66.228566    -0.12204824 
66.568836    -0.10504019 
66.925964    -0.08099668 
67.291992    -0.05366143 
67.660042    -0.02525868 
68.024192    0.00364736 
68.378660    0.03129487 
68.718361    0.05696731 
69.038482    0.08171816 
69.336067    0.10540223 
69.613516    0.12633959 
69.880643    0.14206190 
70.153140    0.14974687 
70.447443    0.14610988 
70.772531    0.12849420 
71.123706    0.09795500 
71.486702    0.06002325 
71.847149    0.02018860 
72.193344    -0.01901610 
72.516161    -0.05510450 
72.808844    -0.08881599 
73.067270    -0.12065688 
73.293951    -0.14938383 
73.501561    -0.17303725 
73.712360    -0.18936792 
73.954882    -0.19352228 
74.250990    -0.17533617 
74.588717    -0.12976709 
74.932774    -0.07250698 
75.262968    -0.02013431 
75.573985    0.02356537 
75.865561    0.05872486 
76.138678    0.08813199 
76.393985    0.11376646 
76.633251    0.13633620 
76.863044    0.15522243 
77.097334    0.16833484 
77.356100    0.17128801 
77.655247    0.15694027 
77.989626    0.12255969 
78.338363    0.07880353 
78.686860    0.03781438 
79.029615    0.00289952 
79.364758    -0.02551546 
79.692049    -0.04786877 
80.011490    -0.06654585 
80.322677    -0.08337270 
80.625454    -0.09891647 
80.921582    -0.11245594 
81.216759    -0.12202564 
81.520040    -0.12515108 
81.840535    -0.11966314 
82.182646    -0.10467361 
82.543264    -0.08179857 
82.914370    -0.05426264 
83.287380    -0.02444573 
83.654388    0.00659046 
84.008308    0.03635122 
84.343394    0.06411206 
84.655036    0.09065347 
84.942093    0.11517999 
85.210199    0.13561910 
85.472816    0.14936298 
85.748250    0.15328622 
86.052355    0.14384747 
86.388975    0.11951233 
86.747173    0.08384818 
87.110429    0.04371559 
87.465218    0.00351859 
87.801495    -0.03423115 
88.112721    -0.06831800 
88.394442    -0.10009485 
88.645207    -0.12961890 
88.871011    -0.15538935 
89.087962    -0.17518120 
89.320688    -0.18557919 
89.595314    -0.17939223 
89.918688    -0.14818956 
90.265891    -0.09787795 
90.610442    -0.04608151 
90.941359    -0.00099309 
91.255361    0.03620375 
91.552234    0.06658440 
91.832268    0.09274061 
92.095682    0.11610785 
92.345335    0.13666012 
92.590035    0.15285164 
92.845349    0.16165955 
93.129337    0.15797384 
93.449855    0.13667783 
93.796027    0.10078119 
94.151167    0.06107018 
94.504849    0.02448831 
94.851687    -0.00786974 
95.188768    -0.03505220 
95.514894    -0.05795205 
95.829110    -0.07859693 
96.130578    -0.09787043 
96.420378    -0.11520613 
96.704346    -0.12859629 
96.993409    -0.13516589 
97.299975    -0.13189963 
97.631488    -0.11687212 
97.985446    -0.09159019 
98.352191    -0.06066657 
98.721455    -0.02797445 
99.084521    0.00492426 
99.434054    0.03575735 
99.764940    0.06386234 
100.073507    0.09029275 
100.358746    0.11470928 
100.625820    0.13522446 
100.887800    0.14912440 
101.163064    0.15300487 
101.467616    0.14296275 
101.804646    0.11760226 
102.162521    0.08152669 
102.525387    0.04216886 
102.881175    0.00368990 
103.221387    -0.03172270 
103.540914    -0.06305709 
103.836495    -0.09184162 
104.106783    -0.11852336 
104.356057    -0.14184356 
104.597385    -0.15936299 
104.851438    -0.16746903 
105.139188    -0.16050948 
105.466679    -0.13390063 
105.818246    -0.09283656 
106.174150    -0.04912600 
106.522813    -0.00892726 
106.858024    0.02626751 
107.176764    0.05593649 
107.477442    0.08213806 
107.758997    0.10626608 
108.023265    0.12800248 
108.278069    0.14556759 
108.538244    0.15601625 
108.822067    0.15482828 
109.140468    0.13732174 
109.487219    0.10476749 
109.846271    0.06588759 
110.204608    0.02795431 
110.554137    -0.00710343 
110.889858    -0.03770004 
111.209316    -0.06430299 
111.511059    -0.08868522 
111.794815    -0.11127438 
112.064061    -0.13095254 
112.328809    -0.14529119 
112.604895    -0.15075705 
112.907721    -0.14307222 
113.241939    -0.12001214 
113.597665    -0.08578113 
113.960174    -0.04815146 
114.318360    -0.01145544 
114.664649    0.02250353 
114.994392    0.05220557 
115.305160    0.07892387 
115.595810    0.10354035 
115.868240    0.12542768 
116.130666    0.14254649 
116.398303    0.15175332 
116.688782    0.14885573 
117.011847    0.13030605 
117.361376    0.09816975 
117.722438    0.06030474 
118.082665    0.02297012 
118.433844    -0.01181718 
118.770650    -0.04221506 
119.090337    -0.06888568 
119.391199    -0.09331941 
119.673392    -0.11558431 
119.942222    -0.13412916 
120.210021    -0.14623076 
120.493664    -0.14821136 
120.806524    -0.13620322 
121.148816    -0.10989136 
121.508757    -0.07514597 
121.873284    -0.03891837 
122.232794    -0.00396511 
122.580062    0.02815474 
122.910408    0.05648535 
123.220698    0.08258062 
123.509336    0.10707926 
123.778965    0.12889090 
124.039280    0.14569660 
124.306860    0.15420503 
124.599716    0.15006057 
124.926467    0.12982326 
125.279258    0.09607798 
125.642019    0.05694108 
126.001452    0.01820899 
126.348215    -0.01820751 
126.676123    -0.05043904 
126.981585    -0.07961453 
127.262731    -0.10680692 
127.521300    -0.13143615 
127.766054    -0.15160229 
128.014089    -0.16431104 
128.287077    -0.16477011 
128.599481    -0.14691748 
128.944342    -0.11067783 
129.300757    -0.06642230 
129.652757    -0.02369536 
129.991936    0.01464435 
130.314082    0.04710436 
130.617721    0.07508070 
130.902662    0.10016513 
131.170553    0.12254341 
131.427711    0.14099883 
131.687292    0.15290331 
131.966995    0.15405810 
132.279826    0.13958527 
132.622703    0.10926619 
132.980302    0.07113952 
133.339415    0.03356958 
133.692525    -0.00072880 
134.035084    -0.03039522 
134.364943    -0.05538347 
134.681186    -0.07747588 
134.983426    -0.09763053 
135.273515    -0.11532852 
135.558084    -0.12864839 
135.848749    -0.13475388 
136.158149    -0.13052791 
136.492780    -0.11434028 
136.849024    -0.08839201 
137.217258    -0.05765441 
137.587814    -0.02576267 
137.952311    0.00612568 
138.303696    0.03585154 
138.637019    0.06298265 
138.948842    0.08863415 
139.238367    0.11249444 
139.510506    0.13272610 
139.777737    0.14655845 
140.057748    0.15051739 
140.366032    0.14078067 
140.705926    0.11598459 
141.066452    0.08054213 
141.432073    0.04149480 
141.790084    0.00261410 
142.130648    -0.03381721 
142.447237    -0.06674168 
142.735893    -0.09742818 
142.995849    -0.12583709 
143.233140    -0.15043466 
143.463324    -0.16876792 
143.709970    -0.17700065 
143.996491    -0.16821509 
144.326874    -0.13640742 
144.678649    -0.08881272 
145.028502    -0.04014124 
145.365142    0.00322943 
145.683852    0.03966914 
145.983290    0.07011297 
146.263582    0.09673862 
146.526106    0.12037892 
146.775862    0.14051111 
147.024384    0.15517130 
147.289461    0.16061504 
147.587975    0.15112085 
147.921697    0.12336371 
148.274940    0.08409336 
148.631813    0.04433253 
148.984077    0.00872007 
149.327582    -0.02176754 
149.660504    -0.04667443 
149.982417    -0.06783898 
150.293236    -0.08678903 
150.593715    -0.10378892 
150.887496    -0.11770631 
151.182621    -0.12625552 
151.489968    -0.12662667 
151.818182    -0.11665885 
152.168511    -0.09672720 
152.534872    -0.07020788 
152.908488    -0.04086259 
153.280985    -0.01032804 
153.644478    0.01998238 
153.992639    0.04790827 
154.321111    0.07398059 
154.627487    0.09857413 
154.913472    0.12046030 
155.187579    0.13725763 
155.464972    0.14593361 
155.762623    0.14302017 
156.090480    0.12594583 
156.444731    0.09617201 
156.811780    0.05940276 
157.177498    0.02086133 
157.530132    -0.01711348 
157.860710    -0.05202993 
158.163572    -0.08437429 
158.435896    -0.11467804 
158.680457    -0.14181212 
158.909448    -0.16353453 
159.144539    -0.17673628 
159.411746    -0.17579588 
159.725945    -0.15284391 
160.072904    -0.10885429 
160.425508    -0.05836740 
160.767654    -0.01198167 
161.092481    0.02782014 
161.397479    0.06078461 
161.682282    0.08923062 
161.947590    0.11449623 
162.196894    0.13654213 
162.439835    0.15388556 
162.693359    0.16341182 
162.977187    0.15965446 
163.300008    0.13690001 
163.649056    0.09838854 
164.005338    0.05638668 
164.358137    0.01841122 
164.702561    -0.01427811 
165.036414    -0.04090882 
165.359207    -0.06305075 
165.670936    -0.08260203 
165.972195    -0.10021536 
166.265795    -0.11517109 
166.558638    -0.12547079 
166.861263    -0.12826561 
167.183477    -0.12091978 
167.528573    -0.10293291 
167.891708    -0.07720823 
168.264065    -0.04795457 
168.637024    -0.01746295 
169.002737    0.01309659 
169.354650    0.04135959 
169.688401    0.06735177 
170.001501    0.09175451 
170.294661    0.11377565 
170.574430    0.13133822 
170.854010    0.14158793 
171.149787    0.14119185 
171.473441    0.12736998 
171.824326    0.10070788 
172.190968    0.06607275 
172.559652    0.02881897 
172.918617    -0.00850180 
173.258393    -0.04327253 
173.572895    -0.07521184 
173.858820    -0.10511767 
174.117343    -0.13220539 
174.358010    -0.15432811 
174.599832    -0.16844062 
174.866999    -0.16972243 
175.176347    -0.15155784 
175.520747    -0.11339466 
175.876900    -0.06654040 
176.227411    -0.02162236 
176.563411    0.01827690 
176.880476    0.05193846 
177.176945    0.08110394 
177.452508    0.10728184 
177.709434    0.13051823 
177.956007    0.14937406 
178.208169    0.16096779 
178.486140    0.16040436 
178.802519    0.14177409 
179.149152    0.10597617 
179.506904    0.06403565 
179.862705    0.02476168 
180.209902    -0.00991124 
180.544997    -0.03885714 
180.866689    -0.06317904 
181.174544    -0.08480605 
181.469182    -0.10434881 
181.754131    -0.12094717 
182.037726    -0.13246887 
182.332512    -0.13575458 
182.649969    -0.12755072 
182.993151    -0.10706367 
183.355151    -0.07803880 
183.725252    -0.04592651 
184.094050    -0.01348427 
184.453828    0.01784279 
184.798813    0.04600564 
185.125482    0.07167393 
185.432311    0.09550650 
185.721079    0.11665786 
185.999274    0.13304108 
186.280560    0.14170307 
186.580796    0.13914020 
186.909650    0.12278827 
187.263891    0.09425362 
187.631167    0.05925066 
187.998767    0.02276101 
188.356339    -0.01300807 
188.695935    -0.04561357 
189.012780    -0.07531024 
189.304742    -0.10285208 
189.573778    -0.12744197 
189.829194    -0.14691059 
190.088391    -0.15803783 
190.372070    -0.15622449 
190.692426    -0.13684191 
191.042240    -0.10162009 
191.403272    -0.06001905 
191.761147    -0.01956855 
192.106953    0.01741541 
192.435233    0.04936276 
192.743277    0.07758417 
193.030031    0.10333607 
193.297498    0.12630098 
193.553975    0.14467248 
193.815189    0.15539263 
194.100319    0.15388074 
194.420859    0.13544744 
194.770099    0.10169104 
195.131234    0.06197715 
195.491173    0.02362130 
195.841777    -0.01149760 
196.177988    -0.04179619 
196.497257    -0.06816500 
196.798335    -0.09220220 
197.082117    -0.11396955 
197.354131    -0.13202653 
197.626225    -0.14375402 
197.914563    -0.14540106 
198.231835    -0.13302887 
198.577825    -0.10640929 
198.940609    -0.07155403 
199.306946    -0.03524682 
199.667033    -0.00010034 
200.013838    0.03186445 
200.343004    0.05998921 
200.652212    0.08569995 
200.941609    0.10914166 
201.215864    0.12897833 
201.486178    0.14273123 
201.768995    0.14688169 
202.079189    0.13738917 
202.419877    0.11290552 
202.780399    0.07838931 
203.146490    0.04114935 
203.507389    0.00484503 
203.855360    -0.02842855 
204.185483    -0.05759058 
204.495319    -0.08400142 
204.784879    -0.10800107 
205.058483    -0.12843697 
205.327039    -0.14290225 
205.607050    -0.14791465 
205.914063    -0.13934141 
206.252156    -0.11549448 
206.611134    -0.08120112 
206.976901    -0.04417620 
207.338890    -0.00834315 
207.689392    0.02459839 
208.023399    0.05338361 
208.338228    0.07938326 
208.633101    0.10328533 
208.911014    0.12415045 
209.181292    0.13972697 
209.459388    0.14675787 
209.761562    0.14121085 
210.094831    0.12063854 
210.451761    0.08843134 
210.818489    0.05197821 
211.183296    0.01582424 
211.537237    -0.01844887 
211.874077    -0.04893587 
212.190091    -0.07662531 
212.483559    -0.10237539 
212.756717    -0.12532580 
213.018554    -0.14332099 
213.285310    -0.15317734 
213.575841    -0.15048298 
213.900693    -0.13127929 
214.253149    -0.09762393 
214.616736    -0.05800169 
214.977512    -0.01878727 
215.326001    0.01785097 
215.656170    0.04996546 
215.964673    0.07871262 
216.250367    0.10507711 
216.516090    0.12836325 
216.771382    0.14659790 
217.033140    0.15660794 
217.320941    0.15360573 
217.645029    0.13302078 
217.996559    0.09729489 
218.357607    0.05630383 
218.715046    0.01703422 
219.061294    -0.01835481 
219.392151    -0.04833770 
219.705720    -0.07438994 
220.001796    -0.09776286 
220.282946    -0.11815149 
220.556676    -0.13387882 
220.836122    -0.14206754 
221.136296    -0.13894221 
221.465450    -0.12171819 
221.818838    -0.09263733 
222.184385    -0.05858630 
222.551527    -0.02472147 
222.912543    0.00741148 
223.261670    0.03593550 
223.595526    0.06094994 
223.912459    0.08380675 
224.212919    0.10453821 
224.501405    0.12170315 
224.787894    0.13283519 
225.086175    0.13482457 
225.407886    0.12483323 
225.755315    0.10276863 
226.120816    0.07267232 
226.493188    0.03951645 
226.862009    0.00555949 
227.218060    -0.02728588 
227.554547    -0.05732046 
227.867185    -0.08546034 
228.154841    -0.11157135 
228.422251    -0.13393655 
228.682196    -0.14986497 
228.953843    -0.15575054 
229.255323    -0.14701521 
229.591562    -0.12125827 
229.950246    -0.08342375 
230.313910    -0.04218015 
230.669288    -0.00203150 
231.007144    0.03466214 
231.321862    0.06717082 
231.610515    0.09696079 
231.873580    0.12403157 
232.117919    0.14693212 
232.359077    0.16313249 
232.619527    0.16839608 
232.919122    0.15601612 
233.257321    0.12259202 
233.612945    0.07733179 
233.967058    0.03268724 
234.310289    -0.00700515 
234.638396    -0.04015513 
234.949944    -0.06780455 
235.244870    -0.09198222 
235.524868    -0.11321846 
235.795465    -0.13056962 
236.067771    -0.14171546 
236.356778    -0.14305970 
236.674090    -0.13077205 
237.018985    -0.10479977 
237.380198    -0.07141471 
237.746297    -0.03750482 
238.109501    -0.00551133 
238.464186    0.02326603 
238.806866    0.04784143 
239.135841    0.06958384 
239.450708    0.08942240 
239.753369    0.10682128 
240.049714    0.12001296 
240.349885    0.12647863 
240.665394    0.12351238 
241.003354    0.10962494 
241.362392    0.08633182 
241.734614    0.05749805 
242.110307    0.02619622 
242.479868    -0.00629545 
242.834579    -0.03739496 
243.168182    -0.06628714 
243.477168    -0.09351533 
243.762282    -0.11810639 
244.031188    -0.13782757 
244.299220    -0.14968935 
244.585470    -0.14993527 
244.903571    -0.13490189 
245.251977    -0.10499434 
245.616264    -0.06659203 
245.980680    -0.02635464 
246.332931    0.01285600 
246.663970    0.04851445 
246.968265    0.08102573 
247.243450    0.11114331 
247.492405    0.13795420 
247.726625    0.15938865 
247.966847    0.17230743 
248.238197    0.17105195 
248.554816    0.14811842 
248.903104    0.10507341 
249.257773    0.05627424 
249.603774    0.01161209 
249.934543    -0.02660249 
250.247610    -0.05798234 
250.542542    -0.08483672 
250.820275    -0.10846185 
251.084654    -0.12865110 
251.345040    -0.14372079 
251.616639    -0.15047907 
251.915368    -0.14431523 
252.246719    -0.12207655 
252.600616    -0.08801506 
252.962779    -0.05135490 
253.323827    -0.01718231 
253.677981    0.01341882 
254.021724    0.03915446 
254.353513    0.06104225 
254.672898    0.08062050 
254.980797    0.09815383 
255.280973    0.11252490 
255.581151    0.12160551 
255.891787    0.12278628 
256.221719    0.11395055 
256.573184    0.09522867 
256.941126    0.06960097 
257.316994    0.04055068 
257.691861    0.00969229 
258.057003    -0.02129263 
258.405272    -0.05006790 
258.732062    -0.07697847 
259.035895    -0.10191108 
259.320337    -0.12328837 
259.595915    -0.13858250 
259.878963    -0.14462384 
260.185657    -0.13794131 
260.522711    -0.11685973 
260.882965    -0.08450087 
261.252081    -0.04701066 
261.616558    -0.00848377 
261.965119    0.02864506 
262.289614    0.06253580 
262.585339    0.09408566 
262.851751    0.12303543 
263.095631    0.14763454 
263.333406    0.16520222 
263.588953    0.17160342 
263.884094    0.16008734 
264.219994    0.12657252 
264.574811    0.07990940 
264.927769    0.03327115 
265.268183    -0.00845337 
265.590870    -0.04360893 
265.893842    -0.07338094 
266.176902    -0.09965052 
266.442152    -0.12277277 
266.696675    -0.14162862 
266.954487    -0.15361831 
267.234042    -0.15440405 
267.548418    -0.13877915 
267.893216    -0.10681146 
268.252066    -0.06771538 
268.612098    -0.03018360 
268.966153    0.00350067 
269.309891    0.03211287 
269.641319    0.05597264 
269.959793    0.07692901 
270.265814    0.09576275 
270.562400    0.11177572 
270.856609    0.12305645 
271.159149    0.12690575 
271.480459    0.12062794 
271.824767    0.10341160 
272.187869    0.07795105 
272.560973    0.04857059 
272.934947    0.01770692 
273.301386    -0.01335224 
273.653342    -0.04207844 
273.986223    -0.06847197 
274.298056    -0.09297595 
274.590883    -0.11451990 
274.872631    -0.13095103 
275.157203    -0.13938075 
275.460337    -0.13649126 
275.791484    -0.12003206 
276.147596    -0.09173096 
276.516654    -0.05697094 
276.885722    -0.02028638 
277.243683    0.01608019 
277.581749    0.04951992 
277.894429    0.08036548 
278.179771    0.10892801 
278.441527    0.13387094 
278.691957    0.15270061 
278.951209    0.16187320 
279.240631    0.15617773 
279.568646    0.13130096 
279.922447    0.09158367 
280.282384    0.04804057 
280.635272    0.00700004 
280.973204    -0.02944140 
281.291770    -0.06063396 
281.589058    -0.08838884 
281.865468    -0.11336371 
282.125911    -0.13464260 
282.382397    -0.14991428 
282.653125    -0.15543316 
282.955178    -0.14603705 
283.291427    -0.11914293 
283.648046    -0.08112449 
284.009508    -0.04193374 
284.366176    -0.00575326 
284.711901    0.02608560 
285.043303    0.05295904 
285.358983    0.07659537 
285.659001    0.09795423 
285.946379    0.11639117 
286.229008    0.12993939 
286.519493    0.13567572 
286.830880    0.13022140 
287.168883    0.11189709 
287.528182    0.08363719 
287.897940    0.05126281 
288.267935    0.01830972 
288.629685    -0.01383169 
288.976862    -0.04283188 
289.305534    -0.06906215 
289.614068    -0.09328406 
289.904619    -0.11460066 
290.185033    -0.13092495 
290.469024    -0.13935076 
290.772158    -0.13640119 
291.103537    -0.11966438 
291.459577    -0.09107144 
291.828133    -0.05649072 
292.196817    -0.02055233 
292.555547    0.01462972 
292.896642    0.04653821 
293.215385    0.07556683 
293.510186    0.10226685 
293.784292    0.12553820 
294.048142    0.14304731 
294.319045    0.15145171 
294.615422    0.14637145 
294.945462    0.12469708 
295.300446    0.08996117 
295.664429    0.05080172 
296.025024    0.01267960 
296.373691    -0.02239739 
296.704816    -0.05293991 
297.015436    -0.08030135 
297.305047    -0.10519841 
297.577416    -0.12669280 
297.842988    -0.14249612 
298.118351    -0.14919028 
298.420221    -0.14238982 
298.754394    -0.11958317 
299.111232    -0.08519671 
299.476208    -0.04769453 
299.838429    -0.01158300 
300.189952    0.02164294 
300.525538    0.05056014 
300.842442    0.07645532 
301.139959    0.10016397 
301.421151    0.12081738 
301.695054    0.13622118 
301.976430    0.14321819 
302.280839    0.13792494 
302.615195    0.11799503 
302.972723    0.08665271 
303.340253    0.05100377 
303.706238    0.01540091 
304.061697    -0.01848378 
304.400439    -0.04857051 
304.718872    -0.07575704 
305.015844    -0.10074575 
305.294578    -0.12247739 
305.564800    -0.13867591 
305.842377    -0.14612725 
306.144024    -0.14078173 
306.477118    -0.12005710 
306.834077    -0.08729978 
307.200416    -0.05009447 
307.563949    -0.01317292 
307.915877    0.02140783 
308.250411    0.05176244 
308.564360    0.07904640 
308.857253    0.10382686 
309.133203    0.12499887 
309.402896    0.14022770 
309.682737    0.14612962 
309.988635    0.13859957 
310.325575    0.11570850 
310.684097    0.08196314 
311.050161    0.04515422 
311.413100    0.00941990 
311.765264    -0.02341970 
312.101575    -0.05196208 
312.419349    -0.07751170 
312.718296    -0.10067948 
313.002171    -0.12044096 
313.280616    -0.13450271 
313.568268    -0.13968165 
313.879221    -0.13245858 
314.218335    -0.11148771 
314.578340    -0.08070003 
314.947336    -0.04656573 
315.315070    -0.01253030 
315.672984    0.01993249 
316.014751    0.04894953 
316.336654    0.07538702 
316.637482    0.09980126 
316.920374    0.12103501 
317.194906    0.13671644 
317.476501    0.14365013 
317.781122    0.13806070 
318.115818    0.11780125 
318.473849    0.08612932 
318.841809    0.04992105 
319.207534    0.01337895 
319.561149    -0.02166119 
319.895573    -0.05315519 
320.206552    -0.08205858 
320.492908    -0.10871274 
320.759024    -0.13170238 
321.017099    -0.14849141 
321.286083    -0.15549277 
321.584738    -0.14782232 
321.918754    -0.12245903 
322.275731    -0.08445600 
322.638297    -0.04340676 
322.994095    -0.00420967 
323.335180    0.03095713 
323.657102    0.06129461 
323.957814    0.08846161 
324.238105    0.11278870 
324.503911    0.13298714 
324.768102    0.14651148 
325.048569    0.14951733 
325.360008    0.13743739 
325.702492    0.10943673 
326.062420    0.07249645 
326.425848    0.03496406 
326.783838    -0.00001039 
327.130645    -0.03064384 
327.463062    -0.05662277 
327.779735    -0.07959586 
328.081367    -0.10004907 
328.372283    -0.11692428 
328.661684    -0.12798635 
328.962183    -0.13031067 
329.284517    -0.12122334 
329.631076    -0.10063855 
329.995331    -0.07251105 
330.367722    -0.04173805 
330.739471    -0.01048726 
331.102549    0.01986298 
331.450719    0.04732290 
331.780162    0.07252928 
332.089622    0.09584280 
332.382070    0.11600409 
332.666389    0.13067640 
332.956655    0.13688801 
333.267302    0.13146528 
333.605192    0.11289575 
333.965498    0.08386770 
334.336588    0.04976147 
334.706401    0.01405635 
335.063945    -0.02137257 
335.400532    -0.05411258 
335.710607    -0.08471939 
335.992560    -0.11308705 
336.251593    -0.13741234 
336.501881    -0.15495993 
336.764750    -0.16197743 
337.060654    -0.15308455 
337.394495    -0.12490632 
337.750817    -0.08347816 
338.110158    -0.03954582 
338.459593    0.00180884 
338.791237    0.03829053 
339.100937    0.06988295 
339.387065    0.09825328 
339.651413    0.12345264 
339.901933    0.14403208 
340.154419    0.15723647 
340.429611    0.15847452 
340.742163    0.14192679 
341.086709    0.10752278 
341.444504    0.06557100 
341.801412    0.02561734 
342.150218    -0.00972310 
342.487178    -0.03904322 
342.810740    -0.06343068 
343.120683    -0.08470364 
343.418599    -0.10323860 
343.709508    -0.11793644 
344.002738    -0.12653907 
344.309862    -0.12619823 
344.639238    -0.11474088 
344.990843    -0.09303972 
345.357634    -0.06544655 
345.731037    -0.03615402 
346.103274    -0.00657738 
346.467227    0.02182456 
346.817603    0.04729320 
347.151300    0.07055442 
347.467537    0.09192178 
347.769233    0.11020248 
348.064271    0.12325178 
348.364822    0.12840213 
348.683241    0.12303399 
349.025671    0.10616347 
349.388750    0.08001741 
349.762851    0.04866744 
350.136849    0.01479570 
350.499643    -0.01981105 
350.841793    -0.05242935 
351.157056    -0.08319571 
351.443544    -0.11173764 
351.706533    -0.13605309 
351.960413    -0.15329893 
352.226390    -0.15978791 
352.524303    -0.15058332 
352.859005    -0.12296588 
353.216199    -0.08262198 
353.576960    -0.03927250 
353.927740    0.00227335 
354.259492    0.03957463 
354.566939    0.07248027 
354.847796    0.10240177 
355.103959    0.12910237 
355.344544    0.15094592 
355.587486    0.16508277 
355.856214    0.16648010 
356.166857    0.14806443 
356.511215    0.10951994 
356.866583    0.06343298 
357.217906    0.02063069 
357.558505    -0.01626736 
357.885486    -0.04627458 
358.197990    -0.07125826 
358.496427    -0.09294887 
358.783293    -0.11153129 
359.065091    -0.12569687 
359.352879    -0.13289630 
359.659119    -0.12990148 
359.990786    -0.11456345 
360.344564    -0.08895011 
360.711152    -0.05884528 
361.081826    -0.02857782 
361.449496    0.00077241 
361.808294    0.02756232 
362.154487    0.05095423 
362.486166    0.07210348 
362.803332    0.09132444 
363.109204    0.10746537 
363.411203    0.11848501 
363.720127    0.12190148 
364.046337    0.11547521 
364.394394    0.09873949 
364.760873    0.07396826 
365.137228    0.04453670 
365.513417    0.01240357 
365.879051    -0.02065679 
366.225164    -0.05191261 
366.545933    -0.08137760 
366.839944    -0.10851285 
367.112606    -0.13127326 
367.377642    -0.14681475 
367.654530    -0.15161495 
367.960567    -0.14162821 
368.299667    -0.11546318 
368.659921    -0.07824659 
369.024718    -0.03764939 
369.380714    0.00238411 
369.717849    0.03925452 
370.029646    0.07245379 
370.313049    0.10303644 
370.569960    0.13038762 
370.810374    0.15255097 
371.053486    0.16648774 
371.323544    0.16700825 
371.636194    0.14711480 
371.981875    0.10728778 
372.337390    0.06051157 
372.687565    0.01706280 
373.025309    -0.02055429 
373.347320    -0.05148138 
373.652442    -0.07776976 
373.941129    -0.10085467 
374.216699    -0.12057683 
374.487631    -0.13524727 
374.767689    -0.14183197 
375.071249    -0.13640402 
375.404128    -0.11658931 
375.759106    -0.08594918 
376.124164    -0.05211388 
376.490175    -0.01959557 
376.850453    0.01056042 
377.200179    0.03672414 
377.536806    0.05933071 
377.859387    0.07970709 
378.169008    0.09786070 
378.470278    0.11237064 
378.771921    0.12098283 
379.084970    0.12112176 
379.418038    0.11087472 
379.772515    0.09079128 
380.142578    0.06415910 
380.519175    0.03427795 
380.892789    0.00255137 
381.254287    -0.02872807 
381.596599    -0.05769435 
381.915676    -0.08475954 
382.211851    -0.10912627 
382.491824    -0.12869703 
382.769275    -0.14065080 
383.061598    -0.14159678 
383.381887    -0.12847459 
383.730466    -0.10172301 
384.095903    -0.06667249 
384.464159    -0.02903963 
384.823322    0.00849780 
385.163825    0.04323519 
385.479346    0.07498196 
385.767174    0.10436830 
386.030258    0.13026938 
386.280026    0.15030127 
386.536239    0.16103477 
386.820988    0.15728345 
387.144716    0.13409751 
387.495952    0.09494805 
387.854871    0.05130418 
388.208179    0.01029405 
388.548226    -0.02597634 
388.870663    -0.05668258 
389.173500    -0.08368613 
389.457093    -0.10780737 
389.726054    -0.12822261 
389.991512    -0.14265250 
390.270055    -0.14751319 
390.576892    -0.13835255 
390.914842    -0.11343860 
391.272591    -0.07849632 
391.636708    -0.04205074 
391.998114    -0.00779874 
392.350307    0.02295945 
392.689165    0.04919171 
393.012741    0.07230300 
393.320905    0.09316672 
393.616658    0.11103809 
393.907699    0.12387791 
394.205853    0.12891683 
394.522976    0.12328230 
394.864353    0.10585244 
395.225754    0.07937919 
395.597762    0.04875986 
395.970606    0.01684203 
396.335328    -0.01496720 
396.684820    -0.04412477 
397.014509    -0.07081600 
397.322780    -0.09539968 
397.612815    -0.11653027 
397.894128    -0.13182840 
398.181673    -0.13826585 
398.490627    -0.13251956 
398.827809    -0.11301972 
399.187442    -0.08283635 
399.557021    -0.04786241 
399.924522    -0.01183706 
400.279880    0.02306008 
400.615585    0.05465614 
400.927150    0.08373644 
401.213995    0.11023987 
401.481924    0.13243350 
401.744783    0.14751031 
402.022041    0.15163392 
402.330246    0.14025184 
402.670991    0.11220808 
403.030574    0.07415691 
403.393581    0.03463887 
403.749424    -0.00280933 
404.090799    -0.03609996 
404.413217    -0.06515505 
404.714635    -0.09143354 
404.996409    -0.11481976 
405.265726    -0.13360818 
405.536677    -0.14487428 
405.826792    -0.14461371 
406.147758    -0.12902969 
406.496331    -0.09927079 
406.859076    -0.06296615 
407.223887    -0.02682384 
407.582239    0.00713534 
407.927781    0.03711474 
408.256733    0.06331481 
408.567481    0.08707818 
408.861350    0.10824306 
409.144683    0.12507412 
409.429474    0.13482464 
409.730352    0.13414377 
410.057330    0.12033119 
410.409117    0.09451164 
410.775712    0.06225416 
411.146039    0.02856639 
411.510544    -0.00484092 
411.861462    -0.03566953 
412.193748    -0.06334141 
412.504847    -0.08885726 
412.796071    -0.11159479 
413.074825    -0.12946126 
413.354892    -0.13954334 
413.652726    -0.13828723 
413.979044    -0.12282355 
414.331451    -0.09459226 
414.697957    -0.05979370 
415.065930    -0.02369990 
415.425136    0.01158468 
415.767905    0.04351254 
416.089454    0.07228479 
416.387965    0.09864977 
416.666512    0.12155882 
416.935288    0.13864252 
417.211033    0.14657196 
417.511231    0.14118587 
417.843340    0.11988245 
418.199216    0.08637798 
418.564210    0.04877418 
418.926685    0.01197117 
419.278398    -0.02203994 
419.613817    -0.05164194 
419.929851    -0.07809484 
420.226139    -0.10197152 
420.506989    -0.12211634 
420.783142    -0.13607195 
421.070304    -0.14045140 
421.382612    -0.13159977 
421.723401    -0.10856942 
422.083690    -0.07623315 
422.451290    -0.04148905 
422.816614    -0.00754535 
423.171986    0.02397852 
423.511916    0.05170282 
423.833324    0.07677835 
424.135809    0.09959474 
424.423501    0.11884057 
424.706540    0.13202748 
424.999506    0.13598685 
425.315548    0.12753813 
425.658382    0.10598115 
426.020645    0.07543243 
426.390925    0.04170012 
426.758817    0.00754622 
427.115197    -0.02523703 
427.453340    -0.05485754 
427.769214    -0.08222052 
428.062260    -0.10725607 
428.337905    -0.12816222 
428.608962    -0.14213638 
428.893224    -0.14558305 
429.205754    -0.13459636 
429.548625    -0.10844405 
429.910360    -0.07279136 
430.276548    -0.03482092 
430.635732    0.00237147 
430.979327    0.03638093 
431.301930    0.06662719 
431.600917    0.09429639 
431.877914    0.11889102 
432.141469    0.13836929 
432.407664    0.14961179 
432.695802    0.14828185 
433.017598    0.13025761 
433.367418    0.09732306 
433.729398    0.05827898 
434.090444    0.02006142 
434.442169    -0.01506077 
434.779378    -0.04518580 
435.099334    -0.07136263 
435.401414    -0.09475706 
435.688591    -0.11480698 
435.969390    -0.12949471 
436.257482    -0.13578635 
436.566763    -0.13025067 
436.903056    -0.11130787 
437.260535    -0.08235816 
437.628326    -0.04980200 
437.997144    -0.01745507 
438.359535    0.01335287 
438.709672    0.04066322 
439.043947    0.06494167 
439.360957    0.08709977 
439.662688    0.10646503 
439.956130    0.12103333 
440.252987    0.12811141 
440.566038    0.12488124 
440.902710    0.10984572 
441.260907    0.08493118 
441.631956    0.05467773 
442.005826    0.02238619 
442.372633    -0.01061382 
442.723566    -0.04172253 
443.052476    -0.07059420 
443.356507    -0.09756943 
443.638285    -0.12120955 
443.908120    -0.13890548 
444.183127    -0.14738119 
444.481448    -0.14268926 
444.811860    -0.12216604 
445.167436    -0.08884470 
445.533074    -0.05023302 
445.895141    -0.01126535 
446.242930    0.02575389 
446.568976    0.05893007 
446.868980    0.08934945 
447.142676    0.11700562 
447.396807    0.14018148 
447.646983    0.15605965 
447.915121    0.16038858 
448.219509    0.14728831 
448.559325    0.11489823 
448.916075    0.07212885 
449.272783    0.02966802 
449.619963    -0.00875381 
449.952542    -0.04127009 
450.268233    -0.06874993 
450.566520    -0.09290594 
450.849746    -0.11376763 
451.125341    -0.12977842 
451.406381    -0.13808144 
451.707646    -0.13496870 
452.037001    -0.11786788 
452.389675    -0.08930463 
452.754325    -0.05629670 
453.121462    -0.02388640 
453.484281    0.00652299 
453.837617    0.03317547 
454.178313    0.05610110 
454.504961    0.07662038 
454.818388    0.09483011 
455.123050    0.10936831 
455.427464    0.11802947 
455.742291    0.11838753 
456.075902    0.10872987 
456.429986    0.08961910 
456.799551    0.06411667 
457.176484    0.03533723 
457.551771    0.00451541 
457.916128    -0.02635937 
458.262011    -0.05518977 
458.584796    -0.08228291 
458.884204    -0.10687738 
459.166504    -0.12678569 
459.445087    -0.13915269 
459.737207    -0.14067948 
460.056293    -0.12837068 
460.403598    -0.10244660 
460.768556    -0.06789472 
461.137203    -0.03030138 
461.496928    0.00774346 
461.837176    0.04345073 
462.150715    0.07639810 
462.434221    0.10706820 
462.690902    0.13409340 
462.933449    0.15493854 
463.183445    0.16609908 
463.464794    0.16191911 
463.787941    0.13663500 
464.138500    0.09429139 
464.494349    0.04793524 
464.841839    0.00505972 
465.173911    -0.03208465 
465.487255    -0.06321491 
465.780687    -0.09039745 
466.055579    -0.11425592 
466.318219    -0.13376371 
466.581733    -0.14639743 
466.863824    -0.14809055 
467.177715    -0.13421194 
467.521081    -0.10475039 
467.879706    -0.06778625 
468.241325    -0.03160833 
468.598907    0.00117563 
468.947969    0.02916068 
469.286010    0.05232383 
469.612033    0.07237099 
469.926634    0.09002502 
470.233153    0.10452746 
470.538558    0.11398869 
470.852279    0.11609754 
471.182630    0.10898648 
471.532568    0.09264693 
471.898759    0.06963520 
472.274459    0.04318145 
472.651915    0.01475837 
473.022910    -0.01448633 
473.380202    -0.04192891 
473.718892    -0.06733719 
474.037187    -0.09075934 
474.337986    -0.11074824 
474.630002    -0.12499026 
474.926727    -0.13075190 
475.241795    -0.12536896 
475.581998    -0.10781856 
475.943682    -0.08044473 
476.316336    -0.04756794 
476.687912    -0.01210032 
477.046521    0.02382249 
477.382243    0.05759412 
477.688734    0.08946375 
477.965046    0.11866392 
478.218882    0.14284841 
478.467771    0.15893134 
478.735214    0.16266987 
479.039943    0.14839222 
479.380634    0.11471794 
479.737951    0.07060291 
480.093541    0.02625802 
480.436130    -0.01459614 
480.759007    -0.04992483 
481.058674    -0.08091241 
481.334408    -0.10873069 
481.590257    -0.13277405 
481.837892    -0.15100655 
482.096667    -0.15984302 
482.387053    -0.15355977 
482.715451    -0.12754884 
483.067187    -0.08733306 
483.424092    -0.04521737 
483.776334    -0.00730698 
484.119091    0.02488196 
484.449992    0.05100564 
484.768177    0.07308922 
485.074225    0.09230313 
485.371344    0.10827454 
485.666730    0.11925285 
485.970768    0.12267843 
486.293064    0.11613365 
486.637071    0.09915775 
486.998668    0.07470490 
487.370353    0.04716039 
487.744667    0.01881433 
488.114383    -0.00949829 
488.473382    -0.03550193 
488.817697    -0.05885465 
489.145486    -0.08028656 
489.458120    -0.09910474 
489.761402    -0.11347205 
490.065452    -0.12104927 
490.382083    -0.11939660 
490.719517    -0.10709160 
491.078037    -0.08523158 
491.450771    -0.05704104 
491.827697    -0.02528442 
492.197909    0.00855266 
492.550966    0.04145399 
492.879208    0.07244195 
493.179257    0.10136829 
493.454589    0.12637134 
493.717597    0.14460215 
493.987836    0.15260309 
494.284847    0.14612631 
494.616295    0.12257702 
494.972271    0.08606044 
495.335663    0.04501482 
495.692529    0.00445521 
496.032664    -0.03304991 
496.349339    -0.06642594 
496.639072    -0.09694009 
496.902992    -0.12428280 
497.149920    -0.14659752 
497.397754    -0.16085358 
497.669660    -0.16211979 
497.981393    -0.14399306 
498.325772    -0.10671793 
498.681741    -0.06206564 
499.034549    -0.02004258 
499.377051    0.01669720 
499.705657    0.04696731 
500.018785    0.07252092 
500.316481    0.09487916 
500.601668    0.11390214 
500.882173    0.12789979 
501.170593    0.13396802 
501.479811    0.12872835 
501.815243    0.11053247 
502.171380    0.08259434 
502.538123    0.05124434 
502.907037    0.02034212 
503.271254    -0.00908186 
503.625329    -0.03517182 
503.966083    -0.05794812 
504.292176    -0.07854029 
504.604756    -0.09674518 
504.908931    -0.11092861 
505.213874    -0.11878900 
505.530570    -0.11788962 
505.867031    -0.10666052 
506.224016    -0.08602406 
506.595557    -0.05925242 
506.972666    -0.02922938 
507.345558    0.00278646 
507.704805    0.03410344 
508.043295    0.06324695 
508.357379    0.09041948 
508.648830    0.11427884 
508.926765    0.13232289 
509.207011    0.14147792 
509.506989    0.13826623 
509.836523    0.12037177 
510.191435    0.09007184 
510.558498    0.05361841 
510.924292    0.01575115 
511.277656    -0.02114497 
511.610121    -0.05467948 
511.916466    -0.08555695 
512.195771    -0.11372935 
512.454352    -0.13738125 
512.707626    -0.15359745 
512.977383    -0.15818953 
513.281925    -0.14562682 
513.621321    -0.11427321 
513.978297    -0.07253615 
514.336166    -0.03063472 
514.685147    0.00770455 
515.019490    0.04055998 
515.336050    0.06867820 
515.633735    0.09367046 
515.914759    0.11542649 
516.187005    0.13223326 
516.464566    0.14105628 
516.763331    0.13793843 
517.091597    0.12001475 
517.443813    0.08995200 
517.807571    0.05536672 
518.172872    0.02161015 
518.532561    -0.00985355 
518.881221    -0.03730253 
519.215688    -0.06111518 
519.534760    -0.08253358 
519.839927    -0.10136616 
520.137029    -0.11591380 
520.436360    -0.12364555 
520.749768    -0.12185332 
521.085017    -0.10886334 
521.441399    -0.08604507 
521.811571    -0.05755908 
522.186284    -0.02679013 
522.556213    0.00500935 
522.912952    0.03526596 
523.250572    0.06298051 
523.566092    0.08866901 
523.861310    0.11120461 
524.144661    0.12819925 
524.430648    0.13668167 
524.735228    0.13336329 
525.067442    0.11621276 
525.423727    0.08747629 
525.792256    0.05290480 
526.160583    0.01672713 
526.517994    -0.01888607 
526.856274    -0.05134689 
527.170294    -0.08115339 
527.458921    -0.10833978 
527.727762    -0.13111874 
527.990900    -0.14657847 
528.268240    -0.15080096 
528.576561    -0.13919382 
528.917210    -0.11075184 
529.276206    -0.07243592 
529.638211    -0.03286420 
529.992913    0.00446280 
530.333528    0.03734126 
530.655993    0.06585168 
530.958511    0.09145031 
531.242892    0.11389309 
531.516973    0.13131427 
531.795070    0.14063882 
532.093551    0.13795746 
532.421386    0.12042261 
532.773585    0.09054593 
533.137691    0.05575475 
533.503211    0.02141594 
533.862549    -0.01083804 
534.209903    -0.03915773 
534.541675    -0.06399657 
534.856436    -0.08647884 
535.156044    -0.10614939 
535.447444    -0.12106129 
535.742469    -0.12843934 
536.054067    -0.12532838 
536.389629    -0.11008634 
536.746692    -0.08473026 
537.116346    -0.05420625 
537.488824    -0.02209976 
537.854854    0.01024736 
538.206496    0.04029864 
538.538457    0.06774314 
538.848401    0.09309936 
539.138949    0.11510155 
539.419593    0.13122035 
539.705653    0.13831499 
540.012863    0.13295813 
540.348483    0.11341614 
540.706770    0.08283280 
541.075176    0.04747460 
541.441636    0.01121563 
541.796021    -0.02378026 
542.130989    -0.05532678 
542.442223    -0.08423350 
542.729432    -0.11037329 
542.999122    -0.13183770 
543.265902    -0.14562522 
543.549196    -0.14774068 
543.863746    -0.13394302 
544.208518    -0.10436385 
544.569312    -0.06645767 
544.931908    -0.02791225 
545.286633    0.00840321 
545.627115    0.04023589 
545.949678    0.06793159 
546.252901    0.09277578 
546.539171    0.11428943 
546.816966    0.13041882 
547.100712    0.13801050 
547.405700    0.13335109 
547.738907    0.11439963 
548.094354    0.08448181 
548.460238    0.05060262 
548.826771    0.01715010 
549.186579    -0.01433402 
549.534091    -0.04194558 
549.865855    -0.06633528 
550.180661    -0.08840842 
550.480948    -0.10741850 
550.774403    -0.12124653 
551.073195    -0.12709192 
551.389638    -0.12219401 
551.729653    -0.10549302 
552.089692    -0.07957815 
552.460834    -0.04921125 
552.833637    -0.01733935 
553.198946    0.01468043 
553.548935    0.04433796 
553.878405    0.07166161 
554.185420    0.09687226 
554.473526    0.11839892 
554.753385    0.13355280 
555.041076    0.13909001 
555.351842    0.13163341 
555.691106    0.11000344 
556.051468    0.07809672 
556.420028    0.04216083 
556.784835    0.00554033 
557.135747    -0.02947064 
557.465483    -0.06117137 
557.769892    -0.09044821 
558.049483    -0.11677082 
558.312443    -0.13793583 
558.575401    -0.15073113 
558.859028    -0.15078565 
559.176934    -0.13361258 
559.524474    -0.10040675 
559.885025    -0.06012421 
560.244330    -0.02035840 
560.593237    0.01630058 
560.926188    0.04784909 
561.240291    0.07538454 
561.535027    0.09994173 
561.814220    0.12071471 
562.088225    0.13538359 
562.372848    0.14048602 
562.682732    0.13210904 
563.021417    0.10905128 
563.379561    0.07641498 
563.744871    0.04167660 
564.108490    0.00838085 
564.464114    -0.02184637 
564.807530    -0.04767231 
565.136426    -0.07032919 
565.450576    -0.09051828 
565.753339    -0.10730445 
566.052798    -0.11853547 
566.360315    -0.12157600 
566.685979    -0.11421597 
567.033206    -0.09635452 
567.397633    -0.07103757 
567.771250    -0.04227469 
568.145655    -0.01201027 
568.512368    0.01833444 
568.864194    0.04636312 
569.196448    0.07225747 
569.507815    0.09596974 
569.802359    0.11578968 
570.090579    0.12908582 
570.387322    0.13285309 
570.705817    0.12434698 
571.050221    0.10318076 
571.413913    0.07301458 
571.785378    0.03882842 
572.153015    0.00314841 
572.506084    -0.03162885 
572.836396    -0.06377511 
573.139216    -0.09385490 
573.415396    -0.12084049 
573.674481    -0.14219038 
573.934815    -0.15454322 
574.218163    -0.15335331 
574.537588    -0.13408818 
574.886419    -0.09862359 
575.246546    -0.05658206 
575.603138    -0.01533802 
575.946594    0.02251509 
576.271112    0.05524252 
576.573687    0.08426251 
576.854314    0.11020588 
577.118560    0.13187450 
577.379759    0.14662533 
577.656979    0.15038494 
577.965992    0.13818371 
578.306583    0.10907150 
578.664053    0.07083879 
579.024364    0.03260185 
579.379343    -0.00234340 
579.724179    -0.03224184 
580.056347    -0.05713856 
580.374861    -0.07875019 
580.680816    -0.09749396 
580.979061    -0.11219756 
581.278846    -0.12054533 
581.591330    -0.11988100 
581.924252    -0.10850668 
582.277578    -0.08757782 
582.645025    -0.06111018 
583.018871    -0.03275978 
583.391740    -0.00378025 
583.756555    0.02408165 
584.107922    0.04911928 
584.442690    0.07195375 
584.760643    0.09249859 
585.066034    0.10917238 
585.368028    0.11964504 
585.678700    0.12139214 
586.008217    0.11248847 
586.359570    0.09317931 
586.727760    0.06642100 
587.103586    0.03559779 
587.476593    0.00232445 
587.836087    -0.03097996 
588.173432    -0.06230135 
588.483603    -0.09179625 
588.767537    -0.11809627 
589.034856    -0.13847594 
589.303347    -0.14961347 
589.593273    -0.14747052 
589.916444    -0.12865729 
590.267509    -0.09532051 
590.630516    -0.05540032 
590.990714    -0.01498054 
591.336998    0.02337515 
591.661654    0.05759723 
591.960205    0.08875077 
592.232255    0.11695893 
592.484618    0.14056115 
592.733376    0.15667377 
593.001128    0.16081265 
593.306152    0.14676433 
593.646149    0.11297383 
594.001551    0.06940693 
594.356022    0.02700238 
594.701217    -0.01075276 
595.033021    -0.04220453 
595.349660    -0.06852144 
595.650888    -0.09141038 
595.939198    -0.11087933 
596.221944    -0.12533332 
596.511484    -0.13191029 
596.820797    -0.12726639 
597.155704    -0.10976789 
597.511211    -0.08247630 
597.877481    -0.05157363 
598.246292    -0.02101637 
598.611208    0.00802929 
598.967081    0.03368906 
599.310772    0.05588084 
599.640958    0.07570686 
599.958762    0.09303853 
600.269046    0.10634047 
600.580320    0.11344535 
600.902450    0.11220580 
601.242484    0.10141615 
601.601203    0.08206148 
601.973649    0.05699008 
602.352035    0.02857954 
602.727304    -0.00216437 
603.090183    -0.03262559 
603.433441    -0.06109655 
603.753281    -0.08762313 
604.051301    -0.11080904 
604.336268    -0.12811289 
604.623203    -0.13655107 
604.928317    -0.13302524 
605.260712    -0.11579296 
605.617064    -0.08709794 
605.985698    -0.05230148 
606.353790    -0.01538014 
606.709581    0.02145175 
607.043525    0.05559711 
607.349472    0.08746384 
607.626262    0.11662612 
607.881131    0.14089202 
608.131214    0.15712750 
608.399862    0.16092468 
608.705536    0.14645319 
609.046244    0.11255005 
609.402667    0.06875785 
609.757548    0.02536006 
610.100895    -0.01415883 
610.427086    -0.04789523 
610.733253    -0.07709221 
611.018843    -0.10304830 
611.287599    -0.12521382 
611.550187    -0.14146574 
611.823794    -0.14820442 
612.125338    -0.14063980 
612.459227    -0.11628269 
612.813946    -0.08064416 
613.175121    -0.04316518 
613.533853    -0.00841811 
613.884748    0.02207624 
614.224565    0.04738756 
614.551800    0.06902741 
614.866654    0.08796570 
615.172204    0.10363103 
615.475557    0.11413623 
615.786703    0.11703216 
616.114577    0.11030197 
616.462410    0.09383550 
616.826690    0.07035230 
617.200563    0.04353023 
617.576572    0.01516788 
617.946998    -0.01359659 
618.305215    -0.04019503 
618.646881    -0.06439903 
618.970472    -0.08644235 
619.278829    -0.10501763 
619.580029    -0.11790197 
619.886098    -0.12257275 
620.208780    -0.11679606 
620.553693    -0.10005689 
620.917746    -0.07469752 
621.292169    -0.04434073 
621.666450    -0.01116624 
622.029666    0.02282762 
622.372422    0.05491187 
622.688644    0.08511939 
622.977607    0.11254554 
623.246940    0.13466386 
623.513116    0.14822586 
623.796820    0.14928711 
624.112722    0.13394590 
624.458904    0.10289748 
624.820325    0.06359321 
625.181644    0.02315949 
625.531479    -0.01556829 
625.861741    -0.05018336 
626.167467    -0.08141214 
626.447228    -0.10983820 
626.705925    -0.13414194 
626.957376    -0.15165809 
627.222752    -0.15832014 
627.521722    -0.14833993 
627.856824    -0.11882238 
628.211421    -0.07744247 
628.568337    -0.03547023 
628.918078    0.00261626 
629.255580    0.03499865 
629.578304    0.06200998 
629.885354    0.08550947 
630.178331    0.10581052 
630.463391    0.12157481 
630.751997    0.13014000 
631.057511    0.12820773 
631.387889    0.11359348 
631.740449    0.08821198 
632.105895    0.05782358 
632.475452    0.02704788 
632.842146    -0.00270421 
633.200145    -0.02960092 
633.545707    -0.05293110 
633.877068    -0.07376457 
634.194889    -0.09214362 
634.503736    -0.10658115 
634.812251    -0.11483613 
635.130921    -0.11462142 
635.467695    -0.10449036 
635.823968    -0.08523620 
636.194803    -0.05984246 
636.572183    -0.03105652 
636.946951    -0.00002562 
637.309826    0.03075255 
637.653553    0.05940075 
637.974163    0.08605980 
638.272906    0.10947954 
638.558197    0.12714315 
638.844881    0.13603468 
639.149271    0.13299616 
639.480790    0.11616438 
639.836370    0.08770504 
640.204446    0.05309186 
640.572385    0.01645075 
640.928838    -0.02000658 
641.264677    -0.05364730 
641.574001    -0.08487173 
641.855587    -0.11339594 
642.116177    -0.13710164 
642.372042    -0.15283789 
642.645385    -0.15629049 
642.953634    -0.14216578 
643.295323    -0.10977700 
643.652969    -0.06797175 
644.010319    -0.02617656 
644.357507    0.01228469 
644.688700    0.04535684 
645.000741    0.07401588 
645.292774    0.09954446 
645.568191    0.12135287 
645.837145    0.13726104 
646.116014    0.14374489 
646.420828    0.13644823 
646.756163    0.11340414 
647.112099    0.07968774 
647.475375    0.04374151 
647.837051    0.00978019 
648.191165    -0.02067907 
648.533780    -0.04642219 
648.862843    -0.06872990 
649.178220    -0.08846708 
649.482995    -0.10490628 
649.784710    -0.11600052 
650.094092    -0.11916844 
650.420780    -0.11226157 
650.768228    -0.09512683 
651.132539    -0.07062851 
651.506236    -0.04264749 
651.881260    -0.01307595 
652.249356    0.01674658 
652.603583    0.04427000 
652.939473    0.06950095 
653.255772    0.09245141 
653.556367    0.11147102 
653.851126    0.12402295 
654.153817    0.12730058 
654.476608    0.11891488 
654.823441    0.09875344 
655.188566    0.07017066 
655.561467    0.03747005 
655.931081    0.00287024 
656.286975    -0.03109710 
656.621166    -0.06252646 
656.929160    -0.09180553 
657.212194    -0.11775411 
657.480052    -0.13769829 
657.750586    -0.14819727 
658.043695    -0.14502736 
658.369836    -0.12498028 
658.722174    -0.09102421 
659.084874    -0.05160200 
659.444550    -0.01247403 
659.791785    0.02394466 
660.120420    0.05585568 
660.426980    0.08451276 
660.711453    0.11017070 
660.980105    0.13122418 
661.247166    0.14470868 
661.531673    0.14644146 
661.847555    0.13205975 
662.192602    0.10208403 
662.552491    0.06460114 
662.914290    0.02735567 
663.269944    -0.00707984 
663.614217    -0.03681771 
663.944007    -0.06223684 
664.258030    -0.08477733 
664.557967    -0.10429232 
664.850416    -0.11903767 
665.146905    -0.12624047 
665.459956    -0.12294403 
665.796319    -0.10769377 
666.153144    -0.08277199 
666.521894    -0.05321745 
666.893938    -0.02259194 
667.261430    0.00787909 
667.617525    0.03592672 
667.957667    0.06107800 
668.279779    0.08404166 
668.585640    0.10398891 
668.882585    0.11870113 
669.182764    0.12541578 
669.498993    0.12145588 
669.838268    0.10565365 
670.198055    0.08021596 
670.569509    0.04958009 
670.942390    0.01669956 
671.306572    -0.01673826 
671.653508    -0.04790956 
671.977599    -0.07677145 
672.277368    -0.10310325 
672.558182    -0.12486024 
672.833471    -0.13900803 
673.121525    -0.14193026 
673.437070    -0.13012307 
673.781510    -0.10361214 
674.143476    -0.06827399 
674.509129    -0.03072099 
674.867394    0.00619379 
675.209956    0.03984639 
675.531522    0.06991886 
675.829789    0.09730250 
676.107611    0.12101628 
676.375667    0.13852593 
676.651660    0.14620377 
676.953442    0.13960102 
677.287145    0.11640681 
677.642833    0.08150261 
678.005789    0.04362253 
678.365436    0.00731587 
678.714827    -0.02542513 
679.049679    -0.05341049 
679.367694    -0.07809777 
679.669150    -0.09992282 
679.959036    -0.11754218 
680.248247    -0.12831628 
680.550859    -0.12898878 
680.877121    -0.11703815 
681.226946    -0.09344402 
681.591795    -0.06335061 
681.961992    -0.03173833 
682.329533    -0.00044449 
682.687525    0.02860358 
683.031052    0.05431855 
683.357464    0.07763389 
683.667261    0.09834252 
683.965985    0.11462712 
684.264473    0.12381739 
684.575686    0.12311511 
684.908608    0.11073819 
685.263245    0.08790036 
685.632162    0.05878545 
686.005733    0.02706338 
686.374283    -0.00578934 
686.728873    -0.03714165 
687.063051    -0.06602212 
687.373669    -0.09276923 
687.663172    -0.11595670 
687.941747    -0.13284074 
688.225944    -0.14007855 
688.532366    -0.13409404 
688.867968    -0.11325287 
689.225814    -0.08123264 
689.592558    -0.04475511 
689.956085    -0.00773177 
690.306552    0.02751876 
690.637048    0.05915401 
690.943690    0.08808406 
691.226978    0.11393444 
691.494841    0.13454792 
691.763452    0.14661949 
692.052553    0.14578951 
692.374296    0.12811917 
692.723535    0.09558104 
693.084839    0.05690271 
693.445294    0.01885640 
693.796573    -0.01622862 
694.133594    -0.04636267 
694.453682    -0.07256120 
694.756390    -0.09579034 
695.045413    -0.11517573 
695.330515    -0.12833535 
695.626036    -0.13196664 
695.944435    -0.12292585 
696.288229    -0.10103216 
696.649554    -0.07106189 
697.018017    -0.03897189 
697.385407    -0.00742366 
697.745167    0.02193811 
698.092563    0.04755872 
698.424852    0.07036695 
698.741732    0.09073756 
699.047012    0.10739106 
699.349487    0.11796374 
699.660883    0.11982064 
699.990837    0.11102278 
700.341796    0.09195048 
700.708721    0.06586806 
701.083310    0.03643657 
701.456713    0.00523260 
701.819959    -0.02578211 
702.165745    -0.05450138 
702.489598    -0.08124301 
702.791509    -0.10522974 
703.078339    -0.12410456 
703.363881    -0.13482179 
703.664631    -0.13409463 
703.991654    -0.11954787 
704.343775    -0.09259616 
704.710256    -0.05868432 
705.078635    -0.02252763 
705.437679    0.01377376 
705.778166    0.04743467 
706.093989    0.07844856 
706.383074    0.10692997 
706.650475    0.13104724 
706.910527    0.14775315 
707.184195    0.15297441 
707.489655    0.14171965 
707.828634    0.11253782 
708.186062    0.07279672 
708.545627    0.03187208 
708.896721    -0.00648443 
709.232869    -0.03998956 
709.550678    -0.06887598 
709.849008    -0.09454051 
710.130563    -0.11657645 
710.404488    -0.13289126 
710.686234    -0.14008501 
710.991632    -0.13404082 
711.326407    -0.11277706 
711.682279    -0.08071009 
712.046514    -0.04575689 
712.409886    -0.01223146 
712.766271    0.01823591 
713.111752    0.04407287 
713.444242    0.06634226 
713.763448    0.08595099 
714.072220    0.10219982 
714.377804    0.11308054 
714.690556    0.11610514 
715.019711    0.10932591 
715.368585    0.09278052 
715.733609    0.06921775 
716.107810    0.04217885 
716.483644    0.01339559 
716.853256    -0.01583700 
717.209730    -0.04298875 
717.548440    -0.06793388 
717.867946    -0.09064289 
718.171867    -0.10948116 
718.469732    -0.12192111 
718.774883    -0.12522673 
719.099118    -0.11717570 
719.446488    -0.09771648 
719.811851    -0.06995834 
720.185289    -0.03787951 
720.555881    -0.00350176 
720.912727    0.03077371 
721.247049    0.06290450 
721.553690    0.09309904 
721.833710    0.11996858 
722.097445    0.14066403 
722.363829    0.15164906 
722.653939    0.14849689 
722.978716    0.12762647 
723.330362    0.09208613 
723.691650    0.05095268 
724.048363    0.01030439 
724.390648    -0.02733416 
724.712295    -0.06036936 
725.010017    -0.09012358 
725.284435    -0.11664842 
725.543228    -0.13818040 
725.802734    -0.15156872 
726.084026    -0.15205701 
726.400857    -0.13446007 
726.747167    -0.10006640 
727.105271    -0.05918050 
727.461997    -0.02014809 
727.810382    0.01458451 
728.146908    0.04341846 
728.470080    0.06761235 
728.779868    0.08857179 
729.079044    0.10601591 
729.374936    0.11813158 
729.678757    0.12216254 
730.000939    0.11556487 
730.345015    0.09802764 
730.706292    0.07287550 
731.076830    0.04479975 
731.449479    0.01628279 
731.817803    -0.01158211 
732.176425    -0.03664099 
732.521937    -0.05880293 
732.852987    -0.07875563 
733.171419    -0.09577650 
733.483349    -0.10796785 
733.798314    -0.11309053 
734.126135    -0.10920698 
734.472466    -0.09572663 
734.836283    -0.07428853 
735.211459    -0.04772885 
735.589507    -0.01782665 
735.960594    0.01410338 
736.315248    0.04498652 
736.646709    0.07409066 
736.952806    0.10078959 
737.238662    0.12278044 
737.517587    0.13700529 
737.807601    0.14012184 
738.123444    0.12909154 
738.467661    0.10393108 
738.830269    0.06958942 
739.197364    0.03191980 
739.556430    -0.00629700 
739.897016    -0.04222643 
740.211868    -0.07525892 
740.497690    -0.10582673 
740.758192    -0.13240173 
741.007059    -0.15214057 
741.266522    -0.16106929 
741.558837    -0.15332519 
741.889743    -0.12488544 
742.242831    -0.08248505 
742.598611    -0.03829255 
742.945696    0.00227108 
743.278191    0.03708583 
743.593422    0.06637861 
743.890546    0.09198683 
744.171753    0.11401951 
744.444873    0.13084755 
744.724142    0.13934699 
745.025435    0.13538141 
745.356090    0.11630639 
745.709293    0.08557024 
746.072461    0.05115671 
746.436355    0.01815144 
746.795143    -0.01191032 
747.144931    -0.03737671 
747.483606    -0.05888821 
747.810600    -0.07767144 
748.127633    -0.09360356 
748.440002    -0.10515510 
748.756169    -0.11013740 
749.084824    -0.10665292 
749.430878    -0.09412943 
749.793365    -0.07419727 
750.167131    -0.04978765 
750.545389    -0.02279747 
750.920383    0.00592740 
751.284427    0.03373396 
751.631840    0.05933040 
751.959942    0.08280665 
752.270728    0.10286946 
752.571997    0.11720764 
752.876119    0.12323886 
753.195725    0.11866557 
753.537587    0.10275827 
753.899371    0.07763866 
754.272375    0.04699232 
754.645788    0.01323433 
755.008223    -0.02167304 
755.349652    -0.05483771 
755.663445    -0.08614523 
755.948705    -0.11457700 
756.213690    -0.13742343 
756.476191    -0.15125121 
756.758220    -0.15180116 
757.074517    -0.13480120 
757.421212    -0.10141991 
757.781400    -0.06029761 
758.139480    -0.01888530 
758.484651    0.02001774 
758.809885    0.05426937 
759.111172    0.08498197 
759.388028    0.11261899 
759.646541    0.13572417 
759.901718    0.15141503 
760.174957    0.15519959 
760.483335    0.14132394 
760.824668    0.10891500 
761.181159    0.06752110 
761.537805    0.02717076 
761.886819    -0.00891505 
762.224311    -0.03902910 
762.548545    -0.06406185 
762.859168    -0.08569712 
763.158345    -0.10396946 
763.452654    -0.11731310 
763.753066    -0.12303284 
764.070812    -0.11833485 
764.410909    -0.10228634 
764.769556    -0.07768650 
765.138688    -0.04945720 
765.510899    -0.02071029 
765.879712    0.00748119 
766.239572    0.03301690 
766.586945    0.05541441 
766.920285    0.07548633 
767.240911    0.09279645 
767.554280    0.10557404 
767.869410    0.11161644 
768.196085    0.10895067 
768.540568    0.09678127 
768.902709    0.07647859 
769.277024    0.05081237 
769.655436    0.02171086 
770.028488    -0.00967001 
770.386855    -0.04026420 
770.723719    -0.06893379 
771.036427    -0.09528578 
771.328965    -0.11727985 
771.613118    -0.13198917 
771.905691    -0.13623019 
772.221374    -0.12715008 
772.564333    -0.10449343 
772.926684    -0.07242026 
773.295602    -0.03636944 
773.658852    0.00086281 
774.005734    0.03654329 
774.328425    0.06940595 
774.622828    0.09995009 
774.891381    0.12679245 
775.146232    0.14709567 
775.408271    0.15703609 
775.699488    0.15130546 
776.028042    0.12595320 
776.380905    0.08618537 
776.739211    0.04320093 
777.090551    0.00279539 
777.427824    -0.03275115 
777.747318    -0.06296805 
778.047379    -0.08962401 
778.329528    -0.11287086 
778.601231    -0.13105881 
778.876990    -0.14105713 
779.173928    -0.13859699 
779.501226    -0.12044996 
779.852818    -0.08944938 
780.215279    -0.05389052 
780.578376    -0.01956468 
780.935769    0.01176172 
781.283308    0.03837817 
781.618716    0.06096639 
781.941381    0.08075174 
782.253291    0.09749683 
782.560471    0.10950722 
782.872471    0.11435832 
783.198810    0.10993283 
783.544202    0.09571357 
783.906545    0.07381856 
784.279576    0.04777051 
784.656031    0.01971544 
785.028178    -0.00932798 
785.388879    -0.03671504 
785.733216    -0.06166016 
786.059162    -0.08437061 
786.369260    -0.10353254 
786.671686    -0.11679595 
786.978727    -0.12156738 
787.302223    -0.11565609 
787.647651    -0.09866989 
788.011696    -0.07310756 
788.385548    -0.04266005 
788.758814    -0.00945395 
789.120817    0.02439582 
789.462588    0.05621658 
789.778527    0.08603204 
790.068611    0.11275596 
790.341453    0.13366217 
790.614181    0.14530230 
790.906728    0.14366346 
791.230937    0.12559367 
791.582137    0.09337844 
791.945396    0.05477286 
792.306789    0.01561943 
792.655928    -0.02160444 
792.985710    -0.05470199 
793.291962    -0.08464673 
793.574316    -0.11158970 
793.839367    -0.13373942 
794.102509    -0.14794010 
794.384393    -0.14969632 
794.699809    -0.13414656 
795.045278    -0.10196485 
795.404513    -0.06234007 
795.763776    -0.02353928 
796.115065    0.01179250 
796.453828    0.04177911 
