0.000000    0.00000000 
0.400000    0.02697965 
0.800000    0.04996055 
1.200000    0.06799725 
1.600000    0.08073573 
2.000000    0.08791376 
2.400000    0.08953232 
2.800000    0.08583224 
3.200000    0.07715935 
3.600000    0.06375437 
4.000000    0.04550768 
4.400000    0.02170686 
4.800000    -0.00793381 
5.200000    -0.04037368 
5.600000    -0.07338586 
6.000000    -0.10526324 
6.400000    -0.13097339 
6.800000    -0.14318165 
7.200000    -0.13698075 
7.600000    -0.11417246 
8.000000    -0.08110937 
8.400000    -0.04309040 
8.800000    -0.00165105 
9.200000    0.04113920 
9.600000    0.08370775 
10.000000    0.12650728 
10.400000    0.16404562 
10.800000    0.18121731 
11.200000    0.16414981 
11.600000    0.12083968 
12.000000    0.07047879 
12.400000    0.02277859 
12.800000    -0.02077718 
13.200000    -0.05789918 
13.600000    -0.08988341 
14.000000    -0.11726956 
14.400000    -0.13713106 
14.800000    -0.14300941 
15.200000    -0.12983951 
15.600000    -0.10108641 
16.000000    -0.06600888 
16.400000    -0.03115584 
16.800000    0.00160904 
17.200000    0.02983518 
17.600000    0.05236646 
18.000000    0.07059943 
18.400000    0.08499856 
18.800000    0.09447454 
19.200000    0.09715404 
19.600000    0.09187467 
20.000000    0.07927315 
20.400000    0.06133091 
20.800000    0.03988495 
21.200000    0.01568073 
21.600000    -0.01011296 
22.000000    -0.03431365 
22.400000    -0.05563925 
22.800000    -0.07409631 
23.200000    -0.08860206 
23.600000    -0.09715554 
24.000000    -0.09796811 
24.400000    -0.09050888 
24.800000    -0.07576183 
25.200000    -0.05535634 
25.600000    -0.03021639 
26.000000    -0.00042483 
26.400000    0.03154887 
26.800000    0.06300872 
27.200000    0.09323537 
27.600000    0.11888841 
28.000000    0.13367599 
28.400000    0.13220658 
28.800000    0.11478243 
29.200000    0.08674710 
29.600000    0.05349898 
30.000000    0.01721178 
30.400000    -0.02126347 
30.800000    -0.05903622 
31.200000    -0.09651617 
31.600000    -0.13215645 
32.000000    -0.15796692 
32.400000    -0.16134752 
32.800000    -0.13799548 
33.200000    -0.09846365 
33.600000    -0.05518724 
34.000000    -0.01296428 
34.400000    0.02690278 
34.800000    0.06220615 
35.200000    0.09429823 
35.600000    0.12272837 
36.000000    0.14270361 
36.400000    0.14595238 
36.800000    0.12826322 
37.200000    0.09576510 
37.600000    0.05843278 
38.000000    0.02164184 
38.400000    -0.01308096 
38.800000    -0.04284321 
39.200000    -0.06781402 
39.600000    -0.08904605 
40.000000    -0.10546898 
40.400000    -0.11395645 
40.800000    -0.11132059 
41.200000    -0.09731739 
41.600000    -0.07519615 
42.000000    -0.04897866 
42.400000    -0.02080657 
42.800000    0.00817210 
43.200000    0.03481914 
43.600000    0.05798317 
44.000000    0.07808277 
44.400000    0.09405000 
44.800000    0.10333649 
45.200000    0.10350143 
45.600000    0.09403560 
46.000000    0.07671487 
46.400000    0.05414094 
46.800000    0.02789350 
47.200000    -0.00150768 
47.600000    -0.03135247 
48.000000    -0.05940624 
48.400000    -0.08550828 
48.800000    -0.10750351 
49.200000    -0.12085728 
49.600000    -0.12125047 
50.000000    -0.10810848 
50.400000    -0.08497175 
50.800000    -0.05623358 
51.200000    -0.02412364 
51.600000    0.01075586 
52.000000    0.04541067 
52.400000    0.07911398 
52.800000    0.11142524 
53.200000    0.13742906 
53.600000    0.14808779 
54.000000    0.13724206 
54.400000    0.10883750 
54.800000    0.07232048 
55.200000    0.03395430 
55.600000    -0.00486505 
56.000000    -0.04168088 
56.400000    -0.07573589 
56.800000    -0.10786157 
57.200000    -0.13508501 
57.600000    -0.14938763 
58.000000    -0.14246046 
58.400000    -0.11550305 
58.800000    -0.07852509 
59.200000    -0.03992627 
59.600000    -0.00223813 
60.000000    0.03236901 
60.400000    0.06230537 
60.800000    0.08886644 
61.200000    0.11135846 
61.600000    0.12590517 
62.000000    0.12711220 
62.400000    0.11293387 
62.800000    0.08738774 
63.200000    0.05677717 
63.600000    0.02485208 
64.000000    -0.00711806 
64.400000    -0.03614145 
64.800000    -0.06125407 
65.200000    -0.08319510 
65.600000    -0.10083683 
66.000000    -0.11103285 
66.400000    -0.11053435 
66.800000    -0.09874642 
67.200000    -0.07835692 
67.600000    -0.05304247 
68.000000    -0.02492767 
68.400000    0.00513065 
68.800000    0.03413195 
69.200000    0.06044422 
69.600000    0.08423634 
70.000000    0.10374098 
70.400000    0.11512145 
70.800000    0.11476483 
71.200000    0.10223609 
71.600000    0.08060774 
72.000000    0.05374950 
72.400000    0.02367144 
72.800000    -0.00893326 
73.200000    -0.04101178 
73.600000    -0.07146731 
74.000000    -0.10008404 
74.400000    -0.12330497 
74.800000    -0.13453417 
75.200000    -0.12868910 
75.600000    -0.10732850 
76.000000    -0.07692997 
76.400000    -0.04297769 
76.800000    -0.00718713 
77.200000    0.02873541 
77.600000    0.06245297 
78.000000    0.09472490 
78.400000    0.12381868 
78.800000    0.14316925 
79.200000    0.14406126 
79.600000    0.12428033 
80.000000    0.09124856 
80.400000    0.05390050 
80.800000    0.01616749 
81.200000    -0.02061757 
81.600000    -0.05370600 
82.000000    -0.08385646 
82.400000    -0.11099121 
82.800000    -0.13124084 
83.200000    -0.13764731 
83.600000    -0.12574736 
84.000000    -0.09906878 
84.400000    -0.06560644 
84.800000    -0.03080164 
85.200000    0.00381629 
85.600000    0.03553314 
86.000000    0.06319150 
86.400000    0.08775596 
86.800000    0.10804017 
87.200000    0.12015773 
87.600000    0.11966924 
88.000000    0.10561211 
88.400000    0.08174344 
88.800000    0.05312872 
89.200000    0.02256124 
89.600000    -0.00883553 
90.000000    -0.03794865 
90.400000    -0.06383131 
90.800000    -0.08687833 
91.200000    -0.10532440 
91.600000    -0.11533711 
92.000000    -0.11344022 
92.400000    -0.09953917 
92.800000    -0.07703632 
93.200000    -0.04988700 
93.600000    -0.02001126 
94.000000    0.01161860 
94.400000    0.04181067 
94.800000    0.06975474 
95.200000    0.09529826 
95.600000    0.11547283 
96.000000    0.12504655 
96.400000    0.12010866 
96.800000    0.10174456 
97.200000    0.07490804 
97.600000    0.04409480 
98.000000    0.01087666 
98.400000    -0.02326987 
98.800000    -0.05551065 
99.200000    -0.08617733 
99.600000    -0.11404974 
100.000000    -0.13380743 
100.400000    -0.13798380 
100.800000    -0.12354430 
101.200000    -0.09545792 
101.600000    -0.06138505 
102.000000    -0.02560924 
102.400000    0.01081197 
102.800000    0.04498945 
103.200000    0.07662413 
103.600000    0.10608004 
104.000000    0.12997131 
104.400000    0.14098353 
104.800000    0.13293555 
105.200000    0.10785950 
105.600000    0.07403721 
106.000000    0.03807842 
106.400000    0.00195944 
106.800000    -0.03206680 
107.200000    -0.06224799 
107.600000    -0.08962296 
108.000000    -0.11306997 
108.400000    -0.12806196 
108.800000    -0.12876881 
109.200000    -0.11343878 
109.600000    -0.08670931 
110.000000    -0.05508752 
110.400000    -0.02210836 
110.800000    0.01098308 
111.200000    0.04110682 
111.600000    0.06777714 
112.000000    0.09149725 
112.400000    0.11028231 
112.800000    0.11983027 
113.200000    0.11633073 
113.600000    0.10006499 
114.000000    0.07527710 
114.400000    0.04645604 
114.800000    0.01557723 
115.200000    -0.01602108 
115.600000    -0.04517349 
116.000000    -0.07163021 
116.400000    -0.09523110 
116.800000    -0.11314031 
117.200000    -0.12068402 
117.600000    -0.11469604 
118.000000    -0.09650503 
118.400000    -0.07065472 
118.800000    -0.04109499 
119.200000    -0.00916616 
119.600000    0.02344269 
120.000000    0.05389280 
120.400000    0.08240931 
120.800000    0.10788260 
121.200000    0.12577995 
121.600000    0.13000611 
122.000000    0.11799850 
122.400000    0.09345987 
122.800000    0.06259251 
123.200000    0.02922553 
123.600000    -0.00568174 
124.000000    -0.03937009 
124.400000    -0.07075789 
124.800000    -0.10027118 
125.200000    -0.12498254 
125.600000    -0.13809358 
126.000000    -0.13321604 
126.400000    -0.11114845 
126.800000    -0.07920931 
127.200000    -0.04408585 
127.600000    -0.00809283 
128.000000    0.02700556 
128.400000    0.05882104 
128.800000    0.08823075 
129.200000    0.11429606 
129.600000    0.13219696 
130.000000    0.13502536 
130.400000    0.11999661 
130.800000    0.09199482 
131.200000    0.05854720 
131.600000    0.02387951 
132.000000    -0.01075696 
132.400000    -0.04236323 
132.800000    -0.07055927 
133.200000    -0.09590897 
133.600000    -0.11614752 
134.000000    -0.12622948 
134.400000    -0.12162670 
134.800000    -0.10290074 
135.200000    -0.07538399 
135.600000    -0.04434560 
136.000000    -0.01190517 
136.400000    0.02030235 
136.800000    0.04933701 
137.200000    0.07546727 
137.600000    0.09843061 
138.000000    0.11518462 
138.400000    0.12100259 
138.800000    0.11306783 
139.200000    0.09329572 
139.600000    0.06654040 
140.000000    0.03662716 
140.400000    0.00476889 
140.800000    -0.02689681 
141.200000    -0.05587388 
141.600000    -0.08254529 
142.000000    -0.10571430 
142.400000    -0.12120485 
142.800000    -0.12386869 
143.200000    -0.11190823 
143.600000    -0.08873345 
144.000000    -0.05966929 
144.400000    -0.02794036 
144.800000    0.00556704 
145.200000    0.03801618 
145.600000    0.06815241 
146.000000    0.09628350 
146.400000    0.11970023 
146.800000    0.13235814 
147.200000    0.12866908 
147.600000    0.10908585 
148.000000    0.07971959 
148.400000    0.04652528 
148.800000    0.01176239 
149.200000    -0.02308212 
149.600000    -0.05524940 
150.000000    -0.08530339 
150.400000    -0.11243569 
150.800000    -0.13187925 
151.200000    -0.13645843 
151.600000    -0.12278843 
152.000000    -0.09536579 
152.400000    -0.06184226 
152.800000    -0.02676885 
153.200000    0.00864909 
153.600000    0.04151534 
154.000000    0.07123238 
154.400000    0.09839222 
154.800000    0.12051167 
155.200000    0.13181763 
155.600000    0.12693510 
156.000000    0.10649994 
156.400000    0.07679408 
156.800000    0.04382942 
157.200000    0.00988323 
157.600000    -0.02328256 
158.000000    -0.05296504 
158.400000    -0.07975487 
158.800000    -0.10322034 
159.200000    -0.11987966 
159.600000    -0.12451355 
160.000000    -0.11437039 
160.400000    -0.09215748 
160.800000    -0.06346460 
161.200000    -0.03224272 
161.600000    0.00031635 
162.000000    0.03163931 
162.400000    0.05983634 
162.800000    0.08546849 
163.200000    0.10710574 
163.600000    0.12053426 
164.000000    0.12105028 
164.400000    0.10758633 
164.800000    0.08388084 
165.200000    0.05499122 
165.600000    0.02368684 
166.000000    -0.00907782 
166.400000    -0.04024044 
166.800000    -0.06888673 
167.200000    -0.09517801 
167.600000    -0.11639567 
168.000000    -0.12709987 
168.400000    -0.12273586 
168.800000    -0.10407341 
169.200000    -0.07646608 
169.600000    -0.04499985 
170.000000    -0.01157810 
170.400000    0.02229694 
170.800000    0.05376699 
171.200000    0.08319807 
171.600000    0.10972741 
172.000000    0.12876068 
172.400000    0.13358341 
172.800000    0.12103629 
173.200000    0.09512687 
173.600000    0.06286447 
174.000000    0.02857171 
174.400000    -0.00663344 
174.800000    -0.03993574 
175.200000    -0.07043553 
175.600000    -0.09867757 
176.000000    -0.12204554 
176.400000    -0.13436033 
176.800000    -0.12975578 
177.200000    -0.10881862 
177.600000    -0.07823235 
178.000000    -0.04435016 
178.400000    -0.00951937 
178.800000    0.02451941 
179.200000    0.05515775 
179.600000    0.08309718 
180.000000    0.10771821 
180.400000    0.12500758 
180.800000    0.12904337 
181.200000    0.11698097 
181.600000    0.09235473 
182.000000    0.06159169 
182.400000    0.02882975 
182.800000    -0.00472431 
183.200000    -0.03623812 
183.600000    -0.06445438 
184.000000    -0.08999485 
184.400000    -0.11106594 
184.800000    -0.12307097 
185.200000    -0.12133846 
185.600000    -0.10549163 
186.000000    -0.08000936 
186.400000    -0.05009530 
186.800000    -0.01822242 
187.200000    0.01440313 
187.600000    0.04462726 
188.000000    0.07213946 
188.400000    0.09690387 
188.800000    0.11599095 
189.200000    0.12424769 
189.600000    0.11798672 
190.000000    0.09863776 
190.400000    0.07137001 
190.800000    0.04063658 
191.200000    0.00794390 
191.600000    -0.02488438 
192.000000    -0.05515911 
192.400000    -0.08327519 
192.800000    -0.10814349 
193.200000    -0.12528790 
193.600000    -0.12875980 
194.000000    -0.11620911 
194.400000    -0.09146719 
194.800000    -0.06070097 
195.200000    -0.02762164 
195.600000    0.00677206 
196.000000    0.03961454 
196.400000    0.06990811 
196.800000    0.09804643 
197.200000    0.12127360 
197.600000    0.13340765 
198.000000    0.12879953 
198.400000    0.10816708 
198.800000    0.07800430 
199.200000    0.04440152 
199.600000    0.00957182 
200.000000    -0.02479088 
200.400000    -0.05606950 
200.800000    -0.08493288 
201.200000    -0.11056306 
201.600000    -0.12848069 
202.000000    -0.13220568 
202.400000    -0.11886946 
202.800000    -0.09264370 
203.200000    -0.06049919 
203.600000    -0.02662719 
204.000000    0.00778202 
204.400000    0.03979565 
204.800000    0.06860464 
205.200000    0.09476812 
205.600000    0.11604082 
206.000000    0.12721225 
206.400000    0.12340301 
206.800000    0.10493205 
207.200000    0.07721834 
207.600000    0.04576891 
208.000000    0.01283995 
208.400000    -0.02002169 
208.800000    -0.04985225 
209.200000    -0.07690997 
209.600000    -0.10086258 
210.000000    -0.11836590 
210.400000    -0.12420644 
210.800000    -0.11535178 
211.200000    -0.09411558 
211.600000    -0.06593243 
212.000000    -0.03487478 
212.400000    -0.00217313 
212.800000    0.02982554 
213.200000    0.05895271 
213.600000    0.08571921 
214.000000    0.10867828 
214.400000    0.12331969 
214.800000    0.12440233 
215.200000    0.11058643 
215.600000    0.08591948 
216.000000    0.05594528 
216.400000    0.02368325 
216.800000    -0.00988940 
217.200000    -0.04172362 
217.600000    -0.07107711 
218.000000    -0.09810406 
218.400000    -0.11982576 
218.800000    -0.13031784 
219.200000    -0.12475149 
219.600000    -0.10432608 
220.000000    -0.07510089 
220.400000    -0.04246105 
220.800000    -0.00825846 
221.200000    0.02573298 
221.600000    0.05693524 
222.000000    0.08594666 
222.400000    0.11168577 
222.800000    0.12935651 
223.200000    0.13239601 
223.600000    0.11828101 
224.000000    0.09153826 
224.400000    0.05911134 
224.800000    0.02494782 
225.200000    -0.00982518 
225.600000    -0.04222629 
226.000000    -0.07169416 
226.400000    -0.09863197 
226.800000    -0.12031337 
227.200000    -0.13089374 
227.600000    -0.12532005 
228.000000    -0.10461910 
228.400000    -0.07503641 
228.800000    -0.04225634 
229.200000    -0.00831632 
229.600000    0.02493112 
230.000000    0.05488389 
230.400000    0.08215349 
230.800000    0.10601265 
231.200000    0.12252136 
231.600000    0.12614250 
232.000000    0.11439997 
232.400000    0.09066419 
232.800000    0.06086919 
233.200000    0.02882321 
233.600000    -0.00435265 
234.000000    -0.03583210 
234.400000    -0.06424105 
234.800000    -0.09009656 
235.200000    -0.11146891 
235.600000    -0.12360114 
236.000000    -0.12176208 
236.400000    -0.10567618 
236.800000    -0.07994191 
237.200000    -0.04977384 
237.600000    -0.01757858 
238.000000    0.01543823 
238.400000    0.04613853 
238.800000    0.07431274 
239.200000    0.09977855 
239.600000    0.11923127 
240.000000    0.12705860 
240.400000    0.11950219 
240.800000    0.09851932 
241.200000    0.06983775 
241.600000    0.03802827 
242.000000    0.00449785 
242.400000    -0.02865802 
242.800000    -0.05911433 
243.200000    -0.08742841 
243.600000    -0.11213679 
244.000000    -0.12825499 
244.400000    -0.12967097 
244.800000    -0.11469219 
245.200000    -0.08804721 
245.600000    -0.05615560 
246.000000    -0.02239811 
246.400000    0.01214904 
246.800000    0.04443649 
247.200000    0.07410024 
247.600000    0.10129008 
248.000000    0.12280432 
248.400000    0.13239875 
248.800000    0.12522838 
249.200000    0.10305286 
249.600000    0.07252286 
250.000000    0.03913511 
250.400000    0.00464329 
250.800000    -0.02885363 
251.200000    -0.05912300 
251.600000    -0.08690237 
252.000000    -0.11099858 
252.400000    -0.12679022 
252.800000    -0.12837137 
253.200000    -0.11387844 
253.600000    -0.08775852 
254.000000    -0.05637545 
254.400000    -0.02323600 
254.800000    0.01051457 
255.200000    0.04181186 
255.600000    0.07007442 
256.000000    0.09563388 
256.400000    0.11594959 
256.800000    0.12580233 
257.200000    0.12081754 
257.600000    0.10185743 
258.000000    0.07429412 
258.400000    0.04318061 
258.800000    0.01042435 
259.200000    -0.02228283 
259.600000    -0.05208574 
260.000000    -0.07932005 
260.400000    -0.10333781 
260.800000    -0.12037643 
261.200000    -0.12503470 
261.600000    -0.11465492 
262.000000    -0.09215271 
262.400000    -0.06316436 
262.800000    -0.03152565 
263.200000    0.00167638 
263.600000    0.03381801 
264.000000    0.06318499 
264.400000    0.09026463 
264.800000    0.11309031 
265.200000    0.12655584 
265.600000    0.12534621 
266.000000    0.10893413 
266.400000    0.08226446 
266.800000    0.05103262 
267.200000    0.01786811 
267.600000    -0.01605000 
268.000000    -0.04763047 
268.400000    -0.07680238 
268.800000    -0.10333547 
269.200000    -0.12356595 
269.600000    -0.13123812 
270.000000    -0.12228572 
270.400000    -0.09924349 
270.800000    -0.06866783 
271.200000    -0.03544599 
271.600000    -0.00097967 
272.000000    0.03236530 
272.400000    0.06272284 
272.800000    0.09078399 
273.200000    0.11482817 
273.600000    0.12961389 
274.000000    0.12913279 
274.400000    0.11233423 
274.800000    0.08453013 
275.200000    0.05215356 
275.600000    0.01826994 
276.000000    -0.01586688 
276.400000    -0.04718773 
276.800000    -0.07569934 
277.200000    -0.10137880 
277.600000    -0.12096702 
278.000000    -0.12867401 
278.400000    -0.12051010 
278.800000    -0.09857553 
279.200000    -0.06902711 
279.600000    -0.03671769 
280.000000    -0.00316367 
280.400000    0.02937020 
280.800000    0.05870185 
281.200000    0.08546868 
281.600000    0.10841910 
282.000000    0.12318072 
282.400000    0.12444821 
282.800000    0.11070029 
283.200000    0.08596518 
283.600000    0.05594351 
284.000000    0.02381151 
284.400000    -0.00937092 
284.800000    -0.04053821 
285.200000    -0.06887758 
285.600000    -0.09464202 
286.000000    -0.11525612 
286.400000    -0.12548335 
286.800000    -0.12093242 
287.200000    -0.10238592 
287.600000    -0.07510133 
288.000000    -0.04407441 
288.400000    -0.01119634 
288.800000    0.02194320 
289.200000    0.05245135 
289.600000    0.08062273 
290.000000    0.10570162 
290.400000    0.12357254 
290.800000    0.12831400 
291.200000    0.11708783 
291.600000    0.09324245 
292.000000    0.06294410 
292.400000    0.03020692 
292.800000    -0.00387996 
293.200000    -0.03658782 
293.600000    -0.06654639 
294.000000    -0.09425363 
294.400000    -0.11738645 
294.800000    -0.13028024 
295.200000    -0.12735277 
295.600000    -0.10864959 
296.000000    -0.07998875 
296.400000    -0.04738466 
296.800000    -0.01329193 
297.200000    0.02082291 
297.600000    0.05204909 
298.000000    0.08076214 
298.400000    0.10644526 
298.800000    0.12508368 
299.200000    0.13046216 
299.600000    0.11926155 
300.000000    0.09482595 
300.400000    0.06378717 
300.800000    0.03056684 
301.200000    -0.00359856 
301.600000    -0.03597794 
302.000000    -0.06520504 
302.400000    -0.09189414 
302.800000    -0.11407346 
303.200000    -0.12665881 
303.600000    -0.12446208 
304.000000    -0.10721623 
304.400000    -0.08008055 
304.800000    -0.04876377 
305.200000    -0.01580649 
305.600000    0.01743316 
306.000000    0.04787825 
306.400000    0.07557110 
306.800000    0.10030625 
307.200000    0.11878860 
307.600000    0.12558611 
308.000000    0.11727185 
308.400000    0.09601572 
308.800000    0.06747463 
309.200000    0.03601105 
309.600000    0.00296180 
310.000000    -0.02939720 
310.400000    -0.05884018 
310.800000    -0.08589519 
311.200000    -0.10913518 
311.600000    -0.12397581 
312.000000    -0.12502339 
312.400000    -0.11089639 
312.800000    -0.08580276 
313.200000    -0.05546428 
313.600000    -0.02295897 
314.000000    0.01068062 
314.400000    0.04237359 
314.800000    0.07146832 
315.200000    0.09808777 
315.600000    0.11923381 
316.000000    0.12908851 
316.400000    0.12307033 
316.800000    0.10254817 
317.200000    0.07351166 
317.600000    0.04116470 
318.000000    0.00726325 
318.400000    -0.02631248 
318.800000    -0.05702435 
319.200000    -0.08543940 
319.600000    -0.11041271 
320.000000    -0.12725328 
320.400000    -0.12977626 
320.800000    -0.11579384 
321.200000    -0.08969663 
321.600000    -0.05803139 
322.000000    -0.02448645 
322.400000    0.00983632 
322.800000    0.04192212 
323.200000    0.07113891 
323.600000    0.09780361 
324.000000    0.11914657 
324.400000    0.12942032 
324.800000    0.12380470 
325.200000    0.10340945 
325.600000    0.07428742 
326.000000    0.04188921 
326.400000    0.00814665 
326.800000    -0.02508315 
327.200000    -0.05518057 
327.600000    -0.08269907 
328.000000    -0.10677475 
328.400000    -0.12326722 
328.800000    -0.12651870 
329.200000    -0.11419268 
329.600000    -0.08992483 
330.000000    -0.05974739 
330.400000    -0.02737510 
330.800000    0.00609338 
331.200000    0.03774155 
331.600000    0.06640592 
332.000000    0.09251607 
332.400000    0.11383103 
332.800000    0.12525474 
333.200000    0.12205649 
333.600000    0.10446608 
334.000000    0.07758280 
334.400000    0.04667513 
334.800000    0.01393637 
335.200000    -0.01920264 
335.600000    -0.04970418 
336.000000    -0.07768670 
336.400000    -0.10267558 
336.800000    -0.12096778 
337.200000    -0.12686771 
337.600000    -0.11720443 
338.000000    -0.09471735 
338.400000    -0.06532753 
338.800000    -0.03323585 
339.200000    0.00036801 
339.600000    0.03297581 
340.000000    0.06276290 
340.400000    0.09026745 
340.800000    0.11359210 
341.200000    0.12754662 
341.600000    0.12655550 
342.000000    0.10994467 
342.400000    0.08283121 
342.800000    0.05117082 
343.200000    0.01772197 
343.600000    -0.01629820 
344.000000    -0.04780741 
344.400000    -0.07677975 
344.800000    -0.10300721 
345.200000    -0.12288714 
345.600000    -0.13028249 
346.000000    -0.12123907 
346.400000    -0.09829566 
346.800000    -0.06792657 
347.200000    -0.03494373 
347.600000    -0.00074517 
348.000000    0.03225565 
348.400000    0.06218298 
348.800000    0.08969415 
349.200000    0.11311060 
349.600000    0.12740410 
350.000000    0.12689754 
350.400000    0.11062661 
350.800000    0.08360986 
351.200000    0.05196355 
351.600000    0.01864456 
352.000000    -0.01510912 
352.400000    -0.04618630 
352.800000    -0.07445243 
353.200000    -0.09986909 
353.600000    -0.11925652 
354.000000    -0.12700963 
354.400000    -0.11927064 
354.800000    -0.09800344 
355.200000    -0.06909436 
355.600000    -0.03725019 
356.000000    -0.00396259 
356.400000    0.02856518 
356.800000    0.05802972 
357.200000    0.08498942 
357.600000    0.10816502 
358.000000    0.12313153 
358.400000    0.12453062 
358.800000    0.11083101 
359.200000    0.08608668 
359.600000    0.05601395 
360.000000    0.02378038 
360.400000    -0.00957049 
360.800000    -0.04097370 
361.200000    -0.06963499 
361.600000    -0.09575477 
362.000000    -0.11659742 
362.400000    -0.12670097 
362.800000    -0.12159748 
363.200000    -0.10229663 
363.600000    -0.07434293 
364.000000    -0.04281009 
364.400000    -0.00952671 
364.800000    0.02379387 
365.200000    0.05438715 
365.600000    0.08266007 
366.000000    0.10766955 
366.400000    0.12502997 
366.800000    0.12870966 
367.200000    0.11619250 
367.600000    0.09131721 
368.000000    0.06041118 
368.400000    0.02731007 
368.800000    -0.00691163 
369.200000    -0.03934579 
369.600000    -0.06898372 
370.000000    -0.09621417 
370.400000    -0.11842843 
370.800000    -0.12985897 
371.200000    -0.12533027 
371.600000    -0.10554471 
372.000000    -0.07651916 
372.400000    -0.04395718 
372.800000    -0.00998496 
373.200000    0.02368786 
373.600000    0.05431826 
374.000000    0.08240448 
374.400000    0.10715872 
374.800000    0.12438776 
375.200000    0.12815663 
375.600000    0.11585042 
376.000000    0.09117628 
376.400000    0.06046748 
376.800000    0.02765322 
377.200000    -0.00612629 
377.600000    -0.03796636 
378.000000    -0.06674278 
378.400000    -0.09291831 
378.800000    -0.11425239 
379.200000    -0.12560646 
379.600000    -0.12220379 
380.000000    -0.10432307 
380.400000    -0.07718387 
380.800000    -0.04612525 
381.200000    -0.01334486 
381.600000    0.01967027 
382.000000    0.04990806 
382.400000    0.07752981 
382.800000    0.10206495 
383.200000    0.11989163 
383.600000    0.12550058 
384.000000    0.11587652 
384.400000    0.09370568 
384.800000    0.06472716 
385.200000    0.03301389 
385.600000    -0.00026376 
386.000000    -0.03258436 
386.400000    -0.06207241 
386.800000    -0.08922697 
387.200000    -0.11219561 
387.600000    -0.12595162 
388.000000    -0.12512702 
388.400000    -0.10904052 
388.800000    -0.08255830 
389.200000    -0.05142035 
389.600000    -0.01833376 
390.000000    0.01551952 
390.400000    0.04702349 
390.800000    0.07603003 
391.200000    0.10232017 
391.600000    0.12230523 
392.000000    0.12987436 
392.400000    0.12107107 
392.800000    0.09836898 
393.200000    0.06817082 
393.600000    0.03526804 
394.000000    0.00105647 
394.400000    -0.03207534 
394.800000    -0.06220470 
395.200000    -0.08995951 
395.600000    -0.11360337 
396.000000    -0.12799197 
396.400000    -0.12735173 
396.800000    -0.11077583 
397.200000    -0.08344111 
397.600000    -0.05154744 
398.000000    -0.01803302 
398.400000    0.01584342 
398.800000    0.04698799 
399.200000    0.07534620 
399.600000    0.10082117 
400.000000    0.12010979 
400.400000    0.12749944 
400.800000    0.11919612 
401.200000    0.09739045 
401.600000    0.06811792 
402.000000    0.03605273 
402.400000    0.00263094 
402.800000    -0.02984129 
403.200000    -0.05920945 
403.600000    -0.08605735 
404.000000    -0.10898651 
404.400000    -0.12346793 
404.800000    -0.12419490 
405.200000    -0.10987462 
405.600000    -0.08474929 
406.000000    -0.05450853 
406.400000    -0.02217887 
406.800000    0.01115568 
407.200000    0.04237798 
407.600000    0.07085894 
408.000000    0.09670012 
408.400000    0.11701235 
408.800000    0.12631490 
409.200000    0.12039083 
409.600000    0.10056664 
410.000000    0.07243972 
410.400000    0.04090255 
410.800000    0.00763573 
411.200000    -0.02548167 
411.600000    -0.05580628 
412.000000    -0.08378174 
412.400000    -0.10828005 
412.800000    -0.12479133 
413.200000    -0.12745304 
413.600000    -0.11418378 
414.000000    -0.08905733 
414.400000    -0.05824419 
414.800000    -0.02529632 
415.200000    0.00872775 
415.600000    0.04082402 
416.000000    0.07016227 
416.400000    0.09700847 
416.800000    0.11856657 
417.200000    0.12906140 
417.600000    0.12366051 
418.000000    0.10345725 
418.400000    0.07446846 
418.800000    0.04211296 
419.200000    0.00830113 
419.600000    -0.02514095 
420.000000    -0.05558019 
420.400000    -0.08354366 
420.800000    -0.10805865 
421.200000    -0.12475038 
421.600000    -0.12772162 
422.000000    -0.11468954 
422.400000    -0.08962744 
422.800000    -0.05880583 
423.200000    -0.02592589 
423.600000    0.00791151 
424.000000    0.03972434 
424.400000    0.06859286 
424.800000    0.09487471 
425.200000    0.11605513 
425.600000    0.12674418 
426.000000    0.12224088 
426.400000    0.10325934 
426.800000    0.07534376 
427.200000    0.04378696 
427.600000    0.01060079 
428.000000    -0.02253678 
428.400000    -0.05277259 
428.800000    -0.08045418 
429.200000    -0.10483647 
429.600000    -0.12192392 
430.000000    -0.12607297 
430.400000    -0.11470465 
430.800000    -0.09114965 
431.200000    -0.06135427 
431.600000    -0.02914645 
432.000000    0.00437471 
432.400000    0.03639107 
432.800000    0.06551226 
433.200000    0.09216129 
433.600000    0.11410150 
434.000000    0.12610036 
434.400000    0.12318794 
434.800000    0.10550146 
435.200000    0.07829118 
435.600000    0.04701513 
436.000000    0.01394480 
436.400000    -0.01949102 
436.800000    -0.05026950 
437.200000    -0.07854209 
437.600000    -0.10377904 
438.000000    -0.12212272 
438.400000    -0.12769653 
438.800000    -0.11735737 
439.200000    -0.09413073 
439.600000    -0.06417346 
440.000000    -0.03169459 
440.400000    0.00212882 
440.800000    0.03465710 
441.200000    0.06428058 
441.600000    0.09151812 
442.000000    0.11430665 
442.400000    0.12736706 
442.800000    0.12532150 
443.200000    0.10790885 
443.600000    0.08044761 
444.000000    0.04875207 
444.400000    0.01535503 
444.800000    -0.01838593 
445.200000    -0.04942255 
445.600000    -0.07787118 
446.000000    -0.10334567 
446.400000    -0.12211882 
446.800000    -0.12826176 
447.200000    -0.11836303 
447.600000    -0.09526847 
448.000000    -0.06523058 
448.400000    -0.03266182 
448.800000    0.00117472 
449.200000    0.03369348 
449.600000    0.06317817 
450.000000    0.09018895 
450.400000    0.11284156 
450.800000    0.12608189 
451.200000    0.12460190 
451.600000    0.10791381 
452.000000    0.08106267 
452.400000    0.04980817 
452.800000    0.01678385 
453.200000    -0.01670923 
453.600000    -0.04756049 
454.000000    -0.07571837 
454.400000    -0.10093393 
454.800000    -0.11976664 
455.200000    -0.12655947 
455.600000    -0.11781082 
456.000000    -0.09590999 
456.400000    -0.06677768 
456.800000    -0.03484675 
457.200000    -0.00144016 
457.600000    0.03104263 
458.000000    0.06054951 
458.400000    0.08761307 
458.800000    0.11059447 
459.200000    0.12468547 
459.600000    0.12453049 
460.000000    0.10918290 
460.400000    0.08326760 
460.800000    0.05252641 
461.200000    0.01980479 
461.600000    -0.01374959 
462.000000    -0.04499806 
462.400000    -0.07359494 
462.800000    -0.09945823 
463.200000    -0.11933184 
463.600000    -0.12747156 
464.000000    -0.11990763 
464.400000    -0.09861381 
464.800000    -0.06955291 
465.200000    -0.03747567 
465.600000    -0.00385701 
466.000000    0.02912116 
466.400000    0.05918363 
466.800000    0.08687966 
467.200000    0.11073379 
467.600000    0.12591521 
468.000000    0.12669220 
468.400000    0.11168557 
468.800000    0.08552996 
469.200000    0.05431615 
469.600000    0.02118617 
470.000000    -0.01273420 
470.400000    -0.04433360 
470.800000    -0.07321184 
471.200000    -0.09939855 
471.600000    -0.11972794 
472.000000    -0.12837314 
472.400000    -0.12110195 
472.800000    -0.09975046 
473.200000    -0.07042568 
473.600000    -0.03809949 
474.000000    -0.00435471 
474.400000    0.02865343 
474.800000    0.05861303 
475.200000    0.08609787 
475.600000    0.10975127 
476.000000    0.12491377 
476.400000    0.12595463 
476.800000    0.11138866 
477.200000    0.08565737 
477.600000    0.05478037 
478.000000    0.02195450 
478.400000    -0.01169078 
478.800000    -0.04303662 
479.200000    -0.07154518 
479.600000    -0.09731700 
480.000000    -0.11741837 
480.400000    -0.12633252 
480.800000    -0.11990695 
481.200000    -0.09964297 
481.600000    -0.07126425 
482.000000    -0.03964921 
482.400000    -0.00643899 
482.800000    0.02636711 
483.200000    0.05621653 
483.600000    0.08357909 
484.000000    0.10729987 
484.400000    0.12299671 
484.800000    0.12514278 
485.200000    0.11192581 
485.600000    0.08730940 
486.000000    0.05714881 
486.400000    0.02478324 
486.800000    -0.00874063 
487.200000    -0.04038786 
487.600000    -0.06926845 
488.000000    -0.09559828 
488.400000    -0.11664392 
488.800000    -0.12687761 
489.200000    -0.12174579 
489.600000    -0.10227665 
490.000000    -0.07412372 
490.400000    -0.04243410 
490.800000    -0.00905032 
491.200000    0.02426402 
491.600000    0.05477374 
492.000000    0.08289488 
492.400000    0.10762546 
492.800000    0.12454937 
493.200000    0.12772932 
493.600000    0.11485686 
494.000000    0.08988447 
494.400000    0.05906476 
494.800000    0.02608993 
495.200000    -0.00796001 
495.600000    -0.04010681 
496.000000    -0.06942820 
496.400000    -0.09622393 
496.800000    -0.11778701 
497.200000    -0.12842670 
497.600000    -0.12329968 
498.000000    -0.10338231 
498.400000    -0.07460125 
498.800000    -0.04237991 
499.200000    -0.00867173 
499.600000    0.02470207 
500.000000    0.05505216 
500.400000    0.08285433 
500.800000    0.10715187 
501.200000    0.12364742 
501.600000    0.12657789 
502.000000    0.11372871 
502.400000    0.08898598 
502.800000    0.05848787 
503.200000    0.02587364 
503.600000    -0.00774787 
504.000000    -0.03937522 
504.400000    -0.06802672 
504.800000    -0.09402173 
505.200000    -0.11486710 
505.600000    -0.12530221 
506.000000    -0.12081319 
506.400000    -0.10214909 
506.800000    -0.07469185 
507.200000    -0.04356329 
507.600000    -0.01070994 
508.000000    0.02220002 
508.400000    0.05227957 
508.800000    0.07981096 
509.200000    0.10403189 
509.600000    0.12098219 
510.000000    0.12512361 
510.400000    0.11395581 
510.800000    0.09074177 
511.200000    0.06128374 
511.600000    0.02931763 
512.000000    -0.00409537 
512.400000    -0.03616065 
512.800000    -0.06543519 
513.200000    -0.09230444 
513.600000    -0.11446573 
514.000000    -0.12657845 
514.400000    -0.12360020 
514.800000    -0.10571486 
515.200000    -0.07827050 
515.600000    -0.04676180 
516.000000    -0.01343394 
516.400000    0.02026319 
516.800000    0.05133744 
517.200000    0.07999140 
517.600000    0.10556875 
518.000000    0.12394935 
518.400000    0.12900275 
518.800000    0.11767349 
519.200000    0.09340388 
519.600000    0.06263883 
520.000000    0.02955928 
520.400000    -0.00467106 
520.800000    -0.03724639 
521.200000    -0.06687546 
521.600000    -0.09401293 
522.000000    -0.11629059 
522.400000    -0.12817862 
522.800000    -0.12448454 
523.200000    -0.10558448 
523.600000    -0.07722953 
524.000000    -0.04513253 
524.400000    -0.01154556 
524.800000    0.02190250 
525.200000    0.05232461 
525.600000    0.08006753 
526.000000    0.10447296 
526.400000    0.12162005 
526.800000    0.12586017 
527.200000    0.11454404 
527.600000    0.09098943 
528.000000    0.06120755 
528.400000    0.02908867 
528.800000    -0.00423110 
529.200000    -0.03592671 
529.600000    -0.06457974 
530.000000    -0.09062763 
530.400000    -0.11197604 
530.800000    -0.12368628 
531.200000    -0.12105557 
531.600000    -0.10413977 
532.000000    -0.07783748 
532.400000    -0.04735615 
532.800000    -0.01492914 
533.200000    0.01807401 
533.600000    0.04855493 
534.000000    0.07649069 
534.400000    0.10142303 
534.800000    0.11971126 
535.200000    0.12574356 
535.600000    0.11637386 
536.000000    0.09425109 
536.400000    0.06517398 
536.800000    0.03328022 
537.200000    -0.00025072 
537.600000    -0.03290528 
538.000000    -0.06280349 
538.400000    -0.09040472 
538.800000    -0.11368906 
539.200000    -0.12735000 
539.600000    -0.12586098 
540.000000    -0.10878365 
540.400000    -0.08139558 
540.800000    -0.04959573 
541.200000    -0.01600226 
541.600000    0.01806548 
542.000000    0.04953625 
542.400000    0.07848361 
542.800000    0.10446265 
543.200000    0.12355669 
543.600000    0.12956649 
544.000000    0.11902971 
544.400000    0.09510179 
544.800000    0.06435242 
545.200000    0.03125609 
545.600000    -0.00292687 
546.000000    -0.03549340 
546.400000    -0.06495422 
546.800000    -0.09184742 
547.200000    -0.11409226 
547.600000    -0.12647419 
548.000000    -0.12381715 
548.400000    -0.10608275 
548.800000    -0.07863386 
549.200000    -0.04716372 
549.600000    -0.01409080 
550.000000    0.01911719 
550.400000    0.04942624 
550.800000    0.07697292 
551.200000    0.10134627 
551.600000    0.11901016 
552.000000    0.12453540 
552.400000    0.11493823 
552.800000    0.09288684 
553.200000    0.06408816 
553.600000    0.03259024 
554.000000    -0.00041830 
554.400000    -0.03237392 
554.800000    -0.06138054 
555.200000    -0.08789752 
555.600000    -0.11012680 
556.000000    -0.12328530 
556.400000    -0.12236766 
556.800000    -0.10679894 
557.200000    -0.08115537 
557.600000    -0.05083312 
558.000000    -0.01839354 
558.400000    0.01498369 
558.800000    0.04613670 
559.200000    0.07477410 
559.600000    0.10062106 
560.000000    0.12015466 
560.400000    0.12751949 
560.800000    0.11901608 
561.200000    0.09701980 
561.600000    0.06758324 
562.000000    0.03525167 
562.400000    0.00135886 
562.800000    -0.03171293 
563.200000    -0.06194098 
563.600000    -0.08984090 
564.000000    -0.11353984 
564.400000    -0.12776159 
564.800000    -0.12676757 
565.200000    -0.10986760 
565.600000    -0.08237065 
566.000000    -0.05040142 
566.400000    -0.01675527 
566.800000    0.01725975 
567.200000    0.04856034 
567.600000    0.07717772 
568.000000    0.10280072 
568.400000    0.12176746 
568.800000    0.12812498 
569.200000    0.11836018 
569.600000    0.09528688 
570.000000    0.06523289 
570.400000    0.03269056 
570.800000    -0.00104010 
571.200000    -0.03337143 
571.600000    -0.06256159 
572.000000    -0.08916556 
572.400000    -0.11137175 
572.800000    -0.12430837 
573.200000    -0.12288148 
573.600000    -0.10662021 
574.000000    -0.08036170 
574.400000    -0.04966668 
574.800000    -0.01710511 
575.200000    0.01603895 
575.600000    0.04662339 
576.000000    0.07448399 
576.400000    0.09937809 
576.800000    0.11797577 
577.200000    0.12482439 
577.600000    0.11653213 
578.000000    0.09531828 
578.400000    0.06682830 
578.800000    0.03535930 
579.200000    0.00221256 
579.600000    -0.03026448 
580.000000    -0.05988936 
580.400000    -0.08711438 
580.800000    -0.11026330 
581.200000    -0.12447917 
581.600000    -0.12438386 
582.000000    -0.10905109 
582.400000    -0.08312442 
582.800000    -0.05233203 
583.200000    -0.01948991 
583.600000    0.01424409 
584.000000    0.04571827 
584.400000    0.07460942 
584.800000    0.10072228 
585.200000    0.12057391 
585.600000    0.12821189 
586.000000    0.11975961 
586.400000    0.09757610 
586.800000    0.06788235 
587.200000    0.03538034 
587.600000    0.00146299 
588.000000    -0.03149052 
588.400000    -0.06146135 
588.800000    -0.08899936 
589.200000    -0.11234759 
589.600000    -0.12643072 
590.000000    -0.12566630 
590.400000    -0.10927948 
590.800000    -0.08234599 
591.200000    -0.05086152 
591.600000    -0.01763677 
592.000000    0.01605972 
592.400000    0.04711277 
592.800000    0.07542337 
593.200000    0.10077814 
593.600000    0.11974705 
594.000000    0.12662054 
594.400000    0.11783289 
594.800000    0.09580149 
595.200000    0.06653558 
595.600000    0.03451620 
596.000000    0.00108143 
596.400000    -0.03133250 
596.800000    -0.06070687 
597.200000    -0.08756144 
597.600000    -0.11022535 
598.000000    -0.12391630 
598.400000    -0.12341175 
598.800000    -0.10791483 
599.200000    -0.08205902 
599.600000    -0.05147210 
600.000000    -0.01889039 
600.400000    0.01448787 
600.800000    0.04549954 
601.200000    0.07382745 
601.600000    0.09929167 
602.000000    0.11856923 
602.400000    0.12603204 
602.800000    0.11801473 
603.200000    0.09666921 
603.600000    0.06783124 
604.000000    0.03601139 
604.400000    0.00258559 
604.800000    -0.03013560 
605.200000    -0.05995736 
605.600000    -0.08736142 
606.000000    -0.11068996 
606.400000    -0.12503757 
606.800000    -0.12491820 
607.200000    -0.10937632 
607.600000    -0.08317144 
608.000000    -0.05215951 
608.400000    -0.01920315 
608.800000    0.01451242 
609.200000    0.04584304 
609.600000    0.07450931 
610.000000    0.10033716 
610.400000    0.11991026 
610.800000    0.12739713 
611.200000    0.11900671 
611.600000    0.09704998 
612.000000    0.06763399 
612.400000    0.03539421 
612.800000    0.00171750 
613.200000    -0.03102613 
613.600000    -0.06076986 
614.000000    -0.08804609 
614.400000    -0.11116785 
614.800000    -0.12521128 
615.200000    -0.12473053 
615.600000    -0.10887795 
616.000000    -0.08249571 
616.400000    -0.05143207 
616.800000    -0.01849724 
617.200000    0.01508494 
617.600000    0.04617292 
618.000000    0.07454460 
618.400000    0.10001512 
618.800000    0.11921157 
619.200000    0.12644440 
619.600000    0.11806380 
620.000000    0.09634801 
620.400000    0.06724597 
620.800000    0.03527936 
621.200000    0.00181336 
621.600000    -0.03077501 
622.000000    -0.06038105 
622.400000    -0.08750682 
622.800000    -0.11048204 
623.200000    -0.12445742 
623.600000    -0.12408512 
624.000000    -0.10851035 
624.400000    -0.08244645 
624.800000    -0.05163381 
625.200000    -0.01886126 
625.600000    0.01466667 
626.000000    0.04579326 
626.400000    0.07423171 
626.800000    0.09979028 
627.200000    0.11909195 
627.600000    0.12643438 
628.000000    0.11814739 
628.400000    0.09649174 
628.800000    0.06741300 
629.200000    0.03544144 
629.600000    0.00194379 
630.000000    -0.03071725 
630.400000    -0.06042345 
630.800000    -0.08767074 
631.200000    -0.11076779 
631.600000    -0.12481198 
632.000000    -0.12439999 
632.400000    -0.10868963 
632.800000    -0.08246779 
633.200000    -0.05152683 
633.600000    -0.01865854 
634.000000    0.01492765 
634.400000    0.04608430 
634.800000    0.07456057 
635.200000    0.10015270 
635.600000    0.11944609 
636.000000    0.12669595 
636.400000    0.11823760 
636.800000    0.09639904 
637.200000    0.06718281 
637.600000    0.03512098 
638.000000    0.00156861 
638.400000    -0.03108562 
638.800000    -0.06077179 
639.200000    -0.08799526 
639.600000    -0.11103621 
640.000000    -0.12496530 
640.400000    -0.12438830 
640.800000    -0.10851797 
641.200000    -0.08218695 
641.600000    -0.05118467 
642.000000    -0.01827464 
642.400000    0.01531399 
642.800000    0.04643525 
643.200000    0.07487444 
643.600000    0.10040093 
644.000000    0.11956631 
644.400000    0.12662724 
644.800000    0.11798085 
645.200000    0.09602152 
645.600000    0.06675660 
646.000000    0.03467766 
646.400000    0.00112259 
646.800000    -0.03147870 
647.200000    -0.06109933 
647.600000    -0.08823760 
648.000000    -0.11113201 
648.400000    -0.12484007 
648.800000    -0.12402903 
649.200000    -0.10801018 
649.600000    -0.08164570 
650.000000    -0.05067536 
650.400000    -0.01780487 
650.800000    0.01571382 
651.200000    0.04673460 
651.600000    0.07507080 
652.000000    0.10045731 
652.400000    0.11942113 
652.800000    0.12625753 
653.200000    0.11746353 
653.600000    0.09548886 
654.000000    0.06629801 
654.400000    0.03430716 
654.800000    0.00082428 
655.200000    -0.03169621 
655.600000    -0.06125210 
656.000000    -0.08832849 
656.400000    -0.11113186 
656.800000    -0.12471094 
657.200000    -0.12377772 
657.600000    -0.10770500 
658.000000    -0.08135886 
658.400000    -0.05043206 
658.800000    -0.01758613 
659.200000    0.01592421 
659.600000    0.04695486 
660.000000    0.07533206 
660.400000    0.10076033 
660.800000    0.11971547 
661.200000    0.12645359 
661.600000    0.11749564 
662.000000    0.09536131 
662.400000    0.06605253 
662.800000    0.03396941 
663.200000    0.00040372 
663.600000    -0.03216080 
664.000000    -0.06177299 
664.400000    -0.08891589 
664.800000    -0.11173137 
665.200000    -0.12518652 
665.600000    -0.12397311 
666.000000    -0.10756355 
666.400000    -0.08094440 
666.800000    -0.04983618 
667.200000    -0.01685975 
667.600000    0.01669143 
668.000000    0.04768887 
668.400000    0.07603400 
668.800000    0.10137945 
669.200000    0.12012456 
669.600000    0.12650422 
670.000000    0.11714512 
670.400000    0.09471517 
670.800000    0.06525771 
671.200000    0.03310895 
671.600000    -0.00047006 
672.000000    -0.03292646 
672.400000    -0.06240781 
672.800000    -0.08939096 
673.200000    -0.11195158 
673.600000    -0.12503882 
674.000000    -0.12344520 
674.400000    -0.10679651 
674.800000    -0.08011977 
675.200000    -0.04905361 
675.600000    -0.01612837 
676.000000    0.01732444 
676.400000    0.04818644 
676.800000    0.07640209 
677.200000    0.10156925 
677.600000    0.12004352 
678.000000    0.12610412 
678.400000    0.11651273 
678.800000    0.09401793 
679.200000    0.06461164 
679.600000    0.03253061 
680.000000    -0.00099812 
680.400000    -0.03337829 
680.800000    -0.06280627 
681.200000    -0.08973555 
681.600000    -0.11217545 
682.000000    -0.12503723 
682.400000    -0.12317134 
682.800000    -0.10632267 
683.200000    -0.07956451 
683.600000    -0.04848338 
684.000000    -0.01554117 
684.400000    0.01790177 
684.800000    0.04874049 
685.200000    0.07696004 
685.600000    0.10209799 
686.000000    0.12042683 
686.400000    0.12619629 
686.800000    0.11626277 
687.200000    0.09350969 
687.600000    0.06396350 
688.000000    0.03180036 
688.400000    -0.00178088 
688.800000    -0.03412998 
689.200000    -0.06353668 
689.600000    -0.09044121 
690.000000    -0.11276445 
690.400000    -0.12534319 
690.800000    -0.12306762 
691.200000    -0.10584145 
691.600000    -0.07884813 
692.000000    -0.04764859 
692.400000    -0.01462720 
692.800000    0.01880402 
693.200000    0.04957267 
693.600000    0.07773677 
694.000000    0.10276191 
694.400000    0.12083076 
694.800000    0.12618347 
695.200000    0.11581408 
695.600000    0.09276422 
696.000000    0.06308035 
696.400000    0.03085069 
696.800000    -0.00275540 
697.200000    -0.03501864 
697.600000    -0.06434178 
698.000000    -0.09114290 
698.400000    -0.11324765 
698.800000    -0.12543923 
699.200000    -0.12269653 
699.600000    -0.10510779 
700.000000    -0.07793868 
700.400000    -0.04668267 
700.800000    -0.01362863 
701.200000    0.01974799 
701.600000    0.05041047 
702.000000    0.07847944 
702.400000    0.10333611 
702.800000    0.12107533 
703.200000    0.12595716 
703.600000    0.11514907 
704.000000    0.09184758 
704.400000    0.06208522 
704.800000    0.02983619 
705.200000    -0.00375888 
705.600000    -0.03591018 
706.000000    -0.06513135 
706.400000    -0.09180514 
706.800000    -0.11365449 
707.200000    -0.12541619 
707.600000    -0.12218330 
708.000000    -0.10424472 
708.400000    -0.07693557 
708.800000    -0.04565958 
709.200000    -0.01260021 
709.600000    0.02069989 
710.000000    0.05124703 
710.400000    0.07921679 
710.800000    0.10389918 
711.200000    0.12129836 
711.600000    0.12570033 
712.000000    0.11445569 
712.400000    0.09091541 
712.800000    0.06108913 
713.200000    0.02882983 
713.600000    -0.00474974 
714.000000    -0.03679734 
714.400000    -0.06593823 
714.800000    -0.09251610 
715.200000    -0.11414723 
715.600000    -0.12551122 
716.000000    -0.12180111 
716.400000    -0.10350081 
716.800000    -0.07602278 
717.200000    -0.04469219 
717.600000    -0.01159362 
718.000000    0.02166503 
718.400000    0.05214429 
718.800000    0.08007568 
719.200000    0.10465504 
719.600000    0.12177735 
720.000000    0.12571967 
720.400000    0.11399430 
720.800000    0.09012585 
721.200000    0.06013720 
721.600000    0.02777997 
722.000000    -0.00585204 
722.400000    -0.03784642 
722.800000    -0.06696104 
723.200000    -0.09349808 
723.600000    -0.11494618 
724.000000    -0.12589228 
724.400000    -0.12160918 
724.800000    -0.10280394 
725.200000    -0.07501667 
725.600000    -0.04351852 
726.000000    -0.01029706 
726.400000    0.02294496 
726.800000    0.05335007 
727.200000    0.08122105 
727.600000    0.10563402 
728.000000    0.12235108 
728.400000    0.12565312 
728.800000    0.11327541 
729.200000    0.08896898 
729.600000    0.05876962 
730.000000    0.02629660 
730.400000    -0.00735943 
730.800000    -0.03920510 
731.200000    -0.06817167 
731.600000    -0.09449630 
732.000000    -0.11552460 
732.400000    -0.12579829 
732.800000    -0.12078205 
733.200000    -0.10147200 
733.600000    -0.07348853 
734.000000    -0.04196406 
734.400000    -0.00875295 
734.800000    0.02431817 
735.200000    0.05449063 
735.600000    0.08211846 
736.000000    0.10615038 
736.400000    0.12226612 
736.800000    0.12486541 
737.200000    0.11197480 
737.600000    0.08749687 
738.000000    0.05735769 
738.400000    0.02498538 
738.800000    -0.00854001 
739.200000    -0.04016855 
739.600000    -0.06895173 
740.000000    -0.09505614 
740.400000    -0.11571881 
740.800000    -0.12547823 
741.200000    -0.11998316 
741.600000    -0.10043086 
742.000000    -0.07243788 
742.400000    -0.04098650 
742.800000    -0.00781951 
743.200000    0.02517210 
743.600000    0.05529791 
744.000000    0.08293206 
744.400000    0.10691575 
744.800000    0.12280888 
745.200000    0.12499751 
745.600000    0.11166394 
746.000000    0.08686943 
746.400000    0.05654464 
746.800000    0.02402123 
747.200000    -0.00962413 
747.600000    -0.04131077 
748.000000    -0.07022014 
748.400000    -0.09645278 
748.800000    -0.11707055 
749.200000    -0.12644147 
749.600000    -0.12025058 
750.000000    -0.09996657 
750.400000    -0.07141955 
750.800000    -0.03958201 
751.200000    -0.00611718 
751.600000    0.02694769 
752.000000    0.05708202 
752.400000    0.08472935 
752.800000    0.10855360 
753.200000    0.12390812 
753.600000    0.12516173 
754.000000    0.11081267 
754.400000    0.08527175 
754.800000    0.05452425 
755.200000    0.02174138 
755.600000    -0.01193730 
756.000000    -0.04336841 
756.400000    -0.07199018 
756.800000    -0.09778363 
757.200000    -0.11762893 
757.600000    -0.12590594 
758.000000    -0.11865625 
758.400000    -0.09774726 
758.800000    -0.06904476 
759.200000    -0.03727613 
759.600000    -0.00394882 
760.000000    0.02871688 
760.400000    0.05837410 
760.800000    0.08548050 
761.200000    0.10855199 
761.600000    0.12294157 
762.000000    0.12332715 
762.400000    0.10860173 
762.800000    0.08320941 
763.200000    0.05284873 
763.600000    0.02042109 
764.000000    -0.01292165 
764.400000    -0.04401223 
764.800000    -0.07235475 
765.200000    -0.09783826 
765.600000    -0.11727144 
766.000000    -0.12511342 
766.400000    -0.11762825 
766.800000    -0.09678759 
767.200000    -0.06832292 
767.600000    -0.03676731 
768.000000    -0.00353243 
768.400000    0.02914402 
768.800000    0.05894767 
769.200000    0.08631248 
769.600000    0.10963572 
770.000000    0.12408935 
770.400000    0.12423063 
770.800000    0.10904127 
771.200000    0.08316069 
771.600000    0.05237674 
772.000000    0.01955163 
772.400000    -0.01414490 
772.800000    -0.04555372 
773.200000    -0.07432310 
773.600000    -0.10023532 
774.000000    -0.11981098 
774.400000    -0.12717540 
774.800000    -0.11858630 
775.200000    -0.09645631 
775.600000    -0.06692737 
776.000000    -0.03458610 
776.400000    -0.00079304 
776.800000    0.03199604 
777.200000    0.06179491 
777.600000    0.08908652 
778.000000    0.11199464 
778.400000    0.12542313 
778.800000    0.12400949 
779.200000    0.10728661 
779.600000    0.08037784 
780.000000    0.04907528 
780.400000    0.01598973 
780.800000    -0.01751175 
781.200000    -0.04830919 
781.600000    -0.07636190 
782.000000    -0.10125792 
782.400000    -0.11937605 
782.800000    -0.12509768 
783.200000    -0.11532902 
783.600000    -0.09287265 
784.000000    -0.06365006 
784.400000    -0.03179778 
784.800000    0.00146909 
785.200000    0.03349606 
785.600000    0.06250059 
786.000000    0.08889888 
786.400000    0.11071689 
786.800000    0.12304709 
787.200000    0.12104312 
787.600000    0.10455776 
788.000000    0.07844089 
788.400000    0.04799673 
788.800000    0.01555990 
789.200000    -0.01751862 
789.600000    -0.04810225 
790.000000    -0.07608278 
790.400000    -0.10096904 
790.800000    -0.11908647 
791.200000    -0.12484265 
791.600000    -0.11521205 
792.000000    -0.09296816 
792.400000    -0.06391167 
792.800000    -0.03208486 
793.200000    0.00135530 
793.600000    0.03378907 
794.000000    0.06342286 
794.400000    0.09063493 
794.800000    0.11325061 
795.200000    0.12595734 
795.600000    0.12355439 
796.000000    0.10602511 
796.400000    0.07869816 
796.800000    0.04718632 
797.200000    0.01383781 
797.600000    -0.01989366 
798.000000    -0.05097267 
798.400000    -0.07952939 
798.800000    -0.10486426 
799.200000    -0.12284515 
799.600000    -0.12745059 
800.000000    -0.11584467 
800.400000    -0.09158425 
800.800000    -0.06102185 
801.200000    -0.02817213 
801.600000    0.00580666 
802.000000    0.03800871 
802.400000    0.06721660 
802.800000    0.09376214 
803.200000    0.11513940 
803.600000    0.12591681 
804.000000    0.12136580 
804.400000    0.10227298 
804.800000    0.07428642 
805.200000    0.04271610 
805.600000    0.00954684 
806.000000    -0.02343213 
806.400000    -0.05340137 
806.800000    -0.08068365 
807.200000    -0.10436479 
807.600000    -0.12036733 
808.000000    -0.12330214 
808.400000    -0.11112575 
808.800000    -0.08743998 
809.200000    -0.05796810 
809.600000    -0.02614603 
810.000000    0.00695098 
810.400000    0.03831725 
810.800000    0.06677428 
811.200000    0.09253164 
811.600000    0.11306781 
812.000000    0.12323400 
812.400000    0.11875368 
812.800000    0.10046077 
813.200000    0.07353988 
813.600000    0.04285211 
814.000000    0.01021093 
814.400000    -0.02268254 
814.800000    -0.05292320 
815.200000    -0.08071050 
815.600000    -0.10503940 
816.000000    -0.12164040 
816.400000    -0.12488091 
816.800000    -0.11261665 
817.200000    -0.08856427 
817.600000    -0.05860307 
818.000000    -0.02622804 
818.400000    0.00751878 
818.800000    0.03964311 
819.200000    0.06907222 
819.600000    0.09595688 
820.000000    0.11740555 
820.400000    0.12762500 
820.800000    0.12195256 
821.200000    0.10168072 
821.600000    0.07280750 
822.000000    0.04056607 
822.400000    0.00673641 
822.800000    -0.02671277 
823.200000    -0.05722420 
823.600000    -0.08525811 
824.000000    -0.10947116 
824.400000    -0.12509041 
824.800000    -0.12627303 
825.200000    -0.11147533 
825.600000    -0.08533812 
826.000000    -0.05408179 
826.400000    -0.02094487 
826.800000    0.01288023 
827.200000    0.04424455 
827.600000    0.07270934 
828.000000    0.09822894 
828.400000    0.11764352 
828.800000    0.12537583 
829.200000    0.11763686 
829.600000    0.09646108 
830.000000    0.06772472 
830.400000    0.03604772 
830.800000    0.00288787 
831.200000    -0.02942645 
831.600000    -0.05863451 
832.000000    -0.08518473 
832.400000    -0.10756521 
832.800000    -0.12125785 
833.200000    -0.12124907 
833.600000    -0.10663773 
834.000000    -0.08172850 
834.400000    -0.05193244 
834.800000    -0.01997702 
835.200000    0.01297811 
835.600000    0.04373825 
836.000000    0.07175444 
836.400000    0.09686294 
836.800000    0.11590600 
837.200000    0.12352398 
837.600000    0.11618396 
838.000000    0.09581399 
838.400000    0.06789756 
838.800000    0.03677394 
839.200000    0.00379543 
839.600000    -0.02882017 
840.000000    -0.05869400 
840.400000    -0.08619104 
840.800000    -0.10964304 
841.200000    -0.12414813 
841.600000    -0.12424498 
842.000000    -0.10897393 
842.400000    -0.08302392 
842.800000    -0.05216720 
843.200000    -0.01921885 
843.600000    0.01465529 
844.000000    0.04629828 
844.400000    0.07539921 
844.800000    0.10164664 
845.200000    0.12134336 
845.600000    0.12837682 
846.000000    0.11903011 
846.400000    0.09605185 
846.800000    0.06585256 
847.200000    0.03301735 
847.600000    -0.00113929 
848.000000    -0.03402824 
848.400000    -0.06390741 
848.800000    -0.09125004 
849.200000    -0.11393577 
849.600000    -0.12661283 
850.000000    -0.12396199 
850.400000    -0.10597909 
850.800000    -0.07819777 
851.200000    -0.04641041 
851.600000    -0.01302696 
852.000000    0.02039435 
852.400000    0.05084796 
852.800000    0.07851682 
853.200000    0.10277538 
853.600000    0.11979440 
854.000000    0.12406141 
854.400000    0.11300199 
854.800000    0.08985451 
855.200000    0.06048358 
855.600000    0.02868645 
856.000000    -0.00439169 
856.400000    -0.03587575 
856.800000    -0.06429305 
857.200000    -0.08996922 
857.600000    -0.11071612 
858.000000    -0.12166427 
858.400000    -0.11843310 
858.800000    -0.10137913 
859.200000    -0.07535033 
859.600000    -0.04526608 
860.000000    -0.01314020 
860.400000    0.01952427 
860.800000    0.04963957 
861.200000    0.07718683 
861.600000    0.10146020 
862.000000    0.11863475 
862.400000    0.12330103 
862.800000    0.11291434 
863.200000    0.09049921 
863.600000    0.06164759 
864.000000    0.03004288 
864.400000    -0.00326699 
864.800000    -0.03552159 
865.200000    -0.06510968 
865.600000    -0.09229581 
866.000000    -0.11460629 
866.400000    -0.12650986 
866.800000    -0.12298215 
867.200000    -0.10449606 
867.600000    -0.07662928 
868.000000    -0.04483580 
868.400000    -0.01121318 
868.800000    0.02262617 
869.200000    0.05378719 
869.600000    0.08254967 
870.000000    0.10788772 
870.400000    0.12520792 
870.800000    0.12830157 
871.200000    0.11483921 
871.600000    0.08910920 
872.000000    0.05765955 
872.400000    0.02421292 
872.800000    -0.01007503 
873.200000    -0.04212710 
873.600000    -0.07123692 
874.000000    -0.09752990 
874.400000    -0.11800601 
874.800000    -0.12692618 
875.200000    -0.11998902 
875.600000    -0.09892025 
876.000000    -0.06982134 
876.400000    -0.03772060 
876.800000    -0.00426652 
877.200000    0.02831932 
877.600000    0.05766892 
878.000000    0.08426450 
878.400000    0.10676043 
878.800000    0.12077463 
879.200000    0.12124830 
879.600000    0.10706743 
880.000000    0.08241271 
880.400000    0.05276568 
880.800000    0.02099215 
881.200000    -0.01175269 
881.600000    -0.04228021 
882.000000    -0.06991028 
882.400000    -0.09459221 
882.800000    -0.11344784 
883.200000    -0.12142588 
883.600000    -0.11501436 
884.000000    -0.09577680 
884.400000    -0.06883881 
884.800000    -0.03847598 
885.200000    -0.00610216 
885.600000    0.02624432 
886.000000    0.05592252 
886.400000    0.08319413 
886.800000    0.10664756 
887.200000    0.12173245 
887.600000    0.12311249 
888.000000    0.10942670 
888.400000    0.08479811 
888.800000    0.05480919 
889.200000    0.02243266 
889.600000    -0.01129445 
890.000000    -0.04323629 
890.400000    -0.07269703 
890.800000    -0.09952165 
891.200000    -0.12024425 
891.600000    -0.12873026 
892.000000    -0.12079378 
892.400000    -0.09867570 
892.800000    -0.06874522 
893.200000    -0.03588701 
893.600000    -0.00155249 
894.000000    0.03188826 
894.400000    0.06240370 
894.800000    0.09048991 
895.200000    0.11416238 
895.600000    0.12797493 
896.000000    0.12616855 
896.400000    0.10836238 
896.800000    0.08021659 
897.200000    0.04790760 
897.600000    0.01409154 
898.000000    -0.01972987 
898.400000    -0.05053243 
898.800000    -0.07849586 
899.200000    -0.10307120 
899.600000    -0.12043770 
900.000000    -0.12494527 
900.400000    -0.11385051 
900.800000    -0.09042866 
901.200000    -0.06073959 
901.600000    -0.02872798 
902.000000    0.00441376 
902.400000    0.03580795 
902.800000    0.06400435 
903.200000    0.08936713 
903.600000    0.10980098 
904.000000    0.12058560 
904.400000    0.11744981 
904.800000    0.10070309 
905.200000    0.07505284 
905.600000    0.04533050 
906.000000    0.01354813 
906.400000    -0.01880564 
906.800000    -0.04860541 
907.200000    -0.07575454 
907.600000    -0.09962406 
908.000000    -0.11659893 
908.400000    -0.12152054 
908.800000    -0.11186012 
909.200000    -0.09034295 
909.600000    -0.06226668 
910.000000    -0.03124577 
910.400000    0.00167935 
910.800000    0.03384334 
911.200000    0.06340191 
911.600000    0.09059669 
912.000000    0.11308837 
912.400000    0.12549002 
912.800000    0.12275359 
913.200000    0.10508295 
913.600000    0.07780256 
914.000000    0.04634003 
914.400000    0.01288181 
914.800000    -0.02108409 
915.200000    -0.05255643 
915.600000    -0.08169543 
916.000000    -0.10754061 
916.400000    -0.12549734 
916.800000    -0.12918541 
917.200000    -0.11603329 
917.600000    -0.09028346 
918.000000    -0.05863561 
918.400000    -0.02496600 
918.800000    0.00956858 
919.200000    0.04191904 
919.600000    0.07133907 
920.000000    0.09797462 
920.400000    0.11879032 
920.800000    0.12790087 
921.200000    0.12085180 
921.600000    0.09942196 
922.000000    0.06991612 
922.400000    0.03749486 
922.800000    0.00383216 
923.200000    -0.02882131 
923.600000    -0.05816488 
924.000000    -0.08471686 
924.400000    -0.10711070 
924.800000    -0.12093909 
925.200000    -0.12115312 
925.600000    -0.10671325 
926.000000    -0.08188140 
926.400000    -0.05215440 
926.800000    -0.02036322 
927.200000    0.01230582 
927.600000    0.04265476 
928.000000    0.07006220 
928.400000    0.09445906 
928.800000    0.11297530 
929.200000    0.12064926 
929.600000    0.11409966 
930.000000    0.09492569 
930.400000    0.06816432 
930.800000    0.03798356 
931.200000    0.00575884 
931.600000    -0.02642851 
932.000000    -0.05594207 
932.400000    -0.08301631 
932.800000    -0.10620683 
933.200000    -0.12099886 
933.600000    -0.12218825 
934.000000    -0.10852345 
934.400000    -0.08408062 
934.800000    -0.05431098 
935.200000    -0.02209743 
935.600000    0.01151625 
936.000000    0.04337065 
936.400000    0.07275891 
936.800000    0.09946830 
937.200000    0.11998209 
937.600000    0.12819922 
938.000000    0.12007165 
938.400000    0.09793275 
938.800000    0.06809940 
939.200000    0.03534838 
939.600000    0.00108427 
940.000000    -0.03228339 
940.400000    -0.06275938 
940.800000    -0.09080968 
941.200000    -0.11436748 
941.600000    -0.12792783 
942.000000    -0.12579559 
942.400000    -0.10775025 
942.800000    -0.07952260 
943.200000    -0.04722203 
943.600000    -0.01341339 
944.000000    0.02037411 
944.400000    0.05115029 
944.800000    0.07913393 
945.200000    0.10370098 
945.600000    0.12092496 
946.000000    0.12511034 
946.400000    0.11362018 
946.800000    0.08988794 
947.200000    0.06001304 
947.600000    0.02786708 
948.000000    -0.00537894 
948.400000    -0.03680006 
948.800000    -0.06506675 
949.200000    -0.09050744 
949.600000    -0.11088721 
950.000000    -0.12134638 
950.400000    -0.11762744 
950.800000    -0.10024834 
951.200000    -0.07410345 
951.600000    -0.04403176 
952.000000    -0.01196543 
952.400000    0.02048638 
952.800000    0.05027015 
953.200000    0.07740825 
953.600000    0.10111907 
954.000000    0.11759258 
954.400000    0.12163329 
954.800000    0.11097903 
955.200000    0.08869654 
955.600000    0.06017418 
956.000000    0.02888177 
956.400000    -0.00415359 
956.800000    -0.03607658 
957.200000    -0.06532018 
957.600000    -0.09205828 
958.000000    -0.11373507 
958.400000    -0.12492846 
958.800000    -0.12095176 
959.200000    -0.10250178 
959.600000    -0.07501212 
960.000000    -0.04364764 
960.400000    -0.01034338 
960.800000    0.02321873 
961.200000    0.05415677 
961.600000    0.08271305 
962.000000    0.10773035 
962.400000    0.12454424 
962.800000    0.12709771 
963.200000    0.11336095 
963.600000    0.08770945 
964.000000    0.05650540 
964.400000    0.02325577 
964.800000    -0.01091020 
965.200000    -0.04289147 
965.600000    -0.07204561 
966.000000    -0.09839061 
966.400000    -0.11873956 
966.800000    -0.12722515 
967.200000    -0.11967075 
967.600000    -0.09808728 
968.000000    -0.06869087 
968.400000    -0.03639825 
968.800000    -0.00274811 
969.200000    0.02993779 
969.600000    0.05945822 
970.000000    0.08630400 
970.400000    0.10889298 
970.800000    0.12253262 
971.200000    0.12205480 
971.600000    0.10666892 
972.000000    0.08099187 
972.400000    0.05062466 
972.800000    0.01828312 
973.200000    -0.01476468 
973.600000    -0.04532063 
974.000000    -0.07302674 
974.400000    -0.09762597 
974.800000    -0.11585790 
975.200000    -0.12245008 
975.600000    -0.11420997 
976.000000    -0.09336507 
976.400000    -0.06537940 
976.800000    -0.03436473 
977.200000    -0.00158426 
977.600000    0.03051817 
978.000000    0.05974267 
978.400000    0.08641335 
978.800000    0.10871691 
979.200000    0.12186680 
979.600000    0.12091760 
980.000000    0.10539135 
980.400000    0.07988634 
980.800000    0.04972179 
981.200000    0.01736988 
981.600000    -0.01591863 
982.000000    -0.04695016 
982.400000    -0.07543196 
982.800000    -0.10087566 
983.200000    -0.11952834 
983.600000    -0.12559757 
984.000000    -0.11591087 
984.400000    -0.09333821 
984.800000    -0.06388725 
985.200000    -0.03170868 
985.600000    0.00201642 
986.000000    0.03462111 
986.400000    0.06439426 
986.800000    0.09168076 
987.200000    0.11414663 
987.600000    0.12631327 
988.000000    0.12303661 
988.400000    0.10465098 
988.800000    0.07677327 
989.200000    0.04499555 
989.600000    0.01151657 
990.000000    -0.02203832 
990.400000    -0.05274409 
990.800000    -0.08084905 
991.200000    -0.10545705 
991.600000    -0.12230058 
992.000000    -0.12557272 
992.400000    -0.11298834 
992.800000    -0.08841801 
993.200000    -0.05801874 
993.600000    -0.02542992 
994.000000    0.00821386 
994.400000    0.03986371 
994.800000    0.06852885 
995.200000    0.09437822 
995.600000    0.11468965 
996.000000    0.12410889 
996.400000    0.11843382 
996.800000    0.09892974 
997.200000    0.07114719 
997.600000    0.03995515 
998.000000    0.00705532 
998.400000    -0.02555703 
998.800000    -0.05520081 
999.200000    -0.08219479 
999.600000    -0.10531702 
1000.000000    -0.12025337 
