0.000000    0.00000000 
0.097366    0.00039099 
0.194731    0.00077827 
0.292097    0.00115823 
0.389462    0.00152740 
0.486828    0.00188247 
0.584194    0.00222031 
0.681561    0.00253800 
0.778928    0.00283284 
0.876296    0.00310234 
0.973665    0.00334430 
1.071037    0.00355673 
1.168410    0.00373793 
1.265785    0.00388644 
1.363164    0.00400109 
1.460546    0.00408097 
1.557933    0.00412546 
1.655324    0.00413419 
1.752720    0.00410710 
1.850122    0.00404439 
1.947531    0.00394653 
2.044946    0.00381428 
2.142369    0.00364866 
2.239799    0.00345099 
2.337237    0.00322284 
2.434684    0.00296604 
2.532140    0.00268269 
2.629604    0.00237515 
2.727078    0.00204599 
2.824561    0.00169805 
2.922053    0.00133436 
3.019554    0.00095816 
3.117064    0.00057286 
3.214583    0.00018203 
3.312112    -0.00021065 
3.409650    -0.00060139 
3.507196    -0.00098635 
3.604752    -0.00136167 
3.702316    -0.00172352 
3.799889    -0.00206812 
3.897472    -0.00239181 
3.995063    -0.00269112 
4.092664    -0.00296276 
4.190274    -0.00320370 
4.287894    -0.00341124 
4.385524    -0.00358301 
4.483165    -0.00371702 
4.580817    -0.00381171 
4.678480    -0.00386596 
4.776155    -0.00387913 
4.873843    -0.00385104 
4.971543    -0.00378201 
5.069256    -0.00367280 
5.166983    -0.00352468 
5.264724    -0.00333932 
5.362478    -0.00311882 
5.460248    -0.00286568 
5.558031    -0.00258270 
5.655830    -0.00227300 
5.753642    -0.00193995 
5.851470    -0.00158711 
5.949312    -0.00121821 
6.047168    -0.00083706 
6.145039    -0.00044756 
6.242923    -0.00005359 
6.340821    0.00034098 
6.438733    0.00073234 
6.536658    0.00111679 
6.634596    0.00149077 
6.732548    0.00185086 
6.830512    0.00219386 
6.928489    0.00251673 
7.026480    0.00281669 
7.124483    0.00309117 
7.222499    0.00333787 
7.320528    0.00355473 
7.418570    0.00373997 
7.516626    0.00389208 
7.614696    0.00400982 
7.712779    0.00409224 
7.810877    0.00413867 
7.908990    0.00414872 
8.007118    0.00412228 
8.105261    0.00405955 
8.203419    0.00396100 
8.301593    0.00382740 
8.399783    0.00365978 
8.497989    0.00345948 
8.596212    0.00322811 
8.694451    0.00296755 
8.792705    0.00267997 
8.890977    0.00236777 
8.989264    0.00203363 
9.087567    0.00168046 
9.185885    0.00131140 
9.284219    0.00092978 
9.382568    0.00053914 
9.480932    0.00014315 
9.579310    -0.00025437 
9.677702    -0.00064952 
9.776107    -0.00103834 
9.874526    -0.00141683 
9.972958    -0.00178105 
10.071402    -0.00212712 
10.169859    -0.00245130 
10.268329    -0.00275000 
10.366810    -0.00301989 
10.465304    -0.00325788 
10.563810    -0.00346125 
10.662329    -0.00362761 
10.760860    -0.00375500 
10.859404    -0.00384190 
10.957960    -0.00388726 
11.056530    -0.00389052 
11.155112    -0.00385162 
11.253708    -0.00377100 
11.352318    -0.00364959 
11.450941    -0.00348880 
11.549577    -0.00329050 
11.648228    -0.00305697 
11.746892    -0.00279088 
11.845569    -0.00249525 
11.944260    -0.00217337 
12.042963    -0.00182880 
12.141680    -0.00146527 
12.240409    -0.00108667 
12.339150    -0.00069698 
12.437902    -0.00030021 
12.536665    0.00009963 
12.635440    0.00049856 
12.734224    0.00089270 
12.833018    0.00127828 
12.931822    0.00165169 
13.030635    0.00200949 
13.129456    0.00234846 
13.228287    0.00266557 
13.327125    0.00295807 
13.425972    0.00322343 
13.524826    0.00345939 
13.623689    0.00366398 
13.722560    0.00383549 
13.821439    0.00397252 
13.920326    0.00407393 
14.019222    0.00413889 
14.118126    0.00416688 
14.217039    0.00415764 
14.315961    0.00411123 
14.414892    0.00402803 
14.513831    0.00390866 
14.612780    0.00375410 
14.711738    0.00356558 
14.810705    0.00334463 
14.909681    0.00309308 
15.008666    0.00281304 
15.107660    0.00250688 
15.206663    0.00217725 
15.305674    0.00182704 
15.404692    0.00145939 
15.503719    0.00107766 
15.602752    0.00068539 
15.701792    0.00028632 
15.800839    -0.00011570 
15.899891    -0.00051668 
15.998948    -0.00091257 
16.098011    -0.00129930 
16.197078    -0.00167279 
16.296149    -0.00202905 
16.395224    -0.00236419 
16.494303    -0.00267449 
16.593385    -0.00295645 
16.692471    -0.00320684 
16.791559    -0.00342276 
16.890652    -0.00360167 
16.989747    -0.00374145 
17.088846    -0.00384043 
17.187949    -0.00389740 
17.287056    -0.00391167 
17.386166    -0.00388307 
17.485281    -0.00381191 
17.584400    -0.00369904 
17.683524    -0.00354581 
17.782651    -0.00335401 
17.881784    -0.00312589 
17.980920    -0.00286412 
18.080061    -0.00257169 
18.179206    -0.00225192 
18.278355    -0.00190839 
18.377508    -0.00154489 
18.476664    -0.00116536 
18.575822    -0.00077383 
18.674983    -0.00037439 
18.774146    0.00002886 
18.873311    0.00043187 
18.972477    0.00083068 
19.071643    0.00122142 
19.170810    0.00160041 
19.269977    0.00196412 
19.369144    0.00230923 
19.468311    0.00263267 
19.567477    0.00293157 
19.666642    0.00320336 
19.765806    0.00344571 
19.864970    0.00365658 
19.964133    0.00383421 
20.063296    0.00397714 
20.162458    0.00408420 
20.261620    0.00415451 
20.360782    0.00418750 
20.459944    0.00418290 
20.559106    0.00414074 
20.658269    0.00406135 
20.757433    0.00394535 
20.856598    0.00379370 
20.955763    0.00360761 
21.054930    0.00338862 
21.154099    0.00313854 
21.253268    0.00285947 
21.352438    0.00255380 
21.451609    0.00222417 
21.550781    0.00187349 
21.649953    0.00150490 
21.749125    0.00112178 
21.848297    0.00072769 
21.947469    0.00032638 
22.046639    -0.00007825 
22.145808    -0.00048219 
22.244976    -0.00088137 
22.344141    -0.00127167 
22.443304    -0.00164898 
22.542464    -0.00200926 
22.641622    -0.00234858 
22.740776    -0.00266318 
22.839928    -0.00294950 
22.939076    -0.00320428 
23.038221    -0.00342454 
23.137364    -0.00360773 
23.236503    -0.00375165 
23.335640    -0.00385459 
23.434775    -0.00391532 
23.533907    -0.00393310 
23.633038    -0.00390771 
23.732167    -0.00383944 
23.831294    -0.00372912 
23.930420    -0.00357806 
24.029546    -0.00338805 
24.128670    -0.00316132 
24.227794    -0.00290052 
24.326917    -0.00260866 
24.426039    -0.00228906 
24.525160    -0.00194530 
24.624279    -0.00158119 
24.723397    -0.00120066 
24.822513    -0.00080778 
24.921627    -0.00040666 
25.020739    -0.00000141 
25.119847    0.00040389 
25.218953    0.00080525 
25.318055    0.00119880 
25.417154    0.00158079 
25.516248    0.00194770 
25.615338    0.00229618 
25.714425    0.00262311 
25.813506    0.00292563 
25.912583    0.00320111 
26.011656    0.00344721 
26.110725    0.00366186 
26.209789    0.00384328 
26.308850    0.00398998 
26.407906    0.00410077 
26.506960    0.00417474 
26.606010    0.00421129 
26.705057    0.00421014 
26.804102    0.00417128 
26.903144    0.00409502 
27.002185    0.00398197 
27.101224    0.00383304 
27.200261    0.00364943 
27.299297    0.00343265 
27.398331    0.00318449 
27.497364    0.00290702 
27.596396    0.00260260 
27.695427    0.00227386 
27.794456    0.00192368 
27.893483    0.00155518 
27.992509    0.00117173 
28.091532    0.00077687 
28.190553    0.00037434 
28.289571    -0.00003197 
28.388586    -0.00043807 
28.487598    -0.00083986 
28.586606    -0.00123323 
28.685610    -0.00161405 
28.784611    -0.00197828 
28.883606    -0.00232195 
28.982598    -0.00264127 
29.081585    -0.00293265 
29.180568    -0.00319278 
29.279546    -0.00341864 
29.378521    -0.00360760 
29.477491    -0.00375743 
29.576458    -0.00386634 
29.675421    -0.00393304 
29.774382    -0.00395671 
29.873339    -0.00393706 
29.972294    -0.00387432 
30.071248    -0.00376925 
30.170199    -0.00362309 
30.269148    -0.00343758 
30.368096    -0.00321489 
30.467043    -0.00295762 
30.565989    -0.00266873 
30.664933    -0.00235151 
30.763875    -0.00200952 
30.862816    -0.00164653 
30.961755    -0.00126648 
31.060693    -0.00087342 
31.159627    -0.00047146 
31.258560    -0.00006472 
31.357489    0.00034271 
31.456415    0.00074680 
31.555338    0.00114367 
31.654257    0.00152955 
31.753172    0.00190087 
31.852083    0.00225425 
31.950990    0.00258653 
32.049893    0.00289479 
32.148791    0.00317638 
32.247685    0.00342889 
32.346575    0.00365022 
32.445461    0.00383853 
32.544344    0.00399227 
32.643223    0.00411020 
32.742098    0.00419135 
32.840971    0.00423509 
32.939842    0.00424105 
33.038710    0.00420918 
33.137576    0.00413972 
33.236441    0.00403324 
33.335305    0.00389057 
33.434167    0.00371287 
33.533029    0.00350157 
33.631890    0.00325841 
33.730750    0.00298542 
33.829609    0.00268489 
33.928468    0.00235939 
34.027327    0.00201176 
34.126184    0.00164508 
34.225040    0.00126265 
34.323895    0.00086799 
34.422748    0.00046481 
34.521599    0.00005698 
34.620448    -0.00035153 
34.719295    -0.00075664 
34.818139    -0.00115422 
34.916979    -0.00154013 
35.015817    -0.00191030 
35.114651    -0.00226072 
35.213482    -0.00258755 
35.312309    -0.00288714 
35.411132    -0.00315609 
35.509952    -0.00339132 
35.608769    -0.00359008 
35.707583    -0.00375003 
35.806394    -0.00386928 
35.905203    -0.00394640 
36.004009    -0.00398046 
36.102814    -0.00397104 
36.201617    -0.00391826 
36.300419    -0.00382273 
36.399220    -0.00368558 
36.498020    -0.00350846 
36.596820    -0.00329342 
36.695619    -0.00304298 
36.794418    -0.00276003 
36.893217    -0.00244779 
36.992016    -0.00210976 
37.090814    -0.00174968 
37.189611    -0.00137147 
37.288407    -0.00097916 
37.387203    -0.00057688 
37.485996    -0.00016875 
37.584788    0.00024111 
37.683578    0.00064865 
37.782366    0.00104992 
37.881151    0.00144112 
37.979933    0.00181862 
38.078712    0.00217896 
38.177488    0.00251893 
38.276261    0.00283553 
38.375030    0.00312603 
38.473797    0.00338796 
38.572560    0.00361912 
38.671320    0.00381759 
38.770078    0.00398175 
38.868833    0.00411025 
38.967586    0.00420208 
39.066337    0.00425648 
39.165087    0.00427301 
39.263835    0.00425154 
39.362583    0.00419223 
39.461329    0.00409555 
39.560076    0.00396225 
39.658823    0.00379341 
39.757569    0.00359039 
39.856316    0.00335483 
39.955064    0.00308868 
40.053812    0.00279417 
40.152560    0.00247379 
40.251308    0.00213032 
40.350057    0.00176676 
40.448806    0.00138638 
40.547555    0.00099264 
40.646303    0.00058921 
40.745050    0.00017992 
40.843796    -0.00023126 
40.942541    -0.00064026 
41.041284    -0.00104295 
41.140025    -0.00143516 
41.238764    -0.00181278 
41.337500    -0.00217176 
41.436234    -0.00250818 
41.534966    -0.00281830 
41.633695    -0.00309862 
41.732421    -0.00334595 
41.831145    -0.00355740 
41.929867    -0.00373050 
42.028587    -0.00386320 
42.127305    -0.00395391 
42.226022    -0.00400154 
42.324738    -0.00400552 
42.423454    -0.00396578 
42.522169    -0.00388279 
42.620883    -0.00375755 
42.719599    -0.00359151 
42.818314    -0.00338666 
42.917030    -0.00314536 
43.015747    -0.00287042 
43.114464    -0.00256497 
43.213181    -0.00223245 
43.311900    -0.00187657 
43.410618    -0.00150120 
43.509337    -0.00111037 
43.608055    -0.00070820 
43.706773    -0.00029885 
43.805490    0.00011353 
43.904205    0.00052485 
44.002920    0.00093112 
44.101632    0.00132844 
44.200343    0.00171312 
44.299052    0.00208163 
44.397758    0.00243065 
44.496462    0.00275711 
44.595163    0.00305818 
44.693862    0.00333128 
44.792559    0.00357412 
44.891253    0.00378468 
44.989945    0.00396123 
45.088636    0.00410234 
45.187324    0.00420687 
45.286012    0.00427397 
45.384699    0.00430311 
45.483385    0.00429405 
45.582071    0.00424684 
45.680757    0.00416186 
45.779443    0.00403978 
45.878130    0.00388155 
45.976818    0.00368846 
46.075507    0.00346205 
46.174197    0.00320419 
46.272888    0.00291701 
46.371580    0.00260294 
46.470273    0.00226466 
46.568967    0.00190513 
46.667662    0.00152753 
46.766357    0.00113528 
46.865053    0.00073200 
46.963748    0.00032150 
47.062444    -0.00009228 
47.161138    -0.00050527 
47.259832    -0.00091333 
47.358524    -0.00131228 
47.457214    -0.00169796 
47.555903    -0.00206625 
47.654590    -0.00241316 
47.753276    -0.00273485 
47.851959    -0.00302773 
47.950640    -0.00328844 
48.049319    -0.00351398 
48.147996    -0.00370171 
48.246672    -0.00384941 
48.345347    -0.00395532 
48.444021    -0.00401816 
48.542695    -0.00403718 
48.641368    -0.00401213 
48.740041    -0.00394331 
48.838714    -0.00383153 
48.937388    -0.00367812 
49.036063    -0.00348488 
49.134739    -0.00325408 
49.233417    -0.00298839 
49.332095    -0.00269087 
49.430774    -0.00236488 
49.529454    -0.00201406 
49.628136    -0.00164227 
49.726817    -0.00125352 
49.825499    -0.00085194 
49.924182    -0.00044170 
50.022863    -0.00002698 
50.121545    0.00038806 
50.220225    0.00079937 
50.318904    0.00120300 
50.417582    0.00159515 
50.516258    0.00197221 
50.614932    0.00233078 
50.713605    0.00266767 
50.812275    0.00297994 
50.910943    0.00326493 
51.009609    0.00352022 
51.108273    0.00374370 
51.206935    0.00393351 
51.305596    0.00408812 
51.404256    0.00420627 
51.502914    0.00428702 
51.601572    0.00432971 
51.700230    0.00433400 
51.798888    0.00429985 
51.897546    0.00422751 
51.996204    0.00411755 
52.094864    0.00397084 
52.193525    0.00378855 
52.292186    0.00357214 
52.390850    0.00332337 
52.489515    0.00304430 
52.588181    0.00273725 
52.686849    0.00240485 
52.785518    0.00204996 
52.884188    0.00167571 
52.982859    0.00128546 
53.081531    0.00088278 
53.180203    0.00047145 
53.278875    0.00005538 
53.377547    -0.00036136 
53.476219    -0.00077464 
53.574889    -0.00118023 
53.673559    -0.00157395 
53.772227    -0.00195162 
53.870893    -0.00230917 
53.969557    -0.00264267 
54.068220    -0.00294839 
54.166881    -0.00322288 
54.265541    -0.00346295 
54.364199    -0.00366583 
54.462855    -0.00382911 
54.561511    -0.00395086 
54.660166    -0.00402960 
54.758820    -0.00406440 
54.857474    -0.00405481 
54.956128    -0.00400094 
55.054783    -0.00390343 
55.153439    -0.00376344 
55.252096    -0.00358262 
55.350754    -0.00336310 
55.449413    -0.00310743 
55.548073    -0.00281857 
55.646735    -0.00249980 
55.745399    -0.00215470 
55.844063    -0.00178710 
55.942728    -0.00140098 
56.041394    -0.00100047 
56.140060    -0.00058976 
56.238727    -0.00017308 
56.337393    0.00024538 
56.436058    0.00066150 
56.534723    0.00107125 
56.633386    0.00147076 
56.732048    0.00185631 
56.830709    0.00222442 
56.929367    0.00257178 
57.028024    0.00289537 
57.126678    0.00319239 
57.225331    0.00346032 
57.323982    0.00369693 
57.422631    0.00390026 
57.521279    0.00406866 
57.619926    0.00420076 
57.718571    0.00429550 
57.817216    0.00435212 
57.915861    0.00437016 
58.014506    0.00434947 
58.113151    0.00429021 
58.211797    0.00419283 
58.310444    0.00405810 
58.409092    0.00388708 
58.507741    0.00368114 
58.606392    0.00344195 
58.705045    0.00317147 
58.803699    0.00287195 
58.902355    0.00254591 
59.001012    0.00219615 
59.099671    0.00182573 
59.198331    0.00143796 
59.296992    0.00103635 
59.395654    0.00062463 
59.494315    0.00020670 
59.592977    -0.00021339 
59.691639    -0.00063150 
59.790300    -0.00104340 
59.888959    -0.00144486 
59.987618    -0.00183164 
60.086275    -0.00219961 
60.184931    -0.00254473 
60.283585    -0.00286319 
60.382237    -0.00315138 
60.480888    -0.00340599 
60.579537    -0.00362406 
60.678185    -0.00380304 
60.776832    -0.00394079 
60.875478    -0.00403567 
60.974124    -0.00408652 
61.072770    -0.00409272 
61.171416    -0.00405420 
61.270062    -0.00397139 
61.368709    -0.00384529 
61.467358    -0.00367738 
61.566007    -0.00346966 
61.664658    -0.00322455 
61.763311    -0.00294489 
61.861965    -0.00263389 
61.960620    -0.00229506 
62.059277    -0.00193217 
62.157934    -0.00154920 
62.256593    -0.00115026 
62.355252    -0.00073956 
62.453911    -0.00032136 
62.552570    0.00010011 
62.651229    0.00052066 
62.749887    0.00093619 
62.848544    0.00134274 
62.947199    0.00173653 
63.045853    0.00211394 
63.144504    0.00247159 
63.243154    0.00280633 
63.341802    0.00311526 
63.440448    0.00339575 
63.539093    0.00364545 
63.637735    0.00386230 
63.736376    0.00404451 
63.835016    0.00419061 
63.933654    0.00429944 
64.032292    0.00437010 
64.130930    0.00440205 
64.229567    0.00439501 
64.328205    0.00434903 
64.426844    0.00426447 
64.525484    0.00414198 
64.624126    0.00398253 
64.722768    0.00378738 
64.821413    0.00355812 
64.920060    0.00329660 
65.018709    0.00300498 
65.117360    0.00268570 
65.216012    0.00234150 
65.314667    0.00197536 
65.413323    0.00159050 
65.511981    0.00119041 
65.610640    0.00077877 
65.709300    0.00035945 
65.807960    -0.00006354 
65.906620    -0.00048603 
66.005280    -0.00090380 
66.103939    -0.00131257 
66.202597    -0.00170806 
66.301253    -0.00208608 
66.399909    -0.00244250 
66.498562    -0.00277339 
66.597214    -0.00307502 
66.695863    -0.00334395 
66.794511    -0.00357707 
66.893156    -0.00377165 
66.991800    -0.00392536 
67.090443    -0.00403638 
67.189084    -0.00410336 
67.287723    -0.00412549 
67.386362    -0.00410250 
67.485000    -0.00403464 
67.583638    -0.00392273 
67.682276    -0.00376810 
67.780913    -0.00357258 
67.879551    -0.00333847 
67.978188    -0.00306851 
68.076826    -0.00276579 
68.175464    -0.00243376 
68.274102    -0.00207615 
68.372739    -0.00169689 
68.471377    -0.00130010 
68.570013    -0.00088998 
68.668649    -0.00047082 
68.767284    -0.00004689 
68.865918    0.00037756 
68.964550    0.00079837 
69.063181    0.00121151 
69.161809    0.00161309 
69.260436    0.00199942 
69.359061    0.00236702 
69.457683    0.00271262 
69.556304    0.00303323 
69.654923    0.00332610 
69.753541    0.00358877 
69.852157    0.00381906 
69.950772    0.00401509 
70.049386    0.00417525 
70.148000    0.00429827 
70.246614    0.00438315 
70.345229    0.00442922 
70.443845    0.00443610 
70.542462    0.00440373 
70.641081    0.00433236 
70.739703    0.00422252 
70.838327    0.00407510 
70.936953    0.00389123 
71.035583    0.00367241 
71.134215    0.00342039 
71.232851    0.00313724 
71.331490    0.00282532 
71.430132    0.00248727 
71.528777    0.00212599 
71.627424    0.00174466 
71.726074    0.00134669 
71.824726    0.00093571 
71.923379    0.00051556 
72.022034    0.00009023 
72.120689    -0.00033613 
72.219345    -0.00075928 
72.318001    -0.00117493 
72.416656    -0.00157875 
72.515310    -0.00196648 
72.613963    -0.00233392 
72.712615    -0.00267704 
72.811266    -0.00299199 
72.909915    -0.00327520 
73.008563    -0.00352338 
73.107209    -0.00373365 
73.205854    -0.00390350 
73.304497    -0.00403092 
73.403141    -0.00411436 
73.501783    -0.00415282 
73.600426    -0.00414581 
73.699068    -0.00409341 
73.797711    -0.00399624 
73.896355    -0.00385546 
73.995000    -0.00367274 
74.093646    -0.00345024 
74.192293    -0.00319056 
74.290942    -0.00289672 
74.389592    -0.00257207 
74.488243    -0.00222027 
74.586896    -0.00184523 
74.685549    -0.00145104 
74.784203    -0.00104191 
74.882858    -0.00062216 
74.981512    -0.00019609 
75.080167    0.00023199 
75.178821    0.00065786 
75.277474    0.00107739 
75.376125    0.00148663 
75.474776    0.00188176 
75.573425    0.00225921 
75.672072    0.00261560 
75.770717    0.00294782 
75.869361    0.00325301 
75.968002    0.00352859 
76.066642    0.00377226 
76.165280    0.00398203 
76.263917    0.00415617 
76.362553    0.00429329 
76.461188    0.00439229 
76.559823    0.00445237 
76.658457    0.00447305 
76.757091    0.00445416 
76.855726    0.00439584 
76.954362    0.00429853 
77.052999    0.00416300 
77.151638    0.00399030 
77.250278    0.00378182 
77.348920    0.00353924 
77.447563    0.00326452 
77.546209    0.00295995 
77.644856    0.00262809 
77.743505    0.00227177 
77.842156    0.00189411 
77.940808    0.00149846 
78.039461    0.00108840 
78.138115    0.00066774 
78.236769    0.00024045 
78.335423    -0.00018934 
78.434077    -0.00061738 
78.532731    -0.00103934 
78.631383    -0.00145089 
78.730034    -0.00184769 
78.828684    -0.00222548 
78.927333    -0.00258013 
79.025979    -0.00290768 
79.124624    -0.00320443 
79.223268    -0.00346696 
79.321909    -0.00369222 
79.420550    -0.00387755 
79.519189    -0.00402075 
79.617828    -0.00412008 
79.716466    -0.00417435 
79.815104    -0.00418289 
79.913742    -0.00414560 
80.012381    -0.00406291 
80.111021    -0.00393582 
80.209662    -0.00376584 
80.308304    -0.00355499 
80.406948    -0.00330575 
80.505593    -0.00302103 
80.604240    -0.00270410 
80.702889    -0.00235856 
80.801539    -0.00198828 
80.900190    -0.00159730 
80.998842    -0.00118987 
81.097494    -0.00077027 
81.196147    -0.00034286 
81.294800    0.00008801 
81.393453    0.00051807 
81.492105    0.00094314 
81.590756    0.00135915 
81.689405    0.00176224 
81.788053    0.00214871 
81.886700    0.00251512 
81.985344    0.00285824 
82.083986    0.00317512 
82.182627    0.00346305 
82.281265    0.00371965 
82.379902    0.00394278 
82.478538    0.00413065 
82.577172    0.00428172 
82.675805    0.00439479 
82.774437    0.00446896 
82.873069    0.00450362 
82.971701    0.00449851 
83.070334    0.00445363 
83.168967    0.00436934 
83.267601    0.00424628 
83.366236    0.00408540 
83.464873    0.00388798 
83.563511    0.00365559 
83.662152    0.00339010 
83.760794    0.00309370 
83.859438    0.00276886 
83.958083    0.00241832 
84.056731    0.00204511 
84.155380    0.00165252 
84.254029    0.00124407 
84.352680    0.00082352 
84.451332    0.00039481 
84.549983    -0.00003794 
84.648634    -0.00047051 
84.747285    -0.00089854 
84.845935    -0.00131767 
84.944584    -0.00172349 
85.043232    -0.00211168 
85.141878    -0.00247801 
85.240522    -0.00281841 
85.339165    -0.00312904 
85.437805    -0.00340633 
85.536445    -0.00364705 
85.635083    -0.00384835 
85.733719    -0.00400785 
85.832355    -0.00412361 
85.930990    -0.00419422 
86.029625    -0.00421882 
86.128260    -0.00419709 
86.226896    -0.00412929 
86.325532    -0.00401623 
86.424169    -0.00385925 
86.522808    -0.00366023 
86.621448    -0.00342153 
86.720090    -0.00314594 
86.818733    -0.00283666 
86.917378    -0.00249723 
87.016024    -0.00213147 
87.114672    -0.00174343 
87.213321    -0.00133735 
87.311970    -0.00091755 
87.410620    -0.00048843 
87.509270    -0.00005440 
87.607920    0.00038020 
87.706569    0.00081109 
87.805217    0.00123413 
87.903863    0.00164534 
88.002509    0.00204094 
88.101152    0.00241735 
88.199794    0.00277126 
88.298433    0.00309959 
88.397071    0.00339954 
88.495707    0.00366860 
88.594341    0.00390455 
88.692973    0.00410547 
88.791604    0.00426974 
88.890233    0.00439605 
88.988862    0.00448342 
89.087491    0.00453113 
89.186119    0.00453884 
89.284747    0.00450647 
89.383376    0.00443427 
89.482006    0.00432281 
89.580637    0.00417296 
89.679270    0.00398591 
89.777904    0.00376316 
89.876540    0.00350650 
89.975178    0.00321803 
90.073818    0.00290014 
90.172459    0.00255551 
90.271102    0.00218710 
90.369747    0.00179814 
90.468393    0.00139207 
90.567040    0.00097261 
90.665687    0.00054364 
90.764335    0.00010925 
90.862983    -0.00032635 
90.961630    -0.00075885 
91.060277    -0.00118385 
91.158922    -0.00159695 
91.257566    -0.00199377 
91.356209    -0.00237005 
91.454850    -0.00272163 
91.553489    -0.00304458 
91.652126    -0.00333522 
91.750762    -0.00359019 
91.849396    -0.00380649 
91.948029    -0.00398157 
92.046661    -0.00411331 
92.145292    -0.00420011 
92.243923    -0.00424093 
92.342553    -0.00423523 
92.441184    -0.00418308 
92.539816    -0.00408508 
92.638448    -0.00394240 
92.737082    -0.00375673 
92.835717    -0.00353028 
92.934354    -0.00326568 
93.032992    -0.00296600 
93.131632    -0.00263469 
93.230273    -0.00227549 
93.328916    -0.00189238 
93.427559    -0.00148955 
93.526204    -0.00107132 
93.624849    -0.00064210 
93.723494    -0.00020632 
93.822139    0.00023164 
93.920783    0.00066744 
94.019427    0.00109685 
94.118069    0.00151581 
94.216710    0.00192043 
94.315349    0.00230703 
94.413986    0.00267217 
94.512621    0.00301264 
94.611254    0.00332553 
94.709885    0.00360818 
94.808514    0.00385824 
94.907141    0.00407364 
95.005767    0.00425265 
95.104391    0.00439380 
95.203014    0.00449598 
95.301637    0.00455836 
95.400259    0.00458044 
95.498882    0.00456203 
95.597505    0.00450327 
95.696128    0.00440460 
95.794753    0.00426679 
95.893379    0.00409092 
95.992007    0.00387839 
96.090636    0.00363090 
96.189267    0.00335047 
96.287900    0.00303942 
96.386535    0.00270036 
96.485172    0.00233618 
96.583810    0.00195007 
96.682450    0.00154544 
96.781090    0.00112598 
96.879731    0.00069556 
96.978373    0.00025826 
97.077015    -0.00018170 
97.175656    -0.00061995 
97.274297    -0.00105207 
97.372937    -0.00147360 
97.471575    -0.00188008 
97.570212    -0.00226715 
97.668847    -0.00263057 
97.767481    -0.00296626 
97.866113    -0.00327043 
97.964742    -0.00353956 
98.063371    -0.00377050 
98.161997    -0.00396054 
98.260623    -0.00410740 
98.359248    -0.00420930 
98.457872    -0.00426503 
98.556496    -0.00427390 
98.655120    -0.00423580 
98.753745    -0.00415120 
98.852371    -0.00402112 
98.950998    -0.00384712 
99.049626    -0.00363130 
99.148256    -0.00337621 
99.246887    -0.00308483 
99.345520    -0.00276054 
99.444154    -0.00240704 
99.542790    -0.00202829 
99.641427    -0.00162847 
99.740065    -0.00121190 
99.838703    -0.00078300 
99.937342    -0.00034621 
100.035981    0.00009403 
100.134619    0.00053333 
100.233256    0.00096742 
100.331893    0.00139218 
100.430528    0.00180366 
100.529161    0.00219809 
100.627792    0.00257198 
100.726421    0.00292203 
100.825048    0.00324526 
100.923673    0.00353893 
101.022296    0.00380061 
101.120918    0.00402816 
101.219537    0.00421973 
101.318155    0.00437381 
101.416772    0.00448917 
101.515389    0.00456489 
101.614004    0.00460039 
101.712620    0.00459539 
101.811236    0.00454991 
101.909853    0.00446430 
102.008471    0.00433924 
102.107090    0.00417568 
102.205710    0.00397493 
102.304332    0.00373856 
102.402956    0.00346850 
102.501582    0.00316694 
102.600210    0.00283639 
102.698839    0.00247963 
102.797471    0.00209973 
102.896103    0.00170002 
102.994737    0.00128408 
103.093372    0.00085570 
103.192007    0.00041889 
103.290642    -0.00002219 
103.389277    -0.00046322 
103.487912    -0.00089979 
103.586545    -0.00132746 
103.685178    -0.00174176 
103.783809    -0.00213827 
103.882438    -0.00251268 
103.981065    -0.00286085 
104.079691    -0.00317884 
104.178315    -0.00346300 
104.276937    -0.00371003 
104.375558    -0.00391700 
104.474177    -0.00408145 
104.572795    -0.00420138 
104.671413    -0.00427533 
104.770030    -0.00430239 
104.868647    -0.00428219 
104.967265    -0.00421498 
105.065884    -0.00410153 
105.164503    -0.00394321 
105.263124    -0.00374189 
105.361747    -0.00349995 
105.460371    -0.00322021 
105.558996    -0.00290591 
105.657624    -0.00256065 
105.756252    -0.00218831 
105.854882    -0.00179300 
105.953513    -0.00137903 
106.052145    -0.00095081 
106.150777    -0.00051283 
106.249409    -0.00006956 
106.348041    0.00037455 
106.446673    0.00081514 
106.545303    0.00124798 
106.643931    0.00166900 
106.742559    0.00207432 
106.841184    0.00246028 
106.939807    0.00282348 
107.038428    0.00316076 
107.137047    0.00346924 
107.235664    0.00374633 
107.334279    0.00398974 
107.432893    0.00419746 
107.531504    0.00436783 
107.630115    0.00449947 
107.728724    0.00459131 
107.827333    0.00464264 
107.925942    0.00465301 
108.024551    0.00462233 
108.123160    0.00455083 
108.221771    0.00443903 
108.320382    0.00428780 
108.418995    0.00409831 
108.517610    0.00387206 
108.616227    0.00361086 
108.714845    0.00331682 
108.813465    0.00299237 
108.912088    0.00264023 
109.010712    0.00226343 
109.109337    0.00186523 
109.207964    0.00144919 
109.306592    0.00101910 
109.405221    0.00057896 
109.503850    0.00013296 
109.602478    -0.00031456 
109.701107    -0.00075915 
109.799735    -0.00119627 
109.898361    -0.00162137 
109.996986    -0.00202992 
110.095610    -0.00241750 
110.194231    -0.00277980 
110.292851    -0.00311274 
110.391469    -0.00341250 
110.490085    -0.00367559 
110.588700    -0.00389888 
110.687313    -0.00407972 
110.785926    -0.00421591 
110.884537    -0.00430579 
110.983148    -0.00434826 
111.081759    -0.00434277 
111.180370    -0.00428939 
111.278982    -0.00418875 
111.377595    -0.00404207 
111.476209    -0.00385110 
111.574825    -0.00361813 
111.673442    -0.00334592 
111.772062    -0.00303766 
111.870682    -0.00269690 
111.969305    -0.00232753 
112.067929    -0.00193368 
112.166554    -0.00151969 
112.265179    -0.00109001 
112.363806    -0.00064921 
112.462432    -0.00020183 
112.561059    0.00024759 
112.659684    0.00069460 
112.758309    0.00113487 
112.856933    0.00156422 
112.955555    0.00197867 
113.054175    0.00237446 
113.152793    0.00274807 
113.251409    0.00309625 
113.350023    0.00341601 
113.448635    0.00370468 
113.547245    0.00395986 
113.645853    0.00417946 
113.744459    0.00436174 
113.843065    0.00450522 
113.941669    0.00460877 
114.040272    0.00467159 
114.138875    0.00469318 
114.237479    0.00467337 
114.336082    0.00461231 
114.434687    0.00451048 
114.533293    0.00436867 
114.631900    0.00418801 
114.730509    0.00396992 
114.829120    0.00371616 
114.927733    0.00342879 
115.026347    0.00311018 
115.124964    0.00276301 
115.223583    0.00239023 
115.322203    0.00199508 
115.420825    0.00158108 
115.519448    0.00115196 
115.618072    0.00071169 
115.716696    0.00026444 
115.815321    -0.00018547 
115.913945    -0.00063359 
116.012568    -0.00107539 
116.111191    -0.00150631 
116.209812    -0.00192180 
116.308431    -0.00231739 
116.407049    -0.00268873 
116.505665    -0.00303167 
116.604280    -0.00334230 
116.702892    -0.00361704 
116.801503    -0.00385268 
116.900113    -0.00404641 
116.998721    -0.00419592 
117.097329    -0.00429940 
117.195936    -0.00435561 
117.294543    -0.00436385 
117.393150    -0.00432404 
117.491758    -0.00423665 
117.590366    -0.00410275 
117.688976    -0.00392396 
117.787588    -0.00370244 
117.886201    -0.00344082 
117.984816    -0.00314218 
118.083433    -0.00280999 
118.182051    -0.00244804 
118.280671    -0.00206040 
118.379292    -0.00165137 
118.477914    -0.00122536 
118.576537    -0.00078691 
118.675160    -0.00034056 
118.773783    0.00010914 
118.872406    0.00055772 
118.971028    0.00100082 
119.069649    0.00143424 
119.168268    0.00185394 
119.266885    0.00225610 
119.365501    0.00263715 
119.464115    0.00299375 
119.562726    0.00332287 
119.661335    0.00362174 
119.759943    0.00388788 
119.858548    0.00411913 
119.957152    0.00431363 
120.055754    0.00446984 
120.154356    0.00458653 
120.252956    0.00466278 
120.351556    0.00469802 
120.450156    0.00469196 
120.548757    0.00464464 
120.647358    0.00455645 
120.745961    0.00442806 
120.844565    0.00426047 
120.943170    0.00405501 
121.041777    0.00381331 
121.140387    0.00353731 
121.238998    0.00322928 
121.337611    0.00289177 
121.436226    0.00252761 
121.534843    0.00213995 
121.633462    0.00173218 
121.732082    0.00130795 
121.830703    0.00087113 
121.929324    0.00042580 
122.027946    -0.00002377 
122.126568    -0.00047321 
122.225189    -0.00091801 
122.323809    -0.00135363 
122.422428    -0.00177552 
122.521046    -0.00217919 
122.619662    -0.00256024 
122.718276    -0.00291444 
122.816889    -0.00323779 
122.915499    -0.00352659 
123.014108    -0.00377746 
123.112716    -0.00398746 
123.211322    -0.00415406 
123.309928    -0.00427526 
123.408532    -0.00434959 
123.507137    -0.00437614 
123.605742    -0.00435458 
123.704347    -0.00428515 
123.802953    -0.00416870 
123.901561    -0.00400662 
124.000169    -0.00380087 
124.098780    -0.00355387 
124.197392    -0.00326854 
124.296006    -0.00294820 
124.394622    -0.00259650 
124.493239    -0.00221744 
124.591858    -0.00181519 
124.690478    -0.00139415 
124.789099    -0.00095880 
124.887720    -0.00051370 
124.986341    -0.00006340 
125.084963    0.00038759 
125.183583    0.00083487 
125.282203    0.00127413 
125.380821    0.00170128 
125.479438    0.00211240 
125.578052    0.00250380 
125.676665    0.00287204 
125.775276    0.00321395 
125.873885    0.00352663 
125.972491    0.00380747 
126.071096    0.00405418 
126.169699    0.00426474 
126.268300    0.00443749 
126.366900    0.00457104 
126.465500    0.00466433 
126.564099    0.00471664 
126.662697    0.00472754 
126.761296    0.00469693 
126.859896    0.00462503 
126.958497    0.00451240 
127.057099    0.00435989 
127.155702    0.00416868 
127.254307    0.00394027 
127.352915    0.00367648 
127.451524    0.00337944 
127.550136    0.00305158 
127.648749    0.00269564 
127.747364    0.00231463 
127.845981    0.00191187 
127.944600    0.00149090 
128.043220    0.00105556 
128.141840    0.00060985 
128.240461    0.00015800 
128.339082    -0.00029562 
128.437703    -0.00074650 
128.536322    -0.00119009 
128.634941    -0.00162177 
128.733559    -0.00203698 
128.832175    -0.00243121 
128.930789    -0.00280011 
129.029401    -0.00313954 
129.128012    -0.00344559 
129.226621    -0.00371472 
129.325228    -0.00394373 
129.423834    -0.00412989 
129.522438    -0.00427094 
129.621042    -0.00436515 
129.719646    -0.00441137 
129.818249    -0.00440900 
129.916854    -0.00435805 
130.015458    -0.00425912 
130.114064    -0.00411340 
130.212671    -0.00392263 
130.311280    -0.00368907 
130.409891    -0.00341549 
130.508503    -0.00310508 
130.607118    -0.00276142 
130.705734    -0.00238842 
130.804351    -0.00199024 
130.902970    -0.00157126 
131.001590    -0.00113599 
131.100210    -0.00068902 
131.198831    -0.00023498 
131.297452    0.00022155 
131.396072    0.00067604 
131.494691    0.00112410 
131.593309    0.00156150 
131.691926    0.00198418 
131.790540    0.00238831 
131.889153    0.00277030 
131.987764    0.00312684 
132.086372    0.00345487 
132.184979    0.00375164 
132.283583    0.00401469 
132.382185    0.00424188 
132.480786    0.00443137 
132.579386    0.00458165 
132.677984    0.00469151 
132.776582    0.00476009 
132.875180    0.00478684 
132.973777    0.00477152 
133.072376    0.00471424 
133.170975    0.00461542 
133.269575    0.00447580 
133.368177    0.00429647 
133.466781    0.00407881 
133.565387    0.00382455 
133.663994    0.00353571 
133.762604    0.00321466 
133.861216    0.00286405 
133.959830    0.00248684 
134.058446    0.00208627 
134.157064    0.00166587 
134.255683    0.00122942 
134.354302    0.00078092 
134.452923    0.00032460 
134.551543    -0.00013516 
134.650164    -0.00059381 
134.748783    -0.00104674 
134.847402    -0.00148927 
134.946020    -0.00191673 
135.044636    -0.00232450 
135.143250    -0.00270810 
135.241862    -0.00306321 
135.340473    -0.00338579 
135.439081    -0.00367206 
135.537688    -0.00391866 
135.636294    -0.00412263 
135.734898    -0.00428149 
135.833501    -0.00439331 
135.932104    -0.00445669 
136.030707    -0.00447083 
136.129310    -0.00443555 
136.227913    -0.00435126 
136.326518    -0.00421895 
136.425124    -0.00404024 
136.523731    -0.00381726 
136.622340    -0.00355265 
136.720951    -0.00324956 
136.819564    -0.00291148 
136.918179    -0.00254232 
137.016795    -0.00214623 
137.115413    -0.00172760 
137.214032    -0.00129099 
137.312652    -0.00084106 
137.411272    -0.00038250 
137.509892    0.00008001 
137.608511    0.00054184 
137.707130    0.00099849 
137.805748    0.00144560 
137.904364    0.00187899 
138.002978    0.00229472 
138.101590    0.00268905 
138.200201    0.00305855 
138.298809    0.00340003 
138.397415    0.00371061 
138.496018    0.00398771 
138.594620    0.00422908 
138.693220    0.00443274 
138.791818    0.00459709 
138.890416    0.00472081 
138.989012    0.00480292 
139.087608    0.00484278 
139.186204    0.00484006 
139.284801    0.00479476 
139.383398    0.00470722 
139.481997    0.00457811 
139.580597    0.00440842 
139.679198    0.00419947 
139.777802    0.00395290 
139.876408    0.00367068 
139.975016    0.00335511 
140.073626    0.00300879 
140.172238    0.00263463 
140.270852    0.00223583 
140.369468    0.00181589 
140.468086    0.00137855 
140.566704    0.00092782 
140.665323    0.00046791 
140.763943    0.00000322 
140.862562    -0.00046168 
140.961181    -0.00092215 
141.059799    -0.00137344 
141.158415    -0.00181082 
141.257030    -0.00222959 
141.355644    -0.00262516 
141.454255    -0.00299310 
141.552865    -0.00332922 
141.651473    -0.00362963 
141.750079    -0.00389079 
141.848683    -0.00410958 
141.947286    -0.00428335 
142.045888    -0.00440999 
142.144489    -0.00448793 
142.243090    -0.00451621 
142.341691    -0.00449446 
142.440293    -0.00442294 
142.538895    -0.00430251 
142.637499    -0.00413465 
142.736104    -0.00392137 
142.834711    -0.00366523 
142.933320    -0.00336929 
143.031931    -0.00303700 
143.130543    -0.00267221 
143.229158    -0.00227908 
143.327773    -0.00186200 
143.426390    -0.00142554 
143.525008    -0.00097440 
143.623626    -0.00051331 
143.722245    -0.00004702 
143.820863    0.00041977 
143.919480    0.00088248 
144.018096    0.00133667 
144.116711    0.00177807 
144.215324    0.00220263 
144.313935    0.00260653 
144.412544    0.00298624 
144.511151    0.00333846 
144.609755    0.00366024 
144.708357    0.00394888 
144.806957    0.00420204 
144.905555    0.00441767 
145.004152    0.00459404 
145.102747    0.00472978 
145.201341    0.00482380 
145.299935    0.00487539 
145.398528    0.00488413 
145.497122    0.00484995 
145.595717    0.00477310 
145.694313    0.00465418 
145.792910    0.00449410 
145.891509    0.00429410 
145.990109    0.00405577 
146.088712    0.00378100 
146.187317    0.00347203 
146.285924    0.00313137 
146.384534    0.00276190 
146.483145    0.00236675 
146.581758    0.00194936 
146.680373    0.00151345 
146.778989    0.00106296 
146.877605    0.00060210 
146.976222    0.00013523 
147.074839    -0.00033309 
147.173456    -0.00079820 
147.272072    -0.00125535 
147.370686    -0.00169978 
147.469300    -0.00212673 
147.567911    -0.00253157 
147.666521    -0.00290978 
147.765128    -0.00325709 
147.863734    -0.00356949 
147.962338    -0.00384332 
148.060940    -0.00407533 
148.159541    -0.00426272 
148.258140    -0.00440323 
148.356739    -0.00449514 
148.455338    -0.00453730 
148.553936    -0.00452920 
148.652535    -0.00447093 
148.751134    -0.00436320 
148.849735    -0.00420732 
148.948338    -0.00400521 
149.046942    -0.00375928 
149.145547    -0.00347249 
149.244155    -0.00314821 
149.342765    -0.00279021 
149.441376    -0.00240260 
149.539989    -0.00198972 
149.638603    -0.00155615 
149.737218    -0.00110655 
149.835834    -0.00064570 
149.934450    -0.00017836 
150.033065    0.00029075 
150.131680    0.00075698 
150.230294    0.00121583 
150.328907    0.00166297 
150.427518    0.00209428 
150.526127    0.00250587 
150.624733    0.00289412 
150.723338    0.00325565 
150.821940    0.00358742 
150.920540    0.00388665 
151.019138    0.00415090 
151.117733    0.00437804 
151.216327    0.00456626 
151.314920    0.00471408 
151.413512    0.00482034 
151.512102    0.00488421 
151.610693    0.00490521 
151.709284    0.00488317 
151.807875    0.00481826 
151.906467    0.00471097 
152.005061    0.00456214 
152.103656    0.00437292 
152.202253    0.00414479 
152.300853    0.00387958 
152.399454    0.00357941 
152.498057    0.00324674 
152.596663    0.00288433 
152.695271    0.00249526 
152.793881    0.00208288 
152.892492    0.00165083 
152.991104    0.00120300 
153.089718    0.00074353 
153.188332    0.00027674 
153.286946    -0.00019285 
153.385559    -0.00066060 
153.484173    -0.00112179 
153.582785    -0.00157163 
153.681395    -0.00200537 
153.780004    -0.00241831 
153.878611    -0.00280589 
153.977216    -0.00316376 
154.075820    -0.00348780 
154.174421    -0.00377426 
154.273020    -0.00401974 
154.371618    -0.00422131 
154.470215    -0.00437654 
154.568811    -0.00448352 
154.667406    -0.00454095 
154.766001    -0.00454811 
154.864596    -0.00450492 
154.963193    -0.00441191 
155.061790    -0.00427021 
155.160388    -0.00408156 
155.258988    -0.00384823 
155.357590    -0.00357303 
155.456194    -0.00325920 
155.554800    -0.00291043 
155.653408    -0.00253071 
155.752017    -0.00212434 
155.850627    -0.00169583 
155.949239    -0.00124984 
156.047851    -0.00079111 
156.146464    -0.00032442 
156.245076    0.00014548 
156.343688    0.00061392 
156.442299    0.00107634 
156.540909    0.00152837 
156.639517    0.00196580 
156.738123    0.00238468 
156.836727    0.00278128 
156.935329    0.00315217 
157.033928    0.00349419 
157.132526    0.00380448 
157.231121    0.00408050 
157.329714    0.00432001 
157.428305    0.00452110 
157.526894    0.00468220 
157.625483    0.00480203 
157.724070    0.00487968 
157.822657    0.00491454 
157.921244    0.00490634 
158.019832    0.00485515 
158.118421    0.00476136 
158.217010    0.00462568 
158.315601    0.00444917 
158.414194    0.00423320 
158.512789    0.00397949 
158.611386    0.00369006 
158.709986    0.00336726 
158.808587    0.00301375 
158.907191    0.00263251 
159.005796    0.00222679 
159.104403    0.00180015 
159.203012    0.00135639 
159.301622    0.00089957 
159.400232    0.00043396 
159.498842    -0.00003598 
159.597453    -0.00050566 
159.696062    -0.00097036 
159.794671    -0.00142531 
159.893278    -0.00186574 
159.991884    -0.00228692 
160.090488    -0.00268424 
160.189090    -0.00305326 
160.287690    -0.00338977 
160.386288    -0.00368988 
160.484884    -0.00395006 
160.583479    -0.00416722 
160.682072    -0.00433874 
160.780664    -0.00446252 
160.879255    -0.00453706 
160.977847    -0.00456143 
161.076438    -0.00453533 
161.175030    -0.00445908 
161.273622    -0.00433361 
161.372216    -0.00416044 
161.470812    -0.00394169 
161.569409    -0.00367996 
161.668008    -0.00337838 
161.766609    -0.00304048 
161.865212    -0.00267016 
161.963816    -0.00227163 
162.062422    -0.00184933 
162.161029    -0.00140789 
162.259637    -0.00095203 
162.358245    -0.00048653 
162.456854    -0.00001615 
162.555462    0.00045438 
162.654069    0.00092047 
162.752675    0.00137766 
162.851279    0.00182169 
