0.000000    0.00000000 
0.269106    0.01857489 
0.538471    0.03647873 
0.808529    0.05372735 
1.079833    0.07017980 
1.353067    0.08558150 
1.629087    0.09964297 
1.908962    0.11205920 
2.193993    0.12251660 
2.485697    0.13070027 
2.785729    0.13630600 
3.095744    0.13906026 
3.417319    0.13874314 
3.751549    0.13525434 
4.098899    0.12860444 
4.459035    0.11892018 
4.830735    0.10650469 
5.211959    0.09173804 
5.599969    0.07503511 
5.991495    0.05676978 
6.382823    0.03719298 
6.769748    0.01621398 
7.147266    -0.00658137 
7.509753    -0.02992644 
7.851698    -0.05366316 
8.167760    -0.07802975 
8.453296    -0.10270787 
8.705384    -0.12709051 
8.923854    -0.15042546 
9.111715    -0.17203927 
9.274731    -0.19156096 
9.420937    -0.20902575 
9.561312    -0.22484914 
9.712537    -0.23963655 
9.903279    -0.25315380 
10.177847    -0.25795946 
10.541363    -0.22043483 
10.880441    -0.12833817 
11.150269    -0.04597874 
11.377978    0.01074397 
11.588698    0.04833137 
11.797228    0.07390424 
12.012074    0.09201850 
12.239275    0.10340894 
12.481347    0.10938235 
12.737619    0.11166123 
13.004510    0.11238401 
13.276677    0.11373837 
13.547915    0.11739475 
13.811597    0.12422747 
14.061405    0.13436645 
14.293166    0.14729841 
14.508230    0.16209536 
14.716976    0.17778252 
14.939877    0.19313237 
15.205544    0.20361788 
15.535235    0.19290671 
15.896175    0.14142492 
16.227749    0.07311686 
16.520219    0.01784478 
16.784201    -0.02313818 
17.030654    -0.05369406 
17.268934    -0.07666166 
17.506374    -0.09376683 
17.749560    -0.10587464 
18.004207    -0.11306331 
18.274068    -0.11536200 
18.560160    -0.11341036 
18.860968    -0.10860535 
19.173141    -0.10281918 
19.493137    -0.09789875 
19.817903    -0.09486377 
20.145326    -0.09396566 
20.473839    -0.09479117 
20.802684    -0.09659730 
21.133343    -0.09835970 
21.468570    -0.09869116 
21.811488    -0.09650173 
22.165210    -0.09076139 
22.529995    -0.08020240 
22.903444    -0.06489512 
23.281569    -0.04603951 
23.659098    -0.02504087 
24.031262    -0.00301925 
24.393683    0.01875285 
24.743289    0.03924264 
25.079401    0.05866962 
25.401426    0.07711112 
25.706441    0.09549016 
25.992725    0.11380392 
26.262145    0.13056277 
26.518013    0.14478649 
26.765852    0.15639239 
27.014957    0.16480323 
27.275733    0.16833618 
27.557026    0.16508772 
27.865400    0.15373773 
28.201504    0.13321098 
28.555950    0.10387164 
28.914521    0.07015187 
29.267393    0.03771127 
29.611493    0.00934961 
29.946373    -0.01497462 
30.271837    -0.03595486 
30.589393    -0.05420645 
30.898479    -0.07030131 
31.194753    -0.08649653 
31.474467    -0.10381185 
31.735564    -0.12162065 
31.975452    -0.13960839 
32.191876    -0.15776959 
32.386538    -0.17571665 
32.567761    -0.19287080 
32.752624    -0.20884080 
32.969884    -0.22216446 
33.256752    -0.22302538 
33.609860    -0.18273168 
33.947799    -0.10429903 
34.239507    -0.03591872 
34.500075    0.01210504 
34.744688    0.04568992 
34.984130    0.06972607 
35.226272    0.08668925 
35.477236    0.09774134 
35.740915    0.10373724 
36.018072    0.10577741 
36.307588    0.10533442 
36.606681    0.10374126 
36.910496    0.10271302 
37.215627    0.10412938 
37.520662    0.10807878 
37.823442    0.11383062 
38.122885    0.12084896 
38.422608    0.12731636 
38.730832    0.12980064 
39.056281    0.12452694 
39.401856    0.10911605 
39.761464    0.08494212 
40.124353    0.05673410 
40.482041    0.02870683 
40.830617    0.00257787 
41.168328    -0.02103397 
41.495129    -0.04149801 
41.811859    -0.05952241 
42.119338    -0.07565402 
42.418039    -0.09037729 
42.708973    -0.10372153 
42.994173    -0.11537381 
43.276682    -0.12487064 
43.560312    -0.13162883 
43.849877    -0.13487691 
44.150280    -0.13374425 
44.464835    -0.12776376 
44.794766    -0.11710394 
45.139287    -0.10233577 
45.494675    -0.08463821 
45.855931    -0.06572048 
46.220477    -0.04664017 
46.587606    -0.02811814 
46.955730    -0.01083240 
47.322657    0.00550090 
47.686430    0.02060501 
48.045005    0.03479252 
48.395826    0.04898274 
48.736158    0.06384332 
49.063617    0.07950917 
49.374863    0.09626667 
49.665819    0.11433341 
49.934189    0.13307795 
50.181497    0.15134506 
50.415110    0.16789740 
50.650155    0.18090309 
50.908849    0.18651574 
51.213060    0.17648785 
51.559644    0.14097815 
51.911247    0.08699840 
52.243249    0.03601778 
52.554190    -0.00409690 
52.848394    -0.03489738 
53.131500    -0.05872428 
53.408598    -0.07734348 
53.683431    -0.09193235 
53.958263    -0.10338048 
54.233677    -0.11256324 
54.508902    -0.12052115 
54.781959    -0.12824148 
55.050088    -0.13640666 
55.312637    -0.14516049 
55.575159    -0.15355910 
55.850316    -0.15867682 
56.152460    -0.15483491 
56.485446    -0.13579860 
56.835690    -0.10238431 
57.185780    -0.06444082 
57.527607    -0.03028556 
57.859763    -0.00144897 
58.182920    0.02248084 
58.498215    0.04216267 
58.806098    0.05924909 
59.106844    0.07457949 
59.401396    0.08824111 
59.691049    0.10022078 
59.977384    0.11060047 
60.263328    0.11912422 
60.552887    0.12496810 
60.848957    0.12756846 
61.153772    0.12699778 
61.470869    0.12268592 
61.803177    0.11319448 
62.149818    0.09818506 
62.506677    0.07906587 
62.869054    0.05826860 
63.233356    0.03854178 
63.596979    0.02109275 
63.958755    0.00545683 
64.319592    -0.00836197 
64.680838    -0.01986586 
65.042361    -0.02990031 
65.402532    -0.03956024 
65.759079    -0.04966176 
66.109916    -0.06069743 
66.452893    -0.07290486 
66.785156    -0.08638951 
67.103698    -0.10095810 
67.406708    -0.11600211 
67.695350    -0.13042522 
67.976406    -0.14237558 
68.263002    -0.14901002 
68.570617    -0.14636221 
68.908188    -0.13024590 
69.268857    -0.10028526 
69.634809    -0.06332206 
69.992891    -0.02774240 
70.338320    0.00351480 
70.670411    0.02987933 
70.990070    0.05202906 
71.298222    0.07134570 
71.595681    0.08865156 
71.882719    0.10457644 
72.157973    0.11988272 
72.418690    0.13524406 
72.663400    0.15072327 
72.896184    0.16549887 
73.130516    0.17770136 
73.388743    0.18311264 
73.691109    0.17248715 
74.030958    0.13709440 
74.376107    0.08700489 
74.707282    0.04046624 
75.023062    0.00333587 
75.327390    -0.02537607 
75.624226    -0.04754399 
75.916173    -0.06547394 
76.205117    -0.08036434 
76.492325    -0.09284436 
76.778418    -0.10341710 
77.063877    -0.11234702 
77.349166    -0.11969503 
77.635069    -0.12551903 
77.923785    -0.12961790 
78.219903    -0.13104526 
78.529812    -0.12787405 
78.858438    -0.11768295 
79.204790    -0.09941136 
79.561746    -0.07537992 
79.921583    -0.05023316 
80.280078    -0.02741124 
80.636203    -0.00773749 
80.990160    0.00891247 
81.342238    0.02225793 
81.692899    0.03313428 
82.042430    0.04262167 
82.390735    0.05152652 
82.737550    0.06023325 
83.081966    0.06904485 
83.422263    0.07826037 
83.756796    0.08785484 
84.084757    0.09749387 
84.406895    0.10648160 
84.726237    0.11360117 
85.048181    0.11719916 
85.379699    0.11524318 
85.726540    0.10578648 
86.089160    0.08856599 
86.462119    0.06591813 
86.838030    0.04128978 
87.211402    0.01730059 
87.579050    -0.00525587 
87.938859    -0.02541974 
88.289536    -0.04354802 
88.630157    -0.06059705 
88.959127    -0.07733777 
89.273598    -0.09446504 
89.570037    -0.11230096 
89.845836    -0.13058180 
90.102486    -0.14820045 
90.349290    -0.16314306 
90.604608    -0.17222561 
90.891080    -0.16961466 
91.219394    -0.14720868 
91.571734    -0.10531287 
91.920994    -0.05810898 
92.254932    -0.01679248 
92.572479    0.01676360 
92.876395    0.04317516 
93.170018    0.06451449 
93.456150    0.08223412 
93.737112    0.09720562 
94.014535    0.11001700 
94.289078    0.12119618 
94.560879    0.13118697 
94.830840    0.14004322 
95.103250    0.14699514 
95.388043    0.14957409 
95.697149    0.14280998 
96.033109    0.12174967 
96.383799    0.08900838 
96.735528    0.05446513 
97.082453    0.02470239 
97.423688    0.00038782 
97.760249    -0.01885903 
98.094353    -0.03351335 
98.427961    -0.04508906 
98.761896    -0.05480225 
99.096224    -0.06340256 
99.430431    -0.07140642 
99.763568    -0.07913971 
100.094798    -0.08660911 
100.423828    -0.09361844 
100.751308    -0.09976109 
101.079392    -0.10419219 
101.411819    -0.10560443 
101.752875    -0.10251111 
102.105485    -0.09377854 
102.469402    -0.07944443 
102.841349    -0.06124970 
103.217172    -0.04184415 
103.593480    -0.02297068 
103.968092    -0.00487771 
104.339801    0.01193799 
104.707814    0.02663334 
105.070978    0.04016919 
105.427568    0.05354518 
105.775576    0.06730437 
106.112790    0.08174266 
106.436865    0.09687150 
106.746221    0.11216123 
107.042161    0.12633426 
107.331329    0.13730053 
107.626162    0.14208973 
107.940741    0.13691233 
108.281807    0.11878921 
108.642378    0.08938823 
109.008258    0.05527919 
109.368821    0.02247603 
109.719206    -0.00688875 
110.057580    -0.03200330 
110.383560    -0.05373674 
110.696920    -0.07327591 
110.996955    -0.09146776 
111.282706    -0.10890461 
111.553424    -0.12583427 
111.809609    -0.14214305 
112.056220    -0.15700327 
112.306940    -0.16814377 
112.583731    -0.17023628 
112.902644    -0.15342182 
113.249924    -0.11326972 
113.596921    -0.06502461 
113.932760    -0.02412688 
114.258744    0.00717781 
114.577893    0.03042126 
114.892889    0.04787433 
115.206075    0.06130218 
115.519469    0.07173307 
115.834337    0.07999056 
116.150972    0.08684736 
116.468883    0.09296976 
116.787318    0.09878724 
117.106085    0.10421088 
117.426575    0.10840882 
117.752502    0.10968875 
118.088806    0.10576863 
118.438437    0.09494864 
118.799815    0.07778089 
119.168207    0.05724562 
119.539046    0.03655713 
119.909373    0.01733739 
120.277673    -0.00029657 
120.643145    -0.01576992 
121.005491    -0.02884063 
121.364520    -0.04050797 
121.719746    -0.05164292 
122.070110    -0.06281369 
122.414179    -0.07423617 
122.750719    -0.08578044 
123.079487    -0.09692879 
123.402194    -0.10666193 
123.723207    -0.11343393 
124.049091    -0.11538580 
124.386643    -0.11062224 
124.739698    -0.09793725 
125.106625    -0.07828842 
125.481473    -0.05495200 
125.857544    -0.03104929 
126.230224    -0.00807532 
126.597161    0.01324411 
126.956840    0.03210377 
127.307529    0.04967607 
127.647046    0.06691469 
127.972572    0.08450559 
128.280637    0.10290397 
128.568403    0.12187986 
128.836898    0.14018406 
129.095608    0.15537313 
129.364183    0.16333584 
129.665023    0.15704330 
130.003396    0.12939084 
130.357883    0.08568081 
130.707009    0.04155802 
131.044036    0.00476027 
131.369251    -0.02454671 
131.684940    -0.04747657 
131.993430    -0.06595250 
132.296585    -0.08116607 
132.595910    -0.09384239 
132.892397    -0.10457837 
133.186540    -0.11393466 
133.479194    -0.12209939 
133.773724    -0.12832285 
134.077585    -0.13020546 
134.399521    -0.12380037 
134.742058    -0.10615558 
135.098145    -0.07973009 
135.458709    -0.05149148 
135.819172    -0.02649358 
136.178247    -0.00554914 
136.535226    0.01184591 
136.889702    0.02559371 
137.241876    0.03682969 
137.592086    0.04666264 
137.940106    0.05591453 
138.285307    0.06510126 
138.626989    0.07446408 
138.964451    0.08395296 
139.297582    0.09299529 
139.627926    0.10049491 
139.959467    0.10487988 
140.298070    0.10419531 
140.648868    0.09670242 
141.012882    0.08218394 
141.386502    0.06265517 
141.764669    0.04136160 
142.143518    0.02076716 
142.520086    0.00128364 
142.892080    -0.01637526 
143.258530    -0.03159820 
143.618840    -0.04560979 
143.971924    -0.05945223 
144.315908    -0.07375256 
144.648072    -0.08886811 
144.966033    -0.10450205 
145.270347    -0.11931010 
145.567432    -0.13079717 
145.870032    -0.13539998 
146.191925    -0.12898563 
146.538035    -0.10924298 
146.900348    -0.07942497 
147.266580    -0.04679405 
147.628570    -0.01644107 
147.982378    0.01056552 
148.326446    0.03352528 
148.660337    0.05350640 
148.983451    0.07171706 
149.294788    0.08889710 
149.593193    0.10548337 
149.878083    0.12158319 
150.151718    0.13652488 
150.423156    0.14814129 
150.709785    0.15186248 
151.028240    0.14033474 
151.375584    0.10955354 
151.731232    0.06890762 
152.081456    0.03145316 
152.424099    0.00143624 
152.761282    -0.02149100 
153.095716    -0.03852951 
153.429108    -0.05165989 
153.762052    -0.06212744 
154.094749    -0.07068700 
154.427194    -0.07795989 
154.758962    -0.08457565 
155.089534    -0.09088010 
155.419127    -0.09662727 
155.749770    -0.10068410 
156.085642    -0.10103353 
156.431385    -0.09559434 
156.789114    -0.08358053 
157.157065    -0.06642558 
157.531330    -0.04703493 
157.908255    -0.02783323 
158.285212    -0.00965190 
158.660082    0.00742533 
159.031274    0.02239859 
159.397968    0.03563454 
159.759374    0.04815282 
160.114116    0.06072059 
160.460503    0.07368378 
160.797303    0.08684008 
161.124619    0.09938136 
161.445179    0.10979025 
161.765365    0.11586688 
162.094066    0.11507716 
162.438545    0.10534594 
162.799658    0.08663456 
163.171664    0.06211738 
163.547169    0.03631374 
163.920555    0.01174650 
164.288092    -0.01101063 
164.647927    -0.03077052 
164.999184    -0.04844848 
165.340500    -0.06531951 
165.669789    -0.08215640 
165.984519    -0.09933638 
166.282911    -0.11663280 
166.567401    -0.13256975 
166.848893    -0.14394140 
167.146052    -0.14546326 
167.473458    -0.13064308 
167.825733    -0.09875259 
168.184671    -0.06011184 
168.538851    -0.02491662 
168.885386    0.00426467 
169.224519    0.02752933 
169.557474    0.04618507 
169.885428    0.06176611 
170.209081    0.07520252 
170.528653    0.08710521 
170.844089    0.09782687 
171.155759    0.10738683 
171.466155    0.11499098 
171.781409    0.11850642 
172.109862    0.11464182 
172.456081    0.10081647 
172.816271    0.07849242 
173.182543    0.05309264 
173.549571    0.02939221 
173.915610    0.00888567 
174.280325    -0.00860389 
174.643622    -0.02267654 
175.005054    -0.03439561 
175.363767    -0.04494999 
175.719122    -0.05492539 
176.070605    -0.06468756 
176.417485    -0.07446821 
176.759157    -0.08416275 
177.096103    -0.09308964 
177.431089    -0.09974689 
177.769492    -0.10194858 
178.117418    -0.09755571 
178.478078    -0.08569080 
178.849778    -0.06772435 
179.227888    -0.04677488 
179.608163    -0.02575917 
179.987525    -0.00563683 
180.363181    0.01328924 
180.732975    0.03014793 
181.095376    0.04584220 
181.448554    0.06142710 
181.789944    0.07758891 
182.116852    0.09440996 
182.428276    0.11103881 
182.728100    0.12531796 
183.027689    0.13363789 
183.342846    0.13130711 
183.683103    0.11455832 
184.042946    0.08530401 
184.408963    0.05162296 
184.771830    0.02029519 
185.127744    -0.00695591 
185.475493    -0.02961705 
185.815003    -0.04874398 
186.146249    -0.06567220 
186.468742    -0.08129069 
186.781645    -0.09618517 
187.084627    -0.11042636 
187.379868    -0.12316752 
187.675305    -0.13193302 
187.984889    -0.13204272 
188.319462    -0.11807998 
188.674818    -0.09012203 
189.037274    -0.05693597 
189.397903    -0.02691957 
189.754454    -0.00228555 
190.107614    0.01705020 
190.458991    0.03160095 
190.809763    0.04316589 
191.160030    0.05312851 
191.508901    0.06241661 
191.855089    0.07152936 
192.197545    0.08054206 
192.536087    0.08903001 
192.872342    0.09586767 
193.210467    0.09916887 
193.556148    0.09669758 
193.913349    0.08702819 
194.281569    0.07097034 
194.656849    0.05146017 
195.034946    0.03152339 
195.413174    0.01266803 
195.789995    -0.00489643 
196.164089    -0.02034636 
196.534134    -0.03407478 
196.898731    -0.04718603 
197.256284    -0.06039473 
197.604956    -0.07404059 
197.943198    -0.08791446 
198.271236    -0.10095441 
198.593152    -0.11104949 
198.917671    -0.11518742 
199.254922    -0.11024892 
199.609791    -0.09488947 
199.978514    -0.07148264 
200.353095    -0.04505363 
200.727196    -0.01959940 
201.097083    0.00384278 
201.460444    0.02445151 
201.816002    0.04261617 
202.162487    0.05966567 
202.497945    0.07651753 
202.819941    0.09363045 
203.126920    0.11071716 
203.421499    0.12615193 
203.714588    0.13635947 
204.023966    0.13565581 
204.361369    0.11836790 
204.719638    0.08625108 
205.082863    0.05001288 
205.441751    0.01778387 
205.793692    -0.00893960 
206.139056    -0.02991503 
206.479322    -0.04653291 
206.815899    -0.06021362 
207.149558    -0.07190282 
207.480205    -0.08237060 
207.807461    -0.09200687 
208.131976    -0.10045222 
208.457027    -0.10622995 
208.788904    -0.10670678 
209.133884    -0.09915309 
209.493257    -0.08312524 
209.862554    -0.06180887 
210.235968    -0.03969255 
210.609740    -0.01940516 
210.982134    -0.00123089 
211.352589    0.01431243 
211.721163    0.02700014 
212.087635    0.03810630 
212.451107    0.04871104 
212.810250    0.05940614 
213.163679    0.07038342 
213.510446    0.08134823 
213.851046    0.09131817 
214.188689    0.09851967 
214.529504    0.10060159 
214.880183    0.09538074 
215.243872    0.08221356 
215.618217    0.06297899 
215.997840    0.04107361 
216.378025    0.01926382 
216.755693    -0.00157107 
217.128535    -0.02048098 
217.494879    -0.03740284 
217.853141    -0.05354427 
218.201117    -0.06982339 
218.536051    -0.08666077 
218.856106    -0.10354243 
219.163611    -0.11851793 
219.468464    -0.12794577 
219.786226    -0.12693851 
220.127532    -0.11155719 
220.488416    -0.08363597 
220.856463    -0.05116684 
221.222424    -0.02080667 
221.582220    0.00572873 
221.934632    0.02776495 
222.279744    0.04617151 
222.617731    0.06232277 
222.948499    0.07703985 
223.271569    0.09088584 
223.586854    0.10388676 
223.896923    0.11488472 
224.209666    0.12093062 
224.536736    0.11748351 
224.884503    0.10118452 
225.247555    0.07485288 
225.616051    0.04627556 
225.983993    0.02079442 
226.349120    -0.00077478 
226.710850    -0.01823072 
227.069662    -0.03190215 
227.426263    -0.04323963 
227.780937    -0.05334559 
228.133226    -0.06298035 
228.482135    -0.07252741 
228.827014    -0.08177670 
229.168760    -0.08973524 
229.510717    -0.09459772 
229.858227    -0.09413717 
230.215989    -0.08675518 
230.584966    -0.07276886 
230.962180    -0.05461725 
231.343313    -0.03527050 
231.724886    -0.01642422 
232.104600    0.00165127 
232.480842    0.01803963 
232.852431    0.03261443 
233.218165    0.04648187 
233.576526    0.06039959 
233.925654    0.07469691 
234.264146    0.08901529 
234.593023    0.10189606 
234.917944    0.11066334 
235.248920    0.11188530 
235.595111    0.10278089 
235.958118    0.08360843 
236.331834    0.05851564 
236.708576    0.03252737 
237.083033    0.00815095 
237.451906    -0.01406484 
237.813323    -0.03338667 
238.166137    -0.05097040 
238.509018    -0.06785800 
238.840096    -0.08468498 
239.157739    -0.10145391 
239.463320    -0.11685654 
239.765332    -0.12760470 
240.079490    -0.12834415 
240.418107    -0.11374202 
240.777335    -0.08494505 
241.143789    -0.05143595 
241.508599    -0.02113715 
241.868635    0.00428285 
242.223290    0.02460252 
242.573120    0.04077484 
242.918819    0.05430433 
243.260859    0.06611110 
243.599359    0.07681848 
243.934244    0.08671154 
244.266305    0.09529333 
244.598885    0.10084680 
244.938169    0.10060496 
245.289863    0.09215071 
245.654590    0.07579502 
246.028074    0.05517230 
246.405400    0.03439870 
246.783362    0.01542757 
247.160067    -0.00172980 
247.534423    -0.01642271 
247.905941    -0.02874580 
248.274124    -0.03997221 
248.638096    -0.05106235 
248.996625    -0.06247811 
249.348559    -0.07414338 
249.693763    -0.08527222 
250.034486    -0.09419334 
250.376182    -0.09846926 
250.725916    -0.09562236 
251.088239    -0.08451097 
251.462196    -0.06658836 
251.842884    -0.04527484 
252.225186    -0.02363360 
252.605465    -0.00279356 
252.980983    0.01655054 
253.349648    0.03393790 
253.709723    0.05052566 
254.059277    0.06717834 
254.395955    0.08429432 
254.718296    0.10131718 
255.029216    0.11605294 
255.339384    0.12444090 
255.664234    0.12130245 
256.012200    0.10340246 
256.377155    0.07437583 
256.747333    0.04275691 
257.115188    0.01408107 
257.477465    -0.01064694 
257.833089    -0.03091739 
258.181943    -0.04803401 
258.523891    -0.06328657 
258.858575    -0.07741944 
259.185638    -0.09076366 
259.505876    -0.10288183 
259.823746    -0.11182230 
260.148693    -0.11381150 
260.490288    -0.10470497 
260.849449    -0.08409602 
261.218643    -0.05765108 
261.590578    -0.03200482 
261.961781    -0.00980837 
262.330846    0.00893807 
262.697284    0.02380691 
263.061118    0.03587295 
263.422261    0.04649439 
263.780284    0.05655786 
264.134425    0.06654468 
264.483992    0.07639978 
264.829475    0.08523624 
265.173815    0.09123917 
265.522361    0.09205367 
265.880427    0.08583269 
266.249876    0.07266406 
266.628348    0.05492440 
267.011633    0.03568481 
267.395986    0.01682167 
267.778724    -0.00129783 
268.157915    -0.01774082 
268.532080    -0.03240458 
268.899677    -0.04651083 
269.258936    -0.06083307 
269.608044    -0.07555604 
269.946137    -0.09002353 
270.275539    -0.10229283 
270.603693    -0.10915675 
270.941222    -0.10703883 
271.295145    -0.09402060 
271.663762    -0.07215658 
272.039827    -0.04657174 
272.416690    -0.02151325 
272.790197    0.00168866 
273.157728    0.02218237 
273.517674    0.04019302 
273.868685    0.05706849 
274.209196    0.07363368 
274.537571    0.09019303 
274.853723    0.10602898 
275.162840    0.11858516 
275.477811    0.12311003 
275.812760    0.11405114 
276.169626    0.09022703 
276.537725    0.05892270 
276.907064    0.02884447 
277.273285    0.00310621 
277.635095    -0.01795429 
277.992587    -0.03452706 
278.346108    -0.04824177 
278.695725    -0.06025515 
279.041237    -0.07127380 
279.382431    -0.08158202 
279.719960    -0.09069592 
280.056948    -0.09686936 
280.399458    -0.09724578 
280.753342    -0.08936428 
281.119624    -0.07353783 
281.494501    -0.05337246 
281.873441    -0.03293837 
282.253406    -0.01411160 
282.632400    0.00305908 
283.009082    0.01776713 
283.382696    0.03020535 
283.752473    0.04166840 
284.117336    0.05307118 
284.475970    0.06478470 
284.827418    0.07650326 
285.172424    0.08698941 
285.514844    0.09404095 
285.861403    0.09499797 
286.218466    0.08794628 
286.587961    0.07321969 
286.966795    0.05363353 
287.349951    0.03257175 
287.733211    0.01193794 
288.113543    -0.00773703 
288.488616    -0.02536537 
288.856415    -0.04168443 
289.214848    -0.05785576 
289.561626    -0.07444955 
289.894850    -0.09127988 
290.215612    -0.10667193 
290.531716    -0.11700601 
290.857136    -0.11733819 
291.202698    -0.10388767 
291.566506    -0.07849400 
291.938438    -0.04859449 
292.310255    -0.02030798 
292.677764    0.00474861 
293.039085    0.02579540 
293.393590    0.04353091 
293.740830    0.05934821 
294.080237    0.07404796 
294.411421    0.08792086 
294.735324    0.10041663 
295.056710    0.10939765 
295.385354    0.11085674 
295.730571    0.10072957 
296.092428    0.07932875 
296.463167    0.05288186 
296.835973    0.02772756 
297.207787    0.00599811 
297.577504    -0.01215667 
297.944899    -0.02641564 
298.310010    -0.03806460 
298.672609    -0.04837885 
299.032143    -0.05817150 
299.387937    -0.06780364 
299.739662    -0.07702774 
300.088421    -0.08467373 
300.437828    -0.08861164 
300.793205    -0.08650082 
301.158402    -0.07724585 
301.533330    -0.06212693 
301.914962    -0.04409087 
302.299746    -0.02563891 
302.684713    -0.00760411 
303.067472    0.00961189 
303.446211    0.02494924 
303.819321    0.03919889 
304.184965    0.05342205 
304.541216    0.06801688 
304.886735    0.08260287 
305.222608    0.09560390 
305.554647    0.10406209 
305.892756    0.10439396 
306.245220    0.09423297 
306.612676    0.07473137 
306.989235    0.05044914 
307.368227    0.02581733 
307.745053    0.00257846 
308.116740    -0.01840847 
308.481351    -0.03679633 
308.837194    -0.05393144 
309.182506    -0.07065653 
309.515745    -0.08720592 
309.837136    -0.10277657 
310.152157    -0.11466567 
310.473442    -0.11803009 
310.813768    -0.10779134 
311.173845    -0.08391361 
311.543698    -0.05391920 
311.914618    -0.02550171 
312.282746    -0.00102980 
312.646764    0.01912023 
313.006616    0.03519076 
313.362461    0.04870599 
313.714126    0.06073134 
314.061268    0.07184850 
314.403962    0.08206027 
314.743715    0.09047552 
315.084711    0.09497165 
315.433212    0.09268722 
315.793551    0.08197727 
316.164719    0.06447626 
316.542311    0.04425945 
316.922413    0.02466832 
317.302647    0.00660791 
317.681359    -0.00974422 
318.057465    -0.02358590 
318.430202    -0.03576526 
318.798620    -0.04742017 
319.161543    -0.05914413 
319.517947    -0.07088890 
319.867885    -0.08177754 
320.213980    -0.08989092 
320.562038    -0.09255300 
320.918652    -0.08749189 
321.286893    -0.07449257 
321.664777    -0.05603875 
322.047852    -0.03562280 
322.431988    -0.01539337 
322.814065    0.00415583 
323.191758    0.02187515 
323.563171    0.03803194 
323.926181    0.05388424 
324.278518    0.07000156 
324.618514    0.08613862 
324.947235    0.10071140 
325.271637    0.11029435 
325.604058    0.11031342 
325.954031    0.09765151 
326.320292    0.07433325 
326.694490    0.04691473 
327.069455    0.02069940 
327.441206    -0.00294099 
327.807600    -0.02326182 
328.167565    -0.04069326 
328.520119    -0.05663071 
328.864071    -0.07185526 
329.198667    -0.08644963 
329.525222    -0.09942170 
329.849603    -0.10810518 
330.182457    -0.10818737 
330.532363    -0.09606364 
330.897777    -0.07332405 
331.270575    -0.04677202 
331.644460    -0.02206891 
332.016632    -0.00065303 
332.386015    0.01707505 
332.752445    0.03122309 
333.115909    0.04320790 
333.476071    0.05408530 
333.832392    0.06440557 
334.184692    0.07411275 
334.533999    0.08233653 
334.883438    0.08725303 
335.237992    0.08650023 
335.601866    0.07855954 
335.975521    0.06427598 
336.356074    0.04659565 
336.740048    0.02843378 
337.124762    0.01093563 
337.508086    -0.00579809 
337.888364    -0.02073112 
338.264302    -0.03424020 
338.634379    -0.04750783 
338.996813    -0.06111193 
339.350227    -0.07480381 
339.695011    -0.08731052 
340.035198    -0.09614465 
340.378713    -0.09806588 
340.733420    -0.09064125 
341.101573    -0.07430307 
341.479260    -0.05266089 
341.860729    -0.02983142 
342.241459    -0.00777363 
342.618241    0.01289446 
342.988820    0.03126810 
343.351208    0.04849832 
343.703114    0.06559887 
344.042397    0.08276447 
344.368878    0.09901088 
344.687830    0.11146144 
345.011787    0.11524488 
345.353642    0.10550522 
345.714743    0.08239648 
346.085819    0.05313729 
346.458218    0.02506821 
346.827780    0.00057170 
347.192908    -0.01982776 
347.553294    -0.03639660 
347.908860    -0.05065980 
348.259240    -0.06360930 
348.603975    -0.07567659 
348.943567    -0.08646352 
349.281072    -0.09435040 
349.622823    -0.09646771 
349.975630    -0.08993960 
350.341426    -0.07458265 
350.716359    -0.05409162 
351.095341    -0.03308782 
351.475129    -0.01390213 
351.853958    0.00330696 
352.230719    0.01787242 
352.604779    0.03008330 
352.975478    0.04122435 
353.341870    0.05218085 
353.702977    0.06321142 
354.058523    0.07380145 
354.409999    0.08252473 
354.761488    0.08712502 
355.118714    0.08522940 
355.485755    0.07579850 
355.862443    0.06024699 
356.245448    0.04166016 
356.630975    0.02260811 
357.015912    0.00384450 
357.397714    -0.01398117 
357.774403    -0.03011813 
358.143979    -0.04571395 
358.504072    -0.06164706 
358.852578    -0.07784517 
359.189455    -0.09298332 
359.519630    -0.10406905 
359.853778    -0.10685236 
360.202403    -0.09789880 
360.567362    -0.07790277 
360.942193    -0.05226574 
361.319517    -0.02652350 
361.694663    -0.00279976 
362.064969    0.01818245 
362.429007    0.03619276 
362.785600    0.05266965 
363.133298    0.06854711 
363.470855    0.08399922 
363.799147    0.09794838 
364.124217    0.10741977 
364.457534    0.10774632 
364.808281    0.09521507 
365.174692    0.07182440 
365.548277    0.04488599 
365.922651    0.02006301 
366.295056    -0.00133926 
366.664559    -0.01880575 
367.031086    -0.03272625 
367.394552    -0.04463448 
367.754451    -0.05560793 
368.110053    -0.06614787 
368.461239    -0.07596997 
368.809746    -0.08375013 
369.159886    -0.08720910 
369.517155    -0.08397366 
369.884709    -0.07326526 
370.261337    -0.05700831 
370.643374    -0.03858004 
371.027469    -0.02044807 
371.411253    -0.00316805 
371.792885    0.01271733 
372.171070    0.02656630 
372.544661    0.03942856 
372.912206    0.05230949 
373.272222    0.06544488 
373.624243    0.07807100 
373.970440    0.08826553 
374.316662    0.09314074 
374.670510    0.08990998 
375.036420    0.07778325 
375.412924    0.05912261 
375.795201    0.03789553 
376.178674    0.01684895 
376.559996    -0.00334340 
376.936762    -0.02161056 
377.307153    -0.03819349 
377.669120    -0.05445261 
378.020324    -0.07101031 
378.359248    -0.08740833 
378.688029    -0.10150394 
379.015548    -0.10914825 
379.354733    -0.10546098 
379.712190    -0.08852332 
380.083045    -0.06278040 
380.458563    -0.03548098 
380.832968    -0.01054502 
381.203422    0.01133192 
381.568780    0.02945359 
381.928588    0.04504938 
382.282207    0.05936607 
382.628749    0.07302184 
382.968036    0.08574804 
383.302774    0.09580127 
383.640192    0.09980002 
383.989117    0.09406117 
384.352754    0.07788044 
384.726652    0.05547123 
385.104554    0.03244040 
385.482564    0.01157416 
385.858817    -0.00672544 
386.232521    -0.02166566 
386.603427    -0.03397870 
386.971140    -0.04500886 
387.334900    -0.05561814 
387.693953    -0.06601603 
388.048536    -0.07550344 
388.401040    -0.08235306 
388.756210    -0.08418156 
389.119079    -0.07907459 
389.491687    -0.06707836 
389.872177    -0.05052881 
390.257008    -0.03243041 
390.643039    -0.01451850 
391.027774    0.00291805 
391.409223    0.01883845 
391.785878    0.03325682 
392.156039    0.04742693 
392.517679    0.06201537 
392.869354    0.07662788 
393.212134    0.08951695 
393.551707    0.09753504 
393.897459    0.09704246 
394.256553    0.08609864 
394.628687    0.06661264 
395.008174    0.04333241 
395.389184    0.02012759 
395.767693    -0.00181665 
396.141099    -0.02145417 
396.507787    -0.03885813 
396.866140    -0.05541090 
397.214275    -0.07183971 
397.551032    -0.08786095 
397.878762    -0.10148078 
398.206456    -0.10853633 
398.546848    -0.10398116 
398.905641    -0.08603635 
399.277058    -0.05977748 
399.652435    -0.03273848 
400.026559    -0.00854900 
400.397136    0.01220311 
400.763546    0.02893068 
401.125819    0.04290569 
401.483786    0.05536005 
401.836955    0.06697250 
402.185188    0.07767337 
402.530239    0.08618365 
402.876992    0.08993718 
403.231866    0.08614386 
403.598230    0.07401232 
403.974131    0.05610788 
404.355145    0.03647794 
404.737667    0.01769523 
405.119438    0.00023923 
405.498978    -0.01513597 
405.875457    -0.02811464 
406.248194    -0.03984835 
406.616232    -0.05129054 
406.978522    -0.06274173 
407.334862    -0.07357440 
407.687255    -0.08207127 
408.040549    -0.08572185 
408.400712    -0.08225197 
408.771104    -0.07117987 
409.150552    -0.05453638 
409.535226    -0.03551159 
409.921266    -0.01627994 
410.305557    0.00262667 
410.685673    0.02005593 
411.059804    0.03596682 
411.425973    0.05162757 
411.781957    0.06761316 
412.126517    0.08330799 
412.461969    0.09645574 
412.796533    0.10312319 
413.141483    0.09916748 
413.502537    0.08343436 
413.875966    0.05989991 
414.254363    0.03453410 
414.632125    0.01063949 
415.005887    -0.01105914 
415.373886    -0.02961578 
415.735162    -0.04607806 
416.088665    -0.06158775 
416.433320    -0.07656553 
416.769378    -0.09032471 
417.101181    -0.10035004 
417.438382    -0.10235357 
417.790288    -0.09260357 
418.157422    -0.07214906 
418.532995    -0.04718665 
418.910584    -0.02328482 
419.286715    -0.00208223 
419.659771    0.01588070 
420.029321    0.03039868 
420.395290    0.04279940 
420.757365    0.05410753 
421.115057    0.06477127 
421.468477    0.07443879 
421.819651    0.08165076 
422.173138    0.08404472 
422.534166    0.07951527 
422.905109    0.06790927 
423.284251    0.05157860 
423.668021    0.03368893 
424.053280    0.01612569 
424.437695    -0.00079261 
424.819483    -0.01614890 
425.197473    -0.02961636 
425.570599    -0.04228218 
425.937525    -0.05494594 
426.297096    -0.06758609 
426.649696    -0.07904868 
426.998808    -0.08700435 
427.350999    -0.08855198 
427.712619    -0.08171558 
428.085519    -0.06712563 
428.466696    -0.04792533 
428.851505    -0.02745754 
429.235946    -0.00721168 
429.616853    0.01220488 
429.991920    0.02974119 
430.359156    0.04641074 
430.716287    0.06317995 
431.061411    0.07998048 
431.395303    0.09517708 
431.724809    0.10507006 
432.062359    0.10470315 
432.417028    0.09111509 
432.786717    0.06730681 
433.163129    0.04037316 
433.539637    0.01510764 
433.912550    -0.00747980 
434.280101    -0.02648150 
434.641711    -0.04267918 
434.996982    -0.05729954 
435.345445    -0.07093108 
435.687339    -0.08330612 
436.025562    -0.09269889 
436.367116    -0.09576046 
436.719990    -0.08912643 
437.086503    -0.07277234 
437.462329    -0.05118330 
437.841941    -0.02947654 
438.221829    -0.00983637 
438.600080    0.00748943 
438.975770    0.02172606 
439.348567    0.03361692 
439.718089    0.04439789 
440.083682    0.05478857 
440.444803    0.06483272 
440.802012    0.07364880 
441.158058    0.07937394 
441.517656    0.07974753 
441.885096    0.07336315 
442.261510    0.06085178 
442.644776    0.04464378 
443.031597    0.02724488 
443.418976    0.00975322 
443.804304    -0.00750597 
444.185471    -0.02331958 
444.560803    -0.03811856 
444.928422    -0.05293162 
445.286462    -0.06795366 
445.634621    -0.08207394 
445.976501    -0.09265787 
446.320362    -0.09605631 
446.675042    -0.08938760 
447.043437    -0.07303996 
447.421572    -0.05106329 
447.803429    -0.02796525 
448.184278    -0.00576945 
448.560807    0.01476835 
448.930971    0.03282502 
449.293236    0.04958258 
449.645947    0.06594575 
449.987968    0.08184975 
450.320929    0.09567559 
450.652294    0.10367816 
450.993888    0.10096180 
451.352481    0.08531909 
451.724139    0.06096767 
452.101006    0.03511162 
452.477792    0.01167104 
452.851793    -0.00877651 
453.221842    -0.02551377 
453.587630    -0.03952552 
453.948905    -0.05207220 
454.305240    -0.06380757 
454.656579    -0.07460964 
455.004663    -0.08315731 
455.354247    -0.08686538 
455.711546    -0.08303117 
456.079819    -0.07106807 
456.457288    -0.05361689 
456.839826    -0.03455250 
457.223919    -0.01620241 
457.607118    0.00106571 
457.987690    0.01640402 
458.364626    0.02960392 
458.737141    0.04178013 
459.104293    0.05369455 
459.465303    0.06535625 
459.820712    0.07572476 
460.173774    0.08263637 
460.530261    0.08346235 
460.895472    0.07655689 
461.270733    0.06269256 
461.653359    0.04479125 
462.039377    0.02580628 
462.425337    0.00698079 
462.808418    -0.01111880 
463.186563    -0.02739991 
463.558111    -0.04272286 
463.921146    -0.05806668 
464.274021    -0.07340878 
464.617336    -0.08723951 
464.956495    -0.09633219 
465.301326    -0.09660406 
465.659706    -0.08570996 
466.031427    -0.06579191 
466.410618    -0.04222554 
466.791518    -0.01914043 
467.170222    0.00238843 
467.544169    0.02143174 
467.911876    0.03812881 
468.272107    0.05376832 
468.623596    0.06897544 
468.965967    0.08334193 
469.302122    0.09478236 
469.640281    0.09933690 
469.990387    0.09294758 
470.355635    0.07537282 
470.730971    0.05175220 
471.109885    0.02796047 
471.488244    0.00638379 
471.863736    -0.01248545 
472.235296    -0.02801757 
472.602520    -0.04135180 
472.965024    -0.05354765 
473.322386    -0.06501785 
473.674936    -0.07528330 
474.025213    -0.08262952 
474.378526    -0.08438119 
474.740457    -0.07839833 
475.112828    -0.06505669 
475.493106    -0.04741481 
475.877378    -0.02887095 
476.262497    -0.01102758 
476.646143    0.00579789 
477.026695    0.02052182 
477.403174    0.03347196 
477.774679    0.04574482 
478.140178    0.05787678 
478.499169    0.06950510 
478.853138    0.07907343 
479.206646    0.08401942 
479.565963    0.08183366 
479.935205    0.07174647 
480.313844    0.05566550 
480.698298    0.03688646 
481.084680    0.01776746 
481.469720    -0.00112035 
481.850722    -0.01875367 
482.225694    -0.03487067 
482.592704    -0.05064424 
482.949702    -0.06660678 
483.295801    -0.08200742 
483.634013    -0.09430802 
483.973094    -0.09936196 
484.323540    -0.09333329 
484.689154    -0.07613291 
485.065315    -0.05256511 
485.445277    -0.02817340 
485.824200    -0.00533669 
486.198954    0.01525115 
486.567770    0.03294617 
486.929557    0.04894807 
487.283307    0.06411465 
487.628506    0.07843460 
487.966944    0.09049556 
488.305063    0.09700096 
488.652490    0.09379918 
489.014547    0.07932778 
489.388116    0.05738130 
489.766862    0.03400061 
490.146277    0.01252290 
490.523857    -0.00649460 
490.898335    -0.02218763 
491.269263    -0.03519573 
491.636363    -0.04674817 
491.999260    -0.05751775 
492.357857    -0.06745065 
492.713382    -0.07548646 
493.069367    -0.07955588 
493.430786    -0.07745495 
493.801018    -0.06843930 
494.179747    -0.05412567 
494.564134    -0.03740264 
494.951065    -0.02041638 
495.337959    -0.00369250 
495.722602    0.01214752 
496.103363    0.02624882 
496.478977    0.03944912 
496.848095    0.05256771 
497.209562    0.06559065 
497.563798    0.07730045 
497.914504    0.08521502 
498.268476    0.08635345 
498.631940    0.07889885 
499.006354    0.06381678 
499.388518    0.04444455 
499.773869    0.02399783 
500.158442    0.00371750 
500.538979    -0.01557601 
500.913100    -0.03308007 
501.278764    -0.04989580 
501.633854    -0.06670777 
501.977314    -0.08295443 
502.312043    -0.09619831 
502.647331    -0.10204742 
502.994824    -0.09605792 
503.358662    -0.07785697 
503.733407    -0.05292504 
504.111724    -0.02760407 
504.488863    -0.00446873 
504.862111    0.01580498 
505.230180    0.03275382 
505.592442    0.04765096 
505.948364    0.06138376 
506.297779    0.07405955 
506.642203    0.08459601 
506.986609    0.09032320 
507.338521    0.08783575 
507.702638    0.07575453 
508.077281    0.05690867 
508.457624    0.03617911 
508.839724    0.01661805 
509.221118    -0.00123921 
509.600204    -0.01663165 
509.976125    -0.02948370 
510.348322    -0.04095935 
510.716206    -0.05184666 
511.079344    -0.06222700 
511.438325    -0.07125855 
511.795875    -0.07709696 
512.156714    -0.07749360 
512.525138    -0.07112725 
512.902301    -0.05873980 
513.286172    -0.04276898 
513.673570    -0.02562166 
514.061520    -0.00829055 
514.447337    0.00879030 
514.828860    0.02439658 
515.204433    0.03903659 
515.572358    0.05359578 
515.931183    0.06805736 
516.281382    0.08101959 
516.627504    0.08959548 
516.977787    0.09032844 
517.339252    0.08128437 
517.712699    0.06402819 
518.093787    0.04276274 
518.477374    0.02105036 
518.859430    0.00002882 
519.236900    -0.01931831 
519.607708    -0.03668604 
519.970064    -0.05327462 
520.322249    -0.06961090 
520.663944    -0.08494176 
520.999117    -0.09658554 
521.337646    -0.10001608 
521.689819    -0.09128578 
522.057199    -0.07136784 
522.433451    -0.04651401 
522.812107    -0.02237354 
523.189356    -0.00063481 
523.563094    0.01801564 
523.932375    0.03350099 
524.296695    0.04713086 
524.655613    0.05969664 
525.009075    0.07120632 
525.358602    0.08052621 
525.708633    0.08517815 
526.065466    0.08232573 
526.432904    0.07111701 
526.809690    0.05408592 
527.191931    0.03521831 
527.576163    0.01699898 
527.959938    -0.00014125 
528.341425    -0.01541964 
528.719484    -0.02849655 
529.093333    -0.04041282 
529.462203    -0.05189702 
529.825572    -0.06291367 
530.184169    -0.07241997 
530.541171    -0.07834291 
530.901815    -0.07832163 
531.270562    -0.07114633 
531.648297    -0.05784092 
532.032614    -0.04106977 
532.420077    -0.02324825 
532.807526    -0.00524326 
533.192135    0.01229366 
533.571703    0.02830404 
533.944416    0.04360775 
534.308376    0.05894301 
534.662337    0.07392074 
535.007972    0.08652689 
535.351909    0.09321520 
535.703587    0.09037883 
536.068471    0.07709754 
536.444517    0.05666733 
536.826070    0.03402269 
537.208214    0.01203189 
537.587428    -0.00865091 
537.961288    -0.02692368 
538.328161    -0.04351152 
538.686527    -0.05945333 
539.035286    -0.07484957 
539.375579    -0.08833249 
539.713486    -0.09654496 
540.059275    -0.09500621 
540.419716    -0.08155902 
540.792478    -0.05969020 
541.171021    -0.03577580 
541.550423    -0.01358116 
541.927873    0.00625300 
542.301820    0.02287238 
542.671551    0.03690368 
543.036574    0.04953618 
543.396488    0.06129346 
543.751547    0.07183097 
544.103926    0.07960525 
544.458489    0.08202613 
544.820740    0.07687409 
545.192896    0.06437082 
545.572945    0.04746457 
545.957308    0.02950642 
546.342971    0.01210668 
546.727597    -0.00448507 
547.109388    -0.01920883 
547.487192    -0.03216875 
547.860099    -0.04437475 
548.227245    -0.05628236 
548.588380    -0.06743916 
548.945203    -0.07624276 
549.302233    -0.08021009 
549.665198    -0.07716280 
550.037445    -0.06679750 
550.418153    -0.05117750 
550.804012    -0.03326043 
551.191493    -0.01490829 
551.577466    0.00345830 
551.959257    0.02064624 
552.334828    0.03658937 
552.702213    0.05232109 
553.059585    0.06805184 
553.406949    0.08251208 
553.748906    0.09259882 
554.094899    0.09417036 
554.453344    0.08461596 
554.824980    0.06572565 
555.204464    0.04273535 
555.586098    0.01988639 
555.965898    -0.00161395 
556.341140    -0.02081119 
556.710155    -0.03769960 
557.071627    -0.05348243 
557.424445    -0.06863255 
557.768847    -0.08242712 
558.108822    -0.09234899 
558.453084    -0.09428092 
558.809934    -0.08501172 
559.180022    -0.06604738 
559.557866    -0.04315339 
559.938130    -0.02109024 
560.317612    -0.00114228 
560.694435    0.01605892 
561.067660    0.03030294 
561.436752    0.04281441 
561.801238    0.05440853 
562.160953    0.06513291 
562.516963    0.07401146 
562.872667    0.07894408 
563.233248    0.07751272 
563.602532    0.06876693 
563.980483    0.05438281 
564.364288    0.03748255 
564.750788    0.02036233 
565.137373    0.00357154 
565.521798    -0.01227834 
565.902412    -0.02632982 
566.278022    -0.03937205 
566.647532    -0.05212158 
567.010210    -0.06444032 
567.366940    -0.07501101 
567.721662    -0.08135407 
568.080662    -0.08079537 
568.448856    -0.07220443 
568.826654    -0.05713557 
569.210891    -0.03880188 
569.597639    -0.01975041 
569.983469    -0.00072085 
570.365454    0.01732266 
570.741413    0.03382760 
571.109419    0.04984208 
571.467602    0.06580783 
571.815530    0.08077780 
572.157028    0.09190549 
572.501253    0.09493755 
572.857456    0.08667742 
573.227383    0.06834616 
573.605881    0.04529530 
573.987065    0.02228945 
574.366921    0.00082755 
574.742803    -0.01829617 
575.113145    -0.03485267 
575.476806    -0.05007601 
575.832794    -0.06458697 
576.181100    -0.07792813 
576.524700    -0.08803590 
576.870874    -0.09125436 
577.227651    -0.08430404 
577.597110    -0.06775042 
577.975055    -0.04643503 
578.356386    -0.02513657 
578.737731    -0.00555224 
579.116950    0.01186377 
579.492790    0.02644104 
579.864518    0.03919080 
580.231528    0.05104117 
580.593476    0.06215822 
580.951081    0.07171769 
581.307295    0.07775508 
581.667195    0.07778764 
582.035200    0.07047044 
582.412096    0.05699590 
582.795440    0.04035813 
583.181993    0.02311542 
583.568974    0.00609239 
583.953971    -0.01023905 
584.335137    -0.02482737 
584.711163    -0.03830569 
585.080881    -0.05145252 
585.443469    -0.06418950 
585.799718    -0.07521216 
586.153615    -0.08196158 
586.511709    -0.08160865 
586.879190    -0.07292600 
587.256497    -0.05756046 
587.640338    -0.03892474 
588.026702    -0.01968483 
588.412160    -0.00059057 
588.793822    0.01742303 
589.169539    0.03385900 
589.537423    0.04978055 
589.895669    0.06562253 
590.243927    0.08042818 
590.586078    0.09133085 
590.931229    0.09406322 
591.288382    0.08550328 
591.658988    0.06704485 
592.037860    0.04410713 
592.419260    0.02133862 
592.799306    0.00012230 
593.175426    -0.01872890 
593.546089    -0.03506433 
593.910166    -0.05010882 
594.266711    -0.06443274 
594.615842    -0.07749901 
594.960710    -0.08715853 
595.308575    -0.08977641 
595.667027    -0.08231793 
596.037688    -0.06565813 
596.416372    -0.04462846 
596.798213    -0.02372825 
597.179977    -0.00445663 
597.559568    0.01266389 
597.935747    0.02701525 
598.307776    0.03963170 
598.675065    0.05138183 
599.037348    0.06234666 
599.395533    0.07158954 
599.752787    0.07706949 
600.114160    0.07638517 
600.483686    0.06846197 
600.861760    0.05474619 
601.245863    0.03822575 
601.632887    0.02124257 
602.020152    0.00443957 
602.405297    -0.01161190 
602.786510    -0.02597370 
603.162460    -0.03937993 
603.531944    -0.05253728 
603.894205    -0.06523114 
604.250334    -0.07596380 
604.604742    -0.08203094 
604.964089    -0.08067430 
605.333100    -0.07100602 
605.711617    -0.05503281 
606.096122    -0.03620403 
606.482649    -0.01692379 
606.867782    0.00222810 
607.248639    0.02015971 
607.623035    0.03671538 
607.988965    0.05294594 
608.344665    0.06905175 
608.690405    0.08366970 
609.031432    0.09342459 
609.377896    0.09384250 
609.737844    0.08245805 
610.110650    0.06196632 
610.490245    0.03831013 
610.871152    0.01553576 
611.249823    -0.00544704 
611.624031    -0.02364382 
611.992511    -0.03953005 
612.354297    -0.05423649 
612.708761    -0.06805894 
613.056806    -0.08006370 
613.402811    -0.08764517 
613.754487    -0.08714786 
614.117742    -0.07656350 
614.491917    -0.05827884 
614.872313    -0.03740968 
615.254751    -0.01747889 
615.636584    0.00076072 
616.016088    0.01654511 
616.392283    0.02977254 
616.764513    0.04159156 
617.132240    0.05269053 
617.495376    0.06293198 
617.855183    0.07114912 
618.215100    0.07523373 
618.579853    0.07309316 
618.952599    0.06422764 
619.333102    0.05039464 
619.718857    0.03432080 
620.106996    0.01782179 
620.494918    0.00124760 
620.880214    -0.01457975 
621.261014    -0.02897166 
621.635835    -0.04276170 
622.003346    -0.05642494 
622.363036    -0.06934765 
622.716982    -0.07949907 
623.070936    -0.08381300 
623.431944    -0.07976271 
623.803532    -0.06735625 
624.184005    -0.04948415 
624.569165    -0.02968899 
624.954977    -0.00980715 
625.338018    0.00961251 
625.715595    0.02735639 
626.085637    0.04408037 
626.446172    0.06060266 
626.796057    0.07653910 
627.137598    0.08961774 
627.478970    0.09560428 
627.830787    0.09028698 
628.197193    0.07345014 
628.573756    0.05026537 
628.954061    0.02654770 
629.333732    0.00462447 
629.710099    -0.01482837 
630.081720    -0.03125856 
630.447749    -0.04586006 
630.807503    -0.05942961 
631.160959    -0.07180328 
631.510259    -0.08143495 
631.860962    -0.08532392 
632.219905    -0.08048606 
632.589928    -0.06683313 
632.968422    -0.04807246 
633.351125    -0.02854345 
633.734857    -0.01021326 
634.117457    0.00658738 
634.497435    0.02093510 
634.873855    0.03333218 
635.245980    0.04481526 
635.613279    0.05574416 
635.975992    0.06555961 
636.336151    0.07264581 
636.697944    0.07472589 
637.065923    0.07014182 
637.442122    0.05923982 
637.825294    0.04429346 
638.212620    0.02780721 
638.601227    0.01096957 
638.988393    -0.00592466 
639.371714    -0.02163393 
639.749378    -0.03627954 
640.119831    -0.05066447 
640.481925    -0.06471674 
640.836391    -0.07697114 
641.187775    -0.08450086 
641.543693    -0.08407073 
641.909970    -0.07437341 
642.286718    -0.05750039 
642.669960    -0.03743597 
643.055230    -0.01704449 
643.438861    0.00292075 
643.817938    0.02132292 
644.190393    0.03812462 
644.554427    0.05437653 
644.908604    0.07023149 
645.253692    0.08425005 
645.595500    0.09293561 
645.944148    0.09182071 
646.306519    0.07893417 
646.680758    0.05776563 
647.060726    0.03441374 
647.441526    0.01242368 
647.820147    -0.00751847 
648.194817    -0.02447072 
648.564574    -0.03915146 
648.928662    -0.05265399 
649.286640    -0.06522971 
649.639460    -0.07595294 
649.991001    -0.08243691 
650.347686    -0.08157266 
650.714333    -0.07187186 
651.090582    -0.05545845 
651.472735    -0.03654417 
651.857207    -0.01805725 
652.241445    -0.00064357 
652.623525    0.01495132 
653.002149    0.02834280 
653.376393    0.04053669 
653.745539    0.05215054 
654.109445    0.06291763 
654.469536    0.07148674 
654.829621    0.07558224 
655.194749    0.07308481 
655.568099    0.06364110 
655.949230    0.04919623 
656.335423    0.03254653 
656.723633    0.01543232 
657.111047    -0.00179077 
657.495114    -0.01803548 
657.873908    -0.03294198 
658.245875    -0.04737704 
658.609762    -0.06153605 
658.965748    -0.07431591 
659.317476    -0.08306402 
659.672165    -0.08442433 
660.036391    -0.07650272 
660.411388    -0.06077439 
660.793692    -0.04116106 
661.178841    -0.02093315 
661.563143    -0.00110728 
661.943620    0.01741370 
662.318143    0.03413273 
662.684969    0.05011288 
663.042579    0.06575587 
663.391037    0.08004582 
663.734693    0.08999675 
664.082697    0.09129479 
664.443025    0.08121878 
664.815800    0.06197807 
665.195589    0.03929639 
665.577224    0.01733819 
665.957361    -0.00290779 
666.333873    -0.02052215 
666.705551    -0.03569297 
667.071512    -0.04959112 
667.431129    -0.06262834 
667.784956    -0.07408411 
668.136340    -0.08175744 
668.491625    -0.08246560 
668.856429    -0.07420418 
669.231320    -0.05850104 
669.612806    -0.03953816 
669.997063    -0.02068209 
670.381341    -0.00288292 
670.763600    0.01321533 
671.142464    0.02699824 
671.516995    0.03940997 
671.886485    0.05114093 
672.250767    0.06201023 
672.611152    0.07075694 
672.971302    0.07515040 
673.336228    0.07302328 
673.709226    0.06391673 
674.090011    0.04971828 
674.475966    0.03325867 
674.864123    0.01635132 
675.251760    -0.00064140 
675.636378    -0.01673036 
676.016058    -0.03143354 
676.389270    -0.04560596 
676.754776    -0.05951779 
677.112584    -0.07220491 
677.465866    -0.08119647 
677.821340    -0.08323445 
678.185575    -0.07629675 
678.560328    -0.06151732 
678.942614    -0.04255016 
679.328136    -0.02267150 
679.713187    -0.00300656 
680.094670    0.01565301 
680.470275    0.03258490 
680.838134    0.04878351 
681.196615    0.06469192 
681.545594    0.07934204 
681.889221    0.08977251 
682.236682    0.09160846 
682.596343    0.08195142 
682.968687    0.06282910 
683.348297    0.03999315 
683.729846    0.01777247 
684.109857    -0.00275137 
684.486123    -0.02063900 
684.857405    -0.03605087 
685.222835    -0.05014124 
685.581856    -0.06328535 
685.935174    -0.07470173 
686.286395    -0.08209572 
686.642049    -0.08223668 
687.007549    -0.07326983 
687.383008    -0.05704007 
687.764716    -0.03789974 
688.148913    -0.01911252 
688.532980    -0.00150061 
688.915024    0.01422146 
689.293806    0.02759772 
689.668477    0.03962782 
690.038402    0.05096406 
690.403504    0.06138661 
690.765152    0.06962809 
691.126894    0.07353714 
691.493402    0.07111946 
691.867630    0.06206947 
692.249235    0.04824854 
692.635773    0.03229490 
693.024457    0.01582746 
693.412645    -0.00086540 
693.797834    -0.01678829 
694.178038    -0.03146236 
694.551653    -0.04569938 
694.917410    -0.05969470 
695.275396    -0.07238009 
695.628972    -0.08119081 
695.984987    -0.08287487 
696.349897    -0.07555241 
696.725235    -0.06051530 
697.107909    -0.04142783 
697.493603    -0.02144520 
697.878546    -0.00159186 
698.259548    0.01723257 
698.634224    0.03443152 
699.000629    0.05099496 
699.357167    0.06720574 
699.704157    0.08181316 
700.046761    0.09146764 
700.394966    0.09161244 
700.756442    0.07985154 
701.130158    0.05922274 
701.510101    0.03586514 
701.891155    0.01365396 
702.270123    -0.00659220 
702.645104    -0.02388019 
703.015103    -0.03880895 
703.379423    -0.05244892 
703.737766    -0.06500059 
704.091309    -0.07545813 
704.444167    -0.08135275 
704.802698    -0.07964721 
705.171159    -0.06920840 
705.548660    -0.05254189 
705.931477    -0.03386634 
706.316271    -0.01582121 
706.700707    0.00109357 
707.083052    0.01604157 
707.462149    0.02884783 
707.837144    0.04053399 
708.207411    0.05162587 
708.572976    0.06174574 
708.935430    0.06947800 
709.298485    0.07264717 
709.666646    0.06944778 
710.042454    0.05985928 
710.425279    0.04585227 
710.812639    0.02990709 
711.201761    0.01338093 
711.589925    -0.00346798 
711.974550    -0.01946778 
712.353596    -0.03441359 
712.725397    -0.04905538 
713.088801    -0.06330605 
713.444554    -0.07567084 
713.797225    -0.08316929 
714.154393    -0.08256029 
714.521711    -0.07267196 
714.899144    -0.05577079 
715.282771    -0.03585307 
715.668252    -0.01562352 
716.051953    0.00424496 
716.430929    0.02256699 
716.803058    0.03943403 
717.166564    0.05577902 
717.520305    0.07150459 
717.865831    0.08478629 
718.209985    0.09175343 
718.562762    0.08813864 
718.929148    0.07313448 
719.305828    0.05130189 
719.686842    0.02843876 
720.067894    0.00715189 
720.446314    -0.01194021 
720.820592    -0.02805676 
721.189878    -0.04223552 
721.553540    -0.05532982 
721.911540    -0.06722449 
722.265713    -0.07649688 
722.620875    -0.08040864 
722.983063    -0.07628655 
723.355074    -0.06401953 
723.734982    -0.04680061 
724.119120    -0.02848549 
724.504512    -0.01092201 
724.888976    0.00554086 
725.270876    0.01990262 
725.649092    0.03247510 
726.022761    0.04420639 
726.391377    0.05531537 
726.755419    0.06503208 
727.117325    0.07154361 
727.481509    0.07257916 
727.852180    0.06682902 
728.230700    0.05512610 
728.615460    0.03993639 
729.003685    0.02352300 
729.392602    0.00669001 
729.779481    -0.01008189 
730.161935    -0.02562404 
730.538103    -0.04042160 
730.906486    -0.05498481 
731.266526    -0.06868766 
731.620449    -0.07935648 
731.974477    -0.08364674 
732.336021    -0.07890851 
732.708333    -0.06548520 
733.089191    -0.04682416 
733.474213    -0.02667356 
733.859429    -0.00667291 
734.241529    0.01253162 
734.618006    0.02990856 
734.986988    0.04629480 
735.346934    0.06224401 
735.697616    0.07697613 
736.042694    0.08775407 
736.390872    0.09027053 
736.750605    0.08143517 
737.122874    0.06297529 
737.502572    0.04056251 
737.884468    0.01867089 
738.265151    -0.00152168 
738.642475    -0.01911767 
739.015270    -0.03413568 
739.382753    -0.04775043 
739.744432    -0.06039819 
740.100911    -0.07139122 
740.455345    -0.07862379 
740.813554    -0.07911718 
741.180592    -0.07111241 
741.556948    -0.05615443 
741.939491    -0.03813471 
742.324755    -0.02012283 
742.710169    -0.00295849 
743.093751    0.01271573 
743.474084    0.02625345 
743.850132    0.03855072 
744.221122    0.05024028 
744.586935    0.06102139 
744.949040    0.06950087 
745.311207    0.07340621 
745.678283    0.07071490 
746.053186    0.06122935 
746.435390    0.04696296 
746.822304    0.03061500 
747.211037    0.01373626 
747.598828    -0.00335573 
747.983093    -0.01949788 
748.361799    -0.03449894 
748.733342    -0.04910563 
749.096728    -0.06319434 
749.452911    -0.07523500 
749.806586    -0.08223051 
750.165179    -0.08100697 
750.533862    -0.07062044 
750.912201    -0.05358023 
751.296276    -0.03389142 
751.681975    -0.01406316 
752.065873    0.00531189 
752.445226    0.02303845 
752.818063    0.03932968 
753.182795    0.05506340 
753.538551    0.07005258 
753.887081    0.08243327 
754.234924    0.08849014 
754.591073    0.08441451 
754.959729    0.06984205 
755.337855    0.04911714 
755.720133    0.02740651 
