0.000000    0.00000000 
0.400000    0.01718423 
0.800000    0.03219895 
1.200000    0.04415616 
1.600000    0.05277221 
2.000000    0.05794137 
2.400000    0.05958500 
2.800000    0.05760565 
3.200000    0.05187647 
3.600000    0.04222655 
4.000000    0.02849968 
4.400000    0.01082520 
4.800000    -0.00956410 
5.200000    -0.02849288 
5.600000    -0.03776488 
6.000000    -0.03109097 
6.400000    -0.01226189 
6.800000    0.01030276 
7.200000    0.03136997 
7.600000    0.04894307 
8.000000    0.06235965 
8.400000    0.07136719 
8.800000    0.07586584 
9.200000    0.07585630 
9.600000    0.07139660 
10.000000    0.06253286 
10.400000    0.04923458 
10.800000    0.03140851 
11.200000    0.00920801 
11.600000    -0.01569515 
12.000000    -0.03705068 
12.400000    -0.04310530 
12.800000    -0.02864398 
13.200000    -0.00293102 
13.600000    0.02391562 
14.000000    0.04752844 
14.400000    0.06650657 
14.800000    0.08029060 
15.200000    0.08861467 
15.600000    0.09147011 
16.000000    0.08908110 
16.400000    0.08178478 
16.800000    0.06987620 
17.200000    0.05347866 
17.600000    0.03252863 
18.000000    0.00716333 
18.400000    -0.02058986 
18.800000    -0.04268002 
19.200000    -0.04502735 
19.600000    -0.02491666 
20.000000    0.00471149 
20.400000    0.03381210 
20.800000    0.05881593 
21.200000    0.07851698 
21.600000    0.09226942 
22.000000    0.09976964 
22.400000    0.10112717 
22.800000    0.09679961 
23.200000    0.08737932 
23.600000    0.07336355 
24.000000    0.05499052 
24.400000    0.03222908 
24.800000    0.00523745 
25.200000    -0.02364933 
25.600000    -0.04525958 
26.000000    -0.04486425 
26.400000    -0.02205736 
26.800000    0.00881421 
27.200000    0.03830374 
27.600000    0.06331375 
28.000000    0.08273433 
28.400000    0.09591671 
28.800000    0.10259101 
29.200000    0.10295836 
29.600000    0.09759291 
30.000000    0.08718943 
30.400000    0.07231563 
30.800000    0.05325018 
31.200000    0.03000049 
31.600000    0.00284551 
32.000000    -0.02551043 
32.400000    -0.04544021 
32.800000    -0.04317134 
33.200000    -0.02005191 
33.600000    0.00990442 
34.000000    0.03805989 
34.400000    0.06164295 
34.800000    0.07971578 
35.200000    0.09178155 
35.600000    0.09767458 
36.000000    0.09762129 
36.400000    0.09214934 
36.800000    0.08187201 
37.200000    0.06727922 
37.600000    0.04861035 
38.000000    0.02592130 
38.400000    -0.00027934 
38.800000    -0.02682158 
39.200000    -0.04409566 
39.600000    -0.04033885 
40.000000    -0.01821942 
40.400000    0.00957838 
40.800000    0.03539713 
41.200000    0.05675285 
41.600000    0.07290490 
42.000000    0.08355648 
42.400000    0.08865898 
42.800000    0.08842276 
43.200000    0.08324993 
43.600000    0.07358469 
44.000000    0.05976803 
44.400000    0.04196533 
44.800000    0.02030384 
45.200000    -0.00437478 
45.600000    -0.02831101 
46.000000    -0.04212306 
46.400000    -0.03658883 
46.800000    -0.01564667 
47.200000    0.00967718 
47.600000    0.03289875 
48.000000    0.05187001 
48.400000    0.06601559 
48.800000    0.07518719 
49.200000    0.07941620 
49.600000    0.07888384 
50.000000    0.07387061 
50.400000    0.06466119 
50.800000    0.05145769 
51.200000    0.03436931 
51.600000    0.01364528 
52.000000    -0.00941670 
52.400000    -0.03031218 
52.800000    -0.03999313 
53.200000    -0.03207204 
53.600000    -0.01184313 
54.000000    0.01128081 
54.400000    0.03209146 
54.800000    0.04885334 
55.200000    0.06113096 
55.600000    0.06885966 
56.000000    0.07210589 
56.400000    0.07101849 
56.800000    0.06578633 
57.200000    0.05657777 
57.600000    0.04349944 
58.000000    0.02665271 
58.400000    0.00649291 
58.800000    -0.01506081 
59.200000    -0.03260549 
59.600000    -0.03764758 
60.000000    -0.02686836 
60.400000    -0.00681905 
60.800000    0.01457881 
61.200000    0.03334355 
61.600000    0.04817849 
62.000000    0.05877604 
62.400000    0.06511683 
62.800000    0.06727528 
63.200000    0.06536966 
63.600000    0.05952415 
64.000000    0.04982951 
64.400000    0.03634024 
64.800000    0.01920898 
65.200000    -0.00078584 
65.600000    -0.02088931 
66.000000    -0.03470758 
66.400000    -0.03476195 
66.800000    -0.02096543 
67.200000    -0.00075573 
67.600000    0.01935534 
68.000000    0.03646048 
68.400000    0.04966030 
68.800000    0.05875695 
69.200000    0.06375651 
69.600000    0.06473026 
70.000000    0.06177140 
70.400000    0.05495982 
70.800000    0.04433768 
71.200000    0.02994527 
71.600000    0.01205568 
72.000000    -0.00806889 
72.400000    -0.02657034 
72.800000    -0.03611422 
73.200000    -0.03097175 
73.600000    -0.01427509 
74.000000    0.00622033 
74.400000    0.02535926 
74.800000    0.04111935 
75.200000    0.05291930 
75.600000    0.06064519 
76.000000    0.06431919 
76.400000    0.06400979 
76.800000    0.05979415 
77.200000    0.05172369 
77.600000    0.03981217 
78.000000    0.02411783 
78.400000    0.00511494 
78.800000    -0.01524235 
79.200000    -0.03171394 
79.600000    -0.03635429 
80.000000    -0.02607454 
80.400000    -0.00683657 
80.800000    0.01392760 
81.200000    0.03231968 
81.600000    0.04699416 
82.000000    0.05759222 
82.400000    0.06405310 
82.800000    0.06641053 
83.200000    0.06473697 
83.600000    0.05910534 
84.000000    0.04955183 
84.400000    0.03607568 
84.800000    0.01878003 
85.200000    -0.00156983 
85.600000    -0.02208609 
86.000000    -0.03593455 
86.400000    -0.03521330 
86.800000    -0.02018737 
87.200000    0.00113845 
87.600000    0.02214980 
88.000000    0.04001303 
88.400000    0.05385109 
88.800000    0.06343548 
89.200000    0.06873161 
89.600000    0.06978680 
90.000000    0.06669078 
90.400000    0.05952796 
90.800000    0.04833228 
91.200000    0.03309765 
91.600000    0.01399135 
92.000000    -0.00784351 
92.400000    -0.02834440 
92.800000    -0.03900973 
93.200000    -0.03283020 
93.600000    -0.01367284 
94.000000    0.00934963 
94.400000    0.03065722 
94.800000    0.04822643 
95.200000    0.06146438 
95.600000    0.07020003 
96.000000    0.07441215 
96.400000    0.07417597 
96.800000    0.06962113 
97.200000    0.06086451 
97.600000    0.04795117 
98.000000    0.03087343 
98.400000    0.00986789 
98.800000    -0.01348463 
99.200000    -0.03376807 
99.600000    -0.04092444 
100.000000    -0.02962327 
100.400000    -0.00704496 
100.800000    0.01738694 
101.200000    0.03908745 
101.600000    0.05658011 
102.000000    0.06941038 
102.400000    0.07741844 
102.800000    0.08060157 
103.200000    0.07908915 
103.600000    0.07307943 
104.000000    0.06274440 
104.400000    0.04815217 
104.800000    0.02929326 
105.200000    0.00646575 
105.600000    -0.01829587 
106.000000    -0.03816928 
106.400000    -0.04183264 
106.800000    -0.02612183 
107.200000    -0.00086232 
107.600000    0.02472390 
108.000000    0.04686013 
108.400000    0.06439310 
108.800000    0.07690951 
109.200000    0.08424384 
109.600000    0.08643123 
110.000000    0.08368353 
110.400000    0.07629124 
110.800000    0.06449657 
111.200000    0.04839788 
111.600000    0.02798510 
112.000000    0.00361414 
112.400000    -0.02223691 
112.800000    -0.04143721 
113.200000    -0.04187978 
113.600000    -0.02272163 
114.000000    0.00440731 
114.400000    0.03076640 
114.800000    0.05317845 
115.200000    0.07066435 
115.600000    0.08281172 
116.000000    0.08945851 
116.400000    0.09069680 
116.800000    0.08683122 
117.200000    0.07824390 
117.600000    0.06524118 
118.000000    0.04794800 
118.400000    0.02636081 
118.800000    0.00091664 
119.200000    -0.02545171 
119.600000    -0.04352191 
120.000000    -0.04108486 
120.400000    -0.01955615 
120.800000    0.00851642 
121.200000    0.03504560 
121.600000    0.05730206 
122.000000    0.07441818 
122.400000    0.08599622 
122.800000    0.09190272 
123.200000    0.09228981 
123.600000    0.08753187 
124.000000    0.07806657 
124.400000    0.06423089 
124.800000    0.04615941 
125.200000    0.02386951 
125.600000    -0.00205947 
126.000000    -0.02817460 
126.400000    -0.04444452 
126.800000    -0.03939432 
127.200000    -0.01652717 
127.600000    0.01153330 
128.000000    0.03749469 
128.400000    0.05899909 
128.800000    0.07529108 
129.200000    0.08603020 
129.600000    0.09113645 
130.000000    0.09080589 
130.400000    0.08543383 
130.800000    0.07545463 
131.200000    0.06118718 
131.600000    0.04275368 
132.000000    0.02021674 
132.400000    -0.00560546 
132.800000    -0.03062313 
133.200000    -0.04430890 
133.600000    -0.03677910 
134.000000    -0.01339447 
134.400000    0.01384639 
134.800000    0.03857176 
135.200000    0.05877337 
135.600000    0.07382849 
136.000000    0.08348827 
136.400000    0.08773652 
136.800000    0.08678836 
137.200000    0.08101139 
137.600000    0.07078381 
138.000000    0.05636575 
138.400000    0.03785447 
138.800000    0.01539740 
139.200000    -0.00982132 
139.600000    -0.03293086 
140.000000    -0.04325552 
140.400000    -0.03325663 
140.800000    -0.00987089 
141.200000    0.01602662 
141.600000    0.03907716 
142.000000    0.05762439 
142.400000    0.07118667 
142.800000    0.07961227 
143.200000    0.08294100 
143.600000    0.08138530 
144.000000    0.07525647 
144.400000    0.06484980 
144.800000    0.05035029 
145.200000    0.03183817 
145.600000    0.00960820 
146.000000    -0.01463057 
146.400000    -0.03508753 
146.800000    -0.04137001 
147.200000    -0.02886814 
147.600000    -0.00572950 
148.000000    0.01859414 
148.400000    0.03978853 
148.800000    0.05654911 
149.200000    0.06852636 
149.600000    0.07564828 
150.000000    0.07799210 
150.400000    0.07575337 
150.800000    0.06917939 
151.200000    0.05848097 
151.600000    0.04377528 
152.000000    0.02515617 
152.400000    0.00315768 
152.800000    -0.01979411 
153.200000    -0.03690726 
153.600000    -0.03864844 
154.000000    -0.02368299 
154.400000    -0.00088285 
154.800000    0.02185543 
155.200000    0.04121375 
155.600000    0.05621849 
156.000000    0.06663241 
156.400000    0.07243869 
156.800000    0.07373320 
157.200000    0.07068773 
157.600000    0.06349026 
158.000000    0.05227962 
158.400000    0.03712727 
158.800000    0.01819079 
159.200000    -0.00363099 
159.600000    -0.02497575 
160.000000    -0.03809589 
160.400000    -0.03504608 
160.800000    -0.01779443 
161.200000    0.00463998 
161.600000    0.02590995 
162.000000    0.04357461 
162.400000    0.05694640 
162.800000    0.06587600 
163.200000    0.07038098 
163.600000    0.07056334 
164.000000    0.06657052 
164.400000    0.05854114 
164.800000    0.04655929 
165.200000    0.03067970 
165.600000    0.01119034 
166.000000    -0.01048350 
166.400000    -0.02981778 
166.800000    -0.03835770 
167.200000    -0.03054442 
167.600000    -0.01130845 
168.000000    0.01075502 
168.400000    0.03073359 
168.800000    0.04690370 
169.200000    0.05880317 
169.600000    0.06634588 
170.000000    0.06957012 
170.400000    0.06857913 
170.800000    0.06350016 
171.200000    0.05443394 
171.600000    0.04142694 
172.000000    0.02454875 
172.400000    0.00429971 
172.800000    -0.01717136 
173.200000    -0.03398732 
173.600000    -0.03748927 
174.000000    -0.02520194 
174.400000    -0.00434425 
174.800000    0.01736451 
175.200000    0.03625398 
175.600000    0.05114683 
176.000000    0.06174137 
176.400000    0.06799270 
176.800000    0.06995349 
177.200000    0.06773026 
177.600000    0.06143801 
178.000000    0.05115114 
178.400000    0.03689356 
178.800000    0.01878176 
179.200000    -0.00237601 
179.600000    -0.02348448 
180.000000    -0.03721436 
180.400000    -0.03544258 
180.800000    -0.01917261 
181.200000    0.00295777 
181.600000    0.02436266 
182.000000    0.04237674 
182.400000    0.05620803 
182.800000    0.06565599 
183.200000    0.07070083 
183.600000    0.07141068 
184.000000    0.06790343 
184.400000    0.06029286 
184.800000    0.04863784 
185.200000    0.03295165 
185.600000    0.01342714 
186.000000    -0.00871727 
186.400000    -0.02921591 
186.800000    -0.03933972 
187.200000    -0.03235476 
187.600000    -0.01270364 
188.000000    0.01042016 
188.400000    0.03161370 
188.800000    0.04896865 
189.200000    0.06194006 
189.600000    0.07038119 
190.000000    0.07429009 
190.400000    0.07375924 
190.800000    0.06893151 
191.200000    0.05993271 
191.600000    0.04681596 
192.000000    0.02959159 
192.400000    0.00855175 
192.800000    -0.01457964 
193.200000    -0.03418212 
193.600000    -0.04035731 
194.000000    -0.02852410 
194.400000    -0.00611061 
194.800000    0.01781197 
195.200000    0.03891074 
195.600000    0.05580399 
196.000000    0.06808459 
196.400000    0.07562830 
196.800000    0.07845448 
197.200000    0.07669582 
197.600000    0.07053753 
198.000000    0.06013148 
198.400000    0.04553305 
198.800000    0.02675346 
199.200000    0.00419891 
199.600000    -0.01982770 
200.000000    -0.03825176 
200.400000    -0.04039474 
200.800000    -0.02432336 
201.200000    0.00026100 
201.600000    0.02482900 
202.000000    0.04591894 
202.400000    0.06248481 
202.800000    0.07418122 
203.200000    0.08089322 
203.600000    0.08267406 
204.000000    0.07971533 
204.400000    0.07226048 
204.800000    0.06049804 
205.200000    0.04449095 
205.600000    0.02425418 
206.000000    0.00032016 
206.400000    -0.02438145 
206.800000    -0.04134371 
207.200000    -0.03962136 
207.600000    -0.02008863 
208.000000    0.00607730 
208.400000    0.03108950 
208.800000    0.05214695 
209.200000    0.06840196 
209.600000    0.07953059 
210.000000    0.08543050 
210.400000    0.08620383 
210.800000    0.08211266 
211.200000    0.07346388 
211.600000    0.06048358 
212.000000    0.04324294 
212.400000    0.02176747 
212.800000    -0.00325997 
213.200000    -0.02824532 
213.600000    -0.04340643 
214.000000    -0.03815061 
214.400000    -0.01602868 
214.800000    0.01108141 
215.200000    0.03620813 
215.600000    0.05704009 
216.000000    0.07285056 
216.400000    0.08333134 
216.800000    0.08840666 
217.200000    0.08823482 
217.600000    0.08314222 
218.000000    0.07348515 
218.400000    0.05951336 
218.800000    0.04130150 
219.200000    0.01890153 
219.600000    -0.00680103 
220.000000    -0.03149477 
220.400000    -0.04440720 
220.800000    -0.03600629 
221.200000    -0.01218674 
221.600000    0.01517683 
222.000000    0.03995302 
222.400000    0.06020949 
222.800000    0.07531590 
223.200000    0.08499910 
223.600000    0.08922542 
224.000000    0.08820226 
224.400000    0.08229375 
224.800000    0.07187272 
225.200000    0.05718613 
225.600000    0.03830452 
226.000000    0.01533557 
226.400000    -0.01054285 
226.800000    -0.03422232 
227.200000    -0.04433896 
227.600000    -0.03316056 
228.000000    -0.00846479 
228.400000    0.01847705 
228.800000    0.04238818 
229.200000    0.06165804 
229.600000    0.07575877 
230.000000    0.08447780 
230.400000    0.08783183 
230.800000    0.08605799 
231.200000    0.07952075 
231.600000    0.06856963 
232.000000    0.05341998 
232.400000    0.03413502 
232.800000    0.01092480 
233.200000    -0.01461293 
233.600000    -0.03648118 
234.000000    -0.04323052 
234.400000    -0.02959127 
234.800000    -0.00468335 
235.200000    0.02128363 
235.600000    0.04389326 
236.000000    0.06183006 
236.400000    0.07467858 
236.800000    0.08230061 
237.200000    0.08475972 
237.600000    0.08229979 
238.000000    0.07525259 
238.400000    0.06391305 
238.800000    0.04844625 
239.200000    0.02891752 
239.600000    0.00570828 
240.000000    -0.01900185 
240.400000    -0.03825816 
240.800000    -0.04113532 
241.200000    -0.02530105 
241.600000    -0.00063833 
242.000000    0.02399709 
242.400000    0.04503280 
242.800000    0.06143012 
243.200000    0.07288446 
243.600000    0.07932806 
244.000000    0.08085923 
244.400000    0.07771010 
244.800000    0.07016095 
245.200000    0.05843819 
245.600000    0.04265476 
246.000000    0.02290597 
246.400000    -0.00015767 
246.800000    -0.02358106 
247.200000    -0.03945480 
247.600000    -0.03809278 
248.000000    -0.02030803 
248.400000    0.00383989 
248.800000    0.02698160 
249.200000    0.04633878 
249.600000    0.06112626 
250.000000    0.07113717 
250.400000    0.07635952 
250.800000    0.07691203 
251.200000    0.07300458 
251.600000    0.06486127 
252.000000    0.05264164 
252.400000    0.03642047 
252.800000    0.01637174 
253.200000    -0.00645199 
253.600000    -0.02810646 
254.000000    -0.03987858 
254.400000    -0.03411993 
254.800000    -0.01466259 
255.200000    0.00882424 
255.600000    0.03045283 
256.000000    0.04815114 
256.400000    0.06135407 
256.800000    0.06993340 
257.200000    0.07391617 
257.600000    0.07342995 
258.000000    0.06865857 
258.400000    0.05977376 
258.800000    0.04687889 
259.200000    0.03003605 
259.600000    0.00956745 
260.000000    -0.01290215 
260.400000    -0.03224052 
260.800000    -0.03931121 
261.200000    -0.02927032 
261.600000    -0.00847315 
262.000000    0.01428478 
262.400000    0.03447828 
262.800000    0.05062259 
263.200000    0.06232953 
263.600000    0.06952899 
264.000000    0.07227327 
264.400000    0.07069160 
264.800000    0.06494253 
265.200000    0.05515311 
265.600000    0.04138513 
266.000000    0.02372082 
266.400000    0.00271999 
266.800000    -0.01921883 
267.200000    -0.03564562 
267.600000    -0.03763135 
268.000000    -0.02367533 
268.400000    -0.00187703 
268.800000    0.02015735 
269.200000    0.03906576 
269.600000    0.05381816 
270.000000    0.06415622 
270.400000    0.07004918 
270.800000    0.07156591 
271.200000    0.06883551 
271.600000    0.06199591 
272.000000    0.05113888 
272.400000    0.03630030 
272.800000    0.01762011 
273.200000    -0.00399663 
273.600000    -0.02515554 
274.000000    -0.03808062 
274.400000    -0.03486205 
274.800000    -0.01750512 
275.200000    0.00501521 
275.600000    0.02639944 
276.000000    0.04421597 
276.400000    0.05776262 
276.800000    0.06686711 
277.200000    0.07152439 
277.600000    0.07181809 
278.000000    0.06788146 
278.400000    0.05984002 
278.800000    0.04776050 
279.200000    0.03166791 
279.600000    0.01180037 
280.000000    -0.01046768 
280.400000    -0.03052003 
280.800000    -0.03941374 
281.200000    -0.03112718 
281.600000    -0.01092917 
282.000000    0.01211142 
282.400000    0.03295721 
282.800000    0.04987890 
283.200000    0.06239298 
283.600000    0.07037832 
284.000000    0.07385000 
284.400000    0.07291217 
284.800000    0.06771195 
285.200000    0.05837311 
285.600000    0.04494680 
286.000000    0.02746013 
286.400000    0.00629062 
286.800000    -0.01658375 
287.200000    -0.03513070 
287.600000    -0.03960437 
288.000000    -0.02663318 
288.400000    -0.00415390 
288.800000    0.01926085 
289.200000    0.03968220 
289.600000    0.05587874 
290.000000    0.06749869 
290.400000    0.07444920 
290.800000    0.07676859 
291.200000    0.07459301 
291.600000    0.06809591 
292.000000    0.05740951 
292.400000    0.04257647 
292.800000    0.02363564 
293.200000    0.00114265 
293.600000    -0.02219392 
294.000000    -0.03881974 
294.400000    -0.03873847 
294.800000    -0.02168905 
295.200000    0.00253929 
295.600000    0.02621571 
296.000000    0.04630571 
296.400000    0.06190488 
296.800000    0.07273031 
297.200000    0.07870739 
297.600000    0.07990721 
298.000000    0.07651128 
298.400000    0.06873054 
298.800000    0.05671312 
299.200000    0.04049734 
299.600000    0.02014110 
300.000000    -0.00358739 
300.400000    -0.02714877 
300.800000    -0.04149612 
301.200000    -0.03702846 
301.600000    -0.01664722 
302.000000    0.00884318 
302.400000    0.03267081 
302.800000    0.05247221 
303.200000    0.06754130 
303.600000    0.07762662 
304.000000    0.08267294 
304.400000    0.08279600 
304.800000    0.07823273 
305.200000    0.06923746 
305.600000    0.05597665 
306.000000    0.03848629 
306.400000    0.01685203 
306.800000    -0.00790988 
307.200000    -0.03136362 
307.600000    -0.04315242 
308.000000    -0.03470856 
308.400000    -0.01179055 
308.800000    0.01449788 
309.200000    0.03831515 
309.600000    0.05777958 
310.000000    0.07230138 
310.400000    0.08164708 
310.800000    0.08578929 
311.200000    0.08489626 
311.600000    0.07926103 
312.000000    0.06917718 
312.400000    0.05482481 
312.800000    0.03623812 
313.200000    0.01354672 
313.600000    -0.01193568 
314.000000    -0.03483454 
314.400000    -0.04381384 
314.800000    -0.03192467 
315.200000    -0.00725436 
315.600000    0.01935389 
316.000000    0.04290649 
316.400000    0.06186971 
316.800000    0.07573137 
317.200000    0.08428169 
317.600000    0.08753114 
318.000000    0.08569910 
318.400000    0.07912221 
318.800000    0.06811704 
319.200000    0.05286509 
319.600000    0.03340019 
320.000000    0.00992715 
320.400000    -0.01586024 
320.800000    -0.03760891 
321.200000    -0.04347752 
321.600000    -0.02868086 
322.000000    -0.00300292 
322.400000    0.02341256 
322.800000    0.04634589 
323.200000    0.06453425 
323.600000    0.07753780 
324.000000    0.08518746 
324.400000    0.08753854 
324.800000    0.08484947 
325.200000    0.07747583 
325.600000    0.06573115 
326.000000    0.04978148 
326.400000    0.02966619 
326.800000    0.00571958 
327.200000    -0.01985522 
327.600000    -0.03969494 
328.000000    -0.04209119 
328.400000    -0.02490066 
328.800000    0.00109108 
329.200000    0.02678872 
329.600000    0.04869622 
330.000000    0.06578579 
330.400000    0.07770133 
330.800000    0.08433134 
331.200000    0.08577520 
331.600000    0.08230922 
332.000000    0.07427673 
332.400000    0.06195900 
332.800000    0.04549116 
333.200000    0.02493402 
333.600000    0.00083327 
334.000000    -0.02392997 
334.400000    -0.04101372 
334.800000    -0.03963451 
335.200000    -0.02055975 
335.600000    0.00515049 
336.000000    0.02968201 
336.400000    0.05021574 
336.800000    0.06593947 
337.200000    0.07658927 
337.600000    0.08211630 
338.000000    0.08265347 
338.400000    0.07847101 
338.800000    0.06987239 
339.200000    0.05708451 
339.600000    0.04020586 
340.000000    0.01935042 
340.400000    -0.00461379 
340.800000    -0.02794185 
341.200000    -0.04147048 
341.600000    -0.03618606 
342.000000    -0.01570148 
342.400000    0.00930903 
342.800000    0.03239763 
343.200000    0.05136119 
343.600000    0.06558216 
344.000000    0.07488356 
344.400000    0.07927048 
344.800000    0.07889414 
345.200000    0.07400090 
345.600000    0.06483936 
346.000000    0.05157457 
346.400000    0.03427795 
346.800000    0.01316893 
347.200000    -0.01041933 
347.600000    -0.03169626 
348.000000    -0.04099924 
348.400000    -0.03186197 
348.800000    -0.01035870 
349.200000    0.01372922 
349.600000    0.03527895 
350.000000    0.05262757 
350.400000    0.06532533 
350.800000    0.07326693 
351.200000    0.07649676 
351.600000    0.07517159 
352.000000    0.06950605 
352.400000    0.05969221 
352.800000    0.04583933 
353.200000    0.02801633 
353.600000    0.00662377 
354.000000    -0.01636203 
354.400000    -0.03495848 
354.800000    -0.03952836 
355.200000    -0.02676134 
355.600000    -0.00456010 
356.000000    0.01852359 
356.400000    0.03856507 
356.800000    0.05435455 
357.200000    0.06557889 
357.600000    0.07218665 
358.000000    0.07424805 
358.400000    0.07191767 
358.800000    0.06537785 
359.200000    0.05477004 
359.600000    0.04016148 
360.000000    0.02165441 
360.400000    -0.00006974 
360.800000    -0.02218383 
361.200000    -0.03745973 
361.600000    -0.03701619 
362.000000    -0.02100534 
362.400000    0.00162753 
362.800000    0.02372217 
363.200000    0.04237040 
363.600000    0.05672066 
364.000000    0.06656286 
364.400000    0.07188300 
364.800000    0.07276790 
365.200000    0.06936713 
365.600000    0.06183467 
366.000000    0.05027037 
366.400000    0.03471671 
366.800000    0.01535383 
367.200000    -0.00673177 
367.600000    -0.02763682 
368.000000    -0.03898397 
368.400000    -0.03350211 
368.800000    -0.01472549 
369.200000    0.00814237 
369.600000    0.02933274 
370.000000    0.04675052 
370.400000    0.05980911 
370.800000    0.06836966 
371.200000    0.07244416 
371.600000    0.07213319 
372.000000    0.06758424 
372.400000    0.05893036 
372.800000    0.04624037 
373.200000    0.02955092 
373.600000    0.00917375 
374.000000    -0.01324777 
374.400000    -0.03250925 
374.800000    -0.03938360 
375.200000    -0.02906918 
375.600000    -0.00803196 
376.000000    0.01492851 
376.400000    0.03532121 
376.800000    0.05166843 
377.200000    0.06356626 
377.600000    0.07092231 
378.000000    0.07377062 
378.400000    0.07222953 
378.800000    0.06645194 
379.200000    0.05655882 
379.600000    0.04259788 
380.000000    0.02461951 
380.400000    0.00313033 
380.800000    -0.01949274 
381.200000    -0.03656728 
381.600000    -0.03857104 
382.000000    -0.02386553 
382.400000    -0.00108494 
382.800000    0.02184884 
383.200000    0.04153598 
383.600000    0.05694099 
384.000000    0.06777607 
384.400000    0.07397979 
384.800000    0.07561123 
385.200000    0.07281457 
385.600000    0.06575650 
386.000000    0.05455334 
386.400000    0.03923911 
386.800000    0.01989690 
387.200000    -0.00270159 
387.600000    -0.02526498 
388.000000    -0.03958213 
388.400000    -0.03660850 
388.800000    -0.01817170 
389.200000    0.00585569 
389.600000    0.02866622 
390.000000    0.04772383 
390.400000    0.06228763 
390.800000    0.07213725 
391.200000    0.07723581 
391.600000    0.07767456 
392.000000    0.07363191 
392.400000    0.06529491 
392.800000    0.05277952 
393.200000    0.03611080 
393.600000    0.01542221 
394.000000    -0.00817984 
394.400000    -0.03033981 
394.800000    -0.04145060 
395.200000    -0.03375814 
395.600000    -0.01236073 
396.000000    0.01249106 
396.400000    0.03511514 
396.800000    0.05361020 
397.200000    0.06741678 
397.600000    0.07635120 
398.000000    0.08040168 
398.400000    0.07969948 
398.800000    0.07446324 
399.200000    0.06490374 
399.600000    0.05113790 
400.000000    0.03318482 
400.400000    0.01124486 
400.800000    -0.01317880 
401.200000    -0.03457659 
401.600000    -0.04224897 
402.000000    -0.03037778 
402.400000    -0.00676256 
402.800000    0.01858673 
403.200000    0.04098169 
403.600000    0.05896134 
404.000000    0.07207054 
404.400000    0.08014725 
404.800000    0.08320949 
405.200000    0.08143461 
405.600000    0.07508396 
406.000000    0.06439183 
406.400000    0.04947550 
406.800000    0.03035156 
407.200000    0.00730699 
407.600000    -0.01769791 
408.000000    -0.03796614 
408.400000    -0.04212904 
408.800000    -0.02672309 
409.200000    -0.00153893 
409.600000    0.02402928 
410.000000    0.04611724 
410.400000    0.06356357 
410.800000    0.07597429 
411.200000    0.08320756 
411.600000    0.08531843 
412.000000    0.08253324 
412.400000    0.07515342 
412.800000    0.06343199 
413.200000    0.04748394 
413.600000    0.02733044 
414.000000    0.00337876 
414.400000    -0.02187163 
414.800000    -0.04054214 
415.200000    -0.04114426 
415.600000    -0.02284279 
416.000000    0.00330785 
416.400000    0.02876969 
416.800000    0.05036275 
417.200000    0.06714008 
417.600000    0.07875572 
418.000000    0.08509809 
418.400000    0.08626610 
418.800000    0.08253067 
419.200000    0.07422129 
419.600000    0.06159686 
420.000000    0.04476415 
420.400000    0.02376262 
420.800000    -0.00082032 
421.200000    -0.02582408 
421.600000    -0.04225530 
422.000000    -0.03923171 
422.400000    -0.01868649 
422.800000    0.00780954 
423.200000    0.03275079 
423.600000    0.05354296 
424.000000    0.06941186 
424.400000    0.08006736 
424.800000    0.08544224 
425.200000    0.08567909 
425.600000    0.08107698 
426.000000    0.07196963 
426.400000    0.05860055 
426.800000    0.04106051 
427.200000    0.01943143 
427.600000    -0.00542742 
428.000000    -0.02954208 
428.400000    -0.04299326 
428.800000    -0.03636263 
429.200000    -0.01424764 
429.600000    0.01199274 
430.000000    0.03598573 
430.400000    0.05564767 
430.800000    0.07035885 
431.200000    0.07989740 
431.600000    0.08424788 
432.000000    0.08358607 
432.400000    0.07821426 
432.800000    0.06844195 
433.200000    0.05447546 
433.600000    0.03638676 
434.000000    0.01434012 
434.400000    -0.01040929 
434.800000    -0.03291811 
435.200000    -0.04269196 
435.600000    -0.03260842 
436.000000    -0.00953852 
436.400000    0.01596901 
436.800000    0.03868439 
437.200000    0.05697003 
437.600000    0.07034795 
438.000000    0.07866832 
438.400000    0.08196410 
438.800000    0.08042857 
439.200000    0.07434460 
439.600000    0.06397618 
440.000000    0.04948011 
440.400000    0.03091930 
440.800000    0.00860204 
441.200000    -0.01566138 
441.600000    -0.03582413 
442.000000    -0.04134125 
442.400000    -0.02805701 
442.800000    -0.00451691 
443.200000    0.01994932 
443.600000    0.04119567 
444.000000    0.05797194 
444.400000    0.06992660 
444.800000    0.07697539 
445.200000    0.07918970 
445.600000    0.07676631 
446.000000    0.06995515 
446.400000    0.05896555 
446.800000    0.04390553 
447.200000    0.02485488 
447.600000    0.00235633 
448.000000    -0.02102718 
448.400000    -0.03807776 
448.800000    -0.03891868 
449.200000    -0.02277312 
449.600000    0.00086788 
450.000000    0.02412231 
450.400000    0.04382152 
450.800000    0.05904484 
451.200000    0.06954826 
451.600000    0.07530126 
452.000000    0.07640226 
452.400000    0.07304176 
452.800000    0.06543141 
453.200000    0.05372640 
453.600000    0.03799765 
454.000000    0.01838494 
454.400000    -0.00421048 
454.800000    -0.02624841 
455.200000    -0.03942287 
455.600000    -0.03541562 
456.000000    -0.01685722 
456.400000    0.00659552 
456.800000    0.02857015 
457.200000    0.04673194 
457.600000    0.06042821 
458.000000    0.06950074 
458.400000    0.07395958 
458.800000    0.07392005 
459.200000    0.06956051 
459.600000    0.06105418 
460.000000    0.04850829 
460.400000    0.03197637 
460.800000    0.01171822 
461.200000    -0.01084895 
461.600000    -0.03099121 
462.000000    -0.03963252 
462.400000    -0.03092259 
462.800000    -0.01047170 
463.200000    0.01258967 
463.600000    0.03330890 
464.000000    0.05001975 
464.400000    0.06227390 
464.800000    0.06997630 
465.200000    0.07316584 
465.600000    0.07196775 
466.000000    0.06654624 
466.400000    0.05703957 
466.800000    0.04351654 
467.200000    0.02603871 
467.600000    0.00506133 
468.000000    -0.01729823 
468.400000    -0.03495223 
468.800000    -0.03862579 
469.200000    -0.02563453 
469.600000    -0.00378698 
470.000000    0.01878620 
470.400000    0.03835683 
470.800000    0.05376247 
471.200000    0.06469930 
471.600000    0.07111528 
472.000000    0.07307037 
472.400000    0.07069752 
472.800000    0.06414920 
473.200000    0.05353496 
473.600000    0.03889631 
474.000000    0.02033167 
474.400000    -0.00142030 
474.800000    -0.02334218 
475.200000    -0.03793424 
475.600000    -0.03648078 
476.000000    -0.01978241 
476.400000    0.00306630 
476.800000    0.02515440 
477.200000    0.04373861 
477.600000    0.05801395 
478.000000    0.06777018 
478.400000    0.07298371 
478.800000    0.07373384 
479.200000    0.07016468 
479.600000    0.06242351 
480.000000    0.05059899 
480.400000    0.03471634 
480.800000    0.01494039 
481.200000    -0.00761035 
481.600000    -0.02881866 
482.000000    -0.03985220 
482.400000    -0.03337883 
482.800000    -0.01358602 
483.200000    0.00998526 
483.600000    0.03165811 
484.000000    0.04943671 
484.400000    0.06275290 
484.800000    0.07145102 
485.200000    0.07552903 
485.600000    0.07509052 
486.000000    0.07029942 
486.400000    0.06130716 
486.800000    0.04818955 
487.200000    0.03096488 
487.600000    0.00989279 
488.000000    -0.01342807 
488.400000    -0.03360335 
488.800000    -0.04070776 
489.200000    -0.02954821 
489.600000    -0.00724976 
490.000000    0.01685197 
490.400000    0.03819809 
490.800000    0.05532963 
491.200000    0.06782203 
491.600000    0.07554874 
492.000000    0.07853109 
492.400000    0.07690770 
492.800000    0.07087410 
493.200000    0.06059574 
493.600000    0.04614239 
494.000000    0.02753323 
494.400000    0.00515134 
494.800000    -0.01882277 
495.200000    -0.03759107 
495.600000    -0.04054826 
496.000000    -0.02521577 
496.400000    -0.00097200 
496.800000    0.02349137 
497.200000    0.04455640 
497.600000    0.06112954 
498.000000    0.07286507 
498.400000    0.07965500 
498.800000    0.08155354 
499.200000    0.07874734 
499.600000    0.07147380 
500.000000    0.05991895 
500.400000    0.04415068 
500.800000    0.02419755 
501.200000    0.00060199 
501.600000    -0.02376691 
502.000000    -0.04066851 
502.400000    -0.03941766 
502.800000    -0.02057374 
503.200000    0.00504279 
503.600000    0.02964317 
504.000000    0.05036470 
504.400000    0.06635393 
504.800000    0.07730914 
505.200000    0.08314480 
505.600000    0.08396037 
506.000000    0.07999823 
506.400000    0.07153914 
506.800000    0.05878786 
507.200000    0.04181051 
507.600000    0.02065858 
508.000000    -0.00391133 
508.400000    -0.02822459 
508.800000    -0.04269695 
509.200000    -0.03734620 
509.600000    -0.01578269 
510.000000    0.01058207 
510.400000    0.03498796 
510.800000    0.05516493 
511.200000    0.07042265 
511.600000    0.08049669 
512.000000    0.08533663 
512.400000    0.08509366 
512.800000    0.08005968 
513.200000    0.07054526 
513.600000    0.05676064 
514.000000    0.03876693 
514.400000    0.01666241 
514.800000    -0.00849878 
515.200000    -0.03211625 
515.600000    -0.04355141 
516.000000    -0.03440103 
516.400000    -0.01098862 
516.800000    0.01547168 
517.200000    0.03927243 
517.600000    0.05860998 
518.000000    0.07292111 
518.400000    0.08198942 
518.800000    0.08581072 
519.200000    0.08458139 
519.600000    0.07862068 
520.000000    0.06824211 
520.400000    0.05364062 
520.800000    0.03487020 
521.200000    0.01211449 
521.600000    -0.01316254 
522.000000    -0.03533669 
522.400000    -0.04320526 
522.800000    -0.03072454 
523.200000    -0.00629473 
523.600000    0.01967702 
524.000000    0.04248456 
524.400000    0.06069910 
524.800000    0.07387137 
525.200000    0.08184452 
525.600000    0.08466190 
526.000000    0.08254733 
526.400000    0.07581805 
526.800000    0.06476138 
527.200000    0.04953832 
527.600000    0.03020116 
528.000000    0.00707447 
528.400000    -0.01783280 
528.800000    -0.03782292 
529.200000    -0.04176193 
529.600000    -0.02648085 
530.000000    -0.00169164 
530.400000    0.02337638 
530.800000    0.04492418 
531.200000    0.06183174 
531.600000    0.07375453 
532.000000    0.08059665 
532.400000    0.08244062 
532.800000    0.07951793 
533.200000    0.07212012 
533.600000    0.06048852 
534.000000    0.04474198 
534.400000    0.02494874 
534.800000    0.00164914 
535.200000    -0.02244651 
535.600000    -0.03957569 
536.000000    -0.03937193 
536.400000    -0.02175845 
536.800000    0.00296361 
537.200000    0.02690710 
537.600000    0.04707393 
538.000000    0.06260225 
538.400000    0.07323910 
538.800000    0.07894148 
539.200000    0.07981967 
539.600000    0.07609910 
540.000000    0.06803395 
540.400000    0.05581296 
540.800000    0.03951711 
541.200000    0.01926271 
541.600000    -0.00409308 
542.000000    -0.02695438 
542.400000    -0.04057887 
542.800000    -0.03611342 
543.200000    -0.01654288 
543.600000    0.00786585 
544.000000    0.03060153 
544.400000    0.04936271 
544.800000    0.06350352 
545.200000    0.07284715 
545.600000    0.07739306 
546.000000    0.07727046 
546.400000    0.07269274 
546.800000    0.06387492 
547.200000    0.05095626 
547.600000    0.03399434 
548.000000    0.01320332 
548.400000    -0.01010421 
548.800000    -0.03123645 
549.200000    -0.04070272 
549.600000    -0.03196711 
550.000000    -0.01079256 
550.400000    0.01313566 
550.800000    0.03463662 
551.200000    0.05200108 
551.600000    0.06476056 
552.000000    0.07280018 
552.400000    0.07615381 
552.800000    0.07496467 
553.200000    0.06943276 
553.600000    0.05973659 
554.000000    0.04597358 
554.400000    0.02820088 
554.800000    0.00680286 
555.200000    -0.01626697 
555.600000    -0.03502425 
556.000000    -0.03972273 
556.400000    -0.02691601 
556.800000    -0.00454484 
557.200000    0.01874795 
557.600000    0.03899832 
558.000000    0.05497951 
558.400000    0.06636315 
558.800000    0.07308460 
559.200000    0.07520695 
559.600000    0.07288454 
560.000000    0.06630373 
560.400000    0.05560957 
560.800000    0.04086730 
561.200000    0.02216550 
561.600000    0.00015878 
562.000000    -0.02233218 
562.400000    -0.03793827 
562.800000    -0.03747085 
563.200000    -0.02106672 
563.600000    0.00204470 
564.000000    0.02456206 
564.400000    0.04356129 
564.800000    0.05818617 
565.200000    0.06821328 
565.600000    0.07361851 
566.000000    0.07449042 
566.400000    0.07099184 
566.800000    0.06329477 
567.200000    0.05151345 
567.600000    0.03569239 
568.000000    0.01599352 
568.400000    -0.00653077 
568.800000    -0.02795541 
569.200000    -0.03964623 
569.600000    -0.03398818 
570.000000    -0.01466892 
570.400000    0.00876152 
570.800000    0.03042107 
571.200000    0.04821100 
571.600000    0.06154142 
572.000000    0.07026296 
572.400000    0.07438396 
572.800000    0.07401544 
573.200000    0.06932645 
573.600000    0.06047430 
574.000000    0.04754540 
574.400000    0.03057739 
574.800000    0.00985656 
575.200000    -0.01301958 
575.600000    -0.03281909 
576.000000    -0.04002276 
576.400000    -0.02953155 
576.800000    -0.00801563 
577.200000    0.01543489 
577.600000    0.03624241 
578.000000    0.05292021 
578.400000    0.06505743 
578.800000    0.07255392 
579.200000    0.07544501 
579.600000    0.07386302 
580.000000    0.06798328 
580.400000    0.05794995 
580.800000    0.04382591 
581.200000    0.02565773 
581.600000    0.00391356 
582.000000    -0.01910762 
582.400000    -0.03673759 
582.800000    -0.03916479 
583.200000    -0.02443242 
583.600000    -0.00132677 
584.000000    0.02198782 
584.400000    0.04202198 
584.800000    0.05771827 
585.200000    0.06877813 
585.600000    0.07513385 
586.000000    0.07684687 
586.400000    0.07407368 
586.800000    0.06699948 
587.200000    0.05575925 
587.600000    0.04039791 
588.000000    0.02098802 
588.400000    -0.00175788 
588.800000    -0.02468139 
589.200000    -0.03964635 
589.600000    -0.03726711 
590.000000    -0.01896314 
590.400000    0.00526814 
590.800000    0.02838024 
591.200000    0.04773727 
591.600000    0.06256908 
592.000000    0.07264347 
592.400000    0.07791777 
592.800000    0.07848438 
593.200000    0.07453051 
593.600000    0.06625712 
594.000000    0.05379468 
594.400000    0.03717591 
594.800000    0.01651813 
595.200000    -0.00715222 
595.600000    -0.02966566 
596.000000    -0.04151680 
596.400000    -0.03451696 
596.800000    -0.01332689 
597.200000    0.01165142 
597.600000    0.03450493 
598.000000    0.05323974 
598.400000    0.06727035 
598.800000    0.07640408 
599.200000    0.08062486 
599.600000    0.08006412 
600.000000    0.07494616 
600.400000    0.06549165 
600.800000    0.05182880 
601.200000    0.03398332 
601.600000    0.01214037 
602.000000    -0.01227961 
602.400000    -0.03396726 
602.800000    -0.04232103 
603.200000    -0.03108789 
603.600000    -0.00770891 
604.000000    0.01766098 
604.400000    0.04015634 
604.800000    0.05825152 
605.200000    0.07147798 
605.600000    0.07967232 
606.000000    0.08285174 
606.400000    0.08119272 
606.800000    0.07495749 
607.200000    0.06438405 
607.600000    0.04959634 
608.000000    0.03061862 
608.400000    0.00773595 
608.800000    -0.01714177 
609.200000    -0.03748231 
609.600000    -0.04205784 
610.000000    -0.02714838 
610.400000    -0.00227342 
610.800000    0.02312845 
611.200000    0.04510549 
611.600000    0.06246958 
612.000000    0.07483184 
612.400000    0.08205982 
612.800000    0.08421078 
613.200000    0.08150543 
613.600000    0.07423605 
614.000000    0.06264812 
614.400000    0.04685558 
614.800000    0.02689024 
615.200000    0.00318480 
615.600000    -0.02174425 
616.000000    -0.04012543 
616.400000    -0.04075812 
616.800000    -0.02282729 
617.200000    0.00288524 
617.600000    0.02795278 
618.000000    0.04919724 
618.400000    0.06568021 
618.800000    0.07707843 
619.200000    0.08329808 
619.600000    0.08443921 
620.000000    0.08075762 
620.400000    0.07255965 
620.800000    0.06008284 
621.200000    0.04342453 
621.600000    0.02264068 
622.000000    -0.00161733 
622.400000    -0.02608319 
622.800000    -0.04182343 
623.200000    -0.03846329 
623.600000    -0.01819392 
624.000000    0.00775724 
624.400000    0.03213157 
624.800000    0.05240189 
625.200000    0.06782624 
625.600000    0.07814636 
626.000000    0.08331439 
626.400000    0.08346956 
626.800000    0.07888685 
627.200000    0.06986614 
627.600000    0.05662006 
628.000000    0.03922573 
628.400000    0.01779218 
628.800000    -0.00671014 
629.200000    -0.03010282 
629.600000    -0.04250346 
630.000000    -0.03523127 
630.400000    -0.01328444 
630.800000    0.01239424 
631.200000    0.03576042 
631.600000    0.05483535 
632.000000    0.06904142 
632.400000    0.07818726 
632.800000    0.08227280 
633.200000    0.08146686 
633.600000    0.07604505 
634.000000    0.06628110 
634.400000    0.05234928 
634.800000    0.03431028 
635.200000    0.01237201 
635.600000    -0.01204294 
636.000000    -0.03368468 
636.400000    -0.04211223 
636.800000    -0.03115091 
637.200000    -0.00811897 
637.600000    0.01689749 
638.000000    0.03902688 
638.400000    0.05675095 
638.800000    0.06963265 
639.200000    0.07754501 
639.600000    0.08053087 
640.000000    0.07877636 
640.400000    0.07254180 
640.800000    0.06206105 
641.200000    0.04746431 
641.600000    0.02881082 
642.000000    0.00647497 
642.400000    -0.01750023 
642.800000    -0.03667066 
643.200000    -0.04062595 
643.600000    -0.02631962 
644.000000    -0.00269295 
644.400000    0.02140328 
644.800000    0.04216721 
645.200000    0.05846255 
645.600000    0.06997068 
646.000000    0.07662134 
646.400000    0.07849185 
646.800000    0.07577472 
647.200000    0.06870499 
647.600000    0.05747088 
648.000000    0.04216193 
648.400000    0.02286451 
648.800000    0.00021493 
649.200000    -0.02291951 
649.600000    -0.03886571 
650.000000    -0.03803321 
650.400000    -0.02082303 
650.800000    0.00300571 
651.200000    0.02603089 
651.600000    0.04538074 
652.000000    0.06022864 
652.400000    0.07035254 
652.800000    0.07572907 
653.200000    0.07646161 
653.600000    0.07274144 
654.000000    0.06477404 
654.400000    0.05270262 
654.800000    0.03658758 
655.200000    0.01658657 
655.600000    -0.00627283 
656.000000    -0.02807108 
656.400000    -0.04004024 
656.800000    -0.03434851 
657.200000    -0.01476034 
657.600000    0.00895407 
658.000000    0.03083264 
658.400000    0.04877447 
658.800000    0.06219503 
659.200000    0.07094799 
659.600000    0.07504755 
660.000000    0.07461645 
660.400000    0.06984023 
660.800000    0.06089421 
661.200000    0.04788116 
661.600000    0.03085088 
662.000000    0.01009383 
662.400000    -0.01280530 
662.800000    -0.03265822 
663.200000    -0.03999190 
663.600000    -0.02966362 
664.000000    -0.00827278 
664.400000    0.01508313 
664.800000    0.03579907 
665.200000    0.05238050 
665.600000    0.06442306 
666.000000    0.07183734 
666.400000    0.07466766 
666.800000    0.07305160 
667.200000    0.06716700 
667.600000    0.05716048 
668.000000    0.04310162 
668.400000    0.02505434 
668.800000    0.00352225 
669.200000    -0.01915550 
669.600000    -0.03637637 
670.000000    -0.03863775 
670.400000    -0.02416720 
670.800000    -0.00152788 
671.200000    0.02130870 
671.600000    0.04089988 
672.000000    0.05620251 
672.400000    0.06693878 
672.800000    0.07306092 
673.200000    0.07463874 
673.600000    0.07182275 
674.000000    0.06478332 
674.400000    0.05364146 
674.800000    0.03844251 
675.200000    0.01929529 
675.600000    -0.00298468 
676.000000    -0.02508896 
676.400000    -0.03899336 
676.800000    -0.03605343 
677.200000    -0.01810313 
677.600000    0.00531932 
678.000000    0.02756068 
678.400000    0.04610693 
678.800000    0.06023293 
679.200000    0.06974460 
679.600000    0.07462554 
680.000000    0.07497008 
680.400000    0.07094267 
680.800000    0.06270869 
681.200000    0.05036764 
681.600000    0.03395088 
682.000000    0.01364832 
682.400000    -0.00929711 
682.800000    -0.03039792 
683.200000    -0.04039220 
683.600000    -0.03243497 
684.000000    -0.01171344 
684.400000    0.01214095 
684.800000    0.03377463 
685.200000    0.05137361 
685.600000    0.06442462 
686.000000    0.07278673 
686.400000    0.07647080 
686.800000    0.07559853 
687.200000    0.07035202 
687.600000    0.06089543 
688.000000    0.04731108 
688.400000    0.02962741 
688.800000    0.00815686 
689.200000    -0.01530161 
689.600000    -0.03490858 
690.000000    -0.04056586 
690.400000    -0.02803694 
690.800000    -0.00521849 
691.200000    0.01881173 
691.600000    0.03985226 
692.000000    0.05659098 
692.400000    0.06864816 
692.800000    0.07591778 
693.200000    0.07843971 
693.600000    0.07636850 
694.000000    0.06990831 
694.400000    0.05922541 
694.800000    0.04438845 
695.200000    0.02543464 
695.600000    0.00284610 
696.000000    -0.02088723 
696.400000    -0.03848005 
696.800000    -0.03960106 
697.200000    -0.02313515 
697.600000    0.00117288 
698.000000    0.02518143 
698.400000    0.04563694 
698.800000    0.06157135 
699.200000    0.07268583 
699.600000    0.07890194 
700.000000    0.08029391 
700.400000    0.07705424 
700.800000    0.06941162 
701.200000    0.05753525 
701.600000    0.04148224 
702.000000    0.02131200 
702.400000    -0.00226938 
702.800000    -0.02594919 
703.200000    -0.04102203 
703.600000    -0.03765852 
704.000000    -0.01799291 
704.400000    0.00727226 
704.800000    0.03108648 
705.200000    0.05093556 
705.600000    0.06607987 
706.000000    0.07627117 
706.400000    0.08145921 
706.800000    0.08175818 
707.200000    0.07740020 
707.600000    0.06863664 
708.000000    0.05563693 
708.400000    0.03844804 
708.800000    0.01716937 
709.200000    -0.00720344 
709.600000    -0.03041281 
710.000000    -0.04250427 
710.400000    -0.03491997 
710.800000    -0.01280963 
711.200000    0.01294505 
711.600000    0.03638669 
712.000000    0.05556095 
712.400000    0.06988064 
712.800000    0.07913570 
713.200000    0.08330909 
713.600000    0.08255774 
714.000000    0.07714935 
714.400000    0.06735073 
714.800000    0.05332540 
715.200000    0.03511230 
715.600000    0.01287741 
716.000000    -0.01200913 
716.400000    -0.03423516 
716.800000    -0.04292739 
717.200000    -0.03152418 
717.600000    -0.00768912 
718.000000    0.01812846 
718.400000    0.04099037 
718.800000    0.05936577 
719.200000    0.07277707 
719.600000    0.08105245 
720.000000    0.08421384 
720.400000    0.08245840 
720.800000    0.07607892 
721.200000    0.06534486 
721.600000    0.05040518 
722.000000    0.03129610 
722.400000    0.00829143 
722.800000    -0.01675000 
723.200000    -0.03737225 
723.600000    -0.04228799 
724.000000    -0.02754728 
724.400000    -0.00265218 
724.800000    0.02282703 
725.200000    0.04487176 
725.600000    0.06227996 
726.000000    0.07466421 
726.400000    0.08189702 
726.800000    0.08404216 
727.200000    0.08132845 
727.600000    0.07405760 
728.000000    0.06248544 
728.400000    0.04673761 
728.800000    0.02685960 
729.200000    0.00329638 
729.600000    -0.02145349 
730.000000    -0.03974667 
730.400000    -0.04057243 
730.800000    -0.02302241 
731.200000    0.00233546 
731.600000    0.02710696 
732.000000    0.04808985 
732.400000    0.06434765 
732.800000    0.07557636 
733.200000    0.08169859 
733.600000    0.08281799 
734.000000    0.07918171 
734.400000    0.07108202 
734.800000    0.05874499 
735.200000    0.04226787 
735.600000    0.02172959 
736.000000    -0.00215974 
736.400000    -0.02607208 
736.800000    -0.04123077 
737.200000    -0.03776668 
737.600000    -0.01796552 
738.000000    0.00733589 
738.400000    0.03108020 
738.800000    0.05078003 
739.200000    0.06572079 
739.600000    0.07567868 
740.000000    0.08062802 
740.400000    0.08070550 
740.800000    0.07616166 
741.200000    0.06726255 
741.600000    0.05419254 
742.000000    0.03702352 
742.400000    0.01591047 
742.800000    -0.00803720 
743.200000    -0.03044759 
743.600000    -0.04164666 
744.000000    -0.03387896 
744.400000    -0.01240864 
744.800000    0.01240163 
745.200000    0.03486653 
745.600000    0.05311172 
746.000000    0.06660993 
746.400000    0.07521236 
746.800000    0.07894106 
747.200000    0.07795564 
747.600000    0.07249597 
748.000000    0.06278961 
748.400000    0.04897405 
748.800000    0.03111060 
749.200000    0.00949807 
749.600000    -0.01417491 
750.000000    -0.03429788 
750.400000    -0.04081203 
750.800000    -0.02898337 
751.200000    -0.00643239 
751.600000    0.01754786 
752.000000    0.03856589 
752.400000    0.05525558 
752.800000    0.06724462 
753.200000    0.07444980 
753.600000    0.07693232 
754.000000    0.07486322 
754.400000    0.06846065 
754.800000    0.05790695 
755.200000    0.04329588 
755.600000    0.02470729 
756.000000    0.00268218 
756.400000    -0.02029184 
756.800000    -0.03727117 
757.200000    -0.03863351 
757.600000    -0.02324890 
758.000000    -0.00016287 
758.400000    0.02276335 
758.800000    0.04226634 
759.200000    0.05738250 
759.600000    0.06786192 
760.000000    0.07367403 
760.400000    0.07490844 
760.800000    0.07173728 
761.200000    0.06435021 
761.600000    0.05288369 
762.000000    0.03739907 
762.400000    0.01803944 
762.800000    -0.00428193 
763.200000    -0.02604153 
763.600000    -0.03906226 
764.000000    -0.03518037 
764.400000    -0.01691420 
764.800000    0.00627060 
765.200000    0.02804757 
765.600000    0.04606892 
766.000000    0.05967348 
766.400000    0.06870190 
766.800000    0.07316243 
767.200000    0.07316332 
767.600000    0.06887092 
768.000000    0.06044454 
768.400000    0.04797926 
768.800000    0.03152225 
769.200000    0.01133879 
769.600000    -0.01112784 
770.000000    -0.03110159 
770.400000    -0.03952315 
770.800000    -0.03067409 
771.200000    -0.01021877 
771.600000    0.01278505 
772.000000    0.03344138 
772.400000    0.05010079 
772.800000    0.06231644 
773.200000    0.06999104 
773.600000    0.07316020 
774.000000    0.07194490 
774.400000    0.06650388 
774.800000    0.05696886 
775.200000    0.04340153 
775.600000    0.02585750 
776.000000    0.00479434 
776.400000    -0.01763698 
776.800000    -0.03525099 
777.200000    -0.03869119 
777.600000    -0.02539878 
778.000000    -0.00333810 
778.400000    0.01936342 
778.800000    0.03902171 
779.200000    0.05449199 
779.600000    0.06546934 
780.000000    0.07189616 
780.400000    0.07382945 
780.800000    0.07140289 
781.200000    0.06477135 
781.600000    0.05404529 
782.000000    0.03926255 
782.400000    0.02051133 
782.800000    -0.00148018 
783.200000    -0.02366421 
783.600000    -0.03838116 
784.000000    -0.03672141 
784.400000    -0.01960953 
784.800000    0.00362400 
785.200000    0.02601560 
785.600000    0.04484191 
786.000000    0.05930404 
786.400000    0.06918340 
786.800000    0.07444841 
787.200000    0.07517879 
787.600000    0.07152745 
788.000000    0.06365368 
788.400000    0.05165477 
788.800000    0.03555396 
789.200000    0.01549610 
789.600000    -0.00743517 
790.000000    -0.02910606 
790.400000    -0.04044568 
790.800000    -0.03380457 
791.200000    -0.01351572 
791.600000    0.01057375 
792.000000    0.03269254 
792.400000    0.05084014 
792.800000    0.06444008 
793.200000    0.07332167 
793.600000    0.07747559 
794.000000    0.07701282 
794.400000    0.07211637 
794.800000    0.06295997 
795.200000    0.04963525 
795.600000    0.03215869 
796.000000    0.01075627 
796.400000    -0.01304213 
796.800000    -0.03384973 
797.200000    -0.04142040 
797.600000    -0.03014300 
798.000000    -0.00732512 
798.400000    0.01735267 
798.800000    0.03921433 
799.200000    0.05677680 
799.600000    0.06959608 
800.000000    0.07752814 
800.400000    0.08059134 
800.800000    0.07893989 
801.200000    0.07279734 
801.600000    0.06235908 
802.000000    0.04771547 
802.400000    0.02888307 
802.800000    0.00619767 
803.200000    -0.01826730 
803.600000    -0.03776158 
804.000000    -0.04130888 
804.400000    -0.02595357 
804.800000    -0.00126627 
805.200000    0.02372268 
805.600000    0.04527175 
806.000000    0.06225233 
806.400000    0.07429589 
806.800000    0.08127993 
807.200000    0.08326077 
807.600000    0.08044487 
808.000000    0.07309995 
808.400000    0.06144285 
808.800000    0.04556243 
809.200000    0.02548377 
809.600000    0.00169284 
810.000000    -0.02308469 
810.400000    -0.04071591 
810.800000    -0.04014823 
811.200000    -0.02143378 
811.600000    0.00445429 
812.000000    0.02942893 
812.400000    0.05051000 
812.800000    0.06680914 
813.200000    0.07800748 
813.600000    0.08401113 
814.000000    0.08492322 
814.400000    0.08100196 
814.800000    0.07255113 
815.200000    0.05979912 
815.600000    0.04282896 
816.000000    0.02168908 
816.400000    -0.00292072 
816.800000    -0.02749208 
817.200000    -0.04261084 
817.600000    -0.03797803 
818.000000    -0.01670256 
818.400000    0.00971860 
818.800000    0.03429045 
819.200000    0.05464588 
819.600000    0.07007069 
820.000000    0.08029466 
820.400000    0.08526505 
820.800000    0.08513360 
821.200000    0.08019718 
821.600000    0.07077537 
822.000000    0.05708988 
822.400000    0.03921288 
822.800000    0.01724417 
823.200000    -0.00780202 
823.600000    -0.03147671 
824.000000    -0.04334639 
824.400000    -0.03481352 
824.800000    -0.01178736 
825.200000    0.01451804 
825.600000    0.03825472 
826.000000    0.05755920 
826.400000    0.07186234 
826.800000    0.08095458 
827.200000    0.08483450 
827.600000    0.08369437 
828.000000    0.07784620 
828.400000    0.06759753 
828.800000    0.05314243 
829.200000    0.03454239 
829.600000    0.01199835 
830.000000    -0.01301348 
830.400000    -0.03493905 
830.800000    -0.04281308 
831.200000    -0.03067964 
831.600000    -0.00668024 
832.000000    0.01892016 
832.400000    0.04140639 
832.800000    0.05934034 
833.200000    0.07228740 
833.600000    0.08010960 
834.000000    0.08285778 
834.400000    0.08074805 
834.800000    0.07408005 
835.200000    0.06312236 
835.600000    0.04802573 
836.000000    0.02885414 
836.400000    0.00598907 
836.800000    -0.01843785 
837.200000    -0.03766159 
837.600000    -0.04094459 
838.000000    -0.02567707 
838.400000    -0.00139520 
838.800000    0.02303790 
839.200000    0.04396051 
839.600000    0.06029603 
840.000000    0.07173465 
840.400000    0.07820940 
840.800000    0.07981343 
841.200000    0.07676629 
841.600000    0.06933231 
842.000000    0.05772334 
842.400000    0.04204386 
842.800000    0.02239268 
843.200000    -0.00055450 
843.600000    -0.02379017 
844.000000    -0.03938384 
844.400000    -0.03779616 
844.800000    -0.01999335 
845.200000    0.00403768 
845.600000    0.02702996 
846.000000    0.04624097 
846.400000    0.06089355 
846.800000    0.07078472 
847.200000    0.07590562 
847.600000    0.07637531 
848.000000    0.07239961 
848.400000    0.06419483 
848.800000    0.05191176 
849.200000    0.03562088 
849.600000    0.01550962 
850.000000    -0.00730558 
850.400000    -0.02872671 
850.800000    -0.03992606 
851.200000    -0.03355392 
851.600000    -0.01383502 
852.000000    0.00961884 
852.400000    0.03110032 
852.800000    0.04862160 
853.200000    0.06164190 
853.600000    0.07004015 
854.000000    0.07384742 
854.400000    0.07319342 
854.800000    0.06826070 
855.200000    0.05921603 
855.600000    0.04615635 
856.000000    0.02914317 
856.400000    0.00852583 
856.800000    -0.01396306 
857.200000    -0.03296175 
857.600000    -0.03924710 
858.000000    -0.02845402 
858.400000    -0.00734600 
858.800000    0.01540416 
859.200000    0.03546688 
859.600000    0.05144184 
860.000000    0.06296402 
860.400000    0.06996891 
860.800000    0.07251193 
861.200000    0.07072464 
861.600000    0.06476542 
862.000000    0.05475782 
862.400000    0.04075876 
862.800000    0.02285375 
863.200000    0.00164482 
863.600000    -0.02031759 
864.000000    -0.03630720 
864.400000    -0.03740295 
864.800000    -0.02269104 
865.200000    -0.00058258 
865.600000    0.02148113 
866.000000    0.04030825 
866.400000    0.05493423 
866.800000    0.06511587 
867.200000    0.07082492 
867.600000    0.07213295 
868.000000    0.06917276 
868.400000    0.06208435 
868.800000    0.05095818 
869.200000    0.03582694 
869.600000    0.01683739 
870.000000    -0.00504676 
870.400000    -0.02623147 
870.800000    -0.03863519 
871.200000    -0.03447803 
871.600000    -0.01639388 
872.000000    0.00644384 
872.400000    0.02791024 
872.800000    0.04570734 
873.200000    0.05917675 
873.600000    0.06815284 
874.000000    0.07263142 
874.400000    0.07270094 
874.800000    0.06850216 
875.200000    0.06016663 
875.600000    0.04776258 
876.000000    0.03131333 
876.400000    0.01106778 
876.800000    -0.01151877 
877.200000    -0.03157042 
877.600000    -0.03983021 
878.000000    -0.03056467 
878.400000    -0.00967282 
878.800000    0.01368838 
879.200000    0.03465425 
879.600000    0.05159571 
880.000000    0.06405445 
880.400000    0.07191023 
880.800000    0.07518069 
881.200000    0.07397998 
881.600000    0.06846849 
882.000000    0.05878057 
882.400000    0.04497149 
882.800000    0.02706869 
883.200000    0.00546990 
883.600000    -0.01772553 
884.000000    -0.03614635 
884.400000    -0.03978831 
884.800000    -0.02579775 
885.200000    -0.00269135 
885.600000    0.02099749 
886.000000    0.04151486 
886.400000    0.05770408 
886.800000    0.06922612 
887.200000    0.07598884 
887.600000    0.07803914 
888.000000    0.07553042 
888.400000    0.06865484 
888.800000    0.05755814 
889.200000    0.04228879 
889.600000    0.02289216 
890.000000    -0.00002777 
890.400000    -0.02355698 
890.800000    -0.03971314 
891.200000    -0.03846804 
891.600000    -0.02039868 
892.000000    0.00428896 
892.400000    0.02807351 
892.800000    0.04810995 
893.200000    0.06355497 
893.600000    0.07413693 
894.000000    0.07978980 
894.400000    0.08060263 
894.800000    0.07677933 
895.200000    0.06854954 
895.600000    0.05607196 
896.000000    0.03939064 
896.400000    0.01858693 
896.800000    -0.00545395 
897.200000    -0.02883024 
897.600000    -0.04202748 
898.000000    -0.03595284 
898.400000    -0.01467797 
898.800000    0.01092857 
899.200000    0.03451813 
899.600000    0.05394300 
900.000000    0.06856070 
900.400000    0.07814418 
900.800000    0.08266209 
901.200000    0.08225519 
901.600000    0.07717826 
902.000000    0.06769188 
902.400000    0.05395991 
902.800000    0.03602213 
903.200000    0.01402354 
903.600000    -0.01077216 
904.000000    -0.03332970 
904.400000    -0.04294957 
904.800000    -0.03246759 
905.200000    -0.00897165 
905.600000    0.01690808 
906.000000    0.03997203 
906.400000    0.05858632 
906.800000    0.07224361 
907.200000    0.08075986 
907.600000    0.08414769 
908.000000    0.08259785 
908.400000    0.07640170 
908.800000    0.06583205 
909.200000    0.05104357 
909.600000    0.03207379 
910.000000    0.00917324 
910.400000    -0.01589751 
910.800000    -0.03688684 
911.200000    -0.04251397 
911.600000    -0.02831128 
912.000000    -0.00352789 
912.400000    0.02206621 
912.800000    0.04429184 
913.200000    0.06189234 
913.600000    0.07446418 
914.000000    0.08187214 
914.400000    0.08417492 
914.800000    0.08159976 
915.200000    0.07445103 
915.600000    0.06299017 
916.000000    0.04734861 
916.400000    0.02757052 
916.800000    0.00407101 
917.200000    -0.02075709 
917.600000    -0.03944648 
918.000000    -0.04089565 
918.400000    -0.02372937 
918.800000    0.00159113 
919.200000    0.02648403 
919.600000    0.04763310 
920.000000    0.06406680 
920.400000    0.07547047 
920.800000    0.08176052 
921.200000    0.08303589 
921.600000    0.07954220 
922.000000    0.07157389 
922.400000    0.05936179 
922.800000    0.04300670 
923.200000    0.02257926 
923.600000    -0.00126107 
924.000000    -0.02533476 
924.400000    -0.04104399 
924.800000    -0.03828142 
925.200000    -0.01881793 
925.600000    0.00651208 
926.000000    0.03043487 
926.400000    0.05035583 
926.800000    0.06552804 
927.200000    0.07571543 
927.600000    0.08088337 
928.000000    0.08116209 
928.400000    0.07680027 
928.800000    0.06806694 
929.200000    0.05515167 
929.600000    0.03812688 
930.000000    0.01712412 
930.400000    -0.00684333 
930.800000    -0.02962892 
931.200000    -0.04169300 
931.600000    -0.03475950 
932.000000    -0.01353974 
932.400000    0.01144128 
932.800000    0.03422439 
933.200000    0.05282140 
933.600000    0.06666834 
934.000000    0.07559843 
934.400000    0.07962102 
934.800000    0.07888939 
935.200000    0.07364527 
935.600000    0.06412415 
936.000000    0.05047166 
936.400000    0.03274408 
936.800000    0.01118843 
937.200000    -0.01267625 
937.600000    -0.03354060 
938.000000    -0.04129362 
938.400000    -0.03032964 
938.800000    -0.00783741 
939.200000    0.01652111 
939.600000    0.03804045 
940.000000    0.05523967 
940.400000    0.06770578 
940.800000    0.07533295 
941.200000    0.07816911 
941.600000    0.07638375 
942.000000    0.07020488 
942.400000    0.05983049 
942.800000    0.04536510 
943.200000    0.02687200 
943.600000    0.00479561 
944.000000    -0.01863812 
944.400000    -0.03680334 
944.800000    -0.03967531 
945.200000    -0.02501864 
945.600000    -0.00174441 
946.000000    0.02175940 
946.400000    0.04191912 
946.800000    0.05766634 
947.200000    0.06871083 
947.600000    0.07499954 
948.000000    0.07661308 
948.400000    0.07373011 
948.800000    0.06655913 
949.200000    0.05525873 
949.600000    0.03989984 
950.000000    0.02058897 
950.400000    -0.00191694 
950.800000    -0.02444742 
951.200000    -0.03905500 
951.600000    -0.03675328 
952.000000    -0.01897577 
952.400000    0.00460270 
952.800000    0.02707776 
953.200000    0.04583149 
953.600000    0.06011527 
954.000000    0.06973471 
954.400000    0.07468045 
954.800000    0.07505867 
955.200000    0.07105003 
955.600000    0.06283882 
956.000000    0.05054456 
956.400000    0.03421768 
956.800000    0.01405930 
957.200000    -0.00871257 
957.600000    -0.02974436 
958.000000    -0.04001289 
958.400000    -0.03263582 
958.800000    -0.01244184 
959.200000    0.01105330 
959.600000    0.03241962 
960.000000    0.04979320 
960.400000    0.06265980 
960.800000    0.07089566 
961.200000    0.07452563 
961.600000    0.07367482 
962.000000    0.06852054 
962.400000    0.05922102 
962.800000    0.04586041 
963.200000    0.02848797 
963.600000    0.00746676 
964.000000    -0.01534616 
964.400000    -0.03422051 
964.800000    -0.03958676 
965.200000    -0.02756787 
965.600000    -0.00563412 
966.000000    0.01753077 
966.400000    0.03780524 
966.800000    0.05388680 
967.200000    0.06542355 
967.600000    0.07234115 
968.000000    0.07469177 
968.400000    0.07261594 
968.800000    0.06628639 
969.200000    0.05583706 
969.600000    0.04132391 
970.000000    0.02282037 
970.400000    0.00093553 
970.800000    -0.02163128 
971.200000    -0.03766965 
971.600000    -0.03783834 
972.000000    -0.02179999 
972.400000    0.00131542 
972.800000    0.02402408 
973.200000    0.04327986 
973.600000    0.05817896 
974.000000    0.06847622 
974.400000    0.07413248 
974.800000    0.07522545 
975.200000    0.07191227 
975.600000    0.06436380 
976.000000    0.05269401 
976.400000    0.03693994 
976.800000    0.01723047 
977.200000    -0.00547561 
977.600000    -0.02741582 
978.000000    -0.03994396 
978.400000    -0.03489154 
978.800000    -0.01553959 
979.200000    0.00831223 
979.600000    0.03049961 
980.000000    0.04881265 
980.400000    0.06261830 
980.800000    0.07173935 
981.200000    0.07616605 
981.600000    0.07600507 
982.000000    0.07143450 
982.400000    0.06262745 
982.800000    0.04968222 
983.200000    0.03262706 
983.600000    0.01168480 
984.000000    -0.01171049 
984.400000    -0.03251907 
984.800000    -0.04092629 
985.200000    -0.03091785 
985.600000    -0.00899592 
