0.000000    0.00000000 
0.076835    0.00336564 
0.153670    0.00671007 
0.230506    0.01001386 
0.307346    0.01325950 
0.384191    0.01643121 
0.461048    0.01951488 
0.537924    0.02249786 
0.614827    0.02536886 
0.691769    0.02811775 
0.768765    0.03073547 
0.845829    0.03321383 
0.922979    0.03554544 
1.000237    0.03772351 
1.077623    0.03974183 
1.155164    0.04159460 
1.232883    0.04327638 
1.310690    0.04505454 
1.388734    0.04639762 
1.467046    0.04755579 
1.545658    0.04852335 
1.624603    0.04929471 
1.703916    0.04986452 
1.783631    0.05022781 
1.863781    0.05037994 
1.944400    0.05031661 
2.025518    0.05003368 
2.107167    0.04952716 
2.189375    0.04879312 
2.272167    0.04782769 
2.355568    0.04662714 
2.439599    0.04518804 
2.524276    0.04350738 
2.609615    0.04158285 
2.695622    0.03941309 
2.782302    0.03699792 
2.869652    0.03433869 
2.957664    0.03143860 
3.046321    0.02830302 
3.135602    0.02493989 
3.225477    0.02136022 
3.315909    0.01757852 
3.406854    0.01361343 
3.498264    0.00948824 
3.590082    0.00523154 
3.682247    0.00087774 
3.774698    -0.00353245 
3.867368    -0.00795169 
3.960194    -0.01232597 
4.053113    -0.01659487 
4.146070    -0.02069231 
4.239013    -0.02454773 
4.331904    -0.02808799 
4.424712    -0.03123975 
4.517418    -0.03393243 
4.610017    -0.03610148 
4.702512    -0.03769179 
4.794916    -0.03866083 
4.887248    -0.03898122 
4.979530    -0.03864246 
5.071786    -0.03765144 
5.164035    -0.03603193 
5.256290    -0.03382286 
5.348558    -0.03107580 
5.440837    -0.02785187 
5.533113    -0.02421846 
5.625367    -0.02024603 
5.717570    -0.01600529 
5.809687    -0.01156489 
5.901681    -0.00698962 
5.993509    -0.00233922 
6.085131    0.00233225 
6.176507    0.00697679 
6.267601    0.01155233 
6.358378    0.01602251 
6.448812    0.02035624 
6.538882    0.02452719 
6.628572    0.02851325 
6.717873    0.03229598 
6.806783    0.03586008 
6.895307    0.03919293 
6.983457    0.04228411 
7.071247    0.04512508 
7.158701    0.04770876 
7.245845    0.05002932 
7.332711    0.05208189 
7.419334    0.05386236 
7.505753    0.05536725 
7.592008    0.05659350 
7.678143    0.05753844 
7.764203    0.05819964 
7.850233    0.05857488 
7.936278    0.05866214 
8.022383    0.05845952 
8.108591    0.05796532 
8.194946    0.05717803 
8.281485    0.05609638 
8.368245    0.05471948 
8.455257    0.05304686 
8.542551    0.05107864 
8.630146    0.04881571 
8.718061    0.04625993 
8.806305    0.04341437 
8.894880    0.04028361 
8.983781    0.03687410 
9.072997    0.03319452 
9.162505    0.02925630 
9.252277    0.02507407 
9.342276    0.02066628 
9.432456    0.01605579 
9.522765    0.01127052 
9.613146    0.00634413 
9.703537    0.00131658 
9.793873    -0.00376531 
9.884088    -0.00884756 
9.974121    -0.01386896 
10.063911    -0.01876142 
10.153405    -0.02346708 
10.242564    -0.02788959 
10.331359    -0.03194911 
10.419777    -0.03556420 
10.507819    -0.03865671 
10.595498    -0.04115592 
10.682845    -0.04300239 
10.769899    -0.04415123 
10.856731    -0.04446977 
10.943370    -0.04415631 
11.029865    -0.04312024 
11.116261    -0.04138949 
11.202598    -0.03900808 
11.288901    -0.03603325 
11.375188    -0.03253203 
11.461462    -0.02857767 
11.547686    -0.02430409 
11.633871    -0.01965964 
11.719991    -0.01478583 
11.806015    -0.00975163 
11.891904    -0.00462102 
11.977618    0.00054840 
12.063119    0.00570598 
12.148368    0.01080778 
12.233331    0.01581594 
12.317979    0.02069797 
12.402286    0.02542624 
12.486236    0.02997753 
12.569817    0.03433250 
12.653024    0.03847514 
12.735859    0.04239218 
12.818332    0.04607263 
12.900458    0.04950739 
12.982258    0.05268886 
13.063760    0.05561068 
13.144995    0.05826748 
13.226000    0.06065465 
13.306817    0.06276810 
13.387490    0.06460418 
13.468066    0.06615944 
13.548597    0.06743060 
13.629133    0.06841443 
13.709728    0.06910771 
13.790435    0.06950720 
13.871309    0.06960960 
13.952402    0.06941157 
14.033766    0.06890975 
14.115450    0.06810074 
14.197500    0.06698121 
14.279960    0.06554791 
14.362869    0.06379783 
14.446258    0.06172837 
14.530156    0.05933748 
14.614583    0.05662393 
14.699551    0.05358757 
14.785063    0.05022961 
14.871115    0.04655300 
14.957689    0.04256283 
15.044761    0.03826684 
15.132293    0.03367592 
15.220237    0.02880487 
15.308534    0.02367307 
15.397114    0.01830533 
15.485901    0.01273277 
15.574806    0.00699370 
15.663740    0.00113454 
15.752606    -0.00478945 
15.841311    -0.01071358 
15.929764    -0.01656356 
16.017881    -0.02225586 
16.105590    -0.02769876 
16.192836    -0.03279435 
16.279581    -0.03744147 
16.365808    -0.04153959 
16.451520    -0.04499353 
16.536744    -0.04771857 
16.621521    -0.04964550 
16.705911    -0.05072504 
16.789979    -0.05093106 
16.873795    -0.05026210 
16.957472    -0.04859973 
17.041026    -0.04627808 
17.124506    -0.04321660 
17.207944    -0.03949315 
17.291310    -0.03529485 
17.374650    -0.03050028 
17.457953    -0.02531269 
17.541192    -0.01982137 
17.624333    -0.01411127 
17.707331    -0.00826033 
17.790140    -0.00233779 
17.872711    0.00359606 
17.954996    0.00948925 
18.036952    0.01529722 
18.118541    0.02098207 
18.199730    0.02651191 
18.280494    0.03186025 
18.360816    0.03700524 
18.440687    0.04192897 
18.520106    0.04661671 
18.599080    0.05105642 
18.677626    0.05523818 
18.755765    0.05915383 
18.833528    0.06279656 
18.910952    0.06616067 
18.988079    0.06924122 
19.064956    0.07203387 
19.141638    0.07453464 
19.218180    0.07673976 
19.294644    0.07864555 
19.371091    0.08024823 
19.447589    0.08154391 
19.524204    0.08252842 
19.601005    0.08319732 
19.678059    0.08354588 
19.755420    0.08365011 
19.833170    0.08334380 
19.911374    0.08270011 
19.990092    0.08171441 
20.069382    0.08038070 
20.149297    0.07869280 
20.229883    0.07664508 
20.311179    0.07423235 
20.393216    0.07144988 
20.476016    0.06829387 
20.559590    0.06476171 
20.643936    0.06085229 
20.729042    0.05649402 
20.814877    0.05183805 
20.901399    0.04681569 
20.988551    0.04143713 
21.076258    0.03571718 
21.164434    0.02967622 
21.252974    0.02334119 
21.341762    0.01674676 
21.430673    0.00993655 
21.519570    0.00296448 
21.608314    -0.00410386 
21.696766    -0.01119015 
21.784796    -0.01819802 
21.872277    -0.02503980 
21.959106    -0.03158631 
22.045202    -0.03771108 
22.130515    -0.04328306 
22.215022    -0.04817182 
22.298736    -0.05225459 
22.381713    -0.05538064 
22.464012    -0.05754828 
22.545720    -0.05866291 
22.626940    -0.05870099 
22.707775    -0.05767265 
22.788323    -0.05561993 
22.868667    -0.05261270 
22.948875    -0.04874259 
23.028991    -0.04411615 
23.109017    -0.03888115 
23.188973    -0.03308206 
23.268842    -0.02686980 
23.348588    -0.02035095 
23.428165    -0.01362194 
23.507519    -0.00676844 
23.586592    0.00013470 
23.665325    0.00702333 
23.743663    0.01384319 
23.821554    0.02054888 
23.898956    0.02710277 
23.975833    0.03347389 
24.052158    0.03963694 
24.127916    0.04557135 
24.203100    0.05126044 
24.277715    0.05669072 
24.351774    0.06185122 
24.425300    0.06673296 
24.498326    0.07132850 
24.570891    0.07563163 
24.643045    0.07963705 
24.714842    0.08334002 
24.786345    0.08673619 
24.857620    0.08982143 
24.928739    0.09259163 
24.999781    0.09504249 
25.070825    0.09716933 
25.141954    0.09896701 
25.213256    0.10042989 
25.284817    0.10155173 
25.356726    0.10232564 
25.429071    0.10274403 
25.501942    0.10279861 
25.575424    0.10248055 
25.649601    0.10178056 
25.724552    0.10068902 
25.800352    0.09919609 
25.877068    0.09729196 
25.954759    0.09496705 
26.033477    0.09221219 
26.113258    0.08901888 
26.194130    0.08537967 
26.276101    0.08128854 
26.359167    0.07674141 
26.443303    0.07173654 
26.528464    0.06627511 
26.614586    0.06036188 
26.701581    0.05400602 
26.789339    0.04722199 
26.877728    0.04003051 
26.966595    0.03245986 
27.055768    0.02454758 
27.145057    0.01634222 
27.234261    0.00790527 
27.323171    -0.00068683 
27.411580    -0.00934089 
27.499288    -0.01794554 
27.586113    -0.02637097 
27.671901    -0.03446995 
27.756530    -0.04208092 
27.839925    -0.04903359 
27.922058    -0.05515716 
28.002951    -0.06029058 
28.082672    -0.06429381 
28.161331    -0.06705848 
28.239065    -0.06851626 
28.316059    -0.06857111 
28.392444    -0.06739050 
28.468367    -0.06496622 
28.543921    -0.06146216 
28.619244    -0.05686382 
28.694404    -0.05137841 
28.769442    -0.04515138 
28.844366    -0.03832571 
28.919150    -0.03104477 
28.993765    -0.02341355 
29.068156    -0.01555287 
29.142259    -0.00755875 
29.216003    0.00048684 
29.289317    0.00851485 
29.362135    0.01646779 
29.434392    0.02429814 
29.506036    0.03196700 
29.577020    0.03944251 
29.647313    0.04669863 
29.716893    0.05371417 
29.785750    0.06047183 
29.853887    0.06695762 
29.921319    0.07316027 
29.988072    0.07907064 
30.054184    0.08468130 
30.119702    0.08998614 
30.184684    0.09497989 
30.249195    0.09965802 
30.313310    0.10401627 
30.377111    0.10805033 
30.440685    0.11175574 
30.504127    0.11512768 
30.567537    0.11816065 
30.631019    0.12084836 
30.694681    0.12318350 
30.758637    0.12515769 
30.823000    0.12676130 
30.887887    0.12798334 
30.953417    0.12881151 
31.019707    0.12923226 
31.086874    0.12923073 
31.155033    0.12879074 
31.224295    0.12789528 
31.294764    0.12652684 
31.366538    0.12466769 
31.439703    0.12230017 
31.514334    0.11940703 
31.590489    0.11597215 
31.668210    0.11198149 
31.747515    0.10742374 
31.828401    0.10229040 
31.910835    0.09657647 
31.994758    0.09028151 
32.080079    0.08341007 
32.166674    0.07597188 
32.254387    0.06798270 
32.343028    0.05946546 
32.432376    0.05045150 
32.522183    0.04098150 
32.612175    0.03110692 
32.702059    0.02089245 
32.791531    0.01041895 
32.880285    -0.00021375 
32.968021    -0.01088440 
33.054465    -0.02144828 
33.139374    -0.03173651 
33.222556    -0.04155809 
33.303877    -0.05070535 
33.383275    -0.05896328 
33.460759    -0.06612245 
33.536413    -0.07199400 
33.610392    -0.07639980 
33.682880    -0.07928388 
33.754105    -0.08057392 
33.824305    -0.08027833 
33.893713    -0.07845873 
33.962541    -0.07522120 
34.030950    -0.07072934 
34.099093    -0.06509181 
34.167066    -0.05850301 
34.234919    -0.05113066 
34.302668    -0.04313434 
34.370293    -0.03466066 
34.437747    -0.02584042 
34.504964    -0.01678769 
34.571866    -0.00760031 
34.638363    0.00163853 
34.704368    0.01086130 
34.769796    0.02000892 
34.834568    0.02903344 
34.898611    0.03789516 
34.961867    0.04656130 
35.024290    0.05500480 
35.085846    0.06320336 
35.146518    0.07113861 
35.206304    0.07879565 
35.265215    0.08616252 
35.323278    0.09322975 
35.380532    0.09998984 
35.437030    0.10643691 
35.492837    0.11256632 
35.548029    0.11837438 
35.602691    0.12385797 
35.656919    0.12901416 
35.710816    0.13383976 
35.764495    0.13833078 
35.818075    0.14248234 
35.871682    0.14628839 
35.925449    0.14974114 
35.979515    0.15283040 
36.034024    0.15554371 
36.089127    0.15786612 
36.144977    0.15977970 
36.201734    0.16126303 
36.259558    0.16229136 
36.318613    0.16283693 
36.379062    0.16286942 
36.441065    0.16235614 
36.504776    0.16126210 
36.570340    0.15955067 
36.637891    0.15718541 
36.707542    0.15413133 
36.779383    0.15035701 
36.853475    0.14583573 
36.929846    0.14054705 
37.008483    0.13447871 
37.089329    0.12762702 
37.172280    0.11999816 
37.257183    0.11160925 
37.343835    0.10248797 
37.431985    0.09267123 
37.521336    0.08220562 
37.611550    0.07113844 
37.702261    0.05955196 
37.793072    0.04750758 
37.883573    0.03508907 
37.973346    0.02239362 
38.061984    0.00953398 
38.149096    -0.00335710 
38.234331    -0.01612377 
38.317387    -0.02858536 
38.398030    -0.04053679 
38.476106    -0.05175296 
38.551549    -0.06199855 
38.624391    -0.07104230 
38.694750    -0.07867379 
38.762828    -0.08472051 
38.828887    -0.08906200 
38.893233    -0.09163804 
38.956213    -0.09240982 
39.018098    -0.09155304 
39.079210    -0.08905093 
39.139809    -0.08508048 
39.200110    -0.07980118 
39.260271    -0.07339253 
39.320410    -0.06600924 
39.380588    -0.05782788 
39.440822    -0.04900532 
39.501087    -0.03968475 
39.561329    -0.02999401 
39.621466    -0.02004521 
39.681397    -0.00993565 
39.741014    0.00025117 
39.800199    0.01044377 
39.858837    0.02058143 
39.916821    0.03061203 
39.974051    0.04049082 
40.030442    0.05018014 
40.085924    0.05964833 
40.140447    0.06886851 
40.193976    0.07781852 
40.246497    0.08648039 
40.298016    0.09484003 
40.348556    0.10288697 
40.398156    0.11061375 
40.446874    0.11801538 
40.494779    0.12508916 
40.541955    0.13183420 
40.588499    0.13825048 
40.634515    0.14433837 
40.680122    0.15009829 
40.725444    0.15553024 
40.770615    0.16063269 
40.815777    0.16540218 
40.861082    0.16983276 
40.906690    0.17391559 
40.952767    0.17763812 
40.999491    0.18098285 
41.047048    0.18392705 
41.095631    0.18644255 
41.145443    0.18849483 
41.196694    0.19004232 
41.249598    0.19103650 
41.304373    0.19142177 
41.361232    0.19113693 
41.420384    0.19011621 
41.482024    0.18829117 
41.546321    0.18559480 
41.613413    0.18196536 
41.683397    0.17735107 
41.756315    0.17171339 
41.832147    0.16503152 
41.910807    0.15730895 
41.992137    0.14857331 
42.075907    0.13887485 
42.161822    0.12828407 
42.249532    0.11688838 
42.338635    0.10478286 
42.428701    0.09207957 
42.519275    0.07888171 
42.609893    0.06529702 
42.700097    0.05143130 
42.789439    0.03739039 
42.877500    0.02328476 
42.963891    0.00923378 
43.048271    -0.00463096 
43.130353    -0.01816115 
43.209915    -0.03118892 
43.286811    -0.04352798 
43.360978    -0.05497890 
43.432438    -0.06533754 
43.501306    -0.07439452 
43.567762    -0.08199981 
43.632060    -0.08800122 
43.694503    -0.09230467 
43.755423    -0.09486706 
43.815164    -0.09569618 
43.874059    -0.09484633 
43.932416    -0.09241109 
43.990498    -0.08852492 
44.048534    -0.08331244 
44.106693    -0.07694349 
44.165092    -0.06958232 
44.223793    -0.06139184 
44.282812    -0.05252840 
44.342117    -0.04313800 
44.401645    -0.03335396 
44.461302    -0.02329574 
44.520973    -0.01306906 
44.580531    -0.00276459 
44.639847    0.00753731 
44.698791    0.01776822 
44.757242    0.02787000 
44.815092    0.03779321 
44.872248    0.04749622 
44.928639    0.05694440 
44.984210    0.06610920 
45.038933    0.07496788 
45.092798    0.08350238 
45.145817    0.09169839 
45.198021    0.09954508 
45.249460    0.10703497 
45.300201    0.11416331 
45.350325    0.12092689 
45.399927    0.12732315 
45.449115    0.13335035 
45.498005    0.13900646 
45.546724    0.14428853 
45.595410    0.14919221 
45.644205    0.15371183 
45.693260    0.15783886 
45.742733    0.16156092 
45.792789    0.16486232 
45.843596    0.16772417 
45.895330    0.17012334 
45.948167    0.17203202 
46.002289    0.17340877 
46.057874    0.17423685 
46.115099    0.17446846 
46.174132    0.17406300 
46.235133    0.17297846 
46.298243    0.17117479 
46.363585    0.16861571 
46.431253    0.16527149 
46.501307    0.16112070 
46.573772    0.15615324 
46.648631    0.15037296 
46.725821    0.14379796 
46.805236    0.13646029 
46.886729    0.12840323 
46.970110    0.11968201 
47.055157    0.11036179 
47.141618    0.10051340 
47.229220    0.09020854 
47.317673    0.07951963 
47.406675    0.06851900 
47.495926    0.05727847 
47.585124    0.04586993 
47.673979    0.03436570 
47.762212    0.02284280 
47.849564    0.01138430 
47.935800    0.00008295 
48.020717    -0.01095668 
48.104150    -0.02161684 
48.185976    -0.03176630 
48.266121    -0.04126100 
48.344567    -0.04994743 
48.421367    -0.05763307 
48.496595    -0.06424584 
48.570392    -0.06961730 
48.642938    -0.07364305 
48.714427    -0.07628403 
48.785103    -0.07744775 
48.855192    -0.07718163 
48.924911    -0.07554118 
48.994448    -0.07261809 
49.063964    -0.06853307 
49.133577    -0.06342734 
49.203366    -0.05745371 
49.273373    -0.05076821 
49.343602    -0.04352295 
49.414028    -0.03586068 
49.484603    -0.02791112 
49.555264    -0.01978907 
49.625934    -0.01159374 
49.696535    -0.00340924 
49.766987    0.00469408 
49.837218    0.01265805 
49.907161    0.02043531 
49.976761    0.02798770 
50.045974    0.03528488 
50.114770    0.04230306 
50.183133    0.04902393 
50.251057    0.05543372 
50.318550    0.06152220 
50.385634    0.06728169 
50.452338    0.07270620 
50.518705    0.07779107 
50.584784    0.08253285 
50.650635    0.08692916 
50.716322    0.09097825 
50.781919    0.09467825 
50.847501    0.09802702 
50.913151    0.10102214 
50.978951    0.10366124 
51.044989    0.10594231 
51.111353    0.10786318 
51.178131    0.10942072 
51.245412    0.11061100 
51.313282    0.11142976 
51.381828    0.11187270 
51.451130    0.11193575 
51.521267    0.11161495 
51.592311    0.11090650 
51.664330    0.10980693 
51.737384    0.10831336 
51.811523    0.10642371 
51.886791    0.10413695 
51.963219    0.10145370 
52.040829    0.09837621 
52.119629    0.09487939 
52.199616    0.09102773 
52.280774    0.08679702 
52.363074    0.08219575 
52.446471    0.07723453 
52.530908    0.07192620 
52.616314    0.06628584 
52.702604    0.06033063 
52.789682    0.05408013 
52.877437    0.04755688 
52.965752    0.04078710 
53.054498    0.03380135 
53.143539    0.02663543 
53.232735    0.01933130 
53.321944    0.01193787 
53.411025    0.00451163 
53.499842    -0.00285048 
53.588268    -0.01013162 
53.676186    -0.01722240 
53.763501    -0.02402949 
53.850137    -0.03045166 
53.936044    -0.03638236 
54.021200    -0.04171350 
54.105613    -0.04634054 
54.189316    -0.05016821 
54.272366    -0.05311641 
54.354841    -0.05512562 
54.436834    -0.05616101 
54.518440    -0.05621500 
54.599757    -0.05530757 
54.680856    -0.05350968 
54.761832    -0.05083303 
54.842745    -0.04739494 
54.923636    -0.04329307 
55.004528    -0.03863148 
55.085422    -0.03351552 
55.166307    -0.02804750 
55.247173    -0.02233990 
55.327969    -0.01645208 
55.408654    -0.01047321 
55.489185    -0.00447108 
55.569516    0.00149635 
55.649606    0.00738030 
55.729416    0.01314026 
55.808915    0.01874306 
55.888076    0.02416183 
55.966881    0.02937508 
56.045318    0.03436589 
56.123385    0.03912106 
56.201086    0.04363050 
56.278433    0.04788655 
56.355444    0.05188356 
56.432143    0.05561735 
56.508563    0.05908489 
56.584738    0.06228396 
56.660709    0.06521289 
56.736521    0.06787037 
56.812221    0.07025527 
56.887861    0.07236654 
56.963494    0.07420309 
57.039175    0.07576377 
57.114961    0.07704724 
57.190910    0.07805199 
57.267080    0.07877627 
57.343528    0.07921809 
57.420310    0.07937525 
57.497483    0.07924530 
57.575100    0.07882565 
57.653212    0.07811356 
57.731866    0.07710629 
57.811107    0.07580114 
57.890973    0.07419560 
57.971499    0.07228744 
58.052711    0.07007491 
58.134632    0.06755683 
58.217274    0.06473283 
58.300642    0.06160351 
58.384734    0.05817066 
58.469535    0.05443757 
58.555024    0.05040930 
58.641168    0.04609303 
58.727924    0.04149853 
58.815240    0.03663860 
58.903052    0.03152961 
58.991289    0.02619213 
59.079870    0.02065156 
59.168707    0.01493896 
59.257707    0.00909180 
59.346772    0.00315480 
59.435803    -0.00281941 
59.524704    -0.00876979 
59.613385    -0.01462683 
59.701761    -0.02031290 
59.789764    -0.02574334 
59.877338    -0.03082821 
59.964447    -0.03547499 
60.051072    -0.03959197 
60.137217    -0.04309237 
60.222903    -0.04589881 
60.308170    -0.04794775 
60.393070    -0.04919341 
60.477701    -0.04948721 
60.562094    -0.04907990 
60.646311    -0.04786394 
60.730409    -0.04587962 
60.814394    -0.04326876 
60.898339    -0.03992210 
60.982265    -0.03601670 
61.066178    -0.03163941 
61.150071    -0.02687870 
61.233923    -0.02182082 
61.317706    -0.01654689 
61.401382    -0.01113124 
61.484911    -0.00564060 
61.568253    -0.00013395 
61.651366    0.00533737 
61.734212    0.01072937 
61.816756    0.01600489 
61.898970    0.02113299 
61.980830    0.02608811 
62.062321    0.03084933 
62.143435    0.03539967 
62.224169    0.03972545 
62.304530    0.04381571 
62.384530    0.04766169 
62.464188    0.05125642 
62.543529    0.05459434 
62.622584    0.05767100 
62.701390    0.06048279 
62.779986    0.06302677 
62.858418    0.06530041 
62.936734    0.06730151 
63.014985    0.06902795 
63.093225    0.07047764 
63.171508    0.07164837 
63.249891    0.07253779 
63.328431    0.07314338 
63.407186    0.07346245 
63.486210    0.07349219 
63.565560    0.07322967 
63.645288    0.07267191 
63.725442    0.07181590 
63.806069    0.07065871 
63.887211    0.06919748 
63.968904    0.06742965 
64.051178    0.06535300 
64.134058    0.06296589 
64.217560    0.06026746 
64.301693    0.05725785 
64.386458    0.05393850 
64.471845    0.05031246 
64.557836    0.04638471 
64.644403    0.04216259 
64.731506    0.03765629 
64.819097    0.03287934 
64.907117    0.02784925 
64.995498    0.02258820 
65.084162    0.01712377 
65.173027    0.01148971 
65.262003    0.00572677 
65.350998    -0.00011663 
65.439919    -0.00598377 
65.528675    -0.01180935 
65.617181    -0.01751951 
65.705364    -0.02303244 
65.793160    -0.02825974 
65.880523    -0.03310846 
65.967425    -0.03748422 
66.053859    -0.04129490 
66.139835    -0.04445516 
66.225384    -0.04689106 
66.310551    -0.04854458 
66.395394    -0.04937725 
66.480013    -0.04924249 
66.564438    -0.04841244 
66.648730    -0.04678368 
66.732940    -0.04440477 
66.817068    -0.04143446 
66.901179    -0.03774984 
66.985285    -0.03353982 
67.069385    -0.02889269 
67.153463    -0.02389734 
67.237492    -0.01863937 
67.321436    -0.01319826 
67.405255    -0.00764592 
67.488905    -0.00204634 
67.572344    0.00354428 
67.655528    0.00907720 
67.738420    0.01451079 
67.820987    0.01980998 
67.903201    0.02494557 
67.985043    0.02989346 
68.066499    0.03463389 
68.147565    0.03915074 
68.228242    0.04343096 
68.308541    0.04746402 
68.388479    0.05124143 
68.468078    0.05475635 
68.547370    0.05800322 
68.626390    0.06097745 
68.705178    0.06367524 
68.783780    0.06609332 
68.862246    0.06822882 
68.940628    0.07007909 
69.018982    0.07164157 
69.097364    0.07291364 
69.175833    0.07389262 
69.254449    0.07457566 
69.333271    0.07495974 
69.412358    0.07504171 
69.491766    0.07481827 
69.571551    0.07428600 
69.651765    0.07344142 
69.732458    0.07228105 
69.813672    0.07080154 
69.895447    0.06899978 
69.977817    0.06687308 
70.060806    0.06441938 
70.144434    0.06163745 
70.228710    0.05852718 
70.313635    0.05508981 
70.399199    0.05132832 
70.485382    0.04724776 
70.572153    0.04285575 
70.659470    0.03816298 
70.747279    0.03318381 
70.835517    0.02793697 
70.924108    0.02244632 
71.012968    0.01674165 
71.102007    0.01085956 
71.191127    0.00484435 
71.280226    -0.00125118 
71.369206    -0.00736507 
71.457967    -0.01342586 
71.546419    -0.01935272 
71.634484    -0.02505616 
71.722096    -0.03043974 
71.809210    -0.03540254 
71.895800    -0.03984286 
71.981862    -0.04366260 
72.067416    -0.04677242 
72.152499    -0.04909685 
72.237167    -0.05057916 
72.321485    -0.05118503 
72.405524    -0.05090481 
72.489404    -0.04961552 
72.573144    -0.04764215 
72.656799    -0.04489915 
72.740410    -0.04146157 
72.823953    -0.03750183 
72.907485    -0.03292438 
72.991000    -0.02792365 
73.074479    -0.02259210 
73.157893    -0.01701815 
73.241203    -0.01128338 
73.324366    -0.00546080 
73.407335    0.00038564 
73.490066    0.00620067 
73.572518    0.01193688 
73.654652    0.01755404 
73.736437    0.02301841 
73.817848    0.02830206 
73.898867    0.03338213 
73.979484    0.03824005 
74.059697    0.04286075 
74.139513    0.04723207 
74.218944    0.05134416 
74.298012    0.05518905 
74.376744    0.05876024 
74.455174    0.06205235 
74.533341    0.06506085 
74.611290    0.06778184 
74.689070    0.07021187 
74.766735    0.07234779 
74.844340    0.07418660 
74.921945    0.07572533 
74.999611    0.07696096 
75.077400    0.07789031 
75.155374    0.07851001 
75.233597    0.07881648 
75.312130    0.07880594 
75.391033    0.07847448 
75.470365    0.07781813 
75.550180    0.07683291 
75.630528    0.07551493 
75.711457    0.07386053 
75.793004    0.07186632 
75.875205    0.06952943 
75.958084    0.06684768 
76.041657    0.06381983 
76.125934    0.06044590 
76.210910    0.05672742 
76.296571    0.05266787 
76.382892    0.04827307 
76.469833    0.04355167 
76.557344    0.03851578 
76.645362    0.03318163 
76.733811    0.02757039 
76.822603    0.02170893 
76.911641    0.01563087 
77.000821    0.00937748 
77.090030    0.00299877 
77.179157    -0.00344564 
77.268088    -0.00988581 
77.356716    -0.01624124 
77.444945    -0.02242122 
77.532691    -0.02832605 
77.619890    -0.03384921 
77.706500    -0.03888067 
77.792505    -0.04331125 
77.877909    -0.04703799 
77.962747    -0.04996988 
78.047068    -0.05203367 
78.130944    -0.05317876 
78.214451    -0.05338067 
78.297672    -0.05264259 
78.380687    -0.05099467 
78.463564    -0.04849137 
78.546359    -0.04520711 
78.629111    -0.04123102 
78.711841    -0.03666129 
78.794553    -0.03159979 
78.877232    -0.02614748 
78.959854    -0.02040079 
79.042380    -0.01444902 
79.124769    -0.00837283 
79.206972    -0.00224357 
79.288942    0.00387677 
79.370633    0.00993509 
79.452001    0.01588647 
79.533011    0.02169330 
79.613631    0.02732440 
79.693841    0.03275411 
79.773625    0.03796149 
79.852978    0.04292955 
79.931903    0.04764459 
80.010411    0.05209556 
80.088521    0.05627359 
80.166260    0.06017148 
80.243660    0.06378334 
80.320762    0.06710426 
80.397613    0.07013005 
80.474262    0.07285698 
80.550747    0.07535515 
80.627146    0.07747684 
80.703523    0.07928875 
80.779941    0.08078864 
80.856468    0.08197311 
80.933171    0.08283821 
81.010120    0.08338020 
81.087381    0.08359518 
81.165021    0.08347894 
81.243105    0.08302711 
81.321692    0.08223521 
81.400842    0.08109871 
81.480607    0.07961318 
81.561034    0.07777439 
81.642163    0.07557855 
81.724027    0.07302242 
81.806650    0.07010357 
81.890047    0.06682061 
81.974222    0.06310208 
82.059164    0.05909571 
82.144853    0.05473097 
82.231253    0.05001416 
82.318318    0.04495470 
82.405985    0.03956588 
82.494179    0.03386555 
82.582809    0.02787705 
82.671775    0.02163010 
82.760963    0.01516188 
82.850253    0.00851814 
82.939518    0.00175430 
83.028632    -0.00506352 
83.117468    -0.01185785 
83.205909    -0.01853959 
83.293851    -0.02500855 
83.381207    -0.03115496 
83.467913    -0.03686218 
83.553931    -0.04201077 
83.639251    -0.04648381 
83.723895    -0.05017313 
83.807906    -0.05298600 
83.891352    -0.05485123 
83.974317    -0.05572426 
84.056893    -0.05559017 
84.139172    -0.05446437 
84.221241    -0.05239083 
84.303173    -0.04943819 
84.385025    -0.04569434 
84.466833    -0.04126023 
84.548614    -0.03624374 
84.630349    -0.03077064 
84.712035    -0.02490795 
84.793641    -0.01877717 
84.875125    -0.01246928 
84.956437    -0.00606503 
85.037526    0.00036506 
85.118342    0.00676026 
85.198836    0.01306915 
85.278966    0.01924868 
85.358695    0.02526321 
85.437995    0.03108346 
85.516846    0.03668555 
85.595237    0.04205016 
85.673167    0.04716171 
85.750642    0.05200771 
85.827679    0.05657811 
85.904302    0.06086481 
85.980543    0.06486120 
86.056442    0.06856187 
86.132044    0.07196223 
86.207400    0.07505835 
86.282568    0.07784661 
86.357609    0.08032362 
86.432587    0.08248606 
86.507572    0.08433055 
86.582632    0.08585357 
86.657841    0.08705140 
86.733273    0.08792003 
86.808999    0.08845514 
86.885093    0.08865205 
86.961628    0.08850582 
87.038671    0.08801127 
87.116289    0.08716309 
87.194543    0.08595598 
87.273490    0.08438470 
87.353181    0.08244423 
87.433658    0.08012990 
87.514955    0.07743762 
87.597097    0.07436416 
87.680098    0.07090750 
87.763958    0.06706712 
87.848666    0.06284442 
87.934197    0.05824308 
88.020509    0.05326958 
88.107547    0.04793371 
88.195239    0.04224920 
88.283497    0.03623456 
88.372221    0.02991399 
88.461294    0.02331846 
88.550584    0.01645606 
88.639965    0.00946742 
88.729291    0.00231845 
88.818418    -0.00489018 
88.907206    -0.01207564 
88.995524    -0.01914293 
89.083256    -0.02598455 
89.170308    -0.03248226 
89.256610    -0.03851030 
89.342124    -0.04393994 
89.426852    -0.04860460 
89.510812    -0.05246588 
89.594058    -0.05538982 
89.676667    -0.05730219 
89.758736    -0.05815818 
89.840369    -0.05794551 
89.921671    -0.05668478 
90.002736    -0.05442710 
90.083647    -0.05124950 
90.164466    -0.04724874 
90.245212    -0.04256416 
90.325923    -0.03724641 
90.406597    -0.03144657 
90.487212    -0.02527683 
90.567733    -0.01884106 
90.648113    -0.01223312 
90.728300    -0.00553604 
90.808241    0.00117822 
90.887879    0.00784837 
90.967166    0.01442287 
91.046057    0.02085883 
91.124513    0.02712094 
91.202506    0.03318030 
91.280017    0.03901350 
91.357035    0.04460162 
91.433560    0.04992944 
91.509601    0.05498473 
91.585177    0.05975766 
91.660316    0.06424032 
91.735051    0.06842635 
91.809427    0.07231051 
91.883491    0.07588837 
91.957302    0.07915593 
92.030918    0.08210956 
92.104407    0.08474584 
92.177837    0.08706135 
92.251282    0.08905243 
92.324817    0.09071513 
92.398520    0.09204512 
92.472469    0.09303774 
92.546743    0.09368799 
92.621421    0.09399057 
92.696580    0.09393997 
92.772294    0.09353048 
92.848634    0.09275614 
92.925668    0.09161083 
93.003458    0.09008836 
93.082059    0.08818268 
93.161520    0.08588806 
93.241878    0.08319937 
93.323163    0.08011238 
93.405391    0.07662411 
93.488568    0.07273313 
93.572682    0.06843976 
93.657709    0.06374645 
93.743608    0.05865827 
93.830322    0.05318353 
93.917775    0.04733456 
94.005875    0.04112844 
94.094514    0.03458793 
94.183567    0.02774250 
94.272896    0.02062958 
94.362353    0.01329577 
94.451781    0.00579826 
94.541021    -0.00179383 
94.629915    -0.00939832 
94.718312    -0.01691914 
94.806079    -0.02424645 
94.893102    -0.03125779 
94.979293    -0.03782086 
95.064599    -0.04379786 
95.149001    -0.04905162 
95.232517    -0.05345309 
95.315216    -0.05683753 
95.397163    -0.05921832 
95.478463    -0.06048918 
95.559229    -0.06062710 
95.639581    -0.05964503 
95.719629    -0.05758998 
95.799471    -0.05453845 
95.879159    -0.05062990 
95.958769    -0.04589329 
96.038329    -0.04049623 
96.117844    -0.03456331 
96.197297    -0.02821431 
96.276655    -0.02156082 
96.355874    -0.01470402 
96.434898    -0.00773336 
96.513672    -0.00072627 
96.592136    0.00625129 
96.670238    0.01314391 
96.747926    0.01990554 
96.825161    0.02649834 
96.901908    0.03289144 
96.978143    0.03905986 
97.053855    0.04498346 
97.129038    0.05064606 
97.203701    0.05603464 
97.277860    0.06113880 
97.351542    0.06595017 
97.424781    0.07046198 
97.497621    0.07466868 
97.570113    0.07856562 
97.642313    0.08214883 
97.714286    0.08541470 
97.786099    0.08835970 
97.857826    0.09098019 
97.929543    0.09327227 
98.001330    0.09523174 
98.073270    0.09685405 
98.145444    0.09813431 
98.217939    0.09906717 
98.290837    0.09964680 
98.364224    0.09986695 
98.438181    0.09972088 
98.512787    0.09920149 
98.588118    0.09830139 
98.664245    0.09701303 
98.741233    0.09532892 
98.819139    0.09324185 
98.898011    0.09074518 
98.977886    0.08783315 
99.058793    0.08450120 
99.140743    0.08074611 
99.223737    0.07656627 
99.307757    0.07196196 
99.392770    0.06693584 
99.478725    0.06149357 
99.565551    0.05564443 
99.653158    0.04940220 
99.741440    0.04278598 
99.830269    0.03582101 
99.919504    0.02853964 
100.008988    0.02098255 
100.098551    0.01320024 
100.188020    0.00525480 
100.277214    -0.00277852 
100.365962    -0.01080998 
100.454098    -0.01873469 
100.541479    -0.02643282 
100.627984    -0.03377109 
100.713525    -0.04060608 
100.798053    -0.04678945 
100.881557    -0.05217497 
100.964067    -0.05662708 
101.045652    -0.06003003 
101.126432    -0.06223598 
101.206507    -0.06331276 
101.286009    -0.06318810 
101.365069    -0.06188697 
101.443809    -0.05947001 
101.522305    -0.05607619 
101.600663    -0.05171511 
101.678937    -0.04656587 
101.757151    -0.04076101 
101.835308    -0.03443120 
101.913386    -0.02770043 
101.991346    -0.02068293 
102.069140    -0.01348090 
102.146709    -0.00618360 
102.223992    0.00113241 
102.300928    0.00840244 
102.377461    0.01557251 
102.453540    0.02259810 
102.529124    0.02944280 
102.604179    0.03607712 
102.678684    0.04247727 
102.752626    0.04862416 
102.826004    0.05450248 
102.898829    0.06010000 
102.971121    0.06540694 
103.042908    0.07041545 
103.114230    0.07511916 
103.185134    0.07951280 
103.255676    0.08359191 
103.325916    0.08735251 
103.395924    0.09079080 
103.465772    0.09390297 
103.535540    0.09668509 
103.605310    0.09913297 
103.675168    0.10124204 
103.745203    0.10300721 
103.815504    0.10442282 
103.886163    0.10548258 
103.957272    0.10617965 
104.028921    0.10650660 
104.101200    0.10645546 
104.174195    0.10601781 
104.247990    0.10518487 
104.322662    0.10394770 
104.398283    0.10229732 
104.474916    0.10022498 
104.552616    0.09772243 
104.631426    0.09478234 
104.711377    0.09139853 
104.792486    0.08756628 
104.874753    0.08328275 
104.958163    0.07854737 
105.042680    0.07336222 
105.128250    0.06773246 
105.214797    0.06166689 
105.302224    0.05517858 
105.390415    0.04828575 
105.479233    0.04101273 
105.568519    0.03339102 
105.658103    0.02546059 
105.747796    0.01727146 
105.837404    0.00888544 
105.926727    0.00037785 
106.015568    -0.00816077 
106.103741    -0.01662366 
106.191078    -0.02488747 
106.277437    -0.03281335 
106.362711    -0.04024980 
106.446836    -0.04703786 
106.529789    -0.05301844 
106.611596    -0.05804152 
106.692325    -0.06197631 
106.772082    -0.06472097 
106.851026    -0.06614251 
106.929280    -0.06635443 
107.006992    -0.06530848 
107.084272    -0.06312387 
107.161274    -0.05976605 
107.238096    -0.05541585 
107.314804    -0.05020685 
107.391438    -0.04427890 
107.468007    -0.03777097 
107.544497    -0.03081577 
107.620871    -0.02353559 
107.697082    -0.01603972 
107.773068    -0.00842361 
107.848766    -0.00076912 
107.924112    0.00685469 
107.999044    0.01439034 
108.073507    0.02179046 
108.147451    0.02901636 
108.220841    0.03603658 
108.293639    0.04284190 
108.365838    0.04938145 
108.437434    0.05565316 
108.508432    0.06164394 
108.578851    0.06734334 
108.648719    0.07274286 
108.718073    0.07783554 
108.786961    0.08261571 
108.855439    0.08707854 
108.923569    0.09121970 
108.991424    0.09503514 
109.059080    0.09852085 
109.126619    0.10167270 
109.194127    0.10448631 
109.261698    0.10695676 
109.329423    0.10907856 
109.397402    0.11084552 
109.465732    0.11225069 
109.534514    0.11328633 
109.603846    0.11394392 
109.673829    0.11421420 
109.744559    0.11408724 
109.816129    0.11355259 
109.888631    0.11259943 
109.962146    0.11121682 
110.036752    0.10939387 
110.112516    0.10712006 
110.189494    0.10438552 
110.267730    0.10118153 
110.347251    0.09750101 
110.428072    0.09333888 
110.510184    0.08865783 
110.593561    0.08352849 
110.678157    0.07791757 
110.763901    0.07183163 
110.850699    0.06528151 
110.938434    0.05828289 
111.026966    0.05085698 
111.116132    0.04303148 
111.205748    0.03484177 
111.295614    0.02633243 
111.385516    0.01755899 
111.475230    0.00858990 
111.564533    -0.00049161 
111.653205    -0.00958578 
111.741041    -0.01857505 
111.827861    -0.02732379 
111.913515    -0.03567963 
111.997898    -0.04347724 
112.080949    -0.05054455 
112.162663    -0.05671152 
112.243084    -0.06182079 
112.322304    -0.06573893 
112.400453    -0.06836682 
112.477723    -0.06957085 
112.554252    -0.06949474 
112.630171    -0.06816805 
112.705673    -0.06551801 
112.780890    -0.06172697 
112.855926    -0.05692742 
112.930849    -0.05126448 
113.005687    -0.04489661 
113.080457    -0.03794812 
113.155137    -0.03056760 
113.229688    -0.02287929 
113.304055    -0.01499294 
113.378173    -0.00700351 
113.451972    0.00100838 
113.525385    0.00897513 
113.598346    0.01684082 
113.670798    0.02455952 
113.742691    0.03209381 
113.813986    0.03941336 
113.884656    0.04649362 
113.954685    0.05331476 
114.024070    0.05986098 
114.092821    0.06611961 
114.160957    0.07208048 
114.228510    0.07773533 
114.295522    0.08307751 
114.362045    0.08810148 
114.428141    0.09280245 
114.493876    0.09717603 
114.559330    0.10121800 
114.624583    0.10492418 
114.689726    0.10829017 
114.754851    0.11131105 
114.820059    0.11398129 
114.885450    0.11629460 
114.951130    0.11824382 
115.017205    0.11982088 
115.083786    0.12101676 
115.150979    0.12182140 
115.218895    0.12222365 
115.287638    0.12221148 
115.357312    0.12177222 
115.428016    0.12089292 
115.499843    0.11956068 
115.572878    0.11776266 
115.647195    0.11548628 
115.722858    0.11271958 
115.799917    0.10945179 
115.878404    0.10567423 
115.958335    0.10138081 
116.039703    0.09656781 
116.122481    0.09123431 
116.206615    0.08538341 
116.292029    0.07902302 
116.378619    0.07216548 
116.466255    0.06482717 
116.554781    0.05703006 
116.644012    0.04878401 
116.733751    0.04016942 
116.823774    0.03120878 
116.913846    0.02195810 
117.003720    0.01248646 
117.093146    0.00287787 
117.181882    -0.00676711 
117.269698    -0.01632942 
117.356392    -0.02567046 
117.441794    -0.03463310 
117.525781    -0.04304523 
117.608281    -0.05072584 
117.689280    -0.05749380 
117.768821    -0.06317896 
117.847000    -0.06763444 
117.923959    -0.07074822 
117.999870    -0.07245202 
118.074922    -0.07272617 
118.149308    -0.07159964 
118.223204    -0.06914554 
118.296768    -0.06547305 
118.370121    -0.06071734 
118.443339    -0.05504260 
118.516485    -0.04857566 
118.589576    -0.04148581 
118.662598    -0.03391765 
118.735517    -0.02600290 
118.808276    -0.01785822 
118.880812    -0.00958464 
118.953050    -0.00126813 
119.024919    0.00701920 
119.096347    0.01521759 
119.167270    0.02327789 
119.237634    0.03115995 
119.307392    0.03883121 
119.376512    0.04626531 
119.444973    0.05344102 
119.512768    0.06034123 
119.579902    0.06695217 
119.646391    0.07326281 
119.712267    0.07926426 
119.777568    0.08494930 
119.842347    0.09031194 
119.906666    0.09534708 
119.970593    0.10005006 
120.034207    0.10441647 
120.097594    0.10844197 
120.160846    0.11212202 
120.224060    0.11545158 
120.287339    0.11842493 
120.350790    0.12103549 
120.414524    0.12327553 
120.478654    0.12513622 
120.543295    0.12660771 
120.608563    0.12767898 
120.674574    0.12833775 
120.741443    0.12857071 
120.809282    0.12836384 
120.878199    0.12770259 
120.948295    0.12657214 
121.019666    0.12495772 
121.092396    0.12284491 
121.166558    0.12022028 
121.242211    0.11707188 
121.319396    0.11338936 
121.398135    0.10916486 
121.478428    0.10439371 
121.560254    0.09907496 
121.643563    0.09321214 
121.728280    0.08681332 
121.814301    0.07989114 
121.901496    0.07246322 
121.989707    0.06455234 
122.078748    0.05618737 
122.168411    0.04740424 
122.258465    0.03824715 
122.348663    0.02877003 
122.438748    0.01903823 
122.528455    0.00913032 
122.617526    -0.00085955 
122.705712    -0.01081940 
122.792787    -0.02061795 
122.878560    -0.03010461 
122.962880    -0.03911142 
123.045655    -0.04744038 
123.126842    -0.05493820 
123.206460    -0.06140989 
123.284589    -0.06669264 
123.361359    -0.07065353 
123.436941    -0.07320015 
123.511531    -0.07428781 
123.585334    -0.07392196 
123.658547    -0.07215581 
123.731351    -0.06908380 
123.803882    -0.06484936 
123.876265    -0.05956337 
123.948576    -0.05340281 
124.020854    -0.04652680 
124.093101    -0.03908813 
124.165296    -0.03122825 
124.237392    -0.02307418 
124.309327    -0.01473720 
124.381031    -0.00631288 
124.452429    0.00211809 
124.523446    0.01048852 
124.594011    0.01874298 
124.664064    0.02683598 
124.733550    0.03473044 
124.802430    0.04239629 
124.870675    0.04980926 
124.938270    0.05694979 
125.005212    0.06380213 
