0.000000    0.68043353 
0.134496    0.68039487 
0.269000    0.68033388 
0.403533    0.68021587 
0.538140    0.67999458 
0.672882    0.67963046 
0.807840    0.67909958 
0.943108    0.67838656 
1.078797    0.67748173 
1.215027    0.67637631 
1.351930    0.67505843 
1.489650    0.67350852 
1.628341    0.67170236 
1.768165    0.66960093 
1.909295    0.66716829 
2.051914    0.66436080 
2.196209    0.66113538 
2.342376    0.65744792 
2.490612    0.65326512 
2.641113    0.64855388 
2.794074    0.64330837 
2.949678    0.63753917 
3.108099    0.63126116 
3.269481    0.62450473 
3.433954    0.61733722 
3.601613    0.60984830 
3.772515    0.60217020 
3.946666    0.59440965 
4.124019    0.58672562 
4.304457    0.57930024 
4.487789    0.57233435 
4.673738    0.56610660 
4.861916    0.56098469 
5.051787    0.55741389 
5.242627    0.55597082 
5.433522    0.55730688 
5.623399    0.56195933 
5.811055    0.57036677 
5.995144    0.58301045 
6.174145    0.60036507 
6.346379    0.62260066 
6.510080    0.64906872 
6.663583    0.67771498 
6.805630    0.70467852 
6.935731    0.72467452 
7.054457    0.73281704 
7.163458    0.72709989 
7.265196    0.70921173 
7.362511    0.68282240 
7.458207    0.65142614 
7.554715    0.61756977 
7.653830    0.58315171 
7.756540    0.54982290 
7.862976    0.51906106 
7.972538    0.49200368 
8.084134    0.46929216 
8.196431    0.45108434 
8.308052    0.43720222 
8.417661    0.42732441 
8.523985    0.42111381 
8.625850    0.41814926 
8.722200    0.41791285 
8.812091    0.41985379 
8.894689    0.42322737 
8.969304    0.42682373 
9.035440    0.42890254 
9.092849    0.42768639 
9.141579    0.42208479 
9.181996    0.41201759 
9.214763    0.39818064 
9.240771    0.38152687 
9.261037    0.36291789 
9.276599    0.34307526 
9.288421    0.32263271 
9.297305    0.30178409 
9.303976    0.28163585 
9.308968    0.26206283 
9.312712    0.24341583 
9.315525    0.22564761 
9.317645    0.20872089 
9.319248    0.19254782 
9.320464    0.17700498 
9.321390    0.16195131 
9.322098    0.14724166 
9.322640    0.13274038 
9.323057    0.11833518 
9.323378    0.10395641 
9.323627    0.08960237 
9.323819    0.07537121 
9.323981    0.06151605 
9.324080    0.04840874 
9.324100    0.03626187 
9.327912    0.02532714 
9.327932    0.01930298 
9.592095    0.01065244 
9.831989    0.00275777 
9.890792    0.00138204 
9.932064    0.00073560 
9.966685    0.00050418 
9.995936    0.00040868 
10.021116    0.00036567 
10.043560    0.00034422 
10.064211    0.00033282 
10.083607    0.00032759 
10.102031    0.00032568 
10.119621    0.00032589 
10.136433    0.00032848 
10.152488    0.00033176 
10.167789    0.00033494 
10.182340    0.00033764 
10.196154    0.00033968 
10.209272    0.00034100 
10.221762    0.00034150 
10.233717    0.00034118 
10.245252    0.00034009 
10.256493    0.00033840 
10.267576    0.00033631 
10.278634    0.00033406 
10.289793    0.00033190 
10.301167    0.00032997 
10.312847    0.00032841 
10.324900    0.00032725 
10.337355    0.00032648 
10.350205    0.00032603 
10.363398    0.00032580 
10.376834    0.00032569 
10.390368    0.00032555 
10.403817    0.00032522 
10.416970    0.00032452 
10.429628    0.00032322 
10.441658    0.00032109 
10.453029    0.00031809 
10.463798    0.00031439 
10.474082    0.00031032 
10.484017    0.00030623 
10.493738    0.00030237 
10.503362    0.00029892 
10.512982    0.00029596 
10.522666    0.00029349 
10.532451    0.00029149 
10.542349    0.00028988 
10.552344    0.00028858 
10.562397    0.00028749 
10.572450    0.00028650 
10.582437    0.00028550 
10.592295    0.00028442 
10.601979    0.00028319 
10.611467    0.00028179 
10.620762    0.00028026 
10.629885    0.00027864 
10.638867    0.00027699 
10.647742    0.00027537 
10.656542    0.00027383 
10.665293    0.00027238 
10.674014    0.00027105 
10.682718    0.00026984 
10.691407    0.00026872 
10.700079    0.00026769 
10.708725    0.00026671 
10.717333    0.00026576 
10.725889    0.00026482 
10.734384    0.00026384 
10.742813    0.00026281 
10.751173    0.00026185 
10.759468    0.00026074 
10.767705    0.00025946 
10.775894    0.00025828 
10.784044    0.00025727 
10.792167    0.00025628 
10.800271    0.00025534 
10.808363    0.00025465 
10.816446    0.00025400 
10.824520    0.00025324 
10.832584    0.00025246 
10.840633    0.00025170 
10.848662    0.00025096 
10.856668    0.00025037 
10.864647    0.00024867 
10.872597    0.00024936 
10.880519    0.00024958 
10.888417    0.00024758 
10.896293    0.00024609 
10.904153    0.00024548 
10.912003    0.00024543 
10.919849    0.00024242 
10.927693    0.00024214 
10.935537    0.00024281 
10.943384    0.00024275 
10.951232    0.00024223 
10.959080    0.00024168 
10.966924    0.00024119 
10.974758    0.00024045 
10.982583    0.00023970 
10.993911    0.00105193 
11.005340    0.00096148 
11.013847    0.00017157 
11.021741    0.00019265 
11.029516    0.00021493 
11.037252    0.00023345 
11.045004    0.00023732 
11.052772    0.00023713 
11.060544    0.00023459 
11.068318    0.00023371 
11.076094    0.00023475 
11.083878    0.00023523 
11.091667    0.00023513 
11.099456    0.00023472 
11.107244    0.00023392 
11.115027    0.00023575 
11.126387    0.00100492 
11.137738    0.00092351 
11.149046    0.00088242 
11.157109    0.00016817 
11.164905    0.00019613 
11.172633    0.00022097 
11.180360    0.00023137 
11.188115    0.00023213 
11.195879    0.00023116 
11.203647    0.00022891 
11.211417    0.00022960 
11.219195    0.00023070 
11.226980    0.00023105 
11.234769    0.00023102 
11.242560    0.00022999 
11.250346    0.00023175 
11.261586    0.00101252 
11.272937    0.00092790 
11.284236    0.00087681 
11.292706    0.00014164 
11.300577    0.00017894 
11.308327    0.00020656 
11.316044    0.00022508 
11.323783    0.00022891 
11.331542    0.00022914 
11.339307    0.00022689 
11.347074    0.00022620 
11.354847    0.00022751 
11.362627    0.00022829 
11.370415    0.00022849 
11.378204    0.00022780 
11.385991    0.00022813 
11.393772    0.00022994 
11.405090    0.00098037 
11.416400    0.00090186 
11.427664    0.00086208 
11.435715    0.00016367 
11.443496    0.00019129 
11.451207    0.00021576 
11.458915    0.00022616 
11.466647    0.00022702 
11.474387    0.00022614 
11.482129    0.00022402 
11.489872    0.00022482 
11.497622    0.00022603 
11.505380    0.00022648 
11.513143    0.00022664 
11.520905    0.00022563 
11.528664    0.00022683 
11.536416    0.00022809 
11.547712    0.00095120 
11.558960    0.00088178 
11.567393    0.00014680 
11.575224    0.00017745 
11.582933    0.00020279 
11.590605    0.00022145 
11.598291    0.00022535 
11.605994    0.00022538 
11.613698    0.00022394 
11.621403    0.00022245 
11.629109    0.00022359 
11.636822    0.00022458 
11.644541    0.00022486 
11.652262    0.00022486 
11.659982    0.00022389 
11.667695    0.00022571 
11.675401    0.00022624 
11.686627    0.00092426 
11.697797    0.00086403 
11.706178    0.00014034 
11.713962    0.00017516 
11.721624    0.00020161 
11.729253    0.00021968 
11.736899    0.00022344 
11.744560    0.00022358 
11.752222    0.00022218 
11.759883    0.00022076 
11.767545    0.00022197 
11.775213    0.00022302 
11.782885    0.00022331 
11.790557    0.00022305 
11.798226    0.00022257 
11.805887    0.00022463 
11.816915    0.00098164 
11.828051    0.00089995 
11.839134    0.00085064 
11.847452    0.00013594 
11.855178    0.00017309 
11.862783    0.00020010 
11.870356    0.00021820 
11.877945    0.00022192 
11.885550    0.00022203 
11.893154    0.00022063 
11.900758    0.00021919 
11.908364    0.00022041 
11.915973    0.00022145 
11.923587    0.00022187 
11.931200    0.00022090 
11.938809    0.00022209 
11.946411    0.00022338 
11.957488    0.00093304 
11.968518    0.00086500 
11.979510    0.00083536 
11.987765    0.00013308 
11.995433    0.00017186 
12.002984    0.00019886 
12.010506    0.00021647 
12.018045    0.00022036 
12.025599    0.00022009 
12.033152    0.00021973 
12.040705    0.00021776 
12.048259    0.00021862 
12.055817    0.00021989 
12.063377    0.00022010 
12.070937    0.00021970 
12.078491    0.00022175 
12.086039    0.00022157 
12.097037    0.00090765 
12.107981    0.00084861 
12.118892    0.00082893 
12.127087    0.00013258 
12.134700    0.00017115 
12.142199    0.00019741 
12.149670    0.00021480 
12.157157    0.00021887 
12.164658    0.00021819 
12.172159    0.00021877 
12.179659    0.00021670 
12.187161    0.00021694 
12.194665    0.00021839 
12.202173    0.00021813 
12.209681    0.00022006 
12.217186    0.00022061 
12.228097    0.00094347 
12.239004    0.00086850 
12.249867    0.00083017 
12.260707    0.00082328 
12.268850    0.00013207 
12.276416    0.00017016 
12.283871    0.00019591 
12.291300    0.00021330 
12.298743    0.00021745 
12.306198    0.00021654 
12.313654    0.00021752 
12.321110    0.00021668 
12.328568    0.00021535 
12.336030    0.00021572 
12.343496    0.00021865 
12.350963    0.00021953 
12.358429    0.00021822 
12.369314    0.00091778 
12.380157    0.00085130 
12.390965    0.00082198 
12.401754    0.00081852 
12.409861    0.00013119 
12.417395    0.00016919 
12.424820    0.00019485 
12.432219    0.00021217 
12.439632    0.00021633 
12.447057    0.00021556 
12.454481    0.00021553 
12.461904    0.00021593 
12.469329    0.00021624 
12.476757    0.00021645 
12.484187    0.00021656 
12.491617    0.00021656 
12.502326    0.00095555 
