0.000000    0.00000000 
0.236180    0.02302726 
0.472606    0.04548578 
0.709654    0.06728439 
0.947822    0.08814113 
1.187802    0.10768902 
1.430583    0.12551358 
1.677564    0.14115781 
1.930628    0.15412567 
2.192137    0.16388798 
2.464787    0.16990025 
2.751252    0.17165075 
3.053711    0.16875665 
3.373274    0.16109207 
3.709435    0.14894005 
4.060097    0.13297565 
4.421887    0.11410023 
4.790755    0.09331475 
5.162513    0.07146888 
5.533167    0.04916508 
5.898990    0.02667913 
6.256274    0.00372299 
6.601089    -0.01932071 
6.929977    -0.04153670 
7.240134    -0.06330333 
7.529536    -0.08458245 
7.797441    -0.10507639 
8.044880    -0.12439184 
8.274817    -0.14213940 
8.491854    -0.15799567 
8.701611    -0.17169484 
8.910240    -0.18295564 
9.124541    -0.19137759 
9.352903    -0.19627420 
9.606197    -0.19622352 
9.895419    -0.18809955 
10.222154    -0.16685831 
10.569371    -0.13077854 
10.914073    -0.08827601 
11.247026    -0.05015904 
11.570652    -0.02031231 
11.889945    0.00237214 
12.208657    0.01915625 
12.528866    0.03162539 
12.850982    0.04181430 
13.174044    0.05122337 
13.496059    0.06090012 
13.814262    0.07153050 
14.125333    0.08348364 
14.425601    0.09686094 
14.711301    0.11155621 
14.978964    0.12730248 
15.226061    0.14369518 
15.452136    0.16021755 
15.660717    0.17631378 
15.861622    0.19147097 
16.072656    0.20489625 
16.320059    0.21353068 
16.629811    0.20630836 
16.988769    0.16474953 
17.336337    0.09833447 
17.645891    0.03860537 
17.925057    -0.00610909 
18.185252    -0.03895368 
18.435678    -0.06342553 
18.683275    -0.08180791 
18.933269    -0.09539662 
19.189396    -0.10504120 
19.453765    -0.11146118 
19.726646    -0.11549884 
20.006442    -0.11822987 
20.289937    -0.12090182 
20.572821    -0.12470269 
20.850582    -0.13044089 
21.120084    -0.13826988 
21.381701    -0.14754753 
21.641000    -0.15685967 
21.908833    -0.16393652 
22.198926    -0.16507117 
22.521159    -0.15477568 
22.871319    -0.12904091 
23.230508    -0.09171680 
23.580228    -0.05188695 
23.912007    -0.01540431 
24.224090    0.01652862 
24.517091    0.04380366 
24.792526    0.06760687 
25.052178    0.08871423 
25.298334    0.10753434 
25.534135    0.12420735 
25.763657    0.13866038 
25.991731    0.15067026 
26.223752    0.15983379 
26.465118    0.16546426 
26.720622    0.16675734 
26.993818    0.16311471 
27.286259    0.15439068 
27.597419    0.14106810 
27.925422    0.12404852 
28.266841    0.10442707 
28.616672    0.08373289 
28.970522    0.06347012 
29.326133    0.04446752 
29.682689    0.02713690 
30.039058    0.01093224 
30.393420    -0.00503032 
30.744202    -0.02004855 
31.090106    -0.03418278 
31.429551    -0.04828326 
31.760168    -0.06292132 
32.078841    -0.07837638 
32.382396    -0.09462927 
32.668215    -0.11136452 
32.935206    -0.12816219 
33.184828    -0.14441021 
33.420752    -0.15937800 
33.649289    -0.17249538 
33.881402    -0.18302257 
34.133711    -0.18888297 
34.424775    -0.18472359 
34.760128    -0.16187048 
35.116259    -0.11866400 
35.462789    -0.06938201 
35.790543    -0.02728384 
36.103670    0.00532078 
36.408412    0.02948128 
36.709614    0.04737450 
37.010136    0.06101435 
37.311308    0.07167400 
37.613580    0.08047200 
37.917034    0.08828383 
38.220894    0.09588147 
38.522515    0.10415718 
38.816954    0.11403466 
39.097907    0.12609968 
39.360237    0.14020654 
39.603624    0.15541027 
39.835940    0.17022748 
40.074090    0.18254247 
40.341195    0.18795818 
40.655648    0.17700928 
41.007184    0.14083659 
41.359137    0.08887548 
41.688928    0.03923912 
41.993746    -0.00170193 
42.276853    -0.03466328 
42.542711    -0.06140925 
42.795382    -0.08359499 
43.038614    -0.10221298 
43.276479    -0.11777571 
43.513436    -0.13043794 
43.753745    -0.14014987 
44.000603    -0.14684875 
44.255693    -0.15067027 
44.519679    -0.15200465 
44.793588    -0.15126090 
45.079798    -0.14834321 
45.381397    -0.14228352 
45.700190    -0.13162144 
46.035060    -0.11562104 
46.382036    -0.09527683 
46.735843    -0.07282063 
47.091772    -0.05044437 
47.446635    -0.02947385 
47.798421    -0.00995854 
48.145582    0.00856160 
48.486925    0.02549107 
48.821223    0.04132400 
49.146620    0.05691786 
49.461085    0.07271347 
49.762989    0.08868690 
50.051323    0.10459156 
50.326244    0.12002645 
50.589673    0.13438422 
50.845552    0.14696218 
51.099907    0.15694705 
51.360922    0.16323839 
51.638903    0.16411367 
51.943907    0.15664085 
52.278433    0.13726606 
52.631447    0.10626477 
52.986815    0.07070517 
53.335804    0.03800878 
53.677660    0.01089869 
54.014661    -0.01075633 
54.349099    -0.02707656 
54.682560    -0.03964467 
55.015724    -0.04987102 
55.348224    -0.05880035 
55.679101    -0.06732743 
56.007240    -0.07611658 
56.330960    -0.08576420 
56.647345    -0.09686219 
56.951994    -0.10980939 
57.240152    -0.12458441 
57.509706    -0.14041887 
57.764715    -0.15573897 
58.017720    -0.16831152 
58.288703    -0.17445327 
58.597246    -0.16722477 
58.943965    -0.13918303 
59.302857    -0.09465512 
59.649220    -0.04839741 
59.975599    -0.00868421 
60.283178    0.02389073 
60.575208    0.05026337 
60.854594    0.07228935 
61.123604    0.09108276 
61.384302    0.10724474 
61.638789    0.12110907 
61.889130    0.13291966 
62.136923    0.14293476 
62.383298    0.15148976 
62.630154    0.15880584 
62.882282    0.16451216 
63.148631    0.16702951 
63.440133    0.16290305 
63.762089    0.14729729 
64.106143    0.11862076 
64.456092    0.08308261 
64.801438    0.04896152 
65.139324    0.01982289 
65.469910    -0.00474441 
65.793819    -0.02503340 
66.111334    -0.04214403 
66.422087    -0.05761461 
66.725581    -0.07219946 
67.021139    -0.08626037 
67.308166    -0.09997012 
67.586968    -0.11313223 
67.859073    -0.12525802 
68.127143    -0.13580855 
68.395139    -0.14420569 
68.668802    -0.14961019 
68.955822    -0.15056088 
69.264109    -0.14460566 
69.596705    -0.12888532 
69.947122    -0.10313909 
70.303423    -0.07220184 
70.657092    -0.04242992 
71.005445    -0.01696566 
71.349218    0.00418530 
71.690619    0.02068195 
72.031710    0.03316794 
72.373192    0.04317620 
72.714769    0.05176942 
73.055699    0.05965592 
73.394873    0.06748790 
73.730736    0.07585394 
74.061341    0.08518630 
74.384439    0.09572959 
74.697682    0.10743718 
74.999637    0.11979457 
75.292075    0.13160955 
75.582054    0.14084276 
75.881364    0.14454854 
76.202136    0.13896363 
76.548827    0.12090417 
76.912932    0.09157038 
77.279875    0.05751928 
77.639290    0.02485214 
77.986574    -0.00451575 
78.320661    -0.02974006 
78.642344    -0.05132902 
78.952378    -0.07048100 
79.250809    -0.08797287 
79.536883    -0.10438724 
79.809341    -0.12015174 
80.067141    -0.13546629 
80.310621    -0.15021913 
80.543638    -0.16388581 
80.776060    -0.17530472 
81.024446    -0.18197989 
81.307837    -0.17849028 
81.633423    -0.15678736 
81.982039    -0.11596752 
82.326573    -0.06898409 
82.656334    -0.02762955 
82.972568    0.00555278 
83.278598    0.03140576 
83.577053    0.05191025 
83.869652    0.06879711 
84.157309    0.08317293 
84.440680    0.09577701 
84.720444    0.10696400 
84.997008    0.11698297 
85.270575    0.12610426 
85.541830    0.13442507 
85.813109    0.14162807 
86.089902    0.14670154 
86.381245    0.14741002 
86.696100    0.13990032 
87.035308    0.12050122 
87.388087    0.09077312 
87.741791    0.05817499 
88.090707    0.02887856 
88.434180    0.00428879 
88.772938    -0.01579809 
89.108176    -0.03149574 
89.441122    -0.04415652 
89.772698    -0.05480243 
90.103542    -0.06403417 
90.433722    -0.07232336 
90.762675    -0.08012211 
91.089565    -0.08774291 
91.413550    -0.09533150 
91.734063    -0.10282996 
92.051403    -0.10983894 
92.367474    -0.11550512 
92.686348    -0.11846754 
93.013945    -0.11686292 
93.355698    -0.10882376 
93.712975    -0.09376844 
94.081750    -0.07333291 
94.455396    -0.05044772 
94.828562    -0.02770268 
95.198149    -0.00607750 
95.561800    0.01416842 
95.917726    0.03223656 
96.264726    0.04892353 
96.601472    0.06508496 
96.926209    0.08130235 
97.236723    0.09786407 
97.530509    0.11480259 
97.806043    0.13172715 
98.065198    0.14764896 
98.315891    0.16099919 
98.573216    0.16933733 
98.856325    0.16828716 
99.177448    0.15145665 
99.527135    0.11665242 
99.881050    0.07288717 
100.223305    0.03162099 
100.550649    -0.00294588 
100.864845    -0.03072494 
101.168661    -0.05315257 
101.464470    -0.07187220 
101.753718    -0.08792727 
102.036825    -0.10212882 
102.313513    -0.11505521 
102.583077    -0.12708542 
102.845041    -0.13845731 
103.101136    -0.14903426 
103.358213    -0.15779520 
103.629643    -0.16205223 
103.930563    -0.15631174 
104.264068    -0.13405413 
104.613438    -0.09719089 
104.960098    -0.05767308 
105.297710    -0.02388522 
105.627351    0.00322207 
105.951716    0.02428628 
106.273048    0.04068241 
106.592548    0.05413978 
106.910868    0.06557512 
107.228173    0.07557286 
107.544421    0.08451183 
107.859693    0.09250355 
108.174047    0.09961634 
108.487648    0.10589810 
108.801499    0.11107620 
109.118068    0.11437692 
109.441334    0.11452777 
109.775656    0.10988227 
110.123299    0.09914182 
110.482607    0.08264325 
110.849252    0.06272507 
111.219208    0.04230415 
111.589979    0.02312432 
111.959862    0.00526471 
112.327439    -0.01104397 
112.691792    -0.02502729 
113.052134    -0.03760384 
113.407561    -0.04972717 
113.756828    -0.06194592 
114.097863    -0.07475323 
114.428075    -0.08838543 
114.745309    -0.10262064 
115.048977    -0.11677026 
115.341653    -0.12958494 
115.630644    -0.13914920 
115.927951    -0.14272321 
116.246382    -0.13666347 
116.591054    -0.11801433 
116.953762    -0.08838870 
117.319973    -0.05430897 
117.679493    -0.02184492 
118.028247    0.00690549 
118.365235    0.03121018 
118.690726    0.05205327 
119.005236    0.07063790 
119.308906    0.08772894 
119.600835    0.10403496 
119.879102    0.12013426 
120.141889    0.13623152 
120.390196    0.15188527 
120.632179    0.16568880 
120.885857    0.17453258 
121.174183    0.17155618 
121.505139    0.14666712 
121.855103    0.10137624 
122.198079    0.05369627 
122.527046    0.01455734 
122.843775    -0.01580645 
123.152018    -0.03868997 
123.455640    -0.05623632 
123.757505    -0.07001088 
124.059441    -0.08109630 
124.362407    -0.09025200 
124.666455    -0.09811190 
124.970882    -0.10521562 
125.274803    -0.11181997 
125.578357    -0.11769895 
125.884343    -0.12183200 
126.198749    -0.12212259 
126.528159    -0.11578145 
126.874673    -0.10103739 
127.233671    -0.07934890 
127.597712    -0.05494276 
127.961308    -0.03158106 
128.322095    -0.01074096 
128.679776    0.00741606 
129.034774    0.02228847 
129.387558    0.03464895 
129.738322    0.04558907 
130.086681    0.05585785 
130.431602    0.06594870 
130.771944    0.07601610 
131.106780    0.08602947 
131.435626    0.09578441 
131.759091    0.10469936 
132.079826    0.11167476 
132.402842    0.11516481 
132.734602    0.11331830 
133.080519    0.10441513 
133.441564    0.08817098 
133.813320    0.06678295 
134.189030    0.04346681 
134.563387    0.02054417 
134.933456    -0.00121182 
135.297178    -0.02097065 
135.652891    -0.03872999 
135.998999    -0.05561015 
136.333517    -0.07239055 
136.653882    -0.08959727 
136.957224    -0.10740848 
137.241374    -0.12550530 
137.507711    -0.14277668 
137.765194    -0.15706947 
138.031756    -0.16481538 
138.328547    -0.15991029 
138.663248    -0.13535576 
139.017786    -0.09389512 
139.369309    -0.04960668 
139.708370    -0.01141644 
140.033886    0.01969133 
140.347587    0.04432429 
140.651785    0.06440434 
140.948654    0.08110629 
141.239956    0.09519871 
141.526911    0.10733577 
141.810282    0.11801088 
142.090847    0.12751046 
142.371041    0.13558659 
142.657282    0.14070937 
142.959955    0.13938787 
143.286888    0.12679039 
143.634165    0.10143483 
143.989519    0.06966274 
144.344467    0.03968264 
144.696519    0.01466897 
145.045113    -0.00605673 
145.390148    -0.02262008 
145.732449    -0.03586166 
146.072956    -0.04707327 
146.411968    -0.05715766 
146.749247    -0.06666328 
147.084152    -0.07594452 
147.415915    -0.08510260 
147.744269    -0.09383351 
148.070026    -0.10150845 
148.395767    -0.10707798 
148.726084    -0.10893211 
149.066338    -0.10518404 
149.419734    -0.09460420 
149.785040    -0.07780739 
150.157737    -0.05741667 
150.533218    -0.03658540 
150.908250    -0.01700852 
151.280574    0.00131997 
151.649066    0.01749697 
152.013574    0.03128377 
152.373687    0.04392581 
152.728084    0.05645648 
153.074634    0.06952274 
153.410863    0.08341299 
153.734596    0.09799745 
154.045297    0.11245417 
154.346136    0.12508295 
154.645646    0.13332009 
154.956499    0.13375142 
155.289256    0.12284582 
155.644179    0.09986595 
156.011171    0.06941140 
156.378839    0.03794698 
156.740224    0.00886232 
157.092155    -0.01702040 
157.433397    -0.03920795 
157.763068    -0.05913129 
158.080123    -0.07773378 
158.383182    -0.09562802 
158.670537    -0.11326953 
158.941299    -0.13062654 
159.198345    -0.14683889 
159.452656    -0.15978906 
159.724566    -0.16500980 
160.033881    -0.15415709 
160.377090    -0.12076451 
160.728008    -0.07484119 
161.070452    -0.03275003 
161.403130    0.00032989 
161.729012    0.02515599 
162.051113    0.04352838 
162.371587    0.05748596 
162.691963    0.06822480 
163.013211    0.07663069 
163.335526    0.08355993 
163.658361    0.08980412 
163.980786    0.09591350 
164.302408    0.10185853 
164.624714    0.10661832 
164.951856    0.10818379 
165.289418    0.10407853 
165.640708    0.09267873 
166.004008    0.07487748 
166.374302    0.05394314 
166.746842    0.03305644 
167.118619    0.01361614 
167.487924    -0.00426754 
167.853657    -0.01979378 
168.215258    -0.03318533 
168.572207    -0.04553434 
168.923846    -0.05755542 
169.269449    -0.06957214 
169.608115    -0.08163233 
169.939149    -0.09339349 
170.263357    -0.10391411 
170.584315    -0.11170570 
170.908641    -0.11479300 
171.243991    -0.11101599 
171.594920    -0.09903667 
171.959983    -0.07968967 
172.333445    -0.05625661 
172.709251    -0.03244010 
173.082825    -0.00991554 
173.451261    0.01083993 
173.813294    0.02871886 
174.168155    0.04478956 
174.514518    0.06030558 
174.850291    0.07600892 
175.172567    0.09244440 
175.478427    0.10967803 
175.767506    0.12672489 
176.046108    0.14121390 
176.329702    0.14914993 
176.637601    0.14456843 
176.977365    0.12210000 
177.335484    0.08532506 
177.693882    0.04605745 
178.044143    0.01175867 
178.384400    -0.01674248 
178.715235    -0.03968821 
179.037835    -0.05872709 
179.353106    -0.07501644 
179.661686    -0.08925614 
179.964019    -0.10192262 
180.260604    -0.11334549 
180.553176    -0.12333712 
180.846949    -0.13053999 
181.151814    -0.13181787 
181.477609    -0.12266188 
181.824516    -0.10092959 
182.182357    -0.07137573 
182.541661    -0.04194431 
182.899182    -0.01688832 
183.255010    0.00368621 
183.609639    0.01981501 
183.963161    0.03235649 
184.315301    0.04273962 
184.666004    0.05181424 
185.015105    0.06024076 
185.361777    0.06863878 
185.704828    0.07736577 
186.043350    0.08635965 
186.377659    0.09485789 
186.710395    0.10127923 
187.046838    0.10347479 
187.393132    0.09926846 
187.752670    0.08754151 
188.123746    0.06947415 
188.501349    0.04821563 
188.880722    0.02679059 
189.258521    0.00631464 
189.632019    -0.01284271 
189.999415    -0.02968438 
190.359714    -0.04501394 
190.711610    -0.05990897 
191.053215    -0.07503924 
191.382555    -0.09054321 
191.698484    -0.10596081 
192.002933    -0.11982172 
192.303578    -0.12941830 
192.613299    -0.13107761 
192.943739    -0.12110064 
193.296275    -0.09866421 
193.661411    -0.06854876 
194.028433    -0.03768810 
194.391161    -0.00969749 
194.746711    0.01484433 
195.094135    0.03543183 
195.433319    0.05336026 
195.763848    0.06975676 
196.084741    0.08536524 
196.394642    0.10060885 
196.692810    0.11543180 
196.981821    0.12877107 
197.270983    0.13790549 
197.575723    0.13800833 
197.907426    0.12339619 
198.260827    0.09393527 
198.620727    0.05881915 
198.977700    0.02689616 
199.329501    0.00047292 
199.676611    -0.02054322 
200.020261    -0.03693200 
200.361366    -0.05039481 
200.700095    -0.06203309 
201.036139    -0.07247891 
201.369112    -0.08205421 
201.698783    -0.09089267 
202.025746    -0.09868988 
202.352577    -0.10433222 
202.684335    -0.10581726 
203.026758    -0.10079302 
203.382393    -0.08811424 
203.748703    -0.06942798 
204.120789    -0.04838057 
204.494864    -0.02800853 
204.868968    -0.00934241 
205.241830    0.00756801 
205.612148    0.02201968 
205.978841    0.03460163 
206.341192    0.04628166 
206.698429    0.05777494 
207.049235    0.06959816 
207.391960    0.08189333 
207.725775    0.09412363 
208.052463    0.10481110 
208.377787    0.11157051 
208.710501    0.11153799 
209.057927    0.10243856 
209.420967    0.08435298 
209.794162    0.06057932 
210.170739    0.03556865 
210.545822    0.01178635 
210.915921    -0.01041503 
211.278579    -0.03006758 
211.632149    -0.04800389 
211.974813    -0.06536624 
212.304169    -0.08288708 
212.617648    -0.10081653 
212.914242    -0.11857234 
213.198326    -0.13417626 
213.483477    -0.14377046 
213.789223    -0.14139551 
214.126071    -0.12126164 
214.483272    -0.08606457 
214.842958    -0.04766965 
215.196310    -0.01423066 
215.541845    0.01300746 
215.880776    0.03416159 
216.214812    0.05102197 
216.545157    0.06498955 
216.872237    0.07701595 
217.195854    0.08780923 
217.515752    0.09771154 
217.832657    0.10643248 
218.150022    0.11256603 
218.474823    0.11331865 
218.814253    0.10547122 
219.169572    0.08816207 
219.535097    0.06497029 
219.904133    0.04123553 
220.273070    0.02000491 
220.640820    0.00150405 
221.007236    -0.01408093 
221.372357    -0.02678092 
221.735669    -0.03799139 
222.095931    -0.04881361 
222.451621    -0.05977621 
222.801355    -0.07099572 
223.144265    -0.08219425 
223.480783    -0.09254758 
223.813802    -0.10052089 
224.149178    -0.10389264 
224.493994    -0.10027055 
224.852449    -0.08840510 
225.222930    -0.06964565 
225.599933    -0.04750069 
225.978373    -0.02536322 
226.355285    -0.00463463 
226.728641    0.01418879 
227.096895    0.03055020 
227.458860    0.04553300 
227.813063    0.06018887 
228.157353    0.07522835 
228.489371    0.09080136 
228.808237    0.10612406 
229.117542    0.11905851 
229.427629    0.12598671 
229.752349    0.12245186 
230.099165    0.10562669 
230.462780    0.07825624 
230.832076    0.04758893 
231.199249    0.01903450 
231.560762    -0.00616235 
231.915208    -0.02737527 
232.262164    -0.04551634 
232.601262    -0.06191201 
232.931626    -0.07742162 
233.251888    -0.09259539 
233.561255    -0.10736277 
233.862020    -0.12051411 
234.162802    -0.12909785 
234.477823    -0.12822254 
234.817022    -0.11304592 
235.175552    -0.08479661 
235.540527    -0.05221388 
235.903467    -0.02266626 
236.261537    0.00213596 
236.614713    0.02185171 
236.964362    0.03708906 
237.311841    0.04940815 
237.657712    0.05993513 
238.001584    0.06950026 
238.342621    0.07856729 
238.680450    0.08705988 
239.016150    0.09416654 
239.353089    0.09821717 
239.696505    0.09701806 
240.050825    0.08893163 
240.416562    0.07429234 
240.790372    0.05569326 
241.167981    0.03624879 
241.546288    0.01768953 
241.923573    0.00027247 
242.298791    -0.01527173 
242.671097    -0.02870190 
243.039416    -0.04116692 
243.402282    -0.05358833 
243.757830    -0.06648436 
244.104156    -0.07987460 
244.440445    -0.09300710 
244.768890    -0.10412916 
245.096176    -0.11053834 
245.431988    -0.10914170 
245.783522    -0.09784516 
246.150280    -0.07756157 
246.525451    -0.05240580 
246.901815    -0.02677728 
247.274718    -0.00260745 
247.641300    0.01925141 
247.999883    0.03844215 
248.349138    0.05623468 
248.687251    0.07359288 
249.011848    0.09107555 
249.321335    0.10843855 
249.618211    0.12403756 
249.913237    0.13425156 
250.224017    0.13340912 
250.562086    0.11612172 
250.920575    0.08450296 
251.284347    0.04908109 
251.644538    0.01763945 
251.998523    -0.00846322 
252.346486    -0.02896996 
252.689705    -0.04517458 
253.029384    -0.05851357 
253.366281    -0.06992438 
253.700456    -0.08015612 
254.031532    -0.08963866 
254.359970    -0.09800364 
254.688877    -0.10365223 
255.024424    -0.10383413 
255.372606    -0.09591502 
255.734363    -0.07981982 
256.105342    -0.05897499 
256.480237    -0.03763536 
256.855491    -0.01799936 
257.229065    -0.00010090 
257.599876    0.01551715 
257.967623    0.02866429 
258.332058    0.04052001 
258.692432    0.05203088 
259.047504    0.06366831 
259.396090    0.07540010 
259.737983    0.08656447 
260.075187    0.09571114 
260.412809    0.10062304 
260.757924    0.09885444 
261.115764    0.08892758 
261.486210    0.07174285 
261.864573    0.05050889 
262.245417    0.02859141 
262.624918    0.00759381 
263.000555    -0.01191875 
263.370618    -0.02903298 
263.733899    -0.04467525 
264.089057    -0.05986408 
264.434135    -0.07528187 
264.767071    -0.09100040 
265.087836    -0.10591190 
265.401673    -0.11732879 
265.720309    -0.12110461 
266.056200    -0.11298920 
266.412319    -0.09216878 
266.780754    -0.06385669 
267.151981    -0.03502963 
267.520334    -0.00900582 
267.883013    0.01382361 
268.238859    0.03301664 
268.587362    0.04991715 
268.927911    0.06561559 
269.259595    0.08072940 
269.581480    0.09546697 
269.894320    0.10909478 
270.203704    0.11923561 
270.521340    0.12161827 
270.858733    0.11144897 
271.216205    0.08812005 
271.583785    0.05836175 
271.952623    0.02989196 
272.318831    0.00549170 
272.681106    -0.01467811 
273.039501    -0.03049209 
273.394595    -0.04338818 
273.746817    -0.05454985 
274.096163    -0.06475952 
274.442167    -0.07448476 
274.784499    -0.08364089 
275.124286    -0.09125407 
275.465251    -0.09538292 
275.813015    -0.09364173 
276.171868    -0.08457994 
276.541764    -0.06916648 
276.919105    -0.05046722 
277.299790    -0.03150601 
277.680851    -0.01359737 
278.060335    0.00323467 
278.436869    0.01817118 
278.809405    0.03140032 
279.176800    0.04411546 
279.537632    0.05709638 
279.890220    0.07062937 
280.233246    0.08434422 
280.567432    0.09685041 
280.897601    0.10560568 
281.232665    0.10735341 
281.581248    0.09940281 
281.945530    0.08177283 
282.320415    0.05808808 
282.698735    0.03303532 
283.075238    0.00919290 
283.446513    -0.01280767 
283.810324    -0.03217527 
284.165112    -0.05001607 
284.509273    -0.06734489 
284.840804    -0.08473080 
285.158144    -0.10203591 
285.463317    -0.11764380 
285.766205    -0.12781041 
286.083394    -0.12683743 
286.425775    -0.10984626 
286.787280    -0.07952798 
287.154417    -0.04594237 
287.519173    -0.01612753 
287.878921    0.00873014 
288.233369    0.02833506 
288.583149    0.04400915 
288.928810    0.05719639 
289.270553    0.06880823 
289.608302    0.07942071 
289.942165    0.08913860 
290.273751    0.09709332 
290.607655    0.10108162 
290.950570    0.09813960 
291.306810    0.08654423 
291.674876    0.06803213 
292.049859    0.04695377 
292.427555    0.02682689 
292.805418    0.00861366 
293.181746    -0.00771669 
293.555542    -0.02140370 
293.926237    -0.03320489 
294.293114    -0.04435751 
294.655072    -0.05563925 
295.010775    -0.06730502 
295.359396    -0.07893204 
295.701943    -0.08922616 
296.042504    -0.09601774 
296.387884    -0.09669280 
296.744375    -0.08931990 
297.113644    -0.07416600 
297.492168    -0.05402927 
297.874535    -0.03239114 
298.256371    -0.01127218 
298.634675    0.00872403 
299.007252    0.02652852 
299.372333    0.04292979 
299.728149    0.05901040 
300.072709    0.07532800 
300.404300    0.09176796 
300.723892    0.10685639 
301.038659    0.11730396 
301.361894    0.11845175 
301.704729    0.10640192 
302.066419    0.08225428 
302.437323    0.05290068 
302.808963    0.02476064 
303.177021    -0.00013001 
303.539563    -0.02117061 
303.895940    -0.03867308 
304.245730    -0.05417483 
304.588255    -0.06866765 
304.922665    -0.08266999 
305.248685    -0.09604692 
305.568805    -0.10735774 
305.890848    -0.11327789 
306.225957    -0.10926693 
306.579695    -0.09282499 
306.947033    -0.06753861 
307.319464    -0.04063041 
307.691799    -0.01650713 
308.061845    0.00426753 
308.428690    0.02118580 
308.792153    0.03487199 
309.152109    0.04675236 
309.508189    0.05777242 
309.859796    0.06844213 
310.206441    0.07874922 
310.548853    0.08779771 
310.890460    0.09357669 
311.237269    0.09344220 
311.594654    0.08552392 
311.963609    0.07044021 
312.340915    0.05134604 
312.722314    0.03161479 
313.104457    0.01283589 
313.484992    -0.00474438 
313.862348    -0.02011493 
314.235403    -0.03364751 
314.602895    -0.04661100 
314.963284    -0.05976259 
315.315004    -0.07325595 
315.657453    -0.08639633 
315.992978    -0.09727457 
316.328318    -0.10287486 
316.672560    -0.10005248 
317.031356    -0.08745110 
317.403129    -0.06721646 
317.781873    -0.04380592 
318.161933    -0.02070818 
318.539511    0.00103638 
318.911991    0.02052741 
319.277493    0.03783780 
319.634238    0.05433234 
319.980245    0.07083421 
320.313558    0.08757076 
320.633934    0.10365115 
320.946599    0.11627942 
321.264366    0.12064723 
321.600999    0.11158298 
321.958605    0.08835489 
322.327337    0.05788400 
322.697472    0.02819837 
323.064228    0.00222185 
323.425767    -0.01951584 
323.781797    -0.03711544 
324.132405    -0.05209339 
324.477508    -0.06545748 
324.816950    -0.07774417 
325.150995    -0.08895070 
325.481670    -0.09806682 
325.814491    -0.10256915 
326.157316    -0.09901654 
326.514592    -0.08560387 
326.883607    -0.06487125 
327.258461    -0.04213932 
327.634978    -0.02114793 
328.011137    -0.00261179 
328.385829    0.01314003 
328.758559    0.02577424 
329.128995    0.03651901 
329.496494    0.04657354 
329.860084    0.05665793 
330.218691    0.06697715 
330.571812    0.07703163 
330.920799    0.08536502 
331.269845    0.08968786 
331.624853    0.08767321 
331.990067    0.07829182 
332.365510    0.06280816 
332.747857    0.04408169 
333.132989    0.02458701 
333.517424    0.00521473 
333.898314    -0.01338358 
334.273288    -0.03033766 
334.640038    -0.04671270 
334.996099    -0.06336817 
335.339118    -0.08045339 
335.668242    -0.09706577 
335.987465    -0.11056856 
336.307940    -0.11665373 
336.643297    -0.11079489 
336.998904    -0.09161439 
337.368251    -0.06384849 
337.741572    -0.03469003 
338.112529    -0.00794101 
338.477930    0.01553136 
338.836442    0.03514521 
339.187438    0.05226216 
339.530292    0.06791038 
339.864459    0.08258633 
340.190265    0.09611336 
340.510991    0.10698604 
340.835164    0.11172647 
341.173659    0.10576504 
341.530273    0.08739652 
341.898661    0.06148238 
342.270855    0.03533729 
342.642732    0.01253705 
343.012809    -0.00674803 
343.380652    -0.02210456 
343.746249    -0.03445830 
344.109382    -0.04521553 
344.469464    -0.05530966 
344.825796    -0.06518398 
345.178030    -0.07470658 
345.526989    -0.08293682 
345.875738    -0.08794837 
346.229416    -0.08729647 
346.592459    -0.07940400 
346.965490    -0.06502440 
347.345660    -0.04703520 
347.729326    -0.02833402 
348.113490    -0.01009599 
348.495736    0.00739945 
348.874269    0.02299193 
349.247681    0.03721094 
349.614338    0.05118626 
349.972463    0.06538275 
350.320820    0.07947030 
350.660282    0.09202869 
350.995916    0.10032509 
351.336678    0.10097066 
351.690387    0.09170744 
352.058139    0.07354545 
352.434959    0.05068014 
352.814827    0.02729648 
353.193421    0.00510138 
353.567865    -0.01521388 
353.936247    -0.03300197 
354.296860    -0.04954236 
354.647786    -0.06578610 
354.987237    -0.08199687 
355.314967    -0.09743143 
355.635358    -0.10960612 
355.959513    -0.11407643 
356.299903    -0.10609002 
356.659278    -0.08502836 
357.029673    -0.05706338 
357.402524    -0.02949938 
357.773380    -0.00518864 
358.140315    0.01550522 
358.502693    0.03238803 
358.860260    0.04689724 
359.212466    0.06014731 
359.558602    0.07268435 
359.898636    0.08434455 
360.234582    0.09392186 
360.571869    0.09885947 
360.918161    0.09585671 
361.278047    0.08323005 
361.649346    0.06334415 
362.026444    0.04115682 
362.404975    0.02024670 
362.782553    0.00135563 
363.157758    -0.01502015 
363.529901    -0.02860384 
363.898482    -0.04061378 
364.262742    -0.05206148 
364.621778    -0.06338326 
364.975128    -0.07432419 
365.323798    -0.08373482 
365.671432    -0.08947304 
366.023966    -0.08895106 
366.386404    -0.08061307 
366.759393    -0.06544257 
367.139732    -0.04660911 
367.523405    -0.02716881 
367.907205    -0.00830241 
368.288654    0.00962064 
368.665937    0.02555797 
369.037459    0.04035162 
369.401273    0.05511869 
369.755317    0.07021055 
370.098484    0.08503380 
370.432789    0.09764595 
370.765515    0.10462084 
371.107286    0.10210786 
371.464704    0.08840154 
371.835531    0.06629658 
372.212811    0.04130976 
372.590690    0.01729591 
372.965531    -0.00488772 
373.335045    -0.02433793 
373.697723    -0.04159673 
374.051952    -0.05800439 
374.395879    -0.07422047 
374.728431    -0.09001483 
375.051730    -0.10374200 
375.374019    -0.11180496 
375.708077    -0.10923315 
376.061319    -0.09307013 
376.429014    -0.06701577 
376.801831    -0.03895697 
377.173927    -0.01372044 
377.542899    0.00791845 
377.908011    0.02536558 
378.269296    0.03963923 
378.626715    0.05207802 
378.979927    0.06347062 
379.328695    0.07403329 
379.673879    0.08314769 
380.018592    0.08913044 
380.368200    0.08949288 
380.727652    0.08227308 
381.097870    0.06797511 
381.475758    0.04977005 
381.857436    0.03112835 
382.240230    0.01368262 
382.622353    -0.00253796 
383.002448    -0.01678065 
383.379562    -0.02912658 
383.752652    -0.04080385 
384.120333    -0.05268641 
384.481202    -0.06492877 
384.834758    -0.07680465 
385.182792    -0.08656450 
385.530408    -0.09156596 
385.884604    -0.08915737 
386.250014    -0.07833384 
386.625977    -0.06090253 
387.008235    -0.04039729 
387.392236    -0.01955213 
387.774379    0.00088100 
388.151830    0.01991131 
388.522319    0.03740871 
388.883402    0.05467025 
389.232363    0.07230140 
389.567364    0.08984695 
389.890410    0.10520766 
390.210900    0.11420337 
390.543353    0.11156970 
390.896037    0.09456551 
391.263918    0.06735549 
391.636924    0.03804612 
392.008468    0.01141110 
392.375579    -0.01166819 
392.737255    -0.03057238 
393.093264    -0.04661014 
393.443229    -0.06103305 
393.786556    -0.07448708 
394.123271    -0.08684157 
394.455959    -0.09663386 
394.791408    -0.10077388 
395.138211    -0.09559194 
395.499832    -0.08001532 
395.872099    -0.05794699 
396.248821    -0.03511731 
396.626190    -0.01459965 
397.002501    0.00327952 
397.376967    0.01793874 
397.749268    0.02981468 
398.118982    0.04031343 
398.485313    0.05044529 
398.847313    0.06062455 
399.204578    0.07051051 
399.558262    0.07885966 
399.911821    0.08361655 
400.270312    0.08253353 
400.637672    0.07443802 
401.014205    0.06034350 
401.397146    0.04296430 
401.783025    0.02482628 
402.168901    0.00682849 
402.552274    -0.01059175 
402.931161    -0.02640747 
403.303707    -0.04150408 
403.667674    -0.05690624 
404.020927    -0.07268846 
404.363004    -0.08769800 
404.697669    -0.09925813 
405.034116    -0.10347238 
405.382621    -0.09693602 
405.746734    -0.07958115 
406.121705    -0.05574503 
406.500454    -0.03074995 
406.877875    -0.00719947 
407.250865    0.01415582 
407.617693    0.03256975 
407.977049    0.04934806 
408.327376    0.06555738 
408.667187    0.08148569 
408.996796    0.09619864 
409.321626    0.10678465 
409.653228    0.10845408 
410.001951    0.09708783 
410.367174    0.07414481 
410.740428    0.04693189 
411.114793    0.02153735 
411.487091    -0.00049290 
411.856184    -0.01862807 
412.221960    -0.03314391 
412.584363    -0.04557411 
412.942898    -0.05701089 
413.296803    -0.06796969 
413.645976    -0.07811189 
413.992497    -0.08590921 
414.341389    -0.08878496 
414.698606    -0.08424505 
415.066836    -0.07185828 
415.443924    -0.05419322 
415.825676    -0.03494662 
416.208707    -0.01639794 
416.590767    0.00103996 
416.970253    0.01651317 
417.346156    0.02984822 
417.717537    0.04224230 
418.083150    0.05457808 
418.441825    0.06697056 
418.793644    0.07849782 
419.141441    0.08709560 
419.491242    0.08994133 
419.849675    0.08471113 
420.219525    0.07137102 
420.598424    0.05269495 
420.981811    0.03231279 
421.365728    0.01228914 
421.747223    -0.00687810 
422.124197    -0.02401881 
422.495011    -0.03973854 
422.857709    -0.05531009 
423.210168    -0.07117863 
423.551426    -0.08660672 
423.884443    -0.09915537 
424.218256    -0.10468394 
424.564144    -0.09904917 
424.926515    -0.08160847 
425.300353    -0.05708872 
425.678127    -0.03160111 
426.054748    -0.00805155 
426.427382    0.01293898 
426.794684    0.03064200 
427.155891    0.04630043 
427.510015    0.06106489 
427.855910    0.07540364 
428.193574    0.08871552 
428.526762    0.09867997 
428.864284    0.10132118 
429.215287    0.09298580 
429.581280    0.07410273 
429.956297    0.05008374 
430.333920    0.02645265 
430.710485    0.00522367 
431.084231    -0.01311106 
431.454560    -0.02801724 
431.821278    -0.04071703 
432.183938    -0.05235183 
432.541840    -0.06349787 
432.894745    -0.07395236 
433.244233    -0.08239414 
433.594688    -0.08644308 
433.951963    -0.08360521 
434.319604    -0.07303421 
434.696550    -0.05667257 
435.079007    -0.03796489 
435.463369    -0.01941757 
435.847048    -0.00166065 
436.228126    0.01452640 
436.605389    0.02857168 
436.977801    0.04157890 
437.344004    0.05449846 
437.702674    0.06747867 
438.053823    0.07954613 
438.400534    0.08846288 
438.749429    0.09117844 
439.107592    0.08529495 
439.477662    0.07102413 
439.856784    0.05152861 
440.240056    0.03057711 
440.623344    0.01009126 
441.003585    -0.00940580 
441.378654    -0.02678055 
441.746894    -0.04286608 
442.106361    -0.05881907 
442.455072    -0.07493902 
442.792657    -0.09022080 
443.123506    -0.10176511 
443.458177    -0.10503175 
443.807466    -0.09612879 
444.173092    -0.07576884 
444.548214    -0.04993262 
444.925476    -0.02443691 
445.300425    -0.00123988 
445.670698    0.01890988 
446.035367    0.03586189 
446.393914    0.05097550 
446.745631    0.06513398 
447.089985    0.07850405 
447.428200    0.09004920 
447.765510    0.09702032 
448.110659    0.09558415 
448.469810    0.08352122 
448.841350    0.06325263 
449.219225    0.04035600 
449.598481    0.01881074 
449.976398    -0.00050336 
450.351611    -0.01686774 
450.723696    -0.03021092 
451.092454    -0.04179599 
451.457439    -0.05256201 
451.818091    -0.06286789 
452.174511    -0.07226168 
452.528651    -0.07926538 
452.884747    -0.08166629 
453.247646    -0.07757605 
453.619751    -0.06685019 
453.999826    -0.05151397 
454.384722    -0.03435872 
454.771379    -0.01713001 
455.157277    -0.00011489 
455.540292    0.01580694 
455.918842    0.03017027 
456.291366    0.04407219 
456.655980    0.05828097 
457.011183    0.07257517 
457.357637    0.08540628 
457.700202    0.09385145 
458.047499    0.09442199 
458.406853    0.08504830 
458.779009    0.06713569 
459.159131    0.04493027 
459.541481    0.02220851 
459.921674    0.00025380 
460.296570    -0.01993337 
460.664124    -0.03806570 
461.022472    -0.05541733 
461.369641    -0.07262880 
461.704717    -0.08921702 
462.030943    -0.10284319 
462.358656    -0.10892600 
462.700920    -0.10233248 
463.061801    -0.08217739 
463.434074    -0.05475764 
463.809181    -0.02760146 
464.182362    -0.00361860 
464.551537    0.01658583 
464.916273    0.03279863 
465.276749    0.04641783 
465.633014    0.05847183 
465.984994    0.06942257 
466.333290    0.07890354 
466.680622    0.08530347 
467.032262    0.08600578 
467.393321    0.07897824 
467.764876    0.06488355 
468.143968    0.04707787 
468.526803    0.02897215 
468.910653    0.01198167 
469.293643    -0.00383693 
469.674445    -0.01761878 
470.052236    -0.02952325 
470.426216    -0.04067881 
470.795347    -0.05182638 
471.158683    -0.06299921 
471.516412    -0.07326345 
471.871121    -0.08066701 
472.227934    -0.08274171 
472.592244    -0.07765119 
472.966340    -0.06553046 
473.348442    -0.04866352 
473.734758    -0.02988755 
474.121535    -0.01074269 
474.505515    0.00827891 
474.884107    0.02586181 
475.255141    0.04257329 
475.616165    0.05945389 
475.964996    0.07649426 
476.301984    0.09210610 
476.633244    0.10276548 
476.970629    0.10376515 
477.323901    0.09205274 
477.692611    0.06985082 
478.069255    0.04360336 
478.446916    0.01830041 
478.821376    -0.00474972 
479.190314    -0.02456805 
479.552709    -0.04163436 
479.907796    -0.05723453 
480.254828    -0.07197367 
480.593949    -0.08551877 
480.928415    -0.09593609 
481.266365    -0.09940845 
481.617012    -0.09202728 
481.982513    -0.07386918 
482.357419    -0.05035822 
482.735596    -0.02727789 
483.113487    -0.00676841 
483.489277    0.01087533 
483.862213    0.02510748 
484.232069    0.03703967 
484.598543    0.04785811 
484.961106    0.05817464 
485.319495    0.06787681 
485.674815    0.07585983 
486.030499    0.08005631 
486.391484    0.07826462 
486.761248    0.06962210 
487.139628    0.05553292 
487.523797    0.03877764 
487.910511    0.02156253 
488.297057    0.00450846 
488.681155    -0.01178460 
489.061139    -0.02637493 
489.435684    -0.04007307 
489.803291    -0.05373984 
490.162606    -0.06739415 
490.513929    -0.07980679 
490.861098    -0.08841982 
491.211457    -0.09005237 
491.571955    -0.08260188 
491.944309    -0.06692991 
492.324958    -0.04664142 
492.708869    -0.02535810 
493.091905    -0.00456157 
493.470918    0.01497346 
493.843760    0.03243519 
494.208618    0.04898562 
494.563496    0.06546583 
494.907099    0.08160691 
495.241357    0.09544418 
495.574313    0.10295962 
495.917842    0.09939722 
496.278058    0.08314429 
496.650726    0.05875629 
497.028202    0.03307637 
497.405271    0.00958282 
497.779047    -0.01113488 
498.148135    -0.02835014 
498.511965    -0.04317241 
498.870047    -0.05672607 
499.221913    -0.06945939 
499.567990    -0.08087105 
499.911436    -0.08899077 
500.258926    -0.09055626 
500.617133    -0.08291453 
500.987360    -0.06682957 
501.365674    -0.04655346 
501.747377    -0.02624440 
502.129264    -0.00745123 
502.509241    0.00948967 
502.886082    0.02373210 
503.259150    0.03609232 
503.627820    0.04765919 
503.991358    0.05890679 
504.349561    0.06947831 
504.704043    0.07792232 
505.059113    0.08186036 
505.420358    0.07903047 
505.791151    0.06886737 
506.170681    0.05325805 
506.555546    0.03526401 
506.942194    0.01700808 
507.327681    -0.00099597 
507.709623    -0.01770688 
508.086359    -0.03278262 
508.456373    -0.04731655 
508.817991    -0.06190113 
509.170344    -0.07599926 
509.515543    -0.08754261 
509.860240    -0.09313495 
510.213217    -0.08949019 
510.579137    -0.07595557 
510.955722    -0.05576511 
511.337522    -0.03356431 
511.719840    -0.01202847 
512.099290    0.00823195 
512.473569    0.02610531 
512.841153    0.04228876 
513.200544    0.05790122 
513.550416    0.07321203 
513.891171    0.08717390 
514.227662    0.09685724 
514.569691    0.09790344 
514.925715    0.08727095 
515.295592    0.06691471 
515.673080    0.04286481 
516.052448    0.01981477 
516.430236    -0.00107139 
516.804401    -0.01905195 
517.173959    -0.03418737 
517.538295    -0.04777357 
517.896763    -0.06057899 
518.249054    -0.07258422 
518.596562    -0.08257382 
518.943982    -0.08791837 
519.298277    -0.08554105 
519.663923    -0.07428269 
520.039727    -0.05655692 
520.421306    -0.03658905 
520.804670    -0.01720445 
521.187041    0.00099003 
521.566479    0.01709584 
521.941892    0.03089181 
522.312534    0.04349867 
522.677612    0.05562838 
523.036642    0.06719695 
523.390672    0.07701796 
523.743601    0.08276231 
524.101453    0.08182162 
524.468804    0.07301746 
524.845789    0.05785810 
525.229142    0.03961463 
525.615074    0.02095234 
526.000505    0.00268131 
526.382941    -0.01441618 
526.760646    -0.02961465 
527.132213    -0.04394125 
527.496104    -0.05817950 
527.851246    -0.07211320 
528.198889    -0.08408688 
528.544506    -0.09098911 
528.896496    -0.08940406 
529.260564    -0.07801702 
529.635797    -0.05932643 
530.017303    -0.03785252 
530.400369    -0.01667089 
530.781488    0.00352885 
531.158052    0.02172297 
531.528297    0.03807890 
531.890623    0.05378845 
532.243506    0.06929525 
532.586734    0.08382151 
532.924070    0.09477514 
533.264632    0.09793096 
533.617919    0.08971272 
533.985722    0.07094897 
534.362474    0.04717545 
534.741975    0.02362458 
535.120252    0.00203190 
535.494903    -0.01688859 
535.864730    -0.03280321 
536.229088    -0.04693838 
536.587422    -0.06008609 
536.939555    -0.07225073 
537.287007    -0.08225436 
537.634537    -0.08749617 
537.989087    -0.08491848 
538.354974    -0.07344835 
538.730856    -0.05565555 
539.112378    -0.03584066 
539.495720    -0.01678101 
539.878308    0.00095797 
540.258381    0.01650838 
540.634964    0.02966278 
541.007410    0.04153999 
541.375033    0.05289657 
541.737356    0.06373974 
542.095135    0.07306948 
542.451530    0.07884081 
542.811707    0.07869982 
543.180018    0.07144469 
543.557252    0.05814105 
543.941010    0.04150103 
544.327978    0.02395137 
544.715172    0.00633471 
545.099901    -0.01086099 
545.479983    -0.02656557 
545.853611    -0.04152999 
546.218867    -0.05659451 
546.574248    -0.07157704 
546.920643    -0.08478804 
547.263627    -0.09295371 
547.612478    -0.09232998 
547.974051    -0.08119132 
548.347838    -0.06189271 
548.728481    -0.03926820 
549.110607    -0.01679485 
549.490230    0.00464054 
549.864481    0.02391405 
550.231478    0.04130047 
550.589588    0.05792602 
550.937456    0.07407732 
551.275633    0.08867922 
551.609567    0.09862593 
551.950031    0.09920324 
552.305747    0.08720480 
552.675563    0.06519502 
553.052335    0.04003119 
553.430285    0.01651917 
553.806281    -0.00431272 
554.178781    -0.02162293 
554.547284    -0.03586331 
554.911578    -0.04829729 
555.271470    -0.05960048 
555.627160    -0.06970042 
555.980299    -0.07745986 
556.334899    -0.08066230 
556.696069    -0.07708000 
557.066581    -0.06638971 
557.445263    -0.05091467 
557.828962    -0.03387837 
558.214780    -0.01720852 
558.600497    -0.00117366 
558.984273    0.01352464 
559.364807    0.02633577 
559.741121    0.03818334 
560.112220    0.04982845 
560.477296    0.06127622 
560.836739    0.07151266 
561.193447    0.07846794 
561.552726    0.07968358 
561.919647    0.07364814 
562.295887    0.06098334 
562.679401    0.04417195 
563.066588    0.02578706 
563.453893    0.00693751 
563.838024    -0.01177616 
564.216281    -0.02916875 
564.586325    -0.04603361 
564.945705    -0.06310106 
565.292911    -0.07980760 
565.630327    -0.09368416 
565.966782    -0.10041478 
566.313998    -0.09568295 
566.677156    -0.07885747 
567.051850    -0.05477299 
567.430800    -0.02952171 
567.808759    -0.00590225 
568.182453    0.01531870 
568.550099    0.03346783 
568.910671    0.04973330 
569.263323    0.06492720 
569.607932    0.07893234 
569.946955    0.09015518 
570.287400    0.09513120 
570.638355    0.08990238 
571.003381    0.07386014 
571.378328    0.05173008 
571.757371    0.02930531 
572.136842    0.00910208 
572.514768    -0.00853601 
572.890165    -0.02288813 
573.262605    -0.03482171 
573.631737    -0.04549782 
573.997203    -0.05547602 
574.359024    -0.06456893 
574.718485    -0.07165099 
575.078814    -0.07479229 
575.444239    -0.07217650 
575.817454    -0.06344904 
576.198131    -0.05018764 
576.583929    -0.03478219 
576.972165    -0.01884685 
577.360348    -0.00267642 
577.746121    0.01300154 
578.127626    0.02730332 
578.503375    0.04097847 
578.871896    0.05463174 
579.232235    0.06790478 
579.585625    0.07912139 
579.936990    0.08546159 
580.293626    0.08411788 
580.660702    0.07411411 
581.038055    0.05738180 
581.421740    0.03745769 
581.807246    0.01694389 
582.190713    -0.00342561 
582.569008    -0.02241329 
582.939800    -0.04001550 
583.300843    -0.05732480 
583.650181    -0.07449413 
583.988355    -0.09001772 
584.321843    -0.10018010 
584.662718    -0.09991463 
585.019711    -0.08639244 
585.390661    -0.06307016 
585.767866    -0.03713210 
586.145437    -0.01300578 
586.520105    0.00845501 
586.890221    0.02638944 
587.255089    0.04167919 
587.614226    0.05546439 
587.967390    0.06812179 
588.315495    0.07900261 
588.662189    0.08600252 
589.014008    0.08593472 
589.376428    0.07676051 
589.749475    0.06018109 
590.129209    0.04067605 
590.511745    0.02175361 
590.894540    0.00432309 
591.275836    -0.01122137 
591.654498    -0.02424670 
592.029805    -0.03566268 
592.401128    -0.04640466 
592.767950    -0.05674224 
593.130438    -0.06609800 
593.490479    -0.07292410 
593.852058    -0.07508527 
594.219626    -0.07098562 
594.595375    -0.06076015 
594.978308    -0.04631464 
595.365664    -0.02996936 
595.754447    -0.01298841 
596.141761    0.00434316 
596.525015    0.02074900 
596.902212    0.03614220 
597.271482    0.05140375 
597.631174    0.06658632 
597.981530    0.08029452 
598.327124    0.08950730 
598.676631    0.09055765 
599.037534    0.08140606 
599.410680    0.06375360 
599.791489    0.04205552 
600.174614    0.01998949 
600.555942    -0.00129847 
600.932452    -0.02073734 
601.302156    -0.03817170 
601.663374    -0.05476034 
602.014649    -0.07088897 
602.356308    -0.08554598 
602.693377    -0.09568724 
603.036125    -0.09667909 
603.393163    -0.08537190 
603.763780    -0.06423931 
604.141368    -0.03992054 
604.520427    -0.01709715 
604.897903    0.00325325 
605.272151    0.02037231 
605.642421    0.03463764 
606.008188    0.04734826 
606.368992    0.05915755 
606.724954    0.06984998 
607.077939    0.07803654 
607.432440    0.08120096 
607.793955    0.07696495 
608.165118    0.06523157 
608.544327    0.04877666 
608.928174    0.03103470 
609.313670    0.01377701 
609.698458    -0.00278668 
610.080602    -0.01770981 
610.458769    -0.03089246 
610.831952    -0.04330118 
611.199297    -0.05538128 
611.560599    -0.06666641 
611.917568    -0.07554664 
612.274727    -0.07951845 
612.637816    -0.07639371 
613.010159    -0.06591705 
613.390894    -0.05022163 
613.776686    -0.03228283 
614.163975    -0.01392103 
614.549596    0.00441656 
614.930906    0.02146274 
615.305996    0.03721771 
615.673136    0.05263802 
616.030851    0.06782515 
616.379619    0.08139313 
616.724381    0.09020015 
617.074130    0.09037098 
617.435979    0.07994852 
617.809799    0.06124377 
618.190514    0.03924894 
618.573055    0.01757644 
618.953849    -0.00287203 
619.330418    -0.02109789 
619.701186    -0.03722264 
620.064813    -0.05243556 
620.420131    -0.06714967 
620.767414    -0.08050054 
621.110705    -0.08983798 
621.458375    -0.09116560 
621.817955    -0.08173301 
622.189824    -0.06333917 
622.568953    -0.04138099 
622.950421    -0.02008134 
623.331090    -0.00050649 
623.708912    0.01666884 
624.082668    0.03126601 
624.451479    0.04448800 
624.814591    0.05702609 
625.171849    0.06865166 
625.524947    0.07791132 
625.878546    0.08214519 
626.238776    0.07871484 
626.608996    0.06722753 
626.987826    0.05039248 
627.371585    0.03187876 
627.756910    0.01373391 
628.141157    -0.00368223 
628.522238    -0.01931999 
628.898771    -0.03318507 
629.269728    -0.04624911 
629.634309    -0.05885341 
629.992638    -0.07031285 
630.347248    -0.07866052 
630.703645    -0.08109720 
631.067700    -0.07559725 
631.441621    -0.06270131 
631.823287    -0.04540654 
632.208935    -0.02686991 
632.595187    -0.00848855 
632.979217    0.00926503 
633.358866    0.02523729 
633.732575    0.04003881 
634.098881    0.05453431 
634.456743    0.06860993 
634.807289    0.08066757 
635.155810    0.08754184 
635.510493    0.08578278 
635.876717    0.07427796 
636.253392    0.05583331 
636.635829    0.03498240 
637.019666    0.01453245 
637.401679    -0.00493689 
637.779476    -0.02237652 
638.151385    -0.03810806 
638.515893    -0.05323099 
638.871777    -0.06796433 
639.219584    -0.08113442 
639.563982    -0.08976130 
639.913665    -0.08983650 
640.275512    -0.07915799 
640.649076    -0.06015121 
641.029194    -0.03815836 
641.411094    -0.01689508 
641.791607    0.00281381 
642.168606    0.02006325 
642.540815    0.03498861 
642.907301    0.04873507 
643.267376    0.06174702 
643.621367    0.07341412 
643.972181    0.08171886 
644.325875    0.08357395 
644.688533    0.07670107 
645.061668    0.06201211 
645.442240    0.04333896 
645.826242    0.02427412 
646.210617    0.00611249 
646.593063    -0.01065417 
646.971995    -0.02512301 
647.346396    -0.03807783 
647.715450    -0.05036512 
648.078689    -0.06202240 
648.436952    -0.07198685 
648.793644    -0.07802367 
649.154308    -0.07756912 
649.523384    -0.06949914 
649.901332    -0.05533067 
650.285437    -0.03817838 
650.672317    -0.02046705 
651.059034    -0.00286110 
651.443010    0.01391857 
651.822269    0.02909558 
652.195225    0.04356810 
652.560383    0.05791823 
652.917088    0.07157903 
653.267534    0.08241043 
653.618132    0.08699471 
653.976749    0.08239759 
654.346938    0.06867689 
654.726258    0.04936330 
655.109953    0.02857223 
655.493943    0.00823868 
655.875045    -0.01107484 
656.250918    -0.02833392 
656.619823    -0.04438200 
656.980169    -0.06002294 
657.331160    -0.07493310 
657.675013    -0.08707045 
658.019033    -0.09257357 
658.372678    -0.08756690 
658.739825    -0.07180095 
659.116711    -0.04994615 
659.497573    -0.02740017 
659.878355    -0.00643765 
660.256477    0.01236162 
660.630435    0.02825692 
660.999346    0.04229478 
661.362514    0.05534875 
661.719727    0.06740517 
662.072467    0.07722223 
662.425206    0.08220604 
662.784243    0.07950260 
663.153342    0.06838583 
663.531292    0.05153014 
663.914368    0.03290113 
664.299234    0.01482784 
664.683430    -0.00227371 
665.065075    -0.01747066 
665.442925    -0.03067389 
665.816067    -0.04290596 
666.183777    -0.05465097 
666.546025    -0.06545949 
666.904632    -0.07373579 
667.263968    -0.07702936 
667.629283    -0.07331680 
668.003321    -0.06262275 
668.385026    -0.04725334 
668.771338    -0.03005668 
669.159119    -0.01256605 
669.545520    0.00489097 
669.928057    0.02111589 
670.304846    0.03617449 
670.674222    0.05095653 
671.034877    0.06547898 
671.387394    0.07831115 
671.736433    0.08640455 
672.090138    0.08621117 
672.454809    0.07616696 
672.830424    0.05852436 
673.212598    0.03770924 
673.596680    0.01684724 
673.979054    -0.00328630 
674.356948    -0.02161011 
674.728442    -0.03819218 
675.091906    -0.05409925 
675.446089    -0.06951514 
675.791765    -0.08312574 
676.134372    -0.09164113 
676.483474    -0.09075301 
676.845794    -0.07843265 
677.219792    -0.05788977 
677.599641    -0.03502716 
677.980582    -0.01341824 
678.359662    0.00623156 
678.735105    0.02296353 
679.105965    0.03733732 
679.471554    0.05045838 
679.831463    0.06264816 
680.186443    0.07314824 
680.539786    0.07985282 
680.897261    0.07989597 
681.263723    0.07166371 
681.639568    0.05670969 
682.021707    0.03878051 
682.406684    0.02083170 
682.791882    0.00368370 
683.175246    -0.01207595 
683.555309    -0.02570397 
683.931052    -0.03804377 
684.301669    -0.04982232 
684.666805    -0.06092808 
685.027487    -0.07018082 
685.387134    -0.07539118 
685.750851    -0.07428672 
686.122462    -0.06609921 
686.502222    -0.05238745 
686.887664    -0.03591986 
687.275670    -0.01871504 
687.663314    -0.00126107 
688.047859    0.01556646 
688.427132    0.03107070 
688.799338    0.04611110 
689.162892    0.06103551 
689.517524    0.07487019 
689.866590    0.08494319 
690.217752    0.08756667 
690.578697    0.08027909 
690.951357    0.06424988 
691.332062    0.04372280 
691.715869    0.02251356 
692.098804    0.00191356 
692.477778    -0.01722810 
692.850634    -0.03438576 
693.215675    -0.05064120 
693.571473    -0.06643136 
693.918157    -0.08081856 
694.260132    -0.09087860 
694.606714    -0.09221087 
694.966034    -0.08190249 
695.338029    -0.06219076 
695.716974    -0.03909718 
696.097656    -0.01697948 
696.476881    0.00314440 
696.852759    0.02036751 
697.224341    0.03492574 
697.591011    0.04799869 
697.952378    0.06005667 
698.308980    0.07056630 
698.663558    0.07771007 
699.021334    0.07878301 
699.387257    0.07194872 
699.762397    0.05823830 
700.144184    0.04109088 
700.529306    0.02359134 
700.915176    0.00679398 
701.299740    -0.00890610 
701.681440    -0.02255989 
702.059193    -0.03476280 
702.432155    -0.04634912 
702.799831    -0.05739471 
703.162810    -0.06698091 
703.523797    -0.07316815 
703.887460    -0.07369112 
704.258013    -0.06738486 
704.636636    -0.05521580 
705.021521    -0.03964589 
705.409721    -0.02284282 
705.798269    -0.00552460 
706.184236    0.01174106 
706.565119    0.02784095 
706.938871    0.04341724 
707.303645    0.05896712 
707.658696    0.07370405 
708.006811    0.08507037 
708.355640    0.08921805 
708.713819    0.08317524 
709.084371    0.06757797 
709.463851    0.04668052 
709.846946    0.02476740 
710.229340    0.00350419 
710.607750    -0.01629070 
710.979942    -0.03393912 
711.344262    -0.05049613 
711.699380    -0.06643706 
712.045493    -0.08089145 
712.387037    -0.09098318 
712.733399    -0.09226234 
713.092712    -0.08173846 
713.464707    -0.06175192 
713.843508    -0.03854301 
714.223976    -0.01654104 
714.603105    0.00326214 
714.979220    0.01999485 
715.351547    0.03394769 
715.719597    0.04633727 
716.083040    0.05769659 
716.442308    0.06761226 
716.799698    0.07449433 
717.159692    0.07592377 
717.526798    0.07015878 
717.902403    0.05789955 
718.284584    0.04206513 
718.670411    0.02549263 
719.057403    0.00928228 
719.443445    -0.00631238 
719.826764    -0.02024503 
720.206054    -0.03278808 
720.580297    -0.04476970 
720.948847    -0.05629931 
721.312129    -0.06648025 
721.672757    -0.07335449 
722.035538    -0.07455083 
722.405089    -0.06871661 
722.782962    -0.05665964 
723.167438    -0.04085124 
723.555421    -0.02361224 
723.943746    -0.00580429 
724.329316    0.01196310 
724.709506    0.02853395 
725.082210    0.04454736 
725.445577    0.06045878 
725.799032    0.07537203 
726.145880    0.08652179 
726.494423    0.08986576 
726.853299    0.08253588 
727.224696    0.06571198 
727.604474    0.04415518 
727.987263    0.02212687 
728.368960    0.00102970 
728.746563    -0.01824676 
729.118121    -0.03532609 
729.482182    -0.05132072 
729.837634    -0.06662701 
730.184965    -0.08027955 
730.528786    -0.08936319 
730.878030    -0.08963076 
731.239797    -0.07860323 
731.613304    -0.05895004 
731.993034    -0.03657314 
732.374299    -0.01537808 
732.754273    0.00382834 
733.131294    0.02015156 
733.504509    0.03391138 
733.873324    0.04627795 
734.237354    0.05770323 
734.597084    0.06764694 
734.954988    0.07438547 
735.315710    0.07545370 
735.683702    0.06922728 
736.060134    0.05659940 
736.442932    0.04056077 
736.829132    0.02385996 
737.216220    0.00748085 
737.602040    -0.00819910 
737.984827    -0.02213331 
738.363303    -0.03476853 
738.736508    -0.04684828 
739.103964    -0.05831373 
739.466488    -0.06805402 
739.827237    -0.07393894 
740.191245    -0.07367761 
740.562628    -0.06634910 
740.942110    -0.05328235 
741.327524    -0.03712168 
741.715785    -0.01993017 
742.103840    -0.00226307 
742.488725    0.01505734 
742.867995    0.03120037 
743.239626    0.04695805 
743.601909    0.06258642 
743.954756    0.07688578 
744.302294    0.08680561 
744.653162    0.08835250 
745.015046    0.07926402 
745.388789    0.06149569 
745.769835    0.03990778 
746.153075    0.01820197 
746.534613    -0.00262758 
746.911561    -0.02152514 
747.282000    -0.03850890 
747.644429    -0.05462405 
747.997865    -0.06998683 
748.343535    -0.08316948 
748.687408    -0.09071640 
749.039004    -0.08832724 
749.403903    -0.07454305 
749.779457    -0.05336553 
750.159826    -0.03076807 
750.540752    -0.00980931 
