0.000000    0.00000000 
0.097366    0.00039099 
0.194731    0.00077827 
0.292097    0.00115823 
0.389462    0.00152740 
0.486828    0.00188247 
0.584194    0.00222031 
0.681561    0.00253800 
0.778928    0.00283284 
0.876296    0.00310234 
0.973665    0.00334430 
1.071037    0.00355673 
1.168410    0.00373793 
1.265785    0.00388644 
1.363164    0.00400109 
1.460546    0.00408097 
1.557933    0.00412546 
1.655324    0.00413419 
1.752720    0.00410710 
1.850122    0.00404439 
1.947531    0.00394653 
2.044946    0.00381428 
2.142369    0.00364866 
2.239799    0.00345099 
2.337237    0.00322284 
2.434684    0.00296604 
2.532140    0.00268269 
2.629604    0.00237515 
2.727078    0.00204599 
2.824561    0.00169805 
2.922053    0.00133436 
3.019554    0.00095816 
3.117064    0.00057286 
3.214583    0.00018203 
3.312112    -0.00021065 
3.409650    -0.00060139 
3.507196    -0.00098635 
3.604752    -0.00136167 
3.702316    -0.00172352 
3.799889    -0.00206812 
3.897472    -0.00239181 
3.995063    -0.00269112 
4.092664    -0.00296276 
4.190274    -0.00320370 
4.287894    -0.00341124 
4.385524    -0.00358301 
4.483165    -0.00371702 
4.580817    -0.00381171 
4.678480    -0.00386596 
4.776155    -0.00387913 
4.873843    -0.00385104 
4.971543    -0.00378201 
5.069256    -0.00367280 
5.166983    -0.00352468 
5.264724    -0.00333932 
5.362478    -0.00311882 
5.460248    -0.00286568 
5.558031    -0.00258270 
5.655830    -0.00227300 
5.753642    -0.00193995 
5.851470    -0.00158711 
