0.000000    0.00000000 
0.097366    0.00000008 
0.194731    0.00000030 
0.292097    0.00000066 
0.389462    0.00000114 
0.486828    0.00000172 
0.584194    0.00000238 
0.681561    0.00000309 
0.778928    0.00000383 
0.876296    0.00000457 
0.973665    0.00000529 
1.071037    0.00000596 
1.168410    0.00000656 
1.265785    0.00000708 
1.363164    0.00000748 
1.460546    0.00000778 
1.557933    0.00000794 
1.655324    0.00000797 
1.752720    0.00000787 
1.850122    0.00000764 
1.947531    0.00000729 
2.044946    0.00000682 
2.142369    0.00000626 
2.239799    0.00000562 
2.337237    0.00000492 
2.434684    0.00000419 
2.532140    0.00000344 
2.629604    0.00000271 
2.727078    0.00000202 
2.824561    0.00000140 
2.922053    0.00000087 
3.019554    0.00000045 
3.117064    0.00000016 
3.214583    0.00000002 
3.312112    0.00000002 
3.409650    0.00000018 
3.507196    0.00000050 
3.604752    0.00000095 
3.702316    0.00000153 
3.799889    0.00000222 
3.897472    0.00000298 
3.995063    0.00000379 
4.092664    0.00000462 
4.190274    0.00000542 
4.287894    0.00000617 
4.385524    0.00000682 
4.483165    0.00000736 
4.580817    0.00000775 
4.678480    0.00000798 
4.776155    0.00000804 
4.873843    0.00000792 
4.971543    0.00000763 
5.069256    0.00000718 
5.166983    0.00000659 
5.264724    0.00000590 
5.362478    0.00000513 
5.460248    0.00000431 
5.558031    0.00000349 
5.655830    0.00000269 
5.753642    0.00000195 
5.851470    0.00000130 
