0.000000    0.00000000 
0.236181    0.02301112 
0.472703    0.04513225 
0.710343    0.06606587 
0.950292    0.08568555 
1.194105    0.10380434 
1.443723    0.12009662 
1.701546    0.13408201 
1.970512    0.14513097 
2.254054    0.15248286 
2.555841    0.15529306 
2.879159    0.15274382 
3.226025    0.14423366 
3.596175    0.12959421 
3.986293    0.10918047 
4.389986    0.08354827 
4.797899    0.05301542 
5.197563    0.01746077 
5.573540    -0.02191821 
5.913057    -0.05597642 
6.218232    -0.06570818 
6.499262    -0.04644686 
6.758444    -0.01321396 
6.993584    0.02284011 
7.203236    0.05825478 
7.387543    0.09202852 
7.548202    0.12344937 
7.687910    0.15211455 
7.811679    0.17776850 
7.925342    0.20064466 
8.035428    0.22136346 
8.149806    0.24054533 
8.279465    0.25834190 
8.441086    0.27359858 
8.659014    0.28064544 
8.953337    0.26468271 
9.303467    0.21373376 
9.655943    0.14426148 
9.980460    0.07927276 
10.270981    0.02434703 
10.527606    -0.02227841 
10.752927    -0.05897201 
10.953580    -0.07963598 
11.141362    -0.07934184 
11.325358    -0.06163492 
11.508444    -0.03431295 
11.689573    -0.00320404 
11.865807    0.02928500 
12.032504    0.06241765 
12.184020    0.09521294 
12.317332    0.12694684 
12.433660    0.15626375 
12.537771    0.18289143 
12.636361    0.20739193 
12.737828    0.23071861 
12.853875    0.25375374 
13.003204    0.27597145 
13.214462    0.29026672 
13.507257    0.27330556 
13.843614    0.21253503 
14.173583    0.14287819 
14.489003    0.08831356 
14.796938    0.04859007 
15.103295    0.01849887 
15.410654    -0.00542049 
15.718930    -0.02444234 
16.027018    -0.03764160 
16.334525    -0.04232485 
16.641369    -0.03750958 
16.946486    -0.02540825 
17.247666    -0.00954697 
17.542672    0.00760688 
17.829899    0.02506734 
18.108527    0.04269171 
18.378306    0.06055453 
18.639475    0.07855798 
18.893114    0.09630006 
19.141581    0.11310698 
19.388685    0.12808779 
19.639509    0.14019529 
19.900181    0.14827768 
20.177010    0.15118181 
20.475048    0.14803058 
20.797156    0.13830763 
21.142646    0.12215685 
21.507225    0.10085657 
21.884532    0.07583494 
22.266935    0.04786355 
22.645564    0.01706465 
23.010563    -0.01560258 
23.353756    -0.04449596 
23.675147    -0.05730970 
23.981855    -0.04693549 
24.277199    -0.02139067 
24.559430    0.00883439 
24.826010    0.03889898 
25.075934    0.06744713 
25.310227    0.09410142 
25.531761    0.11842606 
25.744932    0.13976283 
25.955195    0.15744531 
26.168894    0.17091779 
26.393631    0.17954954 
26.637809    0.18229879 
26.908413    0.17773295 
27.208510    0.16489255 
27.536170    0.14435781 
27.885067    0.11822596 
28.246832    0.08891617 
28.613210    0.05786574 
28.976307    0.02539428 
29.327661    -0.00827593 
29.658537    -0.03973219 
29.965711    -0.05883818 
30.255247    -0.05583680 
30.532825    -0.03432979 
30.797933    -0.00514252 
31.048460    0.02535916 
31.283085    0.05540575 
31.501279    0.08444101 
31.703748    0.11189622 
31.892876    0.13720564 
32.072975    0.15988421 
32.249726    0.17987798 
32.431616    0.19600001 
32.628575    0.20752450 
32.851788    0.21239811 
33.111138    0.20732113 
33.410003    0.18969096 
33.741017    0.16043410 
34.090484    0.12427521 
34.446219    0.08639717 
34.799464    0.04911301 
35.142852    0.01265664 
35.468102    -0.02262394 
35.768922    -0.05169356 
36.047529    -0.06374741 
36.312179    -0.05381215 
36.567409    -0.02942545 
36.812932    0.00019987 
37.046831    0.03069349 
37.267347    0.06070972 
37.473558    0.08976167 
37.665730    0.11738836 
37.846042    0.14298543 
38.018588    0.16627194 
38.190889    0.18617912 
38.372223    0.20212071 
38.573979    0.21251503 
38.808233    0.21433650 
39.082980    0.20358539 
39.395924    0.17869255 
39.734802    0.14383745 
40.085415    0.10586268 
40.437496    0.06921249 
40.784703    0.03488488 
41.122544    0.00234988 
41.447075    -0.02748259 
41.756592    -0.04922898 
42.054605    -0.05481405 
42.346549    -0.04271689 
42.634106    -0.02014901 
42.915716    0.00553662 
43.189177    0.03092803 
43.452990    0.05505496 
43.706886    0.07767077 
43.952041    0.09850530 
44.191192    0.11709360 
44.428502    0.13281570 
44.669113    0.14494407 
44.918664    0.15270564 
45.182839    0.15537863 
45.466503    0.15237961 
45.772519    0.14349155 
46.101071    0.12922376 
46.449512    0.11070466 
46.813116    0.08916183 
47.186693    0.06544775 
47.564919    0.03973242 
47.941033    0.01173526 
48.306297    -0.01767413 
48.653267    -0.04296190 
48.981939    -0.05323263 
49.298081    -0.04293583 
49.603961    -0.01920590 
49.897363    0.00868289 
50.175692    0.03638683 
50.437928    0.06275586 
50.684772    0.08747618 
50.918451    0.11018883 
51.142624    0.13040897 
51.362266    0.14763054 
51.583505    0.16132542 
51.813407    0.17081350 
52.059512    0.17512442 
52.328774    0.17304337 
52.625874    0.16353082 
52.951504    0.14642176 
53.301766    0.12280520 
53.669120    0.09452191 
54.043975    0.06311824 
54.415565    0.02915188 
54.772023    -0.00704143 
55.102346    -0.04159495 
55.403692    -0.06259194 
55.684148    -0.05883386 
55.950472    -0.03532045 
56.202615    -0.00400725 
56.438396    0.02867032 
56.656283    0.06087317 
56.855770    0.09199830 
57.037697    0.12141615 
57.204793    0.14847411 
57.361267    0.17306512 
57.514251    0.19460886 
57.672665    0.21285224 
57.847719    0.22695201 
58.053257    0.23434481 
58.302933    0.22980723 
58.601232    0.20845085 
58.935582    0.17076866 
59.284348    0.12523956 
59.631024    0.08011599 
59.967150    0.03844723 
60.287097    -0.00029610 
60.586395    -0.03495853 
60.864282    -0.05917131 
61.127119    -0.06402004 
61.382631    -0.04914448 
61.633040    -0.02326747 
61.876716    0.00593393 
62.111451    0.03533862 
62.335461    0.06417255 
62.547727    0.09203992 
62.748743    0.11830539 
62.940849    0.14244298 
63.129677    0.16330650 
63.322731    0.18023601 
63.529196    0.19203826 
63.758861    0.19678438 
64.019600    0.19206792 
64.313547    0.17619707 
64.635958    0.15174182 
64.978126    0.12239488 
65.331756    0.09209839 
65.690691    0.06277578 
66.050150    0.03447352 
66.405347    0.00654217 
66.751001    -0.02040556 
67.083269    -0.04196546 
67.403161    -0.05026461 
67.714929    -0.04170039 
68.020240    -0.02166031 
68.317512    0.00246570 
68.604638    0.02675045 
68.880471    0.05000516 
69.145082    0.07197392 
69.399754    0.09244528 
69.647018    0.11101751 
69.890659    0.12711441 
70.135551    0.14004969 
70.387344    0.14906385 
70.652011    0.15333973 
70.935103    0.15206815 
71.240544    0.14467324 
71.569407    0.13118702 
71.919535    0.11243349 
72.286231    0.08964587 
72.663155    0.06377431 
73.042660    0.03510374 
73.415560    0.00369151 
73.771798    -0.02830498 
74.105279    -0.05228090 
74.419589    -0.05575369 
74.721195    -0.03786819 
75.010837    -0.00951210 
75.286176    0.02099313 
75.545512    0.05071424 
75.788685    0.07885203 
76.017101    0.10490190 
76.233814    0.12829296 
76.443547    0.14846729 
76.652539    0.16488750 
76.868285    0.17688363 
77.099114    0.18344446 
77.353167    0.18315973 
77.636382    0.17462779 
77.950060    0.15743690 
78.289906    0.13294455 
78.647725    0.10374641 
79.014204    0.07215438 
79.380312    0.03914582 
79.736871    0.00479365 
80.074429    -0.02919731 
80.387365    -0.05500081 
80.679632    -0.06056728 
80.958660    -0.04431319 
81.226305    -0.01650484 
81.480761    0.01436053 
81.720188    0.04515400 
81.943668    0.07505161 
82.151456    0.10353469 
82.345440    0.12996630 
82.529078    0.15399175 
82.708772    0.17468613 
82.892513    0.19164021 
83.090138    0.20380501 
83.312732    0.20914843 
83.570193    0.20461031 
83.866110    0.18722590 
84.194495    0.15895236 
84.542774    0.12385834 
84.898645    0.08699229 
85.253014    0.05082922 
85.598595    0.01548641 
85.928225    -0.01878995 
86.236568    -0.04760783 
86.525311    -0.06101167 
86.801973    -0.05309477 
87.070800    -0.03010546 
87.330973    -0.00145650 
87.580382    0.02801217 
87.817520    0.05691008 
88.041796    0.08479006 
88.253904    0.11109823 
88.456448    0.13509208 
88.654269    0.15601061 
88.853915    0.17348905 
89.064548    0.18572884 
89.296005    0.19086908 
89.556327    0.18782631 
89.849369    0.17454659 
90.172101    0.15181467 
90.516297    0.12297879 
90.872729    0.09184184 
91.233733    0.06066961 
91.593011    0.02987160 
91.944486    -0.00072811 
92.282411    -0.02934142 
92.604459    -0.04938266 
92.914534    -0.05226199 
93.217732    -0.03761773 
93.514617    -0.01367270 
93.803024    0.01244275 
94.081120    0.03781930 
94.348341    0.06171334 
94.605397    0.08384916 
94.854293    0.10384975 
95.098387    0.12119109 
95.342288    0.13526448 
95.591512    0.14539961 
95.851918    0.15086897 
96.128904    0.15096619 
96.426393    0.14523259 
96.745904    0.13375768 
97.086226    0.11730603 
97.443928    0.09705727 
97.814239    0.07403022 
98.191490    0.04862016 
98.568805    0.02066294 
98.937658    -0.00946489 
99.289550    -0.03777042 
99.621812    -0.05376301 
99.939456    -0.04839365 
100.246112    -0.02628897 
100.540382    0.00210661 
100.819796    0.03101649 
101.083210    0.05870259 
101.331112    0.08466165 
101.565532    0.10847447 
101.790018    0.12964014 
102.009574    0.14763525 
102.230484    0.16189463 
102.460036    0.17168479 
102.705963    0.17597737 
102.975274    0.17352072 
103.272392    0.16331820 
103.597382    0.14539227 
103.945700    0.12111639 
104.309711    0.09253094 
104.680458    0.06116650 
105.048189    0.02746787 
105.401964    -0.00825247 
105.731280    -0.04210093 
106.033230    -0.06228639 
106.315369    -0.05795828 
106.584010    -0.03424527 
106.839085    -0.00291774 
107.078562    0.02973939 
107.300979    0.06189883 
107.505866    0.09290178 
107.694180    0.12206190 
107.868893    0.14868432 
108.034634    0.17263144 
108.199242    0.19301441 
108.372220    0.20952374 
108.565422    0.22073412 
108.792206    0.22350736 
109.062779    0.21313818 
109.375785    0.18684210 
109.716348    0.14841617 
110.066545    0.10586028 
110.413849    0.06461342 
110.750853    0.02589393 
111.072030    -0.01049827 
111.373193    -0.04208088 
111.655403    -0.06076371 
111.926155    -0.05887786 
112.191525    -0.03948938 
112.451788    -0.01206183 
112.704637    0.01708597 
112.947936    0.04578250 
113.180427    0.07345760 
113.402111    0.09963505 
113.614855    0.12360651 
113.822787    0.14455896 
114.032162    0.16164699 
114.250821    0.17385506 
114.487226    0.17980718 
114.748689    0.17789624 
115.038825    0.16711662 
115.355903    0.14826583 
115.694122    0.12403764 
116.046641    0.09747534 
116.407550    0.07050791 
116.771904    0.04360692 
117.134728    0.01636572 
117.490338    -0.01105185 
117.833505    -0.03546383 
118.163121    -0.04915759 
118.483009    -0.04559328 
118.795966    -0.02774158 
119.100895    -0.00373704 
119.395514    0.02110103 
119.678490    0.04492872 
119.949836    0.06732001 
120.210810    0.08805665 
120.463898    0.10677425 
120.712807    0.12295050 
120.962323    0.13596068 
121.218000    0.14510294 
121.485685    0.14960434 
121.770765    0.14869234 
122.077088    0.14181615 
122.405891    0.12896961 
122.755403    0.11084250 
123.121322    0.08851105 
123.497544    0.06283573 
123.876438    0.03407232 
124.248594    0.00232919 
124.603630    -0.02997138 
124.935490    -0.05361326 
125.248210    -0.05586733 
125.548233    -0.03669968 
125.836013    -0.00748957 
126.109153    0.02362469 
126.366032    0.05387090 
126.606623    0.08244095 
126.832564    0.10876552 
127.047259    0.13222994 
127.255878    0.15225391 
127.465160    0.16826071 
127.683107    0.17948397 
127.918406    0.18474977 
128.179073    0.18249787 
128.470018    0.17139811 
128.790672    0.15150065 
129.134920    0.12478637 
129.493714    0.09412912 
129.857776    0.06162086 
130.218299    0.02789386 
130.566252    -0.00680441 
130.893212    -0.03925551 
131.196833    -0.05946707 
131.483697    -0.05729446 
131.759867    -0.03607682 
132.025439    -0.00667517 
132.278271    0.02430811 
132.516733    0.05479620 
132.740241    0.08415226 
132.949604    0.11177572 
133.147543    0.13695340 
133.338974    0.15901816 
133.530475    0.17774958 
133.731454    0.19152142 
133.952237    0.19907842 
134.202774    0.19798379 
134.488753    0.18541200 
134.807867    0.16230756 
135.150557    0.13140328 
135.505310    0.09730887 
135.862732    0.06305751 
136.215564    0.02934534 
136.557030    -0.00397138 
136.880856    -0.03475634 
137.185181    -0.05531822 
137.475436    -0.05652971 
137.757631    -0.03933437 
138.032468    -0.01297817 
138.297865    0.01554925 
138.552021    0.04367207 
138.794216    0.07072450 
139.024961    0.09627927 
139.246355    0.11970808 
139.462423    0.14025133 
139.679126    0.15709614 
139.904000    0.16928185 
140.145376    0.17553027 
140.410830    0.17430221 
140.704760    0.16444754 
141.026410    0.14628816 
141.370280    0.12194712 
141.728698    0.09423370 
142.094146    0.06516864 
142.459765    0.03539226 
142.818696    0.00488414 
143.164103    -0.02485369 
143.492140    -0.04756629 
143.805899    -0.05356159 
144.111301    -0.04051149 
144.409849    -0.01645487 
144.699585    0.01054081 
144.978610    0.03695796 
145.246352    0.06182715 
145.503668    0.08477846 
145.752827    0.10536883 
145.997535    0.12302069 
146.242778    0.13708387 
146.494429    0.14684969 
146.758607    0.15154843 
147.040721    0.15045066 
147.344308    0.14315316 
147.670091    0.12992043 
148.015876    0.11175194 
148.377354    0.08997798 
148.749076    0.06561255 
149.124819    0.03897096 
149.497256    0.00999387 
149.857953    -0.02007056 
150.200332    -0.04514345 
150.525215    -0.05402197 
150.838298    -0.04205489 
151.141345    -0.01730137 
151.432295    0.01110173 
151.709134    0.03913295 
151.971331    0.06568266 
152.219901    0.09032497 
152.457363    0.11260560 
152.687725    0.13199054 
152.916380    0.14790660 
153.149865    0.15969457 
153.395404    0.16650784 
153.660052    0.16730101 
153.949232    0.16109327 
154.265036    0.14753688 
154.605319    0.12738899 
154.964403    0.10228251 
155.334643    0.07381500 
155.707391    0.04274516 
156.072816    0.00914625 
156.420044    -0.02547551 
156.741434    -0.05343476 
157.039771    -0.06129924 
157.323062    -0.04568073 
157.593708    -0.01716710 
157.849936    0.01481617 
158.089918    0.04673189 
158.312919    0.07760585 
158.519535    0.10682184 
158.712130    0.13368303 
158.895167    0.15756511 
159.074705    0.17837265 
159.259811    0.19482061 
159.461017    0.20601291 
159.690026    0.20962544 
159.956595    0.20172481 
160.262653    0.18133290 
160.599593    0.14970512 
160.952445    0.11176777 
161.308038    0.07293172 
161.656717    0.03505692 
161.990841    -0.00173921 
162.304092    -0.03551658 
162.595160    -0.05854519 
162.870894    -0.06110589 
163.138992    -0.04382646 
163.401087    -0.01641611 
163.655228    0.01356902 
163.899267    0.04327821 
164.131912    0.07191229 
164.353198    0.09891522 
164.565113    0.12354168 
164.771997    0.14496745 
164.980025    0.16273365 
165.197870    0.17509462 
165.434723    0.18041054 
165.698004    0.17791644 
165.991406    0.16608071 
166.312726    0.14580163 
166.655249    0.12003705 
167.011176    0.09207436 
167.373872    0.06391087 
167.737899    0.03598150 
168.098011    0.00801329 
168.448765    -0.01914436 
168.786387    -0.04097209 
169.112062    -0.04946704 
169.430158    -0.04091944 
169.742235    -0.02087507 
170.046542    0.00304070 
170.341018    0.02680169 
170.624804    0.04920322 
170.898364    0.06999590 
171.163337    0.08899403 
171.422474    0.10585077 
171.679589    0.12007392 
171.939379    0.13107701 
172.207098    0.13820576 
172.488010    0.14077332 
172.786617    0.13817329 
173.105722    0.13008809 
173.445680    0.11669542 
173.804269    0.09865015 
174.177093    0.07672915 
174.557992    0.05137961 
174.939019    0.02260107 
175.310288    -0.00907552 
175.662036    -0.03923984 
175.991396    -0.05613547 
176.304440    -0.04979918 
176.605423    -0.02583877 
176.893057    0.00437429 
177.165055    0.03494910 
177.420551    0.06413766 
177.660396    0.09130915 
177.887145    0.11590028 
178.105054    0.13733362 
178.319959    0.15505817 
178.539032    0.16845202 
178.770400    0.17663028 
179.022314    0.17833464 
179.301439    0.17217898 
179.610480    0.15743650 
179.946671    0.13490519 
180.302675    0.10678647 
180.669098    0.07540631 
181.036219    0.04201089 
181.394045    0.00689770 
181.732469    -0.02817673 
182.045519    -0.05526302 
182.337502    -0.06163642 
182.616658    -0.04520233 
182.885206    -0.01663609 
183.141302    0.01506991 
183.383032    0.04657754 
183.609524    0.07694907 
183.821303    0.10554990 
184.020811    0.13164093 
184.212730    0.15452418 
184.403456    0.17398081 
184.602235    0.18846432 
184.819316    0.19684824 
185.064890    0.19683143 
185.345522    0.18553846 
185.660171    0.16359676 
186.000195    0.13337509 
186.354149    0.09947106 
186.712282    0.06518787 
187.067099    0.03148381 
187.411866    -0.00170905 
187.740399    -0.03247326 
188.050590    -0.05354435 
188.347458    -0.05572573 
188.636956    -0.03934630 
188.919806    -0.01353528 
189.193811    0.01443312 
189.457066    0.04178338 
189.708887    0.06779755 
189.949958    0.09208511 
190.182524    0.11408691 
190.410573    0.13309794 
190.639739    0.14833955 
190.876880    0.15892410 
191.129276    0.16379561 
191.403288    0.16186504 
191.702593    0.15251408 
192.026932    0.13622067 
192.372390    0.11460176 
192.732982    0.08964478 
193.102136    0.06274524 
193.473068    0.03430285 
193.838372    0.00433924 
194.190350    -0.02538974 
194.524467    -0.04799396 
194.843704    -0.05308013 
195.153850    -0.03866468 
195.455978    -0.01354493 
195.747913    0.01412356 
196.027834    0.04098570 
196.295435    0.06611595 
196.551972    0.08909837 
196.800214    0.10944225 
197.044382    0.12655448 
197.289916    0.13978955 
197.543024    0.14844169 
197.809994    0.15173998 
198.096165    0.14897789 
198.404707    0.13983438 
198.735718    0.12470810 
199.086267    0.10470865 
199.451288    0.08115651 
199.824500    0.05493658 
200.198638    0.02627365 
200.565276    -0.00446622 
200.916044    -0.03404823 
201.247721    -0.05295720 
201.565249    -0.05102173 
201.873428    -0.03078260 
202.171584    -0.00284281 
202.457232    0.02601542 
202.729026    0.05353991 
202.987309    0.07906956 
203.234066    0.10213177 
203.472864    0.12218124 
203.708723    0.13863562 
203.947809    0.15086901 
204.196936    0.15814541 
204.462753    0.15961679 
204.750508    0.15453624 
205.062665    0.14269474 
205.398118    0.12476772 
205.752617    0.10214083 
206.119978    0.07621068 
206.492954    0.04770338 
206.863181    0.01667104 
207.220978    -0.01607039 
207.557936    -0.04510210 
207.873657    -0.05826557 
208.174982    -0.04827732 
208.465202    -0.02280977 
208.742631    0.00762956 
209.005059    0.03821346 
209.251593    0.06758095 
209.482876    0.09515430 
209.701237    0.12031959 
209.910865    0.14242528 
210.117770    0.16084465 
210.329554    0.17485858 
210.554970    0.18340857 
210.802921    0.18494295 
211.080310    0.17774755 
211.389129    0.16103800 
211.725034    0.13607698 
212.079210    0.10578039 
212.441678    0.07291174 
212.802953    0.03876038 
213.153705    0.00356176 
213.484899    -0.03077982 
213.792102    -0.05620660 
214.080633    -0.06091901 
214.358611    -0.04387949 
214.628034    -0.01547548 
214.886960    0.01584204 
215.133308    0.04691050 
215.366025    0.07679531 
215.585549    0.10481486 
215.794409    0.13014637 
215.997138    0.15228375 
216.201320    0.16986596 
216.415912    0.18206099 
216.650631    0.18726873 
216.913851    0.18299917 
217.208981    0.16897180 
217.532738    0.14569451 
217.876758    0.11652895 
218.231732    0.08511675 
218.589858    0.05352114 
218.944668    0.02213829 
219.290091    -0.00877950 
219.621206    -0.03624598 
219.937889    -0.05235794 
220.245751    -0.04980099 
220.549202    -0.03140062 
220.847690    -0.00613580 
221.138772    0.01992031 
221.420793    0.04459368 
221.693546    0.06731672 
221.958270    0.08777341 
222.217585    0.10552919 
222.475360    0.12003880 
222.736387    0.13071204 
223.005850    0.13695980 
223.288607    0.13826376 
223.588367    0.13432522 
223.906983    0.12524831 
224.244174    0.11159687 
224.597747    0.09422396 
224.964128    0.07390620 
225.338692    0.05099637 
225.715617    0.02541219 
226.087577    -0.00262931 
226.446704    -0.03031787 
226.789004    -0.04914756 
227.117859    -0.04906378 
227.437480    -0.03097483 
227.747217    -0.00458659 
228.044463    0.02310274 
228.327698    0.04958271 
228.597147    0.07414966 
228.854658    0.09639472 
229.103546    0.11584925 
229.348431    0.13199506 
229.594988    0.14427339 
229.849578    0.15203506 
230.118630    0.15451680 
230.407645    0.15096396 
230.719919    0.14094487 
231.055500    0.12469004 
231.411021    0.10310869 
231.780397    0.07732178 
232.155588    0.04802758 
232.526756    0.01538592 
232.882463    -0.01943534 
233.213373    -0.04972380 
233.520366    -0.06145624 
233.811856    -0.04821008 
234.091225    -0.01986977 
234.356692    0.01280858 
234.606104    0.04544499 
234.838587    0.07677457 
235.054897    0.10606046 
235.257795    0.13253600 
235.452253    0.15552254 
235.644861    0.17484059 
235.844896    0.18902320 
236.062555    0.19704446 
236.307997    0.19674274 
236.588037    0.18534379 
236.902112    0.16329555 
237.241856    0.13262311 
237.595317    0.09760964 
237.951486    0.06150444 
238.301293    0.02538006 
238.636585    -0.01037671 
238.950926    -0.04229770 
239.244565    -0.06066410 
239.525531    -0.05686465 
239.800037    -0.03509099 
240.068073    -0.00579585 
240.327260    0.02474199 
240.575627    0.05446520 
240.812390    0.08265881 
241.038490    0.10861909 
241.257106    0.13149768 
241.473732    0.15042205 
241.695714    0.16445949 
241.931381    0.17244555 
242.188564    0.17298041 
242.472346    0.16496971 
242.783045    0.14865022 
243.116327    0.12605706 
243.465573    0.10003791 
243.824216    0.07276687 
244.186483    0.04508080 
244.546814    0.01687746 
244.899309    -0.01145814 
245.238972    -0.03648679 
245.565437    -0.05017627 
245.883401    -0.04597724 
246.196085    -0.02730092 
246.502404    -0.00264292 
246.799979    0.02257291 
247.087422    0.04646708 
247.364804    0.06855337 
247.633569    0.08853380 
247.896455    0.10597473 
248.157395    0.12031866 
248.421247    0.13094573 
248.693333    0.13720958 
248.978755    0.13849311 
249.281541    0.13435010 
249.603792    0.12470875 
249.945168    0.10999444 
250.302985    0.09099521 
250.672708    0.06846765 
251.048290    0.04277253 
251.422122    0.01398218 
251.785220    -0.01674281 
252.130119    -0.04363276 
252.457067    -0.05489870 
252.772555    -0.04410147 
253.079279    -0.01891792 
253.375243    0.01056462 
253.658161    0.03964942 
253.927341    0.06691947 
254.183916    0.09175138 
254.430809    0.11354217 
254.672588    0.13166341 
254.915151    0.14548492 
255.165221    0.15431802 
255.429580    0.15737602 
255.713916    0.15391212 
256.021435    0.14359597 
256.351869    0.12690161 
256.701591    0.10507240 
257.064664    0.07953512 
257.433875    0.05119700 
257.800983    0.02029093 
258.156674    -0.01245388 
258.492708    -0.04233447 
258.808214    -0.05789299 
259.110270    -0.05052916 
259.403287    -0.02632780 
259.686039    0.00385243 
259.956121    0.03441955 
260.212311    0.06366852 
260.455018    0.09090828 
260.686489    0.11545605 
260.910950    0.13657894 
261.134460    0.15354874 
261.364475    0.16555038 
261.609090    0.17153365 
261.875693    0.17026322 
262.168939    0.16082765 
262.488938    0.14346556 
262.831193    0.11987108 
263.188481    0.09238338 
263.552895    0.06274265 
263.916505    0.03153255 
264.270942    -0.00106106 
264.608009    -0.03257629 
264.924222    -0.05450977 
265.224781    -0.05613129 
265.516238    -0.03794111 
265.799400    -0.01011365 
266.072076    0.01978313 
266.332449    0.04900379 
266.580024    0.07672915 
266.815893    0.10236547 
267.043035    0.12518656 
267.266426    0.14440593 
267.492798    0.15918839 
267.730046    0.16852335 
267.986160    0.17114601 
268.267397    0.16581691 
268.576094    0.15210241 
268.909612    0.13109187 
269.261531    0.10507634 
269.623968    0.07628620 
269.988985    0.04587980 
270.348559    0.01406548 
270.694466    -0.01818599 
271.020792    -0.04555376 
271.329291    -0.05726053 
271.627502    -0.04750028 
271.919180    -0.02331547 
272.203064    0.00562541 
272.476976    0.03455237 
272.739839    0.06198763 
272.992139    0.08730050 
273.236147    0.10982734 
273.476028    0.12880042 
273.717601    0.14340937 
273.967718    0.15278232 
274.233252    0.15598257 
274.519660    0.15222074 
274.829446    0.14133492 
275.161414    0.12418401 
275.511308    0.10243212 
275.873290    0.07777102 
276.241057    0.05120318 
276.608021    0.02297498 
276.967128    -0.00643652 
277.312042    -0.03380407 
277.641290    -0.05068007 
277.959992    -0.04866546 
278.272732    -0.03009522 
278.579096    -0.00430265 
278.876757    0.02232074 
279.164290    0.04745804 
279.441853    0.07043508 
279.711153    0.09084763 
279.975313    0.10821732 
280.238638    0.12200075 
280.506223    0.13163395 
280.783370    0.13656182 
281.074843    0.13631361 
281.384017    0.13066486 
281.712191    0.11980491 
282.058348    0.10434645 
282.419441    0.08508926 
282.790865    0.06263933 
283.166661    0.03716461 
283.539336    0.00870121 
283.900200    -0.02119440 
284.242747    -0.04590510 
284.568356    -0.05382329 
284.883084    -0.04067922 
285.188618    -0.01503548 
285.482783    0.01396328 
285.763549    0.04237428 
286.030490    0.06903628 
286.284900    0.09340543 
286.529754    0.11492449 
286.769606    0.13299200 
287.010343    0.14697921 
287.258751    0.15617058 
287.521813    0.15971527 
287.805573    0.15674753 
288.113658    0.14676013 
288.446057    0.13003924 
288.798972    0.10771031 
289.165767    0.08118079 
289.538043    0.05138081 
289.905972    0.01855883 
290.258455    -0.01634978 
290.586233    -0.04753989 
290.889584    -0.06183349 
291.177250    -0.05144158 
291.453989    -0.02465052 
291.718768    0.00751360 
291.969479    0.04006065 
292.204963    0.07150523 
292.425551    0.10106515 
292.633603    0.12790834 
292.833443    0.15154034 
293.032513    0.17072543 
293.239837    0.18476882 
293.465734    0.19219014 
293.720158    0.19027394 
294.008714    0.17807005 
294.329694    0.15508281 
294.674169    0.12436735 
295.030584    0.09012005 
295.388586    0.05510047 
295.739486    0.02006669 
296.075443    -0.01441225 
296.390932    -0.04417604 
296.687628    -0.05935335 
296.973828    -0.05294019 
297.254940    -0.03039452 
297.530593    -0.00168909 
297.798582    0.02757188 
298.057364    0.05554112 
298.306782    0.08152057 
298.548466    0.10483099 
298.786088    0.12466302 
299.025188    0.14015345 
299.272514    0.15039115 
299.534934    0.15442577 
299.817927    0.15149197 
300.124043    0.14151026 
300.452244    0.12548315 
300.798713    0.10521359 
301.158353    0.08247030 
301.525862    0.05829993 
301.895861    0.03290212 
302.262520    0.00625299 
302.619744    -0.02026585 
302.963558    -0.04135797 
303.295541    -0.04845103 
303.620354    -0.03827993 
303.939457    -0.01713092 
304.251083    0.00729671 
304.553349    0.03114685 
304.845691    0.05324181 
305.128983    0.07324565 
305.405369    0.09087816 
305.678092    0.10574947 
305.951265    0.11738843 
306.229551    0.12528431 
306.517717    0.12891909 
306.820029    0.12783613 
307.139536    0.12176385 
307.477405    0.11073918 
307.832578    0.09511237 
308.201804    0.07535383 
308.579802    0.05175894 
308.959242    0.02435049 
309.330737    -0.00633158 
309.684713    -0.03629873 
310.017755    -0.05451351 
310.335620    -0.05024675 
310.643256    -0.02750858 
310.939794    0.00232906 
311.222822    0.03272368 
311.491247    0.06155199 
311.745841    0.08802698 
311.989263    0.11150533 
312.225967    0.13134061 
312.461934    0.14690106 
312.704215    0.15749595 
312.960232    0.16228414 
313.236642    0.16034813 
313.537758    0.15106961 
313.864114    0.13465547 
314.212157    0.11229759 
314.575268    0.08562546 
314.945111    0.05583877 
315.312221    0.02334245 
315.666101    -0.01117924 
315.997485    -0.04308701 
316.305258    -0.06040364 
316.597530    -0.05365725 
316.879946    -0.02895978 
317.151934    0.00229383 
317.411300    0.03422237 
317.656747    0.06501339 
317.888492    0.09386964 
318.108721    0.11998049 
318.321917    0.14250981 
318.534751    0.16065377 
318.755618    0.17347397 
318.993767    0.17964440 
319.257563    0.17749333 
319.551676    0.16578774 
319.874734    0.14504291 
320.219944    0.11785368 
320.578274    0.08740846 
320.941029    0.05575044 
321.300225    0.02341334 
321.648008    -0.00921104 
321.977850    -0.03866043 
322.289255    -0.05571734 
322.588934    -0.05213028 
322.882249    -0.03160484 
323.169059    -0.00406599 
323.447251    0.02431505 
323.715439    0.05143037 
323.973653    0.07659876 
324.223543    0.09926047 
324.468518    0.11872264 
324.713638    0.13421269 
324.965127    0.14491044 
325.229530    0.14995942 
325.512502    0.14860800 
325.817431    0.14056734 
326.144536    0.12637693 
326.491035    0.10734396 
326.852182    0.08496839 
327.222263    0.06026958 
327.594889    0.03352557 
327.962782    0.00482866 
328.318290    -0.02399861 
328.656813    -0.04623495 
328.981104    -0.05167420 
329.296988    -0.03796012 
329.605885    -0.01345809 
329.905902    0.01365545 
330.195371    0.03984430 
330.474121    0.06405472 
330.743576    0.08581400 
331.006668    0.10462029 
331.267671    0.11988959 
331.531853    0.13100040 
331.804917    0.13731712 
332.092219    0.13824622 
332.397811    0.13339963 
332.723531    0.12282099 
333.068552    0.10708310 
333.429587    0.08708607 
333.801459    0.06362198 
334.177492    0.03704249 
334.549521    0.00754902 
334.908534    -0.02301018 
335.248512    -0.04744971 
335.571991    -0.05400559 
335.885618    -0.03944328 
336.191078    -0.01308022 
336.486289    0.01606098 
336.769447    0.04422155 
337.040423    0.07024965 
337.300900    0.09354076 
337.554303    0.11348120 
337.805580    0.12942914 
338.060764    0.14073047 
338.326308    0.14670045 
338.608138    0.14668265 
338.910477    0.14028265 
339.234801    0.12768485 
339.579483    0.10974772 
339.940304    0.08767017 
340.311286    0.06241039 
340.685154    0.03432675 
341.053296    0.00362654 
341.406537    -0.02746026 
341.739573    -0.05078939 
342.056119    -0.05458846 
342.362687    -0.03760996 
342.660279    -0.01008667 
342.946694    0.01960935 
343.220292    0.04829643 
343.481064    0.07500699 
343.730754    0.09913798 
343.972892    0.12002893 
344.212675    0.13698158 
344.456595    0.14926011 
344.711773    0.15603305 
344.984908    0.15641229 
345.280817    0.14975258 
345.601047    0.13613827 
345.943424    0.11660912 
346.302849    0.09274118 
346.672533    0.06583457 
347.044614    0.03639000 
347.410025    0.00454140 
347.759128    -0.02766940 
348.086247    -0.05213275 
348.395267    -0.05670825 
348.693372    -0.03983268 
348.982120    -0.01186207 
349.259545    0.01863720 
349.523984    0.04841506 
349.775213    0.07647331 
350.014710    0.10214271 
350.245883    0.12466678 
350.474100    0.14325129 
350.706369    0.15705398 
350.950657    0.16506324 
351.214701    0.16607693 
351.504127    0.15906663 
351.820470    0.14393946 
352.160529    0.12202985 
352.517727    0.09555627 
352.884118    0.06640839 
353.251363    0.03539674 
353.610612    0.00278001 
353.953156    -0.02926033 
354.274802    -0.05267469 
354.580476    -0.05622326 
354.877497    -0.03917271 
355.167432    -0.01165676 
355.448372    0.01808469 
355.718652    0.04686100 
355.978045    0.07365640 
356.228071    0.09778946 
356.472187    0.11848770 
356.715695    0.13492470 
356.965232    0.14624269 
357.227834    0.15153778 
357.509586    0.14999409 
357.814046    0.14129083 
358.141205    0.12605070 
358.487755    0.10579249 
358.848390    0.08225266 
359.217039    0.05661607 
359.587247    0.02927347 
359.952019    0.00052406 
360.304561    -0.02731411 
360.641795    -0.04707377 
360.967461    -0.04954304 
361.286743    -0.03430852 
361.600202    -0.01002209 
361.905735    0.01593200 
362.201805    0.04051857 
362.488442    0.06285805 
362.767222    0.08256712 
363.041078    0.09924021 
363.314029    0.11240435 
363.590790    0.12156829 
363.876223    0.12627020 
364.174679    0.12615156 
364.489295    0.12107800 
364.821464    0.11123868 
365.170620    0.09711588 
365.534360    0.07928384 
365.908657    0.05812215 
366.287862    0.03366865 
366.664510    0.00601160 
367.029906    -0.02294505 
367.377915    -0.04600326 
367.710332    -0.05168851 
368.032703    -0.03703704 
368.345984    -0.01115009 
368.647871    0.01730461 
368.936614    0.04474568 
369.212232    0.07009443 
369.476527    0.09280979 
369.732925    0.11234851 
369.986247    0.12813459 
370.242351    0.13956914 
370.507583    0.14600586 
370.787989    0.14678138 
371.088250    0.14139286 
371.410594    0.12978174 
371.754172    0.11249229 
372.115183    0.09046925 
372.487450    0.06454850 
372.862773    0.03504815 
373.230888    0.00217510 
373.580566    -0.03142768 
373.905593    -0.05587351 
374.210998    -0.05770969 
374.504257    -0.03728206 
374.786267    -0.00662242 
375.054816    0.02597005 
375.308324    0.05766520 
375.546788    0.08746889 
375.772145    0.11455562 
375.988576    0.13807994 
376.202464    0.15725386 
376.421990    0.17122315 
376.656404    0.17880290 
376.914580    0.17840142 
377.202435    0.16858394 
377.520203    0.14931271 
377.862091    0.12266045 
378.218949    0.09174894 
378.581204    0.05891163 
378.939760    0.02496786 
379.285627    -0.00955432 
379.611362    -0.04087445 
379.916557    -0.05876969 
380.209063    -0.05428461 
380.494966    -0.03192223 
380.774190    -0.00243605 
381.044535    0.02787135 
381.304501    0.05689528 
381.554076    0.08381274 
381.795176    0.10783435 
382.031911    0.12806168 
382.270374    0.14356486 
382.517896    0.15336126 
382.781805    0.15641306 
383.067691    0.15190925 
383.377677    0.13987461 
383.709878    0.12158507 
384.059561    0.09913099 
384.420935    0.07440190 
384.788181    0.04837737 
385.155398    0.02121433 
385.516298    -0.00665883 
385.865290    -0.03220304 
386.201068    -0.04777654 
386.527958    -0.04596013 
386.849810    -0.02884700 
387.166139    -0.00495092 
387.474790    0.01964957 
387.774504    0.04265330 
388.065544    0.06342368 
388.349589    0.08165857 
388.629524    0.09699519 
388.909189    0.10899023 
389.192989    0.11717724 
389.485398    0.12112130 
389.790360    0.12049032 
390.110682    0.11515384 
390.447555    0.10525326 
390.800346    0.09116357 
391.166647    0.07331072 
391.542357    0.05193379 
391.921589    0.02702559 
392.296538    -0.00106443 
392.658658    -0.02940799 
393.003475    -0.04914629 
393.334684    -0.04942710 
393.657233    -0.03086151 
393.970870    -0.00365894 
394.273146    0.02473961 
394.562698    0.05158735 
394.840045    0.07599506 
395.107517    0.09740184 
395.369039    0.11524190 
395.629791    0.12894384 
395.895723    0.13792926 
396.172878    0.14160941 
396.466495    0.13947399 
396.779985    0.13130227 
397.114117    0.11736674 
397.466802    0.09840524 
397.833447    0.07527625 
398.207422    0.04850895 
398.580160    0.01824013 
398.941370    -0.01455511 
399.281998    -0.04428064 
399.601541    -0.05817499 
399.907625    -0.04808915 
400.204238    -0.02178905 
400.489825    0.00961270 
400.762116    0.04091658 
401.020299    0.07051009 
401.265463    0.09757301 
401.500802    0.12128607 
401.731614    0.14083190 
401.964937    0.15539838 
402.208838    0.16405017 
402.471248    0.16567265 
402.758145    0.15927873 
403.071554    0.14472639 
403.408748    0.12324657 
403.763439    0.09699736 
404.127790    0.06789993 
404.493521    0.03684055 
404.851846    0.00409268 
405.193978    -0.02831199 
405.515307    -0.05253660 
405.820376    -0.05704087 
406.116608    -0.04042473 
406.405695    -0.01277118 
406.685646    0.01740152 
406.954640    0.04676641 
407.212277    0.07427026 
407.459923    0.09919757 
407.700966    0.12072814 
407.940793    0.13798516 
408.186297    0.15005236 
408.444940    0.15593131 
408.723305    0.15465930 
409.025303    0.14576814 
409.350915    0.12985198 
409.696462    0.10857496 
410.056139    0.08388731 
410.423438    0.05710908 
410.791531    0.02864050 
411.153006    -0.00124153 
411.500695    -0.03000444 
411.831687    -0.04979232 
412.150492    -0.05100690 
412.462688    -0.03404921 
412.768780    -0.00827123 
413.066671    0.01901241 
413.354895    0.04495274 
413.633558    0.06867764 
413.904399    0.08967532 
414.170713    0.10736178 
414.437119    0.12108432 
414.709071    0.13018097 
414.992105    0.13403554 
415.290876    0.13219792 
415.608188    0.12459083 
415.944390    0.11165981 
416.297417    0.09427004 
416.663319    0.07333640 
417.036777    0.04942066 
417.411213    0.02268437 
417.778820    -0.00625748 
418.132152    -0.03379284 
418.468998    -0.05061974 
418.794487    -0.04765310 
419.113178    -0.02774648 
419.424498    -0.00086937 
419.726189    0.02652342 
420.017139    0.05213885 
420.298003    0.07521361 
420.571152    0.09521573 
420.840463    0.11157406 
421.110949    0.12369890 
421.388188    0.13101443 
421.677552    0.13300405 
421.983292    0.12933727 
422.307677    0.12005489 
422.650511    0.10565423 
423.009229    0.08692728 
423.379332    0.06459193 
423.754714    0.03898412 
424.127662    0.01027707 
424.489344    -0.01994775 
424.833218    -0.04517309 
425.160832    -0.05371325 
425.478748    -0.04089491 
425.789092    -0.01524404 
426.089826    0.01375593 
426.378969    0.04189782 
426.656230    0.06787307 
426.923197    0.09103908 
427.183241    0.11076112 
427.441284    0.12637193 
427.703324    0.13719813 
427.975714    0.14256242 
428.264164    0.14186340 
428.572557    0.13481083 
428.902004    0.12169821 
429.250613    0.10342181 
429.614032    0.08110350 
429.986190    0.05554575 
430.359586    0.02699985 
430.725284    -0.00408989 
431.074375    -0.03434701 
431.403512    -0.05386164 
431.718273    -0.05191734 
432.024285    -0.03103433 
432.321333    -0.00216350 
432.607113    0.02769050 
432.880347    0.05613396 
433.141508    0.08232785 
433.392931    0.10558807 
433.638832    0.12516181 
433.885075    0.14026924 
434.138613    0.15008542 
434.406558    0.15371876 
434.694811    0.15037783 
435.006501    0.13980310 
435.341005    0.12266736 
435.694277    0.10043707 
436.060088    0.07464802 
436.431036    0.04618040 
436.798687    0.01525676 
437.153725    -0.01705238 
437.488826    -0.04509723 
437.804912    -0.05711364 
438.109528    -0.04662082 
438.406362    -0.02128522 
438.694048    0.00867740 
438.970545    0.03843268 
439.235141    0.06646985 
439.488872    0.09204833 
439.734720    0.11439218 
439.977638    0.13265777 
440.224185    0.14597232 
440.481748    0.15339381 
440.757292    0.15395567 
441.055665    0.14700360 
441.378070    0.13274599 
441.721733    0.11247360 
442.081030    0.08802121 
442.449010    0.06085466 
442.818115    0.03158797 
443.180166    0.00059385 
443.527253    -0.02961005 
443.856030    -0.05089855 
444.171446    -0.05284689 
444.479971    -0.03550463 
444.782545    -0.00875385 
445.077117    0.01961926 
445.362166    0.04658163 
445.637793    0.07115538 
445.905866    0.09272378 
446.169970    0.11061438 
446.435117    0.12411600 
446.707129    0.13253502 
446.991716    0.13526028 
447.293360    0.13192331 
447.614298    0.12264146 
447.954071    0.10813181 
448.309843    0.08949092 
448.677155    0.06773024 
449.050496    0.04339531 
449.423385    0.01667452 
449.788547    -0.01148317 
450.139874    -0.03672882 
450.476950    -0.04974841 
450.805124    -0.04366887 
451.127753    -0.02309861 
451.443689    0.00269731 
451.750824    0.02830739 
452.048344    0.05189076 
452.337117    0.07286010 
452.619533    0.09080897 
452.899239    0.10528106 
453.180763    0.11578976 
453.468995    0.12186508 
453.768532    0.12311484 
454.082946    0.11932972 
454.414143    0.11059295 
454.762014    0.09729171 
455.124450    0.07996140 
455.497537    0.05901391 
455.875627    0.03456248 
456.251223    0.00676651 
456.615609    -0.02245331 
456.962658    -0.04592724 
457.294327    -0.05204737 
457.616561    -0.03754771 
457.930624    -0.01151815 
458.234281    0.01716616 
458.525735    0.04477751 
458.804974    0.07015757 
459.073842    0.09270325 
459.335890    0.11181257 
459.596116    0.12685474 
459.860504    0.13718636 
460.135351    0.14214922 
460.426315    0.14114583 
460.737280    0.13385792 
461.069391    0.12049777 
461.420735    0.10183209 
461.786732    0.07883771 
462.160729    0.05218835 
462.534209    0.02208025 
462.896919    -0.01074246 
463.239344    -0.04147610 
463.559814    -0.05795242 
463.865784    -0.05055998 
464.162260    -0.02553729 
464.448263    0.00563142 
464.721555    0.03708221 
464.981167    0.06696482 
465.227966    0.09442239 
465.464916    0.11861420 
465.697154    0.13867754 
465.931681    0.15374801 
466.176662    0.16284112 
466.440223    0.16478779 
466.728552    0.15853715 
467.043759    0.14390248 
467.382973    0.12213401 
467.739563    0.09546688 
468.105278    0.06589614 
468.471447    0.03435312 
468.828994    0.00122265 
469.169246    -0.03104194 
469.488574    -0.05391792 
469.792665    -0.05619543 
470.088968    -0.03797453 
470.378843    -0.00977555 
470.660300    0.02034102 
470.931685    0.04932517 
471.192860    0.07614575 
471.445564    0.10003865 
471.693597    0.12014545 
471.942646    0.13556510 
472.199606    0.14537831 
472.471439    0.14867324 
472.763610    0.14477368 
473.078531    0.13370583 
473.414903    0.11651459 
473.768475    0.09493513 
474.133492    0.07058290 
474.503683    0.04433390 
474.872380    0.01643929 
475.232576    -0.01220662 
475.578774    -0.03736111 
475.911197    -0.05005827 
476.235489    -0.04393760 
476.555148    -0.02367275 
476.869209    0.00168055 
477.175676    0.02679436 
477.473751    0.04983720 
477.764231    0.07023748 
478.049370    0.08761071 
478.332627    0.10151627 
478.618288    0.11148307 
478.910935    0.11707451 
479.214780    0.11796069 
479.532980    0.11401526 
479.867091    0.10539681 
480.216823    0.09252705 
480.580116    0.07592677 
480.953355    0.05597204 
481.331428    0.03277264 
481.707653    0.00654206 
482.074395    -0.02084269 
482.426341    -0.04288295 
482.765122    -0.04920841 
483.096002    -0.03645832 
483.420257    -0.01252952 
483.735815    0.01410825 
484.040901    0.03960687 
484.335425    0.06276013 
484.621038    0.08305877 
484.900883    0.10004718 
485.179271    0.11324024 
485.461235    0.12214747 
485.751953    0.12630249 
486.056022    0.12533158 
486.376681    0.11907577 
486.715166    0.10769254 
487.070406    0.09162011 
487.439079    0.07135677 
487.815750    0.04717462 
488.192811    0.01912215 
488.560654    -0.01189931 
488.910299    -0.04077262 
489.240275    -0.05543247 
489.557311    -0.04703385 
489.865408    -0.02209759 
490.163091    0.00829039 
490.448071    0.03854987 
490.719624    0.06690150 
490.979006    0.09253811 
491.229488    0.11471067 
491.476213    0.13266034 
491.725776    0.14563024 
491.985508    0.15280722 
492.262380    0.15333847 
492.561494    0.14659886 
492.884592    0.13265681 
493.229465    0.11251045 
493.590642    0.08769417 
493.960638    0.05947824 
494.330639    0.02839136 
494.690624    -0.00504128 
495.031057    -0.03719260 
495.349107    -0.05734129 
495.651846    -0.05444868 
495.945869    -0.03200932 
496.231299    -0.00160871 
496.505950    0.02977483 
496.768490    0.05980168 
497.019276    0.08753262 
497.260737    0.11210140 
497.497563    0.13257810 
497.736444    0.14802152 
497.985312    0.15741040 
498.252057    0.15961235 
498.542604    0.15369802 
498.858894    0.13964953 
499.198194    0.11883953 
499.554405    0.09351424 
499.920117    0.06562226 
500.287727    0.03608027 
500.649419    0.00521615 
500.997613    -0.02510401 
501.328386    -0.04804139 
501.645614    -0.05332682 
501.956033    -0.03896298 
502.261438    -0.01377811 
502.560027    0.01383547 
502.850128    0.04026467 
503.131577    0.06438388 
503.405885    0.08562764 
503.676188    0.10339876 
503.946988    0.11703586 
504.223630    0.12588402 
504.511476    0.12937347 
504.814912    0.12715630 
505.136405    0.11930013 
505.476025    0.10638373 
505.831592    0.08932896 
506.199246    0.06902033 
506.573930    0.04595554 
506.949478    0.02028361 
507.318703    -0.00728234 
507.674998    -0.03307314 
508.016716    -0.04833444 
508.348604    -0.04503663 
508.674661    -0.02609262 
508.994282    -0.00075623 
509.305404    0.02488246 
509.607088    0.04860217 
509.900075    0.06970057 
510.186650    0.08774941 
510.470375    0.10229056 
510.755712    0.11284056 
511.047509    0.11893648 
511.350341    0.12019242 
511.667779    0.11639508 
512.001732    0.10760616 
512.352054    0.09417543 
512.716516    0.07659499 
513.090966    0.05524334 
513.469392    0.03024901 
513.843919    0.00197020 
514.205890    -0.02697018 
514.550437    -0.04823545 
514.881123    -0.05057969 
515.203737    -0.03329952 
515.518805    -0.00641105 
515.824057    0.02203134 
516.118041    0.04888741 
516.401169    0.07313686 
516.675719    0.09417491 
516.945615    0.11139962 
517.216045    0.12420204 
517.492872    0.13198838 
517.781832    0.13421628 
518.087547    0.13052105 
518.412543    0.12091703 
518.756661    0.10590552 
519.117085    0.08631290 
519.488793    0.06289290 
519.864915    0.03599754 
520.236802    0.00589147 
520.594887    -0.02527280 
520.933162    -0.04949343 
521.254957    -0.05444152 
521.567230    -0.03789657 
521.871383    -0.01014441 
522.165245    0.01990690 
522.447153    0.04875527 
522.717222    0.07527071 
522.977516    0.09874017 
523.232010    0.11841981 
523.486326    0.13354568 
523.747154    0.14334026 
524.021335    0.14701090 
524.314584    0.14389817 
524.630050    0.13383185 
524.967408    0.11744433 
525.323036    0.09603402 
525.691030    0.07094614 
526.064083    0.04295521 
526.433686    0.01233471 
526.790520    -0.01951491 
527.127796    -0.04626710 
527.447335    -0.05599783 
527.756604    -0.04356506 
528.058556    -0.01756066 
528.351543    0.01217158 
528.633667    0.04122880 
528.904556    0.06822731 
529.165683    0.09244302 
529.420442    0.11312143 
529.674009    0.12945361 
529.932850    0.14061252 
530.203838    0.14575951 
530.492973    0.14416708 
530.803903    0.13556024 
531.136877    0.12047639 
531.488794    0.10020965 
531.854225    0.07622722 
532.226442    0.04949547 
532.597764    0.02035024 
532.959680    -0.01040328 
533.304886    -0.03843473 
533.632676    -0.05349696 
533.949591    -0.04747459 
534.260159    -0.02533313 
534.563633    0.00264611 
534.857982    0.03062069 
535.142419    0.05662342 
535.417916    0.07991068 
535.687203    0.09985353 
535.954601    0.11576038 
536.225592    0.12692533 
536.506081    0.13268153 
536.801384    0.13249998 
537.115113    0.12619418 
537.448324    0.11412669 
537.799347    0.09717813 
538.164289    0.07639491 
538.537699    0.05252910 
538.912887    0.02588225 
539.282038    -0.00298468 
539.637597    -0.03090715 
539.976817    -0.04922514 
540.304536    -0.04840910 
540.625974    -0.03000902 
540.941215    -0.00382532 
541.248204    0.02313252 
541.545828    0.04822037 
541.834703    0.07058094 
542.117125    0.08969362 
542.396821    0.10502023 
542.678543    0.11600899 
542.967459    0.12214765 
543.268379    0.12303555 
543.584891    0.11850726 
543.918653    0.10875749 
544.269083    0.09433475 
544.633498    0.07593497 
545.007459    0.05408769 
545.384946    0.02901024 
545.758429    0.00112941 
546.119961    -0.02690551 
546.465411    -0.04710880 
546.798384    -0.04911986 
547.124290    -0.03251664 
547.443598    -0.00678266 
547.754154    0.02035346 
548.054593    0.04581462 
548.345329    0.06863680 
548.628510    0.08831009 
548.907753    0.10432853 
549.187759    0.11616344 
549.473777    0.12330090 
549.770886    0.12529525 
550.083163    0.12187777 
550.412893    0.11309592 
550.760089    0.09936183 
551.122472    0.08130440 
551.495727    0.05946224 
551.873690    0.03405670 
552.248336    0.00534730 
552.610630    -0.02448497 
552.954771    -0.04767313 
553.283619    -0.05240373 
553.603462    -0.03643223 
553.915430    -0.00956956 
554.217315    0.01947945 
554.507500    0.04721649 
554.786194    0.07253258 
555.055497    0.09479007 
555.319262    0.11333884 
555.582776    0.12750450 
555.852220    0.13660797 
556.133854    0.13998478 
556.432940    0.13710896 
556.752555    0.12784801 
557.092787    0.11266786 
557.450703    0.09252260 
557.820948    0.06839777 
558.196326    0.04083972 
558.567930    0.01009034 
558.925750    -0.02214759 
559.262732    -0.04861045 
559.581349    -0.05651783 
559.889295    -0.04174816 
560.189011    -0.01413548 
560.478617    0.01661761 
560.756310    0.04650140 
561.021941    0.07422590 
561.277318    0.09899981 
561.526308    0.11999423 
561.774659    0.13635597 
562.029437    0.14721015 
562.298047    0.15163342 
562.586780    0.14880116 
562.899114    0.13842273 
563.234577    0.12118191 
563.588986    0.09862510 
563.955780    0.07241112 
564.327198    0.04354886 
564.694627    0.01242630 
565.049016    -0.01953000 
565.384123    -0.04611349 
565.702238    -0.05578432 
566.011087    -0.04362431 
566.313890    -0.01803551 
566.609199    0.01122037 
566.895200    0.03966264 
567.171557    0.06584260 
567.439777    0.08901915 
567.703243    0.10844499 
567.966991    0.12332814 
568.237110    0.13288967 
568.519762    0.13642553 
568.819932    0.13347400 
569.140214    0.12410351 
569.480195    0.10908588 
569.836769    0.08967369 
570.205033    0.06706299 
570.579003    0.04194315 
570.951825    0.01461378 
571.316086    -0.01376190 
571.666083    -0.03838680 
572.002304    -0.04978229 
572.330504    -0.04206698 
572.653827    -0.02081982 
572.971129    0.00482524 
573.280590    0.02983049 
573.581736    0.05250379 
573.875739    0.07228413 
574.165202    0.08877566 
574.453844    0.10154768 
574.746060    0.11016144 
575.046351    0.11423095 
575.358647    0.11349957 
575.685645    0.10793389 
576.028330    0.09777368 
576.385797    0.08346467 
576.755346    0.06546635 
577.132637    0.04404241 
577.511685    0.01931372 
577.885042    -0.00787258 
578.245639    -0.03351312 
578.591571    -0.04830460 
578.927527    -0.04404457 
579.257223    -0.02417598 
579.579763    0.00173696 
579.893040    0.02768465 
580.196256    0.05152681 
580.490400    0.07256667 
580.778049    0.09036839 
581.063039    0.10448351 
581.350053    0.11444791 
581.644083    0.11981616 
581.949758    0.12021894 
582.270603    0.11546270 
582.608360    0.10562622 
582.962590    0.09105685 
583.330615    0.07220599 
583.707612    0.04937311 
584.086607    0.02265063 
584.458594    -0.00724406 
584.814612    -0.03609687 
585.151919    -0.05301954 
585.476346    -0.04800861 
585.792556    -0.02536195 
586.099604    0.00382648 
586.395191    0.03316779 
586.678466    0.06052401 
586.950563    0.08506778 
587.214546    0.10612275 
587.475188    0.12299617 
587.738522    0.13499828 
588.011141    0.14143699 
588.299207    0.14166682 
588.607214    0.13529552 
588.936845    0.12247584 
589.286476    0.10399813 
589.651553    0.08097211 
590.025332    0.05426374 
590.399291    0.02421984 
590.763342    -0.00844436 
591.108070    -0.03934218 
591.431459    -0.05689619 
591.740822    -0.05102217 
592.041682    -0.02699573 
592.333424    0.00362210 
592.613876    0.03453786 
592.882104    0.06369554 
593.139066    0.09019434 
593.387821    0.11318791 
593.633518    0.13179041 
593.882971    0.14510723 
594.143811    0.15219094 
594.423139    0.15209581 
594.725758    0.14423980 
595.052617    0.12895636 
595.400544    0.10765131 
595.763440    0.08218366 
596.133777    0.05394690 
596.503284    0.02351196 
596.863101    -0.00838167 
597.205617    -0.03773302 
597.529883    -0.05441144 
597.842838    -0.04959975 
598.149821    -0.02771169 
598.450480    0.00062493 
598.742792    0.02912063 
599.025856    0.05560650 
599.300549    0.07925549 
599.569591    0.09938279 
599.837374    0.11525124 
600.109480    0.12612471 
600.391831    0.13133511 
600.689587    0.13040682 
601.005988    0.12328269 
601.341610    0.11050989 
601.694386    0.09313377 
602.060267    0.07228181 
602.433925    0.04871820 
602.809064    0.02277093 
603.178571    -0.00486517 
603.535947    -0.03088104 
603.879337    -0.04710427 
604.213293    -0.04537751 
604.542173    -0.02775423 
604.865784    -0.00328669 
605.182199    0.02158913 
605.490471    0.04441097 
605.791283    0.06443668 
606.086786    0.08130237 
606.380273    0.09464483 
606.675785    0.10407995 
606.977605    0.10925351 
607.289669    0.10990291 
607.614968    0.10593164 
607.955036    0.09746161 
608.309678    0.08480474 
608.676925    0.06832934 
609.053104    0.04827741 
609.432818    0.02474247 
609.808993    -0.00172333 
610.174169    -0.02808680 
610.524776    -0.04612685 
610.864335    -0.04626111 
611.197355    -0.02909068 
611.523715    -0.00388949 
611.841228    0.02223563 
612.148708    0.04649662 
612.446756    0.06801801 
612.737635    0.08635213 
613.024931    0.10107072 
613.313156    0.11172930 
613.607232    0.11789562 
613.911870    0.11919689 
614.230843    0.11540473 
614.566310    0.10652873 
614.918329    0.09283421 
615.284698    0.07471607 
615.660972    0.05246394 
616.040430    0.02616152 
616.414115    -0.00364714 
616.772568    -0.03332527 
617.111834    -0.05247970 
617.437213    -0.04990161 
617.754084    -0.02830473 
618.061941    0.00096547 
618.358408    0.03079252 
618.642430    0.05871872 
618.914975    0.08382715 
619.179008    0.10540730 
619.439280    0.12274414 
619.701879    0.13513453 
619.973507    0.14187757 
620.260479    0.14231467 
620.567450    0.13603336 
620.896225    0.12317121 
621.245212    0.10452743 
621.609789    0.08124981 
621.983089    0.05425753 
622.356465    0.02394864 
622.719765    -0.00890252 
623.063669    -0.03979676 
623.386467    -0.05705825 
623.695707    -0.05078319 
623.996924    -0.02650740 
624.289479    0.00419029 
624.571200    0.03506682 
624.841181    0.06406830 
625.100447    0.09027061 
625.352163    0.11280645 
625.601575    0.13077742 
625.855509    0.14328635 
626.121426    0.14941365 
626.406014    0.14831404 
626.713460    0.13959949 
627.044140    0.12381593 
627.394620    0.10245196 
627.758891    0.07726391 
628.129701    0.04946385 
628.499084    0.01953917 
628.858583    -0.01157713 
629.201386    -0.03936697 
629.527564    -0.05360583 
629.844030    -0.04680051 
630.155227    -0.02441120 
630.460361    0.00336653 
630.757461    0.03084713 
631.045835    0.05610670 
631.326566    0.07840927 
631.602467    0.09714723 
631.877826    0.11166977 
632.157888    0.12133606 
632.448049    0.12559236 
632.752878    0.12409359 
633.075157    0.11687939 
633.415311    0.10447527 
633.771445    0.08775495 
634.139822    0.06759434 
634.515347    0.04453853 
634.891738    0.01883751 
635.261763    -0.00861281 
635.619041    -0.03384400 
635.962430    -0.04797302 
636.296863    -0.04356801 
636.626075    -0.02423110 
636.949354    0.00083128 
637.264797    0.02579950 
637.571711    0.04857445 
637.871071    0.06849420 
638.165312    0.08517027 
638.458003    0.09819995 
638.753419    0.10716661 
639.056015    0.11168987 
639.369797    0.11149053 
639.697673    0.10647266 
640.040924    0.09677693 
640.398922    0.08273942 
640.769106    0.06473441 
641.147039    0.04298756 
641.526390    0.01764621 
641.899209    -0.01025523 
642.258186    -0.03610630 
642.601996    -0.04973943 
642.936002    -0.04330836 
643.263742    -0.02165360 
643.584045    0.00528585 
643.894871    0.03182286 
644.195670    0.05600279 
644.487758    0.07712410 
644.774089    0.09468999 
645.058889    0.10820381 
645.347157    0.11718016 
645.644030    0.12118215 
645.954013    0.11989211 
646.280188    0.11322399 
646.623570    0.10140254 
646.982833    0.08490344 
647.354371    0.06422961 
647.732449    0.03966759 
648.109243    0.01144652 
648.475468    -0.01879254 
648.824001    -0.04442549 
649.156143    -0.05334018 
649.478730    -0.04043268 
649.794163    -0.01442748 
650.100539    0.01483386 
650.396028    0.04295291 
650.680604    0.06851158 
650.956228    0.09080005 
651.226668    0.10915849 
651.497126    0.12292691 
651.773621    0.13147107 
652.062128    0.13421751 
652.367517    0.13077879 
652.692488    0.12116834 
653.036902    0.10592716 
653.397811    0.08596220 
653.769968    0.06212763 
654.146287    0.03487362 
654.518012    0.00457766 
654.875738    -0.02639380 
655.214054    -0.04978074 
655.536890    -0.05357121 
655.851179    -0.03637443 
656.158190    -0.00864250 
656.455849    0.02097904 
656.742686    0.04911340 
657.019048    0.07463990 
