0.000000    0.00000000 
0.400000    0.00816170 
0.800000    0.01497191 
1.200000    0.01945119 
1.600000    0.02104008 
2.000000    0.01953888 
2.400000    0.01510008 
2.800000    0.00829500 
3.200000    0.00014343 
3.600000    -0.00799342 
4.000000    -0.01464997 
4.400000    -0.01855027 
4.800000    -0.01889816 
5.200000    -0.01560615 
5.600000    -0.00936068 
6.000000    -0.00143860 
6.400000    0.00666573 
6.800000    0.01360864 
7.200000    0.01839925 
7.600000    0.02043044 
8.000000    0.01945167 
8.400000    0.01557941 
8.800000    0.00933888 
9.200000    0.00166241 
9.600000    -0.00620785 
10.000000    -0.01290633 
10.400000    -0.01718980 
10.800000    -0.01821410 
11.200000    -0.01577666 
11.600000    -0.01040438 
12.000000    -0.00320368 
12.400000    0.00446423 
12.800000    0.01131272 
13.200000    0.01633390 
13.600000    0.01886936 
14.000000    0.01861611 
14.400000    0.01562757 
14.800000    0.01032020 
15.200000    0.00346279 
15.600000    -0.00388033 
16.000000    -0.01047550 
16.400000    -0.01512757 
16.800000    -0.01694680 
17.200000    -0.01559246 
17.600000    -0.01137749 
18.000000    -0.00517116 
18.400000    0.00185059 
18.800000    0.00848539 
19.200000    0.01371550 
19.600000    0.01682006 
20.000000    0.01741363 
20.400000    0.01544991 
20.800000    0.01121582 
21.200000    0.00531811 
21.600000    -0.00135456 
22.000000    -0.00772082 
22.400000    -0.01266876 
22.800000    -0.01528236 
23.200000    -0.01507289 
23.600000    -0.01211777 
24.000000    -0.00703418 
24.400000    -0.00079984 
24.800000    0.00549019 
25.200000    0.01083597 
25.600000    0.01446800 
26.000000    0.01591086 
26.400000    0.01500228 
26.800000    0.01189179 
27.200000    0.00702823 
27.600000    0.00113020 
28.000000    -0.00487846 
28.400000    -0.00998886 
28.800000    -0.01328803 
29.200000    -0.01416740 
29.600000    -0.01248424 
30.000000    -0.00859968 
30.400000    -0.00327277 
30.800000    0.00253636 
31.200000    0.00787039 
31.600000    0.01192737 
32.000000    0.01414833 
32.400000    0.01425529 
32.800000    0.01226034 
33.200000    0.00845866 
33.600000    0.00340681 
34.000000    -0.00212422 
34.400000    -0.00723767 
34.800000    -0.01105224 
35.200000    -0.01288129 
35.600000    -0.01239937 
36.000000    -0.00972770 
36.400000    -0.00539726 
36.800000    -0.00020758 
37.200000    0.00495609 
37.600000    0.00928418 
38.000000    0.01215207 
38.400000    0.01317803 
38.800000    0.01224545 
39.200000    0.00950395 
39.600000    0.00535557 
40.000000    0.00042167 
40.400000    -0.00452161 
40.800000    -0.00865109 
41.200000    -0.01124478 
41.600000    -0.01184007 
42.000000    -0.01034785 
42.400000    -0.00707337 
42.800000    -0.00263378 
43.200000    0.00219035 
43.600000    0.00661284 
44.000000    0.00996682 
44.400000    0.01178297 
44.800000    0.01182796 
45.200000    0.01011624 
45.600000    0.00690434 
46.000000    0.00266863 
46.400000    -0.00194059 
46.800000    -0.00617949 
47.200000    -0.00932909 
47.600000    -0.01083677 
48.000000    -0.01044222 
48.400000    -0.00824057 
48.800000    -0.00465534 
49.200000    -0.00033307 
49.600000    0.00399744 
50.000000    0.00765641 
50.400000    0.01010861 
50.800000    0.01101949 
51.200000    0.01028010 
51.600000    0.00801090 
52.000000    0.00454915 
52.400000    0.00041725 
52.800000    -0.00373571 
53.200000    -0.00722593 
53.600000    -0.00945510 
54.000000    -0.01003495 
54.400000    -0.00887681 
54.800000    -0.00621130 
55.200000    -0.00252974 
55.600000    0.00152857 
56.000000    0.00530300 
56.400000    0.00821870 
56.800000    0.00985930 
57.200000    0.01000676 
57.600000    0.00865631 
58.000000    0.00601340 
58.400000    0.00247371 
58.800000    -0.00141834 
59.200000    -0.00503903 
59.600000    -0.00778344 
60.000000    -0.00917943 
60.400000    -0.00898913 
60.800000    -0.00726335 
61.200000    -0.00432742 
61.600000    -0.00070407 
62.000000    0.00299761 
62.400000    0.00619247 
62.800000    0.00840549 
63.200000    0.00932687 
63.600000    0.00883974 
64.000000    0.00702719 
64.400000    0.00416241 
64.800000    0.00068042 
65.200000    -0.00287311 
65.600000    -0.00591938 
66.000000    -0.00794504 
66.400000    -0.00860371 
66.800000    -0.00779137 
67.200000    -0.00566885 
67.600000    -0.00262250 
68.000000    0.00082182 
68.400000    0.00410216 
68.800000    0.00671365 
69.200000    0.00827662 
69.600000    0.00857736 
70.000000    0.00758601 
70.400000    0.00545654 
70.800000    0.00251010 
71.200000    -0.00080071 
71.600000    -0.00395010 
72.000000    -0.00641982 
72.400000    -0.00779249 
72.800000    -0.00783647 
73.200000    -0.00655614 
73.600000    -0.00418943 
74.000000    -0.00115347 
74.400000    0.00204234 
74.800000    0.00488920 
75.200000    0.00695713 
75.600000    0.00794930 
76.000000    0.00773266 
76.400000    0.00634879 
76.800000    0.00400800 
77.200000    0.00106629 
77.600000    -0.00201739 
78.000000    -0.00474557 
78.400000    -0.00666416 
78.800000    -0.00744830 
79.200000    -0.00696981 
79.600000    -0.00532448 
80.000000    -0.00280926 
80.400000    0.00014239 
80.800000    0.00304566 
81.200000    0.00544716 
81.600000    0.00699010 
82.000000    0.00745682 
82.400000    0.00679017 
82.800000    0.00509710 
83.200000    0.00263580 
83.600000    -0.00021438 
84.000000    -0.00300248 
84.400000    -0.00527400 
84.800000    -0.00664991 
85.200000    -0.00690037 
85.600000    -0.00599231 
86.000000    -0.00409519 
86.400000    -0.00154301 
86.800000    0.00123479 
87.200000    0.00379245 
87.600000    0.00573891 
88.000000    0.00679044 
88.400000    0.00680261 
88.800000    0.00578361 
89.200000    0.00389145 
89.600000    0.00141528 
90.000000    -0.00126017 
90.400000    -0.00370814 
90.800000    -0.00552772 
91.200000    -0.00641611 
91.600000    -0.00622821 
92.000000    -0.00500627 
92.400000    -0.00296946 
92.800000    -0.00046724 
93.200000    0.00208896 
93.600000    0.00429712 
94.000000    0.00582498 
94.400000    0.00645255 
94.800000    0.00609615 
95.200000    0.00481577 
95.600000    0.00280716 
96.000000    0.00037844 
96.400000    -0.00208986 
96.800000    -0.00420059 
97.200000    -0.00560616 
97.600000    -0.00607295 
98.000000    -0.00552779 
98.400000    -0.00407239 
98.800000    -0.00196108 
99.200000    0.00045110 
99.600000    0.00277437 
100.000000    0.00464849 
100.400000    0.00579431 
100.800000    0.00604826 
101.200000    0.00537989 
101.600000    0.00389390 
102.000000    0.00181737 
102.400000    -0.00052845 
102.800000    -0.00277206 
103.200000    -0.00454911 
103.600000    -0.00556550 
104.000000    -0.00565317 
104.400000    -0.00480366 
104.800000    -0.00316901 
105.200000    -0.00102976 
105.600000    0.00125995 
106.000000    0.00333538 
106.400000    0.00487846 
106.800000    0.00566146 
107.200000    0.00557430 
107.600000    0.00463597 
108.000000    0.00299132 
108.400000    0.00089317 
108.800000    -0.00133053 
109.200000    -0.00332401 
109.600000    -0.00476119 
110.000000    -0.00540401 
110.400000    -0.00514830 
110.800000    -0.00404426 
111.200000    -0.00228529 
111.600000    -0.00016870 
112.000000    0.00196025 
112.400000    0.00376698 
112.800000    0.00497784 
113.200000    0.00541614 
113.600000    0.00502275 
114.000000    0.00386178 
114.400000    0.00211211 
114.800000    0.00004473 
115.200000    -0.00201423 
115.600000    -0.00373276 
116.000000    -0.00482870 
116.400000    -0.00512148 
116.800000    -0.00456698 
117.200000    -0.00326573 
117.600000    -0.00144182 
118.000000    0.00060107 
118.400000    0.00253453 
118.800000    0.00405865 
119.200000    0.00494524 
119.600000    0.00506682 
120.000000    0.00441104 
120.400000    0.00308105 
120.800000    0.00128221 
121.200000    -0.00070487 
121.600000    -0.00256431 
122.000000    -0.00399465 
122.400000    -0.00476102 
122.800000    -0.00473880 
123.200000    -0.00393755 
123.600000    -0.00249828 
124.000000    -0.00066495 
124.400000    0.00126169 
124.800000    0.00297617 
125.200000    0.00421581 
125.600000    0.00479706 
126.000000    0.00463823 
126.400000    0.00376835 
126.800000    0.00232270 
127.200000    0.00052529 
127.600000    -0.00134168 
128.000000    -0.00297956 
128.400000    -0.00412197 
128.800000    -0.00458187 
129.200000    -0.00428661 
129.600000    -0.00329156 
130.000000    -0.00176839 
130.400000    0.00002855 
130.800000    0.00180853 
131.200000    0.00329287 
131.600000    0.00425659 
132.000000    0.00455857 
132.400000    0.00415864 
132.800000    0.00312145 
133.200000    0.00160778 
133.600000    -0.00014682 
134.000000    -0.00186519 
134.400000    -0.00327113 
134.800000    -0.00413566 
135.200000    -0.00431817 
135.600000    -0.00379277 
136.000000    -0.00265271 
136.400000    -0.00109151 
136.800000    0.00063365 
137.200000    0.00224717 
137.600000    0.00349922 
138.000000    0.00420181 
138.400000    0.00425340 
138.800000    0.00365084 
139.200000    0.00248894 
139.600000    0.00094787 
140.000000    -0.00073142 
140.400000    -0.00228223 
140.800000    -0.00345435 
141.200000    -0.00405696 
141.600000    -0.00399327 
142.000000    -0.00327854 
142.400000    -0.00203642 
142.800000    -0.00047487 
143.200000    0.00115206 
143.600000    0.00258739 
144.000000    0.00361097 
144.400000    0.00407045 
144.800000    0.00390074 
145.200000    0.00313146 
145.600000    0.00188250 
146.000000    0.00034794 
146.400000    -0.00123107 
146.800000    -0.00260253 
147.200000    -0.00354462 
147.600000    -0.00390434 
148.000000    -0.00362547 
148.400000    -0.00275880 
148.800000    -0.00145177 
149.200000    0.00007949 
149.600000    0.00158862 
150.000000    0.00283959 
150.400000    0.00364216 
150.800000    0.00387788 
151.200000    0.00351504 
151.600000    0.00261199 
152.000000    0.00130905 
152.400000    -0.00019062 
152.800000    -0.00165020 
153.200000    -0.00283579 
153.600000    -0.00355538 
154.000000    -0.00369272 
154.400000    -0.00322861 
154.800000    -0.00224399 
155.200000    -0.00090416 
155.600000    0.00057176 
156.000000    0.00194871 
156.400000    0.00301321 
156.800000    0.00360456 
157.200000    0.00363640 
157.600000    0.00310739 
158.000000    0.00210078 
158.400000    0.00077300 
158.800000    -0.00066805 
159.200000    -0.00199375 
159.600000    -0.00299096 
160.000000    -0.00349816 
160.400000    -0.00343429 
160.800000    -0.00281342 
161.200000    -0.00174162 
161.600000    -0.00039680 
162.000000    0.00100330 
162.400000    0.00223769 
162.800000    0.00311647 
163.200000    0.00350790 
163.600000    0.00335579 
164.000000    0.00268628 
164.400000    0.00160389 
164.800000    0.00027720 
165.200000    -0.00108520 
165.600000    -0.00226625 
166.000000    -0.00307560 
166.400000    -0.00338242 
166.800000    -0.00313883 
167.200000    -0.00238839 
167.600000    -0.00125753 
168.000000    0.00006791 
168.400000    0.00137529 
168.800000    0.00245995 
169.200000    0.00315617 
169.600000    0.00336034 
170.000000    0.00304443 
170.400000    0.00225915 
170.800000    0.00112679 
171.200000    -0.00017577 
171.600000    -0.00144286 
172.000000    -0.00247185 
172.400000    -0.00309670 
172.800000    -0.00321685 
173.200000    -0.00281524 
173.600000    -0.00196112 
174.000000    -0.00079681 
174.400000    0.00048812 
174.800000    0.00168925 
175.200000    0.00261992 
175.600000    0.00313884 
176.000000    0.00316949 
176.400000    0.00270991 
176.800000    0.00183252 
177.200000    0.00067397 
177.600000    -0.00058413 
178.000000    -0.00174231 
178.400000    -0.00261483 
178.800000    -0.00306087 
179.200000    -0.00300929 
179.600000    -0.00247130 
180.000000    -0.00153802 
180.400000    -0.00036347 
180.800000    0.00086269 
181.200000    0.00194690 
181.600000    0.00272179 
182.000000    0.00307042 
182.400000    0.00294216 
182.800000    0.00235897 
183.200000    0.00141209 
183.600000    0.00024927 
184.000000    -0.00094654 
184.400000    -0.00198504 
184.800000    -0.00269931 
185.200000    -0.00297426 
185.600000    -0.00276692 
186.000000    -0.00211398 
186.400000    -0.00112469 
186.800000    0.00003904 
187.200000    0.00119080 
187.600000    0.00215002 
188.000000    0.00276952 
188.400000    0.00295645 
188.800000    0.00268466 
189.200000    0.00199779 
189.600000    0.00100308 
190.000000    -0.00014387 
190.400000    -0.00126193 
190.800000    -0.00217260 
191.200000    -0.00272932 
191.600000    -0.00284274 
192.000000    -0.00249647 
192.400000    -0.00174973 
192.800000    -0.00072629 
193.200000    0.00040768 
193.600000    0.00147182 
194.000000    0.00230041 
194.400000    0.00276703 
194.800000    0.00280232 
195.200000    0.00240308 
195.600000    0.00163235 
196.000000    0.00061044 
196.400000    -0.00050229 
196.800000    -0.00152951 
197.200000    -0.00230679 
197.600000    -0.00270904 
198.000000    -0.00267221 
198.400000    -0.00220456 
198.800000    -0.00138478 
199.200000    -0.00034765 
199.600000    0.00073970 
200.000000    0.00170549 
200.400000    0.00240020 
200.800000    0.00271846 
201.200000    0.00261358 
201.600000    0.00210361 
202.000000    0.00126853 
202.400000    0.00023887 
202.800000    -0.00082327 
203.200000    -0.00174905 
203.600000    -0.00238999 
204.000000    -0.00264312 
204.400000    -0.00246882 
204.800000    -0.00189778 
205.200000    -0.00102506 
205.600000    0.00000695 
206.000000    0.00103306 
206.400000    0.00189223 
206.800000    0.00245216 
207.200000    0.00262845 
207.600000    0.00239604 
208.000000    0.00179236 
208.400000    0.00091186 
208.800000    -0.00010754 
209.200000    -0.00110487 
209.600000    -0.00192113 
210.000000    -0.00242530 
210.400000    -0.00253663 
210.800000    -0.00223877 
211.200000    -0.00158238 
211.600000    -0.00067583 
212.000000    0.00033402 
212.400000    0.00128659 
212.800000    0.00203321 
213.200000    0.00245956 
213.600000    0.00250183 
214.000000    0.00215537 
214.400000    0.00147501 
214.800000    0.00056716 
215.200000    -0.00042560 
215.600000    -0.00134604 
216.000000    -0.00204708 
216.400000    -0.00241618 
216.800000    -0.00239466 
217.200000    -0.00198786 
217.600000    -0.00126394 
218.000000    -0.00034153 
218.400000    0.00063092 
218.800000    0.00149969 
219.200000    0.00212996 
219.600000    0.00242570 
220.000000    0.00234320 
220.400000    0.00189680 
220.800000    0.00115668 
221.200000    0.00023872 
221.600000    -0.00071253 
222.000000    -0.00154599 
222.400000    -0.00212828 
222.800000    -0.00236605 
223.200000    -0.00222208 
223.600000    -0.00172167 
224.000000    -0.00094780 
224.400000    -0.00002644 
224.800000    0.00089504 
225.200000    0.00167184 
225.600000    0.00218402 
226.000000    0.00235402 
226.400000    0.00215738 
226.800000    0.00162587 
227.200000    0.00084282 
227.600000    -0.00006897 
228.000000    -0.00096556 
228.400000    -0.00170423 
228.800000    -0.00216668 
229.200000    -0.00227904 
229.600000    -0.00202456 
230.000000    -0.00144639 
230.400000    -0.00063965 
230.800000    0.00026518 
231.200000    0.00112427 
231.600000    0.00180335 
232.000000    0.00219812 
232.400000    0.00224919 
232.800000    0.00195028 
233.200000    0.00134880 
233.600000    0.00053896 
234.000000    -0.00035203 
234.400000    -0.00118316 
234.800000    -0.00182190 
235.200000    -0.00216598 
235.600000    -0.00216074 
236.000000    -0.00180857 
236.400000    -0.00116824 
236.800000    -0.00034436 
237.200000    0.00053066 
237.600000    0.00131849 
238.000000    0.00189662 
238.400000    0.00217666 
238.800000    0.00211688 
239.200000    0.00172789 
239.600000    0.00107091 
240.000000    0.00024886 
240.400000    -0.00060885 
240.800000    -0.00136616 
241.200000    -0.00190211 
241.600000    -0.00213094 
242.000000    -0.00201671 
242.400000    -0.00157944 
242.800000    -0.00089137 
243.200000    -0.00006422 
243.600000    0.00076980 
244.000000    0.00147950 
244.400000    0.00195498 
244.800000    0.00212384 
245.200000    0.00196142 
245.600000    0.00149399 
246.000000    0.00079489 
246.400000    -0.00002622 
246.800000    -0.00083971 
247.200000    -0.00151623 
247.600000    -0.00194755 
248.000000    -0.00206478 
248.400000    -0.00185011 
248.800000    -0.00133977 
249.200000    -0.00061749 
249.600000    0.00020007 
250.000000    0.00098287 
250.400000    0.00160828 
250.800000    0.00197986 
251.200000    0.00204133 
251.600000    0.00178449 
252.000000    0.00125015 
252.400000    0.00052212 
252.800000    -0.00028511 
253.200000    -0.00104377 
253.600000    -0.00163293 
254.000000    -0.00195829 
254.400000    -0.00196815 
254.800000    -0.00166218 
255.200000    -0.00109134 
255.600000    -0.00034877 
256.000000    0.00044617 
256.400000    0.00116759 
256.800000    0.00170301 
257.200000    0.00197020 
257.600000    0.00192912 
258.000000    0.00158736 
258.400000    0.00099890 
258.800000    0.00025615 
259.200000    -0.00052380 
259.600000    -0.00121719 
260.000000    -0.00171337 
260.400000    -0.00193306 
260.800000    -0.00184178 
261.200000    -0.00145571 
261.600000    -0.00083861 
262.000000    -0.00009066 
262.400000    0.00066851 
262.800000    0.00131931 
263.200000    0.00176074 
263.600000    0.00192545 
264.000000    0.00178930 
264.400000    0.00137457 
264.800000    0.00074660 
265.200000    0.00000411 
265.600000    -0.00073565 
266.000000    -0.00135517 
266.400000    -0.00175561 
266.800000    -0.00187326 
267.200000    -0.00169033 
267.600000    -0.00123780 
268.000000    -0.00058990 
268.400000    0.00014882 
268.800000    0.00086087 
269.200000    0.00143471 
269.600000    0.00178181 
270.000000    0.00184960 
270.400000    0.00162891 
270.800000    0.00115504 
271.200000    0.00050246 
271.600000    -0.00022619 
272.000000    -0.00091577 
272.400000    -0.00145672 
272.800000    -0.00176287 
273.200000    -0.00178582 
273.600000    -0.00152310 
274.000000    -0.00101842 
274.400000    -0.00035392 
274.800000    0.00036384 
275.200000    0.00102139 
275.600000    0.00151627 
276.000000    0.00177251 
276.400000    0.00175163 
276.800000    0.00145801 
277.200000    0.00093805 
277.600000    0.00027331 
278.000000    -0.00043169 
278.400000    -0.00106547 
278.800000    -0.00152731 
279.200000    -0.00174370 
279.600000    -0.00168070 
280.000000    -0.00134956 
280.400000    -0.00080467 
280.800000    -0.00013410 
281.200000    0.00055525 
281.600000    0.00115492 
282.000000    0.00157184 
282.400000    0.00174219 
282.800000    0.00164062 
283.200000    0.00128372 
283.600000    0.00072748 
284.000000    0.00005907 
284.400000    -0.00061631 
284.800000    -0.00119171 
285.200000    -0.00157553 
285.600000    -0.00170664 
286.000000    -0.00156467 
286.400000    -0.00117340 
286.800000    -0.00059654 
287.200000    0.00007319 
287.600000    0.00072945 
288.000000    0.00126931 
288.400000    0.00160911 
288.800000    0.00169687 
289.200000    0.00151978 
289.600000    0.00110587 
290.000000    0.00051994 
290.400000    -0.00014612 
290.800000    -0.00078718 
291.200000    -0.00130138 
291.600000    -0.00160662 
292.000000    -0.00165421 
292.400000    -0.00143709 
292.800000    -0.00099099 
293.200000    -0.00038820 
293.600000    0.00027468 
294.000000    0.00089262 
294.400000    0.00136883 
294.800000    0.00162956 
295.200000    0.00163494 
295.600000    0.00138475 
296.000000    0.00091831 
296.400000    0.00030875 
296.800000    -0.00034798 
297.200000    -0.00094780 
297.600000    -0.00139501 
298.000000    -0.00161798 
298.400000    -0.00158118 
298.800000    -0.00129119 
299.200000    -0.00079548 
299.600000    -0.00017424 
300.000000    0.00047312 
300.400000    0.00104418 
300.800000    0.00144961 
301.200000    0.00162669 
301.600000    0.00154854 
302.000000    0.00122791 
302.400000    0.00071528 
302.800000    0.00009131 
303.200000    -0.00054531 
303.600000    -0.00109327 
304.000000    -0.00146488 
304.400000    -0.00160061 
304.800000    -0.00147913 
305.200000    -0.00112089 
305.600000    -0.00058446 
306.000000    0.00004348 
306.400000    0.00066262 
306.800000    0.00117522 
307.200000    0.00150134 
307.600000    0.00159079 
308.000000    0.00143046 
308.400000    0.00104607 
308.800000    0.00049834 
309.200000    -0.00012618 
309.600000    -0.00072835 
310.000000    -0.00121209 
310.400000    -0.00150000 
310.800000    -0.00154621 
311.200000    -0.00134416 
311.600000    -0.00092752 
312.000000    -0.00036434 
312.400000    0.00025458 
312.800000    0.00083072 
313.200000    0.00127351 
313.600000    0.00151428 
314.000000    0.00151645 
314.400000    0.00128071 
314.800000    0.00084479 
315.200000    0.00027773 
315.600000    -0.00033063 
316.000000    -0.00088354 
316.400000    -0.00129281 
316.800000    -0.00149321 
317.200000    -0.00145335 
317.600000    -0.00118087 
318.000000    -0.00072098 
318.400000    -0.00014852 
318.800000    0.00044461 
319.200000    0.00096449 
319.600000    0.00132995 
320.000000    0.00148486 
320.400000    0.00140633 
320.800000    0.00110784 
321.200000    0.00063708 
321.600000    0.00006866 
322.000000    -0.00050733 
322.400000    -0.00099938 
322.800000    -0.00132931 
323.200000    -0.00144503 
323.600000    -0.00132918 
324.000000    -0.00100186 
324.400000    -0.00051701 
324.800000    0.00004693 
325.200000    0.00060005 
325.600000    0.00105544 
326.000000    0.00134266 
326.400000    0.00141823 
326.800000    0.00127184 
327.200000    0.00092762 
327.600000    0.00044034 
328.000000    -0.00011295 
328.400000    -0.00064479 
328.800000    -0.00107106 
329.200000    -0.00132450 
329.600000    -0.00136569 
330.000000    -0.00118947 
330.400000    -0.00082556 
330.800000    -0.00033333 
331.200000    0.00020830 
331.600000    0.00071377 
332.000000    0.00110440 
332.400000    0.00132040 
332.800000    0.00132961 
333.200000    0.00113202 
333.600000    0.00075949 
334.000000    0.00027084 
334.400000    -0.00025709 
334.800000    -0.00074129 
335.200000    -0.00110561 
335.600000    -0.00129299 
336.000000    -0.00127470 
336.400000    -0.00105497 
336.800000    -0.00066999 
337.200000    -0.00018177 
337.600000    0.00033223 
338.000000    0.00079157 
338.400000    0.00112533 
338.800000    0.00128275 
339.200000    0.00124064 
339.600000    0.00100654 
340.000000    0.00061742 
340.400000    0.00013416 
340.800000    -0.00036774 
341.200000    -0.00080969 
341.600000    -0.00112240 
342.000000    -0.00125695 
342.400000    -0.00119276 
342.800000    -0.00094084 
343.200000    -0.00054184 
343.600000    -0.00005924 
344.000000    0.00043102 
344.400000    0.00085262 
344.800000    0.00114060 
345.200000    0.00125106 
345.600000    0.00116756 
346.000000    0.00090342 
346.400000    0.00049971 
346.800000    0.00001914 
347.200000    -0.00046338 
347.600000    -0.00087224 
348.000000    -0.00114309 
348.400000    -0.00123322 
348.800000    -0.00112855 
349.200000    -0.00084594 
349.600000    -0.00043040 
350.000000    0.00005239 
350.400000    0.00052663 
350.800000    0.00091845 
351.200000    0.00116716 
351.600000    0.00123443 
352.000000    0.00110993 
352.400000    0.00081283 
352.800000    0.00038902 
353.200000    -0.00009563 
353.600000    -0.00056530 
354.000000    -0.00094592 
354.400000    -0.00117705 
354.800000    -0.00122173 
355.200000    -0.00107267 
355.600000    -0.00075350 
356.000000    -0.00031491 
356.400000    0.00017372 
356.800000    0.00063550 
357.200000    0.00099813 
357.600000    0.00120505 
358.000000    0.00122399 
358.400000    0.00105177 
358.800000    0.00071485 
359.200000    0.00026545 
359.600000    -0.00022619 
360.000000    -0.00068258 
360.400000    -0.00103117 
360.800000    -0.00121609 
361.200000    -0.00120745 
361.600000    -0.00100634 
362.000000    -0.00064477 
362.400000    -0.00018035 
362.800000    0.00031321 
363.200000    0.00075797 
363.600000    0.00108404 
364.000000    0.00124033 
364.400000    0.00120228 
364.800000    0.00097554 
365.200000    0.00059520 
365.600000    0.00012063 
366.000000    -0.00037350 
366.400000    -0.00080879 
366.800000    -0.00111561 
367.200000    -0.00124449 
367.600000    -0.00117444 
368.000000    -0.00091651 
368.400000    -0.00051201 
368.800000    -0.00002556 
369.200000    0.00046547 
369.600000    0.00088341 
370.000000    0.00116250 
370.400000    0.00125891 
370.800000    0.00115741 
371.200000    0.00087362 
371.600000    0.00045176 
372.000000    -0.00004195 
372.400000    -0.00052940 
372.800000    -0.00093281 
373.200000    -0.00118733 
373.600000    -0.00125175 
374.000000    -0.00111546 
374.400000    -0.00080028 
374.800000    -0.00035682 
375.200000    0.00014393 
375.600000    0.00062227 
376.000000    0.00100248 
376.400000    0.00122466 
376.800000    0.00125384 
377.200000    0.00108527 
377.600000    0.00074514 
378.000000    0.00028676 
378.400000    -0.00021750 
378.800000    -0.00068739 
379.200000    -0.00104751 
379.600000    -0.00123966 
380.000000    -0.00123253 
380.400000    -0.00102712 
380.800000    -0.00065654 
381.200000    -0.00018047 
381.600000    0.00032475 
382.000000    0.00077857 
382.400000    0.00110906 
382.800000    0.00126405 
383.200000    0.00121906 
383.600000    0.00098103 
384.000000    0.00058727 
384.400000    0.00009997 
384.800000    -0.00040339 
385.200000    -0.00084213 
385.600000    -0.00114541 
386.000000    -0.00126395 
386.400000    -0.00117841 
386.800000    -0.00090266 
387.200000    -0.00048150 
387.600000    0.00001698 
388.000000    0.00051263 
388.400000    0.00092631 
388.800000    0.00119239 
389.200000    0.00126887 
389.600000    0.00114376 
390.000000    0.00083687 
390.400000    0.00039686 
390.800000    -0.00010618 
391.200000    -0.00059161 
391.600000    -0.00098113 
392.000000    -0.00121159 
392.400000    -0.00124557 
392.800000    -0.00107775 
393.200000    -0.00073583 
393.600000    -0.00027570 
394.000000    0.00022795 
394.400000    0.00069405 
394.800000    0.00104822 
395.200000    0.00123442 
395.600000    0.00122355 
396.000000    0.00101780 
396.400000    0.00065023 
396.800000    0.00017972 
397.200000    -0.00031817 
397.600000    -0.00076316 
398.000000    -0.00108326 
398.400000    -0.00122669 
398.800000    -0.00117061 
399.200000    -0.00092494 
399.600000    -0.00053055 
400.000000    -0.00005217 
400.400000    0.00043250 
400.800000    0.00084562 
401.200000    0.00112161 
401.600000    0.00121729 
402.000000    0.00111843 
402.400000    0.00084171 
402.800000    0.00043202 
403.200000    -0.00004451 
403.600000    -0.00051100 
404.000000    -0.00089213 
404.400000    -0.00112650 
404.800000    -0.00117682 
405.200000    -0.00103609 
405.600000    -0.00072865 
406.000000    -0.00030577 
406.400000    0.00016319 
406.800000    0.00060237 
407.200000    0.00094178 
407.600000    0.00112827 
408.000000    0.00113356 
408.400000    0.00095840 
408.800000    0.00063212 
409.200000    0.00020792 
409.600000    -0.00024558 
410.000000    -0.00065528 
410.400000    -0.00095547 
410.800000    -0.00109856 
411.200000    -0.00106291 
411.600000    -0.00085624 
412.000000    -0.00051397 
412.400000    -0.00009296 
412.800000    0.00033820 
413.200000    0.00071051 
413.600000    0.00096558 
414.000000    0.00106455 
414.400000    0.00099378 
414.800000    0.00076658 
415.200000    0.00042081 
415.600000    0.00001273 
416.000000    -0.00039196 
416.400000    -0.00072869 
416.800000    -0.00094437 
417.200000    -0.00100603 
417.600000    -0.00090597 
418.000000    -0.00066271 
418.400000    -0.00031742 
418.800000    0.00007318 
419.200000    0.00044639 
419.600000    0.00074361 
420.000000    0.00091943 
420.400000    0.00094835 
420.800000    0.00082830 
421.200000    0.00058043 
421.600000    0.00024558 
422.000000    -0.00012236 
422.400000    -0.00046502 
422.800000    -0.00072877 
423.200000    -0.00087326 
423.600000    -0.00087767 
424.000000    -0.00074378 
424.400000    -0.00049527 
424.800000    -0.00017335 
425.200000    0.00017016 
425.600000    0.00048136 
426.000000    0.00071259 
426.400000    0.00082969 
426.800000    0.00081676 
427.200000    0.00067816 
427.600000    0.00043742 
428.000000    0.00013335 
428.400000    -0.00018612 
428.800000    -0.00047140 
429.200000    -0.00067894 
429.600000    -0.00077794 
430.000000    -0.00075492 
430.400000    -0.00061562 
430.800000    -0.00038362 
431.200000    -0.00009630 
431.600000    0.00020131 
432.000000    0.00046360 
432.400000    0.00065134 
432.800000    0.00073732 
433.200000    0.00071020 
433.600000    0.00057578 
434.000000    0.00035592 
434.400000    0.00008501 
434.800000    -0.00019528 
435.200000    -0.00044230 
435.600000    -0.00061891 
436.000000    -0.00069907 
436.400000    -0.00067170 
436.800000    -0.00054225 
437.200000    -0.00033158 
437.600000    -0.00007257 
438.000000    0.00019508 
438.400000    0.00043092 
438.800000    0.00059981 
439.200000    0.00067699 
439.600000    0.00065164 
440.000000    0.00052827 
440.400000    0.00032595 
440.800000    0.00007550 
441.200000    -0.00018511 
441.600000    -0.00041643 
442.000000    -0.00058347 
442.400000    -0.00066100 
442.800000    -0.00063745 
443.200000    -0.00051665 
443.600000    -0.00031725 
444.000000    -0.00006976 
444.400000    0.00018810 
444.800000    0.00041721 
445.200000    0.00058290 
445.600000    0.00066010 
446.000000    0.00063708 
446.400000    0.00051718 
446.800000    0.00031836 
447.200000    0.00007065 
447.600000    -0.00018831 
448.000000    -0.00041889 
448.400000    -0.00058552 
448.800000    -0.00066226 
449.200000    -0.00063689 
449.600000    -0.00051297 
450.000000    -0.00030935 
450.400000    -0.00005722 
450.800000    0.00020467 
451.200000    0.00043599 
451.600000    0.00060106 
452.000000    0.00067426 
452.400000    0.00064394 
452.800000    0.00051426 
453.200000    0.00030465 
453.600000    0.00004705 
454.000000    -0.00021892 
454.400000    -0.00045194 
454.800000    -0.00061547 
455.200000    -0.00068354 
455.600000    -0.00064501 
456.000000    -0.00050542 
456.400000    -0.00028622 
456.800000    -0.00002140 
457.200000    0.00024788 
457.600000    0.00047967 
458.000000    0.00063783 
458.400000    0.00069754 
458.800000    0.00064912 
459.200000    0.00049961 
459.600000    0.00027178 
460.000000    0.00000073 
460.400000    -0.00027139 
460.800000    -0.00050195 
461.200000    -0.00065450 
461.600000    -0.00070468 
462.000000    -0.00064420 
462.400000    -0.00048222 
462.800000    -0.00024397 
463.200000    0.00003329 
463.600000    0.00030622 
464.000000    0.00053216 
464.400000    0.00067579 
464.800000    0.00071456 
465.200000    0.00064215 
465.600000    0.00046947 
466.000000    0.00022309 
466.400000    -0.00005882 
466.800000    -0.00033225 
467.200000    -0.00055423 
467.600000    -0.00068965 
468.000000    -0.00071689 
468.400000    -0.00063137 
468.800000    -0.00044632 
469.200000    -0.00019070 
469.600000    0.00009549 
470.000000    0.00036750 
470.400000    0.00058285 
470.800000    0.00070794 
471.200000    0.00072314 
471.600000    0.00062584 
472.000000    0.00043080 
472.400000    0.00016807 
472.800000    -0.00012163 
473.200000    -0.00039306 
473.600000    -0.00060356 
474.000000    -0.00071982 
474.400000    -0.00072321 
474.800000    -0.00061286 
475.200000    -0.00040585 
475.600000    -0.00013451 
476.000000    0.00015880 
476.400000    0.00042828 
476.800000    0.00063190 
477.200000    0.00073784 
477.600000    0.00072935 
478.000000    0.00060734 
478.400000    0.00039028 
478.800000    0.00011151 
479.200000    -0.00018578 
479.600000    -0.00045514 
480.000000    -0.00065413 
480.400000    -0.00075107 
480.800000    -0.00073019 
481.200000    -0.00059427 
481.600000    -0.00036425 
482.000000    -0.00007592 
482.400000    0.00022571 
482.800000    0.00049355 
483.200000    0.00068570 
483.600000    0.00077192 
484.000000    0.00073828 
484.400000    0.00058933 
484.800000    0.00034756 
485.200000    0.00005007 
485.600000    -0.00025694 
486.000000    -0.00052532 
486.400000    -0.00071249 
486.800000    -0.00078832 
487.200000    -0.00074008 
487.600000    -0.00057464 
488.000000    -0.00031746 
488.400000    -0.00000858 
488.800000    0.00030368 
489.200000    0.00057037 
489.600000    0.00074951 
490.000000    0.00081258 
490.400000    0.00074893 
490.800000    0.00056756 
491.200000    0.00029590 
491.600000    -0.00002421 
492.000000    -0.00034279 
492.400000    -0.00060949 
492.800000    -0.00078160 
493.200000    -0.00083097 
493.600000    -0.00074876 
494.000000    -0.00054706 
494.400000    -0.00025706 
494.800000    0.00007589 
495.200000    0.00039947 
495.600000    0.00066265 
496.000000    0.00082365 
496.400000    0.00085643 
496.800000    0.00075479 
497.200000    0.00053352 
497.600000    0.00022631 
498.000000    -0.00011918 
498.400000    -0.00044860 
498.800000    -0.00070938 
499.200000    -0.00085926 
499.600000    -0.00087324 
500.000000    -0.00074788 
500.400000    -0.00050210 
500.800000    -0.00017419 
501.200000    0.00018424 
501.600000    0.00051652 
502.000000    0.00076989 
502.400000    0.00090372 
502.800000    0.00089592 
503.200000    0.00074642 
503.600000    0.00047746 
504.000000    0.00013041 
504.400000    -0.00024041 
504.800000    -0.00057609 
505.200000    -0.00082250 
505.600000    -0.00093916 
506.000000    -0.00090603 
506.400000    -0.00072709 
506.800000    -0.00042989 
507.200000    -0.00006117 
507.600000    0.00032063 
508.000000    0.00065475 
508.400000    0.00088771 
508.800000    0.00098173 
509.200000    0.00092068 
509.600000    0.00071276 
510.000000    0.00038950 
510.400000    0.00000117 
510.800000    -0.00039079 
511.200000    -0.00072346 
511.600000    -0.00094253 
512.000000    -0.00101141 
512.400000    -0.00091749 
512.800000    -0.00067455 
513.200000    -0.00032063 
513.600000    0.00008807 
514.000000    0.00048629 
514.400000    0.00081021 
514.800000    0.00100756 
515.200000    0.00104582 
515.600000    0.00091746 
516.000000    0.00064133 
516.400000    0.00026004 
516.800000    -0.00016637 
517.200000    -0.00056966 
517.600000    -0.00088429 
518.000000    -0.00105821 
518.400000    -0.00106171 
518.800000    -0.00089269 
519.200000    -0.00057725 
519.600000    -0.00016555 
520.000000    0.00027645 
520.400000    0.00067765 
520.800000    0.00097328 
521.200000    0.00111518 
521.600000    0.00107938 
522.000000    0.00087005 
522.400000    0.00051911 
522.800000    0.00008161 
523.200000    -0.00037263 
523.600000    -0.00077001 
524.000000    -0.00104512 
524.400000    -0.00115177 
524.800000    -0.00107101 
525.200000    -0.00081461 
525.600000    -0.00042329 
526.000000    0.00003995 
526.400000    0.00050024 
526.800000    0.00088308 
527.200000    0.00112624 
527.600000    0.00118966 
528.000000    0.00106180 
528.400000    0.00076169 
528.800000    0.00033624 
529.200000    -0.00014676 
529.600000    -0.00060919 
530.000000    -0.00097519 
530.400000    -0.00118377 
530.800000    -0.00119933 
531.200000    -0.00101793 
531.600000    -0.00066827 
532.000000    -0.00020691 
532.400000    0.00029115 
532.800000    0.00074491 
533.200000    0.00108054 
533.600000    0.00124318 
534.000000    0.00120561 
534.400000    0.00097264 
534.800000    0.00058059 
535.200000    0.00009194 
535.600000    -0.00041435 
536.000000    -0.00085537 
536.400000    -0.00115798 
536.800000    -0.00127121 
537.200000    -0.00117523 
537.600000    -0.00088493 
538.000000    -0.00044756 
538.400000    0.00006528 
538.800000    0.00056971 
539.200000    0.00098339 
539.600000    0.00123884 
540.000000    0.00129413 
540.400000    0.00113952 
540.800000    0.00079907 
541.200000    0.00032716 
541.600000    -0.00019987 
542.000000    -0.00069582 
542.400000    -0.00107866 
542.800000    -0.00128438 
543.200000    -0.00127810 
543.600000    -0.00106020 
544.000000    -0.00066646 
544.400000    -0.00016185 
544.800000    0.00037052 
545.200000    0.00084336 
545.600000    0.00117946 
546.000000    0.00132405 
546.400000    0.00125339 
546.800000    0.00097851 
547.200000    0.00054357 
547.600000    0.00001913 
548.000000    -0.00050898 
548.400000    -0.00095360 
548.800000    -0.00124074 
549.200000    -0.00132229 
549.600000    -0.00118445 
550.000000    -0.00085021 
550.400000    -0.00037530 
550.800000    0.00016147 
551.200000    0.00067156 
551.600000    0.00107149 
552.000000    0.00129621 
552.400000    0.00130941 
552.800000    0.00110910 
553.200000    0.00072790 
553.600000    0.00022801 
554.000000    -0.00030860 
554.400000    -0.00079344 
554.800000    -0.00114609 
555.200000    -0.00130789 
555.600000    -0.00125210 
556.000000    -0.00098852 
556.400000    -0.00056176 
556.800000    -0.00004329 
557.200000    0.00048084 
557.600000    0.00092448 
558.000000    0.00121545 
558.400000    0.00130699 
558.800000    0.00118493 
559.200000    0.00086983 
559.600000    0.00041360 
560.000000    -0.00010866 
560.400000    -0.00061075 
560.800000    -0.00100960 
561.200000    -0.00123917 
561.600000    -0.00126183 
562.000000    -0.00107478 
562.400000    -0.00071042 
562.800000    -0.00023047 
563.200000    0.00028479 
563.600000    0.00075027 
564.000000    0.00109008 
564.400000    0.00124966 
564.800000    0.00120424 
565.200000    0.00096250 
565.600000    0.00056499 
566.000000    0.00007760 
566.400000    -0.00041908 
566.800000    -0.00084292 
567.200000    -0.00112401 
567.600000    -0.00121648 
568.000000    -0.00110632 
568.400000    -0.00081359 
568.800000    -0.00038865 
569.200000    0.00009680 
569.600000    0.00056209 
570.000000    0.00093111 
570.400000    0.00114454 
570.800000    0.00116918 
571.200000    0.00100280 
571.600000    0.00067424 
572.000000    0.00023858 
572.400000    -0.00023180 
572.800000    -0.00065912 
573.200000    -0.00097304 
573.600000    -0.00112252 
574.000000    -0.00108438 
574.400000    -0.00086710 
574.800000    -0.00050895 
575.200000    -0.00007104 
575.600000    0.00037333 
576.000000    0.00075115 
576.400000    0.00100155 
576.800000    0.00108543 
577.200000    0.00099132 
577.600000    0.00073676 
578.000000    0.00036524 
578.400000    -0.00006107 
578.800000    -0.00047151 
579.200000    -0.00079858 
579.600000    -0.00098927 
580.000000    -0.00101381 
580.400000    -0.00087054 
580.800000    -0.00058579 
581.200000    -0.00020892 
581.600000    0.00019646 
582.000000    0.00056335 
582.400000    0.00083246 
582.800000    0.00096164 
583.200000    0.00093223 
583.600000    0.00075165 
584.000000    0.00045170 
584.400000    0.00008320 
584.800000    -0.00029249 
585.200000    -0.00061358 
585.600000    -0.00082814 
586.000000    -0.00090260 
586.400000    -0.00082722 
586.800000    -0.00061729 
587.200000    -0.00031007 
587.600000    0.00004199 
588.000000    0.00038030 
588.400000    0.00065000 
588.800000    0.00080869 
589.200000    0.00083296 
589.600000    0.00072168 
590.000000    0.00049569 
590.400000    0.00019401 
590.800000    -0.00013272 
591.200000    -0.00043068 
591.600000    -0.00065173 
592.000000    -0.00076129 
592.400000    -0.00074389 
592.800000    -0.00060533 
593.200000    -0.00037121 
593.600000    -0.00008218 
594.000000    0.00021329 
594.400000    0.00046703 
594.800000    0.00063902 
595.200000    0.00070358 
595.600000    0.00065306 
596.000000    0.00049853 
596.400000    0.00026757 
596.800000    -0.00000054 
597.200000    -0.00026145 
597.600000    -0.00047302 
598.000000    -0.00060218 
598.400000    -0.00063016 
598.800000    -0.00055525 
599.200000    -0.00039256 
599.600000    -0.00017108 
600.000000    0.00007159 
600.400000    0.00029567 
600.800000    0.00046568 
601.200000    0.00055601 
601.600000    0.00055467 
602.000000    0.00046469 
602.400000    0.00030324 
602.800000    0.00009836 
603.200000    -0.00011576 
603.600000    -0.00030447 
604.000000    -0.00043829 
604.400000    -0.00049750 
604.800000    -0.00047507 
605.200000    -0.00037739 
605.600000    -0.00022275 
606.000000    -0.00003789 
606.400000    0.00014659 
606.800000    0.00030134 
607.200000    0.00040290 
607.600000    0.00043713 
608.000000    0.00040111 
608.400000    0.00030314 
608.800000    0.00016100 
609.200000    -0.00000119 
609.600000    -0.00015706 
610.000000    -0.00028220 
610.400000    -0.00035803 
610.800000    -0.00037451 
611.200000    -0.00033143 
611.600000    -0.00023802 
612.000000    -0.00011106 
612.400000    0.00002809 
612.800000    0.00015714 
613.200000    0.00025637 
613.600000    0.00031163 
614.000000    0.00031625 
614.400000    0.00027174 
614.800000    0.00018719 
615.200000    0.00007747 
615.600000    -0.00003934 
616.000000    -0.00014486 
616.400000    -0.00022333 
616.800000    -0.00026390 
617.200000    -0.00026212 
617.600000    -0.00022032 
618.000000    -0.00014684 
618.400000    -0.00005450 
618.800000    0.00004169 
619.200000    0.00012691 
619.600000    0.00018883 
620.000000    0.00021930 
620.400000    0.00021538 
620.800000    0.00017947 
621.200000    0.00011864 
621.600000    0.00004329 
622.000000    -0.00003459 
622.400000    -0.00010330 
622.800000    -0.00015318 
623.200000    -0.00017793 
623.600000    -0.00017532 
624.000000    -0.00014730 
624.400000    -0.00009940 
624.800000    -0.00003974 
625.200000    0.00002240 
625.600000    0.00007797 
626.000000    0.00011944 
626.400000    0.00014178 
626.800000    0.00014299 
627.200000    0.00012416 
627.600000    0.00008910 
628.000000    0.00004361 
628.400000    -0.00000546 
628.800000    -0.00005125 
629.200000    -0.00008774 
629.600000    -0.00011060 
630.000000    -0.00011754 
630.400000    -0.00010851 
630.800000    -0.00008556 
631.200000    -0.00005237 
631.600000    -0.00001369 
632.000000    0.00002528 
632.400000    0.00005961 
632.800000    0.00008519 
633.200000    0.00009914 
633.600000    0.00010009 
634.000000    0.00008828 
634.400000    0.00006545 
634.800000    0.00003461 
635.200000    -0.00000036 
635.600000    -0.00003508 
636.000000    -0.00006526 
636.400000    -0.00008710 
636.800000    -0.00009778 
637.200000    -0.00009580 
637.600000    -0.00008120 
638.000000    -0.00005559 
638.400000    -0.00002205 
638.800000    0.00001522 
639.200000    0.00005136 
639.600000    0.00008147 
640.000000    0.00010121 
640.400000    0.00010749 
640.800000    0.00009891 
641.200000    0.00007607 
641.600000    0.00004161 
642.000000    -0.00000001 
642.400000    -0.00004310 
642.800000    -0.00008145 
643.200000    -0.00010923 
643.600000    -0.00012191 
644.000000    -0.00011697 
644.400000    -0.00009442 
644.800000    -0.00005693 
645.200000    -0.00000956 
645.600000    0.00004091 
646.000000    0.00008690 
646.400000    0.00012122 
646.800000    0.00013819 
647.200000    0.00013454 
647.600000    0.00011011 
648.000000    0.00006794 
648.400000    0.00001399 
648.800000    -0.00004375 
649.200000    -0.00009637 
649.600000    -0.00013547 
650.000000    -0.00015449 
650.400000    -0.00014983 
650.800000    -0.00012155 
651.200000    -0.00007344 
651.600000    -0.00001258 
652.000000    0.00005173 
652.400000    0.00010940 
652.800000    0.00015113 
653.200000    0.00016991 
653.600000    0.00016226 
654.000000    0.00012878 
654.400000    0.00007425 
654.800000    0.00000691 
655.200000    -0.00006277 
655.600000    -0.00012371 
656.000000    -0.00016601 
656.400000    -0.00018256 
656.800000    -0.00017029 
657.200000    -0.00013069 
657.600000    -0.00006969 
658.000000    0.00000325 
658.400000    0.00007664 
658.800000    0.00013872 
659.200000    0.00017946 
659.600000    0.00019207 
660.000000    0.00017424 
660.400000    0.00012849 
660.800000    0.00006184 
661.200000    -0.00001525 
661.600000    -0.00009053 
662.000000    -0.00015194 
662.400000    -0.00018954 
662.800000    -0.00019714 
663.200000    -0.00017333 
663.600000    -0.00012175 
664.000000    -0.00005051 
664.400000    0.00002907 
664.800000    0.00010433 
665.200000    0.00016325 
665.600000    0.00019641 
666.000000    0.00019847 
666.400000    0.00016906 
666.800000    0.00011281 
667.200000    0.00003863 
667.600000    -0.00004169 
668.000000    -0.00011539 
668.400000    -0.00017075 
668.800000    -0.00019899 
669.200000    -0.00019567 
669.600000    -0.00016139 
670.000000    -0.00010166 
670.400000    -0.00002605 
670.800000    0.00005344 
671.200000    0.00012423 
671.600000    0.00017521 
672.000000    0.00019845 
672.400000    0.00019045 
672.800000    0.00015262 
673.200000    0.00009109 
673.600000    0.00001564 
674.000000    -0.00006181 
674.400000    -0.00012912 
674.800000    -0.00017580 
675.200000    -0.00019470 
675.600000    -0.00018307 
676.000000    -0.00014298 
676.400000    -0.00008093 
676.800000    -0.00000675 
677.200000    0.00006789 
677.600000    0.00013143 
678.000000    0.00017413 
678.400000    0.00018958 
678.800000    0.00017566 
679.200000    0.00013480 
679.600000    0.00007353 
680.000000    0.00000147 
680.400000    -0.00007021 
680.800000    -0.00013048 
681.200000    -0.00017021 
681.600000    -0.00018349 
682.000000    -0.00016854 
682.400000    -0.00012792 
682.800000    -0.00006809 
683.200000    0.00000165 
683.600000    0.00007059 
684.000000    0.00012825 
684.400000    0.00016600 
684.800000    0.00017829 
685.200000    0.00016348 
685.600000    0.00012403 
686.000000    0.00006607 
686.400000    -0.00000152 
686.800000    -0.00006847 
687.200000    -0.00012469 
687.600000    -0.00016176 
688.000000    -0.00017421 
688.400000    -0.00016030 
688.800000    -0.00012225 
689.200000    -0.00006590 
689.600000    0.00000018 
690.000000    0.00006605 
690.400000    0.00012182 
690.800000    0.00015917 
691.200000    0.00017254 
691.600000    0.00015997 
692.000000    0.00012337 
692.400000    0.00006824 
692.800000    0.00000283 
693.200000    -0.00006305 
693.600000    -0.00011951 
694.000000    -0.00015805 
694.400000    -0.00017283 
694.800000    -0.00016157 
695.200000    -0.00012588 
695.600000    -0.00007108 
696.000000    -0.00000533 
696.400000    0.00006149 
696.800000    0.00011932 
697.200000    0.00015942 
697.600000    0.00017563 
698.000000    0.00016538 
698.400000    0.00013006 
698.800000    0.00007482 
699.200000    0.00000790 
699.600000    -0.00006066 
700.000000    -0.00012047 
700.400000    -0.00016236 
700.800000    -0.00017982 
701.200000    -0.00017000 
701.600000    -0.00013416 
702.000000    -0.00007758 
702.400000    -0.00000871 
702.800000    0.00006204 
703.200000    0.00012389 
703.600000    0.00016732 
704.000000    0.00018554 
704.400000    0.00017556 
704.800000    0.00013864 
705.200000    0.00008020 
705.600000    0.00000899 
706.000000    -0.00006419 
706.400000    -0.00012812 
706.800000    -0.00017290 
707.200000    -0.00019146 
707.600000    -0.00018072 
708.000000    -0.00014207 
708.400000    -0.00008125 
708.800000    -0.00000743 
709.200000    0.00006814 
709.600000    0.00013385 
710.000000    0.00017950 
710.400000    0.00019793 
710.800000    0.00018609 
711.200000    0.00014555 
711.600000    0.00008230 
712.000000    0.00000591 
712.400000    -0.00007199 
712.800000    -0.00013939 
713.200000    -0.00018582 
713.600000    -0.00020394 
714.000000    -0.00019076 
714.400000    -0.00014806 
714.800000    -0.00008222 
715.200000    -0.00000321 
715.600000    0.00007688 
716.000000    0.00014575 
716.400000    0.00019274 
716.800000    0.00021046 
717.200000    0.00019598 
717.600000    0.00015129 
718.000000    0.00008302 
718.400000    0.00000146 
718.800000    -0.00008094 
719.200000    -0.00015153 
719.600000    -0.00019934 
720.000000    -0.00021684 
720.400000    -0.00020110 
720.800000    -0.00015428 
721.200000    -0.00008334 
721.600000    0.00000100 
722.000000    0.00008590 
722.400000    0.00015834 
722.800000    0.00020711 
723.200000    0.00022455 
723.600000    0.00020771 
724.000000    0.00015886 
724.400000    0.00008520 
724.800000    -0.00000223 
725.200000    -0.00009015 
725.600000    -0.00016506 
726.000000    -0.00021532 
726.400000    -0.00023296 
726.800000    -0.00021492 
727.200000    -0.00016361 
727.600000    -0.00008658 
728.000000    0.00000460 
728.400000    0.00009607 
728.800000    0.00017382 
729.200000    0.00022575 
729.600000    0.00024361 
730.000000    0.00022427 
730.400000    0.00017025 
730.800000    0.00008940 
731.200000    -0.00000620 
731.600000    -0.00010203 
732.000000    -0.00018334 
732.400000    -0.00023740 
732.800000    -0.00025549 
733.200000    -0.00023434 
733.600000    -0.00017669 
734.000000    -0.00009094 
734.400000    0.00001003 
734.800000    0.00011086 
735.200000    0.00019599 
735.600000    0.00025207 
736.000000    0.00027006 
736.400000    0.00024660 
736.800000    0.00018471 
737.200000    0.00009336 
737.600000    -0.00001381 
738.000000    -0.00012044 
738.400000    -0.00020999 
738.800000    -0.00026829 
739.200000    -0.00028577 
739.600000    -0.00025906 
740.000000    -0.00019163 
740.400000    -0.00009332 
740.800000    0.00002106 
741.200000    0.00013399 
741.600000    0.00022791 
742.000000    0.00028794 
742.400000    0.00030421 
742.800000    0.00027348 
743.200000    0.00019972 
743.600000    0.00009366 
744.000000    -0.00002874 
744.400000    -0.00014869 
744.800000    -0.00024741 
745.200000    -0.00030909 
745.600000    -0.00032342 
746.000000    -0.00028733 
746.400000    -0.00020561 
746.800000    -0.00009029 
747.200000    0.00004115 
747.600000    0.00016842 
748.000000    0.00027157 
748.400000    0.00033405 
748.800000    0.00034542 
749.200000    0.00030298 
749.600000    0.00021239 
750.000000    0.00008694 
750.400000    -0.00005436 
750.800000    -0.00018963 
751.200000    -0.00029747 
751.600000    -0.00036040 
752.000000    -0.00036766 
752.400000    -0.00031707 
752.800000    -0.00021556 
753.200000    -0.00007824 
753.600000    0.00007391 
754.000000    0.00021721 
754.400000    0.00032896 
754.800000    0.00039103 
755.200000    0.00039276 
755.600000    0.00033273 
756.000000    0.00021922 
756.400000    0.00006905 
756.800000    -0.00009481 
757.200000    -0.00024672 
757.600000    -0.00036238 
758.000000    -0.00042274 
758.400000    -0.00041713 
758.800000    -0.00034518 
759.200000    -0.00021707 
759.600000    -0.00005210 
760.000000    0.00012425 
760.400000    0.00028426 
760.800000    0.00040231 
761.200000    0.00045894 
761.600000    0.00044403 
762.000000    0.00035854 
762.400000    0.00021460 
762.800000    0.00003387 
763.200000    -0.00015569 
763.600000    -0.00032405 
764.000000    -0.00044391 
764.400000    -0.00049514 
764.800000    -0.00046818 
765.200000    -0.00036583 
765.600000    -0.00020303 
766.000000    -0.00000469 
766.400000    0.00019820 
766.800000    0.00037337 
767.200000    0.00049241 
767.600000    0.00053533 
768.000000    0.00049383 
768.400000    0.00037285 
768.800000    0.00019009 
769.200000    -0.00002651 
769.600000    -0.00024296 
770.000000    -0.00042452 
770.400000    -0.00054127 
770.800000    -0.00057311 
771.200000    -0.00051327 
771.600000    -0.00036965 
772.000000    -0.00016385 
772.400000    0.00007215 
772.800000    0.00030099 
773.200000    0.00048585 
773.600000    0.00059634 
774.000000    0.00061340 
774.400000    0.00053255 
774.800000    0.00036485 
775.200000    0.00013550 
775.600000    -0.00011984 
776.000000    -0.00036052 
776.400000    -0.00054734 
776.800000    -0.00064896 
777.200000    -0.00064730 
777.600000    -0.00054071 
778.000000    -0.00034461 
778.400000    -0.00008924 
778.800000    0.00018511 
779.200000    0.00043448 
779.600000    0.00061830 
780.000000    0.00070588 
780.400000    0.00068146 
780.800000    0.00054695 
781.200000    0.00032199 
781.600000    0.00004116 
782.000000    -0.00025114 
782.400000    -0.00050770 
782.800000    -0.00068611 
783.200000    -0.00075586 
783.600000    -0.00070364 
784.000000    -0.00053593 
784.400000    -0.00027820 
784.800000    0.00002902 
785.200000    0.00033662 
785.600000    0.00059478 
786.000000    0.00076105 
786.400000    0.00080715 
786.800000    0.00072369 
787.200000    0.00052198 
787.600000    0.00023260 
788.000000    -0.00009908 
788.400000    -0.00041983 
788.800000    -0.00067714 
789.200000    -0.00082781 
789.600000    -0.00084539 
790.000000    -0.00072491 
790.400000    -0.00048406 
790.800000    -0.00016055 
791.200000    0.00019397 
791.600000    0.00052223 
792.000000    0.00077064 
792.400000    0.00089788 
792.800000    0.00088168 
793.200000    0.00072253 
793.600000    0.00044401 
794.000000    0.00008945 
794.400000    -0.00028465 
794.800000    -0.00061745 
795.200000    -0.00085375 
795.600000    -0.00095325 
796.000000    -0.00089762 
796.400000    -0.00069394 
796.800000    -0.00037380 
797.200000    0.00001170 
797.600000    0.00040034 
798.000000    0.00072891 
798.400000    0.00094337 
798.800000    0.00100765 
799.200000    0.00090947 
799.600000    0.00066258 
800.000000    0.00030502 
800.400000    -0.00010657 
800.800000    -0.00050571 
801.200000    -0.00082675 
801.600000    -0.00101581 
802.000000    -0.00104003 
802.400000    -0.00089346 
802.800000    -0.00059839 
803.200000    -0.00020183 
803.600000    0.00023218 
804.000000    0.00063314 
804.400000    0.00093556 
804.800000    0.00108946 
805.200000    0.00106843 
805.600000    0.00087399 
806.000000    0.00053566 
806.400000    0.00010669 
806.800000    -0.00034403 
807.200000    -0.00074293 
807.600000    -0.00102381 
808.000000    -0.00113901 
808.400000    -0.00106779 
808.800000    -0.00082019 
809.200000    -0.00043553 
809.600000    0.00002406 
810.000000    0.00048395 
810.400000    0.00086925 
810.800000    0.00111693 
811.200000    0.00118585 
811.600000    0.00106337 
812.000000    0.00076754 
812.400000    0.00034460 
812.800000    -0.00013795 
813.200000    -0.00060190 
813.600000    -0.00097092 
814.000000    -0.00118335 
814.400000    -0.00120271 
814.800000    -0.00102432 
815.200000    -0.00067623 
815.600000    -0.00021468 
816.000000    0.00028537 
816.400000    0.00074263 
816.800000    0.00108271 
817.200000    0.00124998 
817.600000    0.00121641 
818.000000    0.00098601 
818.400000    0.00059445 
818.800000    0.00010383 
819.200000    -0.00040689 
819.600000    -0.00085440 
820.000000    -0.00116471 
820.400000    -0.00128567 
820.800000    -0.00119608 
821.200000    -0.00090952 
821.600000    -0.00047220 
822.000000    0.00004484 
822.400000    0.00055761 
822.800000    0.00098294 
823.200000    0.00125184 
823.600000    0.00132039 
824.000000    0.00117653 
824.400000    0.00084214 
824.800000    0.00036987 
825.200000    -0.00016484 
825.600000    -0.00067548 
826.000000    -0.00107841 
826.400000    -0.00130679 
826.800000    -0.00132204 
827.200000    -0.00112061 
827.600000    -0.00073474 
828.000000    -0.00022707 
828.400000    0.00031996 
828.800000    0.00081777 
829.200000    0.00118597 
829.600000    0.00136506 
830.000000    0.00132563 
830.400000    0.00107302 
830.800000    0.00064659 
831.200000    0.00011392 
831.600000    -0.00043953 
832.000000    -0.00092393 
832.400000    -0.00125970 
832.800000    -0.00139097 
833.200000    -0.00129523 
833.600000    -0.00098733 
834.000000    -0.00051708 
834.400000    0.00003923 
834.800000    0.00059158 
835.200000    0.00105092 
835.600000    0.00134338 
836.000000    0.00142174 
836.400000    0.00127270 
836.800000    0.00091898 
837.200000    0.00041611 
837.600000    -0.00015594 
838.000000    -0.00070512 
838.400000    -0.00114200 
838.800000    -0.00139457 
839.200000    -0.00142051 
839.600000    -0.00121461 
840.000000    -0.00080982 
840.400000    -0.00027165 
840.800000    0.00031283 
841.200000    0.00084943 
841.600000    0.00125197 
842.000000    0.00145580 
842.400000    0.00142779 
842.800000    0.00117137 
843.200000    0.00072622 
843.600000    0.00016242 
844.000000    -0.00043006 
844.400000    -0.00095552 
844.800000    -0.00132799 
845.200000    -0.00148570 
845.600000    -0.00140170 
846.000000    -0.00108871 
846.400000    -0.00059711 
846.800000    -0.00000634 
847.200000    0.00058829 
847.600000    0.00109122 
848.000000    0.00142178 
848.400000    0.00152673 
848.800000    0.00138837 
849.200000    0.00102739 
849.600000    0.00049998 
850.000000    -0.00011048 
850.400000    -0.00070614 
850.800000    -0.00119020 
851.200000    -0.00148291 
851.600000    -0.00153513 
852.000000    -0.00133700 
852.400000    -0.00091984 
852.800000    -0.00035092 
853.200000    0.00027789 
853.600000    0.00086530 
854.000000    0.00131699 
854.400000    0.00156038 
854.800000    0.00155580 
855.200000    0.00130259 
855.600000    0.00083947 
856.000000    0.00023896 
856.400000    -0.00040343 
856.800000    -0.00098400 
857.200000    -0.00140765 
857.600000    -0.00160385 
858.000000    -0.00153890 
858.400000    -0.00122201 
858.800000    -0.00070394 
859.200000    -0.00006842 
859.600000    0.00058190 
860.000000    0.00114232 
860.400000    0.00152274 
860.800000    0.00166168 
861.200000    0.00153570 
861.600000    0.00116316 
862.000000    0.00060170 
862.400000    -0.00006005 
862.800000    -0.00071598 
863.200000    -0.00125928 
863.600000    -0.00160006 
864.000000    -0.00168078 
864.400000    -0.00148647 
864.800000    -0.00104761 
865.200000    -0.00043507 
865.600000    0.00025192 
866.000000    0.00090236 
866.400000    0.00141145 
866.800000    0.00169711 
867.200000    0.00171264 
867.600000    0.00145393 
868.000000    0.00096029 
868.400000    0.00030899 
868.800000    -0.00039623 
869.200000    -0.00104123 
869.600000    -0.00151990 
870.000000    -0.00175215 
870.400000    -0.00169788 
870.800000    -0.00136434 
871.200000    -0.00080514 
871.600000    -0.00011106 
872.000000    0.00060529 
872.400000    0.00122811 
872.800000    0.00165693 
873.200000    0.00182230 
873.600000    0.00169639 
874.000000    0.00129739 
874.400000    0.00068711 
874.800000    -0.00003788 
875.200000    -0.00076097 
875.600000    -0.00136391 
876.000000    -0.00174647 
876.400000    -0.00184376 
876.800000    -0.00163784 
877.200000    -0.00116121 
877.600000    -0.00049134 
878.000000    0.00026266 
878.400000    0.00097840 
878.800000    0.00154017 
879.200000    0.00185723 
879.600000    0.00187774 
880.000000    0.00159672 
880.400000    0.00105708 
880.800000    0.00034359 
881.200000    -0.00042968 
881.600000    -0.00113705 
882.000000    -0.00166162 
882.400000    -0.00191523 
882.800000    -0.00185397 
883.200000    -0.00148632 
883.600000    -0.00087190 
884.000000    -0.00011115 
884.400000    0.00067189 
884.800000    0.00135015 
885.200000    0.00181404 
885.600000    0.00198838 
886.000000    0.00184392 
886.400000    0.00140188 
886.800000    0.00073115 
887.200000    -0.00006167 
887.600000    -0.00084848 
888.000000    -0.00150003 
888.400000    -0.00190752 
888.800000    -0.00200159 
889.200000    -0.00176484 
889.600000    -0.00123525 
890.000000    -0.00049962 
890.400000    0.00032152 
890.800000    0.00109433 
891.200000    0.00169359 
891.600000    0.00202246 
892.000000    0.00202724 
892.400000    0.00170561 
892.800000    0.00110716 
893.200000    0.00032648 
893.600000    -0.00051100 
894.000000    -0.00126849 
894.400000    -0.00182025 
894.800000    -0.00207316 
895.200000    -0.00198338 
895.600000    -0.00156443 
896.000000    -0.00088505 
896.400000    -0.00005708 
896.800000    0.00078383 
897.200000    0.00150087 
897.600000    0.00197806 
898.000000    0.00213814 
898.400000    0.00195433 
898.800000    0.00145439 
899.200000    0.00071690 
899.600000    -0.00014023 
900.000000    -0.00097774 
900.400000    -0.00165738 
900.800000    -0.00206518 
901.200000    -0.00213155 
901.600000    -0.00184398 
902.000000    -0.00124952 
902.400000    -0.00044646 
902.800000    0.00043287 
903.200000    0.00124469 
903.600000    0.00185729 
904.000000    0.00217173 
904.400000    0.00213684 
904.800000    0.00175694 
905.200000    0.00109145 
905.600000    0.00024634 
906.000000    -0.00064176 
906.400000    -0.00142696 
906.800000    -0.00197835 
907.200000    -0.00220262 
907.600000    -0.00206088 
908.000000    -0.00157597 
908.400000    -0.00082841 
908.800000    0.00005789 
909.200000    0.00093717 
909.600000    0.00166614 
910.000000    0.00212694 
910.400000    0.00224519 
910.800000    0.00200117 
911.200000    0.00143281 
911.600000    0.00063038 
912.000000    -0.00027687 
912.400000    -0.00114061 
912.800000    -0.00181756 
913.200000    -0.00219385 
913.600000    -0.00220531 
914.000000    -0.00184922 
914.400000    -0.00118496 
914.800000    -0.00032332 
915.200000    0.00059309 
915.600000    0.00141413 
916.000000    0.00200663 
916.400000    0.00227515 
916.800000    0.00217634 
917.200000    0.00172536 
917.600000    0.00099379 
918.000000    0.00009919 
918.400000    -0.00081276 
918.800000    -0.00159148 
919.200000    -0.00210667 
919.600000    -0.00227119 
920.000000    -0.00205679 
920.400000    -0.00149942 
920.800000    -0.00069267 
921.200000    0.00022902 
921.600000    0.00111373 
922.000000    0.00181731 
922.400000    0.00222632 
922.800000    0.00227523 
923.200000    0.00195607 
923.600000    0.00131970 
924.000000    0.00046833 
924.400000    -0.00045979 
924.800000    -0.00131203 
925.200000    -0.00194651 
925.600000    -0.00225652 
926.000000    -0.00218963 
926.400000    -0.00175730 
926.800000    -0.00103273 
927.200000    -0.00013754 
927.600000    0.00077973 
928.000000    0.00156883 
928.400000    0.00210216 
928.800000    0.00229438 
929.200000    0.00211514 
929.600000    0.00159338 
930.000000    0.00081315 
930.400000    -0.00009902 
930.800000    -0.00099363 
931.200000    -0.00172241 
931.600000    -0.00216343 
932.000000    -0.00224263 
932.400000    -0.00194717 
932.800000    -0.00132775 
933.200000    -0.00048919 
933.600000    0.00042837 
934.000000    0.00127377 
934.400000    0.00190970 
934.800000    0.00223431 
935.200000    0.00219642 
935.600000    0.00180298 
936.000000    0.00111785 
936.400000    0.00025225 
936.800000    -0.00065228 
937.200000    -0.00144641 
937.600000    -0.00199796 
938.000000    -0.00221477 
938.400000    -0.00206121 
938.800000    -0.00156450 
939.200000    -0.00080956 
939.600000    0.00007649 
940.000000    0.00094674 
940.400000    0.00165916 
940.800000    0.00209929 
941.200000    0.00219771 
941.600000    0.00194010 
942.000000    0.00136908 
942.400000    0.00057775 
942.800000    -0.00030460 
943.200000    -0.00113278 
943.600000    -0.00176959 
944.000000    -0.00210915 
944.400000    -0.00209559 
944.800000    -0.00173297 
945.200000    -0.00108422 
945.600000    -0.00025949 
946.000000    0.00060355 
946.400000    0.00136326 
946.800000    0.00189714 
947.200000    0.00212073 
947.600000    0.00200012 
948.000000    0.00155658 
948.400000    0.00086309 
948.800000    0.00003313 
949.200000    -0.00079709 
949.600000    -0.00149058 
950.000000    -0.00193264 
950.400000    -0.00205066 
950.800000    -0.00182693 
951.200000    -0.00130146 
951.600000    -0.00056441 
952.000000    0.00026031 
952.400000    0.00103659 
952.800000    0.00163866 
953.200000    0.00197097 
953.600000    0.00198243 
954.000000    0.00167369 
954.400000    0.00109654 
954.800000    0.00034585 
955.200000    -0.00045531 
955.600000    -0.00117524 
956.000000    -0.00169545 
956.400000    -0.00193078 
956.800000    -0.00184418 
957.200000    -0.00145297 
957.600000    -0.00082527 
958.000000    -0.00006743 
958.400000    0.00069471 
958.800000    0.00133710 
959.200000    0.00175733 
959.600000    0.00189030 
960.000000    0.00171755 
960.400000    0.00126952 
960.800000    0.00062053 
961.200000    -0.00012293 
961.600000    -0.00083903 
962.000000    -0.00141045 
962.400000    -0.00174403 
962.800000    -0.00178664 
963.200000    -0.00153417 
963.600000    -0.00103183 
964.000000    -0.00036554 
964.400000    0.00035339 
964.800000    0.00100734 
965.200000    0.00149162 
965.600000    0.00173066 
966.000000    0.00168920 
966.400000    0.00137697 
966.800000    0.00084672 
967.200000    0.00018579 
967.600000    -0.00049775 
968.000000    -0.00109241 
968.400000    -0.00150165 
968.800000    -0.00166008 
969.200000    -0.00154442 
969.600000    -0.00117715 
970.000000    -0.00062196 
970.400000    0.00002777 
970.800000    0.00066522 
971.200000    0.00118787 
971.600000    0.00151365 
972.000000    0.00159333 
972.400000    0.00141740 
972.800000    0.00101696 
973.200000    0.00045847 
973.600000    -0.00016677 
974.000000    -0.00075718 
974.400000    -0.00121735 
974.800000    -0.00147372 
975.200000    -0.00148685 
975.600000    -0.00125777 
976.000000    -0.00082728 
976.400000    -0.00026837 
976.800000    0.00032662 
977.200000    0.00086156 
977.600000    0.00125193 
978.000000    0.00143786 
978.400000    0.00139279 
978.800000    0.00112691 
979.200000    0.00068511 
979.600000    0.00013975 
980.000000    -0.00042084 
980.400000    -0.00090644 
980.800000    -0.00123953 
981.200000    -0.00136804 
981.600000    -0.00127376 
982.000000    -0.00097507 
982.400000    -0.00052323 
982.800000    0.00000672 
983.200000    0.00052877 
983.600000    0.00095995 
984.000000    0.00123339 
984.400000    0.00130821 
984.800000    0.00117534 
985.200000    0.00085834 
985.600000    0.00040941 
986.000000    -0.00009886 
986.400000    -0.00058494 
986.800000    -0.00097140 
987.200000    -0.00119738 
987.600000    -0.00122843 
988.000000    -0.00106202 
988.400000    -0.00072750 
988.800000    -0.00028080 
989.200000    0.00020528 
989.600000    0.00065305 
990.000000    0.00099237 
990.400000    0.00117136 
990.800000    0.00116399 
991.200000    0.00097362 
991.600000    0.00063211 
992.000000    0.00019471 
992.400000    -0.00026863 
992.800000    -0.00068422 
993.200000    -0.00098636 
993.600000    -0.00112793 
994.000000    -0.00108794 
994.400000    -0.00087476 
994.800000    -0.00052441 
995.200000    -0.00009427 
995.600000    0.00034654 
996.000000    0.00072837 
996.400000    0.00099190 
996.800000    0.00109715 
997.200000    0.00102927 
997.600000    0.00080045 
998.000000    0.00044786 
998.400000    0.00002784 
998.800000    -0.00039290 
999.200000    -0.00074771 
999.600000    -0.00098066 
1000.000000    -0.00105553 
