0.000000    0.00000000 
0.067622    0.00465597 
0.135243    0.00928844 
0.202865    0.01387645 
0.270491    0.01840156 
0.338125    0.02284754 
0.405775    0.02720020 
0.473449    0.03144700 
0.541160    0.03557693 
0.608925    0.03958018 
0.676762    0.04344795 
0.744694    0.04717229 
0.812744    0.05074584 
0.880942    0.05416173 
0.949318    0.05741342 
1.017908    0.06049452 
1.086749    0.06339874 
1.155881    0.06611971 
1.225347    0.06865096 
1.295192    0.07098577 
1.365464    0.07311711 
1.436214    0.07503760 
1.507494    0.07673943 
1.579356    0.07821430 
1.651858    0.07945340 
1.725055    0.08044741 
1.799004    0.08118640 
1.873763    0.08165994 
1.949389    0.08185700 
2.025938    0.08176607 
2.103466    0.08137517 
2.182024    0.08067195 
2.261661    0.07964375 
2.342423    0.07827778 
2.424348    0.07656127 
2.507468    0.07448169 
2.591807    0.07202698 
2.677380    0.06918592 
2.764190    0.06594844 
2.852226    0.06230613 
2.941465    0.05825273 
3.031866    0.05378476 
3.123371    0.04890232 
3.215905    0.04360993 
3.309372    0.03791763 
3.403658    0.03184216 
3.498629    0.02540847 
3.594134    0.01865132 
3.690007    0.01161711 
3.786070    0.00436583 
3.882136    -0.00302707 
3.978020    -0.01046902 
4.073539    -0.01784938 
4.168527    -0.02503953 
4.262837    -0.03189457 
4.356355    -0.03825727 
4.449001    -0.04396441 
4.540733    -0.04885563 
4.631553    -0.05278404 
4.721498    -0.05562753 
4.810634    -0.05729890 
4.899049    -0.05775335 
4.986838    -0.05699169 
5.074095    -0.05505890 
5.160901    -0.05203850 
5.247318    -0.04804364 
5.333383    -0.04320688 
5.419110    -0.03766993 
5.504490    -0.03157478 
5.589493    -0.02505678 
5.674078    -0.01823999 
5.758189    -0.01123453 
5.841768    -0.00413567 
5.924757    0.00297600 
6.007100    0.01003345 
6.088746    0.01698182 
6.169655    0.02377675 
6.249793    0.03038279 
6.329140    0.03677185 
6.407685    0.04292193 
6.485428    0.04881587 
6.562381    0.05444043 
6.638566    0.05978544 
6.714013    0.06484310 
6.788764    0.06960744 
6.862866    0.07407382 
6.936376    0.07823856 
7.009356    0.08209862 
7.081876    0.08565130 
7.154009    0.08889402 
7.225834    0.09182414 
7.297434    0.09443876 
7.368893    0.09673463 
7.440302    0.09870798 
7.511749    0.10035445 
7.583327    0.10166905 
7.655128    0.10264604 
7.727246    0.10327898 
7.799772    0.10356066 
7.872798    0.10348318 
7.946410    0.10303798 
8.020695    0.10221590 
8.095732    0.10100733 
8.171598    0.09940234 
8.248359    0.09739086 
8.326076    0.09496293 
8.404797    0.09210895 
8.484562    0.08881997 
8.565393    0.08508809 
8.647300    0.08090683 
8.730276    0.07627158 
8.814294    0.07118016 
8.899306    0.06563341 
8.985246    0.05963587 
9.072022    0.05319663 
9.159521    0.04633028 
9.247608    0.03905807 
9.336126    0.03140926 
9.424898    0.02342269 
9.513733    0.01514860 
9.602426    0.00665055 
9.690767    -0.00199260 
9.778549    -0.01068493 
9.865572    -0.01931227 
9.951658    -0.02774204 
10.036655    -0.03582467 
10.120448    -0.04339719 
10.202969    -0.05028922 
10.284197    -0.05633146 
10.363819    -0.06231270 
10.442191    -0.06632375 
10.519432    -0.06906805 
10.595689    -0.07047802 
10.671126    -0.07053184 
10.745911    -0.06925405 
10.820202    -0.06671173 
10.894135    -0.06300701 
10.967817    -0.05826747 
11.041324    -0.05263587 
11.114694    -0.04626050 
11.187936    -0.03928714 
11.260876    -0.03198477 
11.333621    -0.02418390 
11.406118    -0.01616013 
11.478303    -0.00800304 
11.550106    0.00020969 
11.621454    0.00841065 
11.692274    0.01654247 
11.762498    0.02455763 
11.832065    0.03241772 
11.900929    0.04009192 
11.969052    0.04755542 
12.036408    0.05478810 
12.102983    0.06177362 
12.168777    0.06849880 
12.233799    0.07495316 
12.298070    0.08112842 
12.361624    0.08701809 
12.424503    0.09261699 
12.486761    0.09792088 
12.548458    0.10292609 
12.609666    0.10762926 
12.670462    0.11202709 
12.730932    0.11611618 
12.791167    0.11989278 
12.851266    0.12335261 
12.911330    0.12649067 
12.971467    0.12930098 
13.031790    0.13177643 
13.092414    0.13390863 
13.153456    0.13568773 
13.215040    0.13710233 
13.277289    0.13813941 
13.340327    0.13878425 
13.404279    0.13902044 
13.469270    0.13883001 
13.535421    0.13819355 
13.602850    0.13709050 
13.671667    0.13549950 
13.741975    0.13339882 
13.813866    0.13076691 
13.887414    0.12758297 
13.962680    0.12382766 
14.039699    0.11948386 
14.118485    0.11453745 
14.199023    0.10897810 
14.281265    0.10279992 
14.365132    0.09600209 
14.450510    0.08858935 
14.537247    0.08057255 
14.625156    0.07196927 
14.714012    0.06280478 
14.803554    0.05311321 
14.893491    0.04293923 
14.983503    0.03233998 
15.073248    0.02138756 
15.162375    0.01017172 
15.250536    -0.00119700 
15.337398    -0.01258441 
15.422658    -0.02383066 
15.506059    -0.03475032 
15.587406    -0.04513556 
15.666572    -0.05476345 
15.743513    -0.06340745 
15.818261    -0.07085225 
15.890926    -0.07690996 
15.961685    -0.08143523 
16.030761    -0.08433635 
16.098409    -0.08558056 
16.165178    -0.08469319 
16.231049    -0.08275118 
16.296252    -0.07937670 
16.360975    -0.07471615 
16.425069    -0.06938085 
16.488924    -0.06263021 
16.552603    -0.05508641 
16.616133    -0.04690234 
16.679502    -0.03821969 
16.742598    -0.02924145 
16.805424    -0.01991052 
16.867895    -0.01042584 
16.929921    -0.00086974 
16.991410    0.00869317 
17.052268    0.01821076 
17.112407    0.02763901 
17.171745    0.03693929 
17.230210    0.04607747 
17.287743    0.05502395 
17.344297    0.06375388 
17.399841    0.07224708 
17.454360    0.08048759 
17.507849    0.08846310 
17.560323    0.09616432 
17.611784    0.10363561 
17.662295    0.11077537 
17.711908    0.11762581 
17.760687    0.12418574 
17.808707    0.13045540 
17.856051    0.13643587 
17.902814    0.14212886 
17.949097    0.14753605 
17.995011    0.15265834 
18.040673    0.15749538 
18.086207    0.16204525 
18.131746    0.16630425 
18.177427    0.17026654 
18.223397    0.17392373 
18.269807    0.17726429 
18.316819    0.18027296 
18.364598    0.18293009 
18.413322    0.18521128 
18.463173    0.18708731 
18.514341    0.18852394 
18.567023    0.18948134 
18.621441    0.18975913 
18.677780    0.18961209 
18.736241    0.18883274 
18.797025    0.18736081 
18.860315    0.18513376 
18.926276    0.18208891 
18.995041    0.17816614 
19.066703    0.17331109 
19.141302    0.16747908 
19.218819    0.16063936 
19.299163    0.15277905 
19.382169    0.14390595 
19.467596    0.13404986 
19.555131    0.12326199 
19.644394    0.11161212 
19.734949    0.09918407 
19.826318    0.08607135 
19.917986    0.07237481 
20.009425    0.05820146 
20.100100    0.04366414 
20.189487    0.02888265 
20.277087    0.01398735 
20.362440    -0.00087518 
20.445145    -0.01553608 
20.524871    -0.02980060 
20.601379    -0.04344932 
20.674527    -0.05624502 
20.744281    -0.06794478 
20.810718    -0.07831634 
20.874013    -0.08715676 
20.934433    -0.09430964 
20.992306    -0.09967692 
21.048143    -0.10300102 
21.102188    -0.10474336 
21.154815    -0.10475667 
21.206377    -0.10314674 
21.257189    -0.10004325 
21.307522    -0.09558940 
21.357444    -0.09018286 
21.407279    -0.08348343 
21.457152    -0.07587066 
21.507135    -0.06747863 
21.557217    -0.05849981 
21.607417    -0.04892058 
21.657684    -0.03891550 
21.707930    -0.02857944 
21.758042    -0.01799730 
21.807889    -0.00724647 
21.857324    0.00360190 
21.906196    0.01448310 
21.954353    0.02533871 
22.001644    0.03611201 
22.047942    0.04676598 
22.093132    0.05725157 
22.137117    0.06753145 
22.179824    0.07757373 
22.221202    0.08735202 
22.261222    0.09684550 
22.299880    0.10603898 
22.337191    0.11492278 
22.373190    0.12349224 
22.407928    0.13174717 
22.441469    0.13969142 
22.473884    0.14733907 
22.505263    0.15468763 
22.535698    0.16175579 
22.565285    0.16855781 
22.594129    0.17510914 
22.622335    0.18142609 
22.650013    0.18752532 
22.677279    0.19342347 
22.704249    0.19913685 
22.731048    0.20468112 
22.757806    0.21007090 
22.784663    0.21531941 
22.811766    0.22043786 
22.839278    0.22543482 
22.867378    0.23031534 
22.896261    0.23507971 
22.926150    0.23972185 
22.957295    0.24422678 
22.989979    0.24856724 
23.024525    0.25269909 
23.061304    0.25655513 
23.100736    0.26003768 
23.143298    0.26300893 
23.189511    0.26527719 
23.239935    0.26658368 
23.295136    0.26659770 
23.355642    0.26488816 
23.421874    0.26109057 
23.494064    0.25475710 
23.572163    0.24558597 
23.655758    0.23337352 
23.744068    0.21825329 
23.835999    0.20057175 
23.930268    0.18089059 
24.025547    0.15986357 
24.120588    0.13808717 
24.214298    0.11604948 
24.305788    0.09413731 
24.394375    0.07264474 
24.479551    0.05175129 
24.560948    0.03156691 
24.638339    0.01221287 
24.711550    -0.00629875 
24.780515    -0.02384406 
24.845249    -0.04032060 
24.905842    -0.05561504 
24.962457    -0.06961071 
25.015324    -0.08219786 
25.064732    -0.09328511 
25.111016    -0.10280947 
25.154546    -0.11074198 
25.195709    -0.11708769 
25.234897    -0.12188057 
25.272498    -0.12517507 
25.308886    -0.12703699 
25.344414    -0.12753547 
25.379485    -0.12660575 
25.414335    -0.12456334 
25.449243    -0.12133885 
25.484389    -0.11714189 
25.520064    -0.11171090 
25.556452    -0.10523912 
25.593693    -0.09777615 
25.631868    -0.08942726 
25.671034    -0.08016103 
25.711173    -0.07009797 
25.752202    -0.05932335 
25.793977    -0.04793172 
25.836296    -0.03602648 
25.878900    -0.02372789 
25.921497    -0.01112987 
25.963769    0.00163906 
26.005397    0.01446224 
26.046076    0.02722832 
26.085538    0.03983480 
26.123560    0.05219070 
26.159973    0.06421852 
26.194668    0.07585585 
26.227586    0.08705592 
26.258719    0.09778713 
26.288097    0.10803222 
26.315782    0.11778675 
26.341857    0.12705691 
26.366423    0.13585736 
26.389589    0.14420924 
26.411469    0.15213851 
26.432180    0.15967441 
26.451839    0.16684817 
26.470559    0.17369196 
26.488449    0.18023823 
26.505616    0.18651925 
26.522163    0.19256681 
26.538186    0.19841214 
26.553785    0.20408597 
26.569052    0.20961857 
26.584084    0.21504001 
26.598976    0.22038050 
26.613828    0.22567072 
26.628745    0.23094224 
26.643841    0.23622803 
26.659241    0.24156303 
26.675088    0.24698474 
26.691546    0.25253393 
26.708809    0.25825540 
26.727111    0.26419835 
26.746737    0.27041648 
26.768042    0.27696680 
26.791471    0.28390568 
26.817585    0.29127994 
26.847097    0.29910818 
26.880906    0.30734416 
26.920131    0.31580675 
26.966121    0.32405381 
27.020408    0.33117530 
27.084540    0.33551766 
27.159688    0.33452743 
27.245962    0.32524035 
27.341620    0.30575301 
27.442947    0.27684077 
27.545410    0.24207355 
27.645275    0.20563686 
27.740371    0.17045176 
27.829880    0.13791801 
27.913790    0.10838959 
27.992454    0.08171705 
28.066331    0.05757335 
28.135886    0.03564532 
28.201507    0.01557682 
28.263545    -0.00283328 
28.322298    -0.01976018 
28.378026    -0.03532618 
28.431002    -0.04953510 
28.481407    -0.06258440 
28.529457    -0.07440377 
28.575371    -0.08498577 
28.619377    -0.09431357 
28.661712    -0.10236750 
28.702626    -0.10912904 
28.742376    -0.11458360 
28.781229    -0.11872226 
28.819453    -0.12154249 
28.857317    -0.12304798 
28.895085    -0.12324822 
28.933010    -0.12215861 
28.971330    -0.11980158 
29.010266    -0.11620856 
29.050006    -0.11142255 
29.090706    -0.10550024 
29.132480    -0.09851335 
29.175390    -0.09054876 
29.219449    -0.08170755 
29.264617    -0.07210271 
29.310803    -0.06185549 
29.357869    -0.05109063 
29.405637    -0.03993142 
29.453897    -0.02849563 
29.502412    -0.01689228 
29.550950    -0.00521727 
29.599266    0.00643921 
29.647125    0.01800037 
29.694318    0.02940043 
29.740666    0.04058462 
29.786027    0.05150771 
29.830290    0.06213279 
29.873375    0.07243130 
29.915236    0.08238348 
29.955859    0.09197725 
29.995259    0.10120625 
30.033474    0.11006937 
30.070563    0.11857139 
30.106599    0.12673208 
30.141676    0.13454555 
30.175894    0.14203482 
30.209359    0.14921350 
30.242183    0.15609485 
30.274481    0.16269233 
30.306376    0.16901980 
30.337993    0.17509093 
30.369461    0.18091817 
30.400912    0.18651168 
30.432486    0.19187854 
30.464328    0.19702203 
30.496593    0.20194109 
30.529442    0.20662955 
30.563048    0.21107555 
30.597596    0.21526029 
30.633281    0.21915639 
30.670316    0.22270568 
30.708921    0.22589828 
30.749331    0.22865187 
30.791796    0.23089164 
30.836574    0.23252923 
30.883928    0.23346044 
30.934122    0.23356538 
30.987401    0.23271560 
31.043971    0.23078582 
31.103980    0.22766224 
31.167512    0.22325357 
31.234577    0.21750250 
31.305102    0.21039561 
31.378937    0.20198324 
31.455857    0.19236904 
31.535563    0.18169176 
31.617702    0.17012051 
31.701894    0.15781825 
31.787749    0.14498314 
31.874867    0.13174573 
31.962855    0.11824109 
32.051352    0.10461348 
32.140003    0.09093352 
32.228472    0.07727420 
32.316447    0.06369011 
32.403638    0.05022943 
32.489779    0.03693226 
32.574629    0.02383632 
32.658068    0.01118388 
32.739809    -0.00136676 
32.819691    -0.01354434 
32.897580    -0.02525579 
32.973388    -0.03638857 
33.047067    -0.04681346 
33.118621    -0.05638975 
33.188107    -0.06497279 
33.255631    -0.07242309 
33.321348    -0.07861631 
33.385455    -0.08345258 
33.448178    -0.08686407 
33.509762    -0.08881948 
33.570456    -0.08932534 
33.630502    -0.08842425 
33.690123    -0.08619064 
33.749512    -0.08272491 
33.808828    -0.07814669 
33.868188    -0.07258770 
33.927675    -0.06618501 
33.987332    -0.05907493 
34.047167    -0.05138814 
34.107161    -0.04324611 
34.167270    -0.03475901 
34.227431    -0.02602477 
34.287491    -0.01714177 
34.347436    -0.00814997 
34.407171    0.00086893 
34.466599    0.00985985 
34.525627    0.01877442 
34.584165    0.02757208 
34.642137    0.03621974 
34.699475    0.04469045 
34.756128    0.05296221 
34.812054    0.06101731 
34.867227    0.06884174 
34.921636    0.07642468 
34.975283    0.08375765 
35.028186    0.09083387 
35.080377    0.09764758 
35.131875    0.10425475 
35.182762    0.11053418 
35.233105    0.11653644 
35.282981    0.12225725 
35.332473    0.12769249 
35.381673    0.13283840 
35.430709    0.13759965 
35.479658    0.14215343 
35.528636    0.14640853 
35.577763    0.15036022 
35.627165    0.15400174 
35.676977    0.15732353 
35.727337    0.16031269 
35.778389    0.16295254 
35.830283    0.16522263 
35.883173    0.16709880 
35.937216    0.16855348 
35.992571    0.16955601 
36.049396    0.17007286 
36.107845    0.17006798 
36.168068    0.16950345 
36.230205    0.16834044 
36.294385    0.16654095 
36.360719    0.16406970 
36.429297    0.16089631 
36.500181    0.15699706 
36.573402    0.15235620 
36.648953    0.14696703 
36.726787    0.14083276 
36.806820    0.13396721 
36.888928    0.12639499 
36.972954    0.11815098 
37.058707    0.10927903 
37.145964    0.09983013 
37.234470    0.08986028 
37.323935    0.07942899 
37.414043    0.06859920 
37.504444    0.05740930 
37.594825    0.04601162 
37.684851    0.03441792 
37.774195    0.02270410 
37.862549    0.01095654 
37.949629    -0.00072284 
38.035185    -0.01221315 
38.119011    -0.02337357 
38.200951    -0.03404519 
38.280905    -0.04405535 
38.358839    -0.05322431 
38.434781    -0.06137401 
38.508822    -0.06833831 
38.581111    -0.07397403 
38.651846    -0.07817125 
38.721255    -0.08086131 
38.789891    -0.08153713 
38.857701    -0.08123006 
38.924921    -0.07948408 
38.991763    -0.07640033 
39.058122    -0.07241635 
39.124416    -0.06702949 
39.190745    -0.06073559 
39.257165    -0.05368879 
39.323692    -0.04604002 
39.390304    -0.03793254 
39.456892    -0.02949591 
39.523432    -0.02083594 
39.589836    -0.01207197 
39.656062    -0.00332820 
39.721962    0.00539641 
39.787447    0.01401491 
39.852438    0.02247977 
39.916810    0.03085256 
39.980574    0.03892131 
40.043709    0.04674018 
40.106211    0.05429329 
40.168092    0.06157069 
40.229376    0.06856452 
40.290099    0.07526838 
40.350304    0.08167753 
40.410037    0.08778831 
40.469349    0.09359693 
40.528297    0.09909839 
40.586941    0.10428617 
40.645345    0.10915265 
40.703582    0.11368965 
40.761726    0.11788876 
40.819863    0.12174141 
40.878080    0.12523900 
40.936474    0.12837318 
40.995144    0.13113579 
41.054200    0.13351857 
41.113815    0.13519605 
41.174053    0.13678816 
41.235038    0.13797056 
41.296897    0.13873025 
41.359752    0.13905335 
41.423724    0.13892574 
41.488923    0.13833365 
41.555451    0.13726431 
41.623399    0.13570621 
41.692845    0.13364916 
41.763856    0.13108420 
41.836480    0.12800347 
41.910750    0.12440041 
41.986681    0.12027030 
42.064267    0.11561115 
42.143481    0.11042477 
42.224275    0.10471783 
42.306576    0.09850255 
42.390292    0.09179712 
42.475306    0.08462555 
42.561481    0.07701712 
42.648659    0.06900551 
42.736660    0.06062790 
42.825288    0.05192447 
42.914332    0.04293871 
43.003566    0.03371871 
43.092760    0.02431915 
43.181673    0.01488967 
43.270101    0.00538804 
43.357826    -0.00406742 
43.444649    -0.01337343 
43.530401    -0.02241217 
43.614947    -0.03105246 
43.698196    -0.03915236 
43.780107    -0.04656368 
43.860687    -0.05313826 
43.939995    -0.05873578 
44.018135    -0.06323245 
44.095244    -0.06652974 
44.171487    -0.06856183 
44.247038    -0.06930085 
44.322071    -0.06875904 
44.396746    -0.06698748 
44.471199    -0.06407166 
44.545536    -0.06012444 
44.619831    -0.05527756 
44.694127    -0.04967273 
44.768315    -0.04347179 
44.842489    -0.03672886 
44.916623    -0.02964278 
44.990684    -0.02232844 
45.064630    -0.01488567 
45.138417    -0.00739983 
45.211994    0.00005732 
45.285315    0.00742657 
45.358494    0.01440872 
45.431328    0.02144794 
45.503781    0.02828420 
45.575824    0.03489280 
45.647432    0.04125446 
45.718590    0.04735422 
45.789292    0.05318054 
45.859541    0.05872443 
45.929349    0.06397883 
45.998738    0.06893798 
46.067742    0.07359705 
46.136403    0.07795178 
46.204770    0.08199829 
46.272904    0.08573293 
46.340869    0.08915219 
46.408737    0.09225269 
46.476582    0.09503108 
46.544484    0.09748408 
46.612524    0.09960840 
46.680784    0.10140071 
46.749347    0.10285756 
46.818294    0.10397533 
46.887710    0.10475018 
46.957674    0.10517800 
47.028267    0.10525439 
47.099565    0.10497471 
47.171645    0.10433416 
47.244576    0.10332788 
47.318425    0.10195122 
47.393253    0.10019985 
47.469111    0.09807011 
47.546041    0.09555918 
47.624074    0.09266535 
47.703227    0.08938821 
47.783501    0.08572881 
47.864883    0.08168983 
47.947342    0.07727573 
48.030832    0.07249299 
48.115291    0.06735029 
48.200642    0.06185894 
48.286797    0.05603329 
48.373655    0.04989121 
48.461106    0.04345463 
48.549034    0.03675017 
48.637315    0.02980968 
48.725820    0.02267099 
48.814416    0.01537863 
48.902967    0.00798481 
48.991339    0.00055041 
49.079396    -0.00685392 
49.167013    -0.01414691 
49.254074    -0.02123623 
49.340577    -0.02740389 
49.426375    -0.03367939 
49.511421    -0.03943174 
49.595698    -0.04454742 
49.679217    -0.04891843 
49.762019    -0.05244839 
49.844170    -0.05505869 
49.925756    -0.05669392 
50.006874    -0.05732579 
50.087626    -0.05695503 
50.168114    -0.05561104 
50.248425    -0.05334925 
50.328636    -0.05024678 
50.408801    -0.04639688 
50.488957    -0.04190298 
50.569116    -0.03687293 
50.649275    -0.03141400 
50.729412    -0.02562884 
50.809494    -0.01961265 
50.889478    -0.01345143 
50.969314    -0.00722106 
51.048952    -0.00098727 
51.128342    0.00519398 
51.207435    0.01127574 
51.286189    0.01721917 
51.364570    0.02299247 
51.442548    0.02856996 
51.520105    0.03393111 
51.597228    0.03905969 
51.673916    0.04394303 
51.750173    0.04857134 
51.826014    0.05293720 
51.901459    0.05703501 
51.976538    0.06086064 
52.051285    0.06441105 
52.125742    0.06768400 
52.199953    0.07067785 
52.273972    0.07339130 
52.347852    0.07582324 
52.421652    0.07797265 
52.495434    0.07983840 
52.569262    0.08141927 
52.643201    0.08271377 
52.717319    0.08372019 
52.791682    0.08443651 
52.866357    0.08486038 
52.941411    0.08498920 
53.016908    0.08482004 
53.092909    0.08434977 
53.169473    0.08357505 
53.246655    0.08249245 
53.324503    0.08109851 
53.403059    0.07938989 
53.482361    0.07736344 
53.562435    0.07501641 
53.643302    0.07234663 
53.724971    0.06935268 
53.807443    0.06603417 
53.890706    0.06239198 
53.974739    0.05842865 
54.059511    0.05414869 
54.144976    0.04955900 
54.231080    0.04466939 
54.317757    0.03949307 
54.404931    0.03404729 
54.492518    0.02835394 
54.580424    0.02244033 
54.668550    0.01633989 
54.756790    0.01009297 
54.845039    0.00374758 
54.933190    -0.00263989 
55.021140    -0.00900430 
55.108792    -0.01527149 
55.196062    -0.02135866 
55.282875    -0.02717531 
55.369179    -0.03262503 
55.454937    -0.03760822 
55.540137    -0.04202573 
55.624785    -0.04578336 
55.708913    -0.04879679 
55.792567    -0.05099664 
55.875809    -0.05233294 
55.958710    -0.05277850 
56.041344    -0.05233074 
56.123782    -0.05101167 
56.206089    -0.04886606 
56.288315    -0.04595808 
56.370496    -0.04236686 
56.452653    -0.03818159 
56.534788    -0.03349659 
56.616891    -0.02840695 
56.698938    -0.02300487 
56.780894    -0.01737696 
56.862719    -0.01160240 
56.944368    -0.00575195 
57.025795    0.00011238 
57.106957    0.00593721 
57.187811    0.01167724 
57.268322    0.01729458 
57.348460    0.02275792 
57.428203    0.02804166 
57.507533    0.03312513 
57.586444    0.03799175 
57.664934    0.04262840 
57.743010    0.04702474 
57.820685    0.05117271 
57.897979    0.05506605 
57.974918    0.05869988 
58.051533    0.06207041 
58.127862    0.06517460 
58.203944    0.06800998 
58.279826    0.07057442 
58.355556    0.07286600 
58.431186    0.07488283 
58.506771    0.07662299 
58.582366    0.07808443 
58.658032    0.07926489 
58.733826    0.08016189 
58.809810    0.08077265 
58.886044    0.08109414 
58.962587    0.08112305 
59.039499    0.08085580 
59.116837    0.08028860 
59.194655    0.07941753 
59.273007    0.07823857 
59.351939    0.07674773 
59.431496    0.07494114 
59.511715    0.07281523 
59.592627    0.07036687 
59.674257    0.06759358 
59.756620    0.06449374 
59.839723    0.06106686 
59.923561    0.05731388 
60.008121    0.05323752 
60.093377    0.04884271 
60.179289    0.04413701 
60.265808    0.03913119 
60.352870    0.03383987 
60.440399    0.02828222 
60.528309    0.02248277 
60.616503    0.01647233 
60.704875    0.01028895 
60.793312    0.00397887 
60.881700    -0.00240259 
60.969923    -0.00879026 
61.057869    -0.01510882 
61.145437    -0.02127292 
61.232537    -0.02718811 
61.319097    -0.03275270 
61.405065    -0.03786070 
61.490416    -0.04240584 
61.575145    -0.04628657 
61.659276    -0.04941157 
61.742851    -0.05170533 
61.825933    -0.05311310 
61.908596    -0.05360458 
61.990918    -0.05317576 
62.072978    -0.05184879 
62.154849    -0.04966986 
62.236590    -0.04670546 
62.318247    -0.04303748 
62.399849    -0.03875796 
62.481407    -0.03396387 
62.562917    -0.02875255 
62.644362    -0.02321794 
62.725713    -0.01744788 
62.806931    -0.01152231 
62.887973    -0.00551242 
62.968796    0.00051967 
63.049352    0.00652057 
63.129599    0.01244502 
63.209497    0.01825514 
63.289012    0.02391949 
63.368116    0.02941219 
63.446788    0.03471211 
63.525014    0.03980203 
63.602789    0.04466800 
63.680113    0.04929872 
63.756996    0.05368504 
63.833454    0.05781950 
63.909511    0.06169601 
63.985196    0.06530948 
64.060546    0.06865562 
64.135602    0.07173069 
64.210412    0.07453131 
64.285027    0.07705432 
64.359502    0.07929666 
64.433896    0.08125523 
64.508273    0.08292680 
64.582695    0.08430796 
64.657230    0.08539503 
64.731945    0.08618407 
64.806646    0.08800529 
64.881671    0.08822286 
64.957088    0.08813159 
65.032966    0.08772151 
65.109368    0.08698199 
65.186360    0.08590294 
65.264000    0.08447578 
65.342342    0.08269397 
65.421433    0.08055316 
65.501311    0.07805086 
65.582006    0.07518582 
65.663537    0.07195759 
65.745914    0.06836606 
65.829134    0.06441142 
65.913182    0.06009454 
65.998030    0.05541751 
66.083589    0.04930774 
66.169831    0.04399238 
66.256683    0.03834898 
66.344062    0.03239562 
66.431867    0.02615614 
66.519985    0.01966130 
66.608294    0.01294996 
66.696662    0.00607036 
66.784951    -0.00091866 
66.873025    -0.00794658 
66.960748    -0.01493050 
67.047997    -0.02177503 
67.134663    -0.02837305 
67.220656    -0.03460765 
67.305913    -0.04035548 
67.390399    -0.04549149 
67.474112    -0.04989501 
67.557078    -0.05345662 
67.639350    -0.05608526 
67.721006    -0.05771445 
67.802135    -0.05830703 
67.882835    -0.05785749 
67.963202    -0.05639170 
68.043324    -0.05396415 
68.123272    -0.05065306 
68.203100    -0.04655429 
68.282838    -0.04177477 
68.362499    -0.03642617 
68.442074    -0.03061949 
68.521537    -0.02446078 
68.600850    -0.01804817 
68.679965    -0.01147009 
68.758508    -0.00477305 
68.836733    0.00201201 
68.914582    0.00876167 
68.992003    0.01542660 
69.068953    0.02196584 
69.145396    0.02834577 
69.221307    0.03453906 
69.296668    0.04052356 
69.371469    0.04628138 
69.445708    0.05179805 
69.519392    0.05706192 
69.592535    0.06206363 
69.665161    0.06679571 
69.737301    0.07125222 
69.808996    0.07542837 
69.880293    0.07932021 
69.951246    0.08292434 
70.021914    0.08623758 
70.092364    0.08925679 
70.162665    0.09197870 
70.232891    0.09439971 
70.303118    0.09651589 
70.373425    0.09832283 
70.443894    0.09981563 
70.514607    0.10098888 
70.585646    0.10183661 
70.657096    0.10235229 
70.729037    0.10252885 
70.801552    0.10235869 
70.874719    0.10183373 
70.948614    0.10094545 
71.023307    0.09968505 
71.098866    0.09804351 
71.175348    0.09601180 
71.252807    0.09358106 
71.331284    0.09074286 
71.410810    0.08748943 
71.491407    0.08381402 
71.573078    0.07971125 
71.655814    0.07517748 
71.739588    0.07021134 
71.824355    0.06481424 
71.910050    0.05899101 
71.996589    0.05275063 
72.083866    0.04610709 
72.171755    0.03908043 
72.260111    0.03169796 
72.348772    0.02399564 
72.437559    0.01601974 
72.526283    0.00782855 
72.614749    -0.00050573 
72.702763    -0.00889537 
72.790136    -0.01723588 
72.876698    -0.02540561 
72.962300    -0.03326673 
73.046828    -0.04066805 
73.130205    -0.04745007 
73.212400    -0.05345219 
73.293427    -0.05852197 
73.373342    -0.06252525 
73.452242    -0.06535606 
73.530249    -0.06694468 
73.607504    -0.06726259 
73.684153    -0.06632365 
73.760818    -0.06313311 
73.837152    -0.05993048 
73.913245    -0.05574268 
73.989162    -0.05069542 
74.064940    -0.04492223 
74.140588    -0.03855699 
74.216092    -0.03172811 
74.291416    -0.02455439 
74.366511    -0.01714258 
74.441317    -0.00958630 
74.515770    -0.00196605 
74.589803    0.00565006 
74.663351    0.01320522 
74.736357    0.02065250 
74.808768    0.02795354 
74.880543    0.03507717 
74.951098    0.04280315 
75.020938    0.04965778 
75.090048    0.05627628 
75.158427    0.06264225 
75.225902    0.06912127 
75.292677    0.07499615 
75.358798    0.08057767 
75.424317    0.08586094 
75.489291    0.09084495 
75.553780    0.09553001 
75.617845    0.09991585 
75.681553    0.10400098 
75.744975    0.10778278 
75.808192    0.11125785 
75.871291    0.11442229 
75.934370    0.11727166 
75.997533    0.11980065 
76.060884    0.12200270 
76.124532    0.12386958 
76.188583    0.12539132 
76.253149    0.12655633 
76.318339    0.12735189 
76.384265    0.12776460 
76.451040    0.12778069 
76.518771    0.12738604 
76.587563    0.12656596 
76.657514    0.12530493 
76.728716    0.12358657 
76.801255    0.12139394 
76.875205    0.11871026 
76.950626    0.11551957 
77.027563    0.11180748 
77.106042    0.10756158 
77.186065    0.10277196 
77.267614    0.09743167 
77.350643    0.09153739 
77.435080    0.08509000 
77.520823    0.07809492 
77.607740    0.07056245 
77.695665    0.06250845 
77.784400    0.05395568 
77.873718    0.04493583 
77.963368    0.03549174 
78.053076    0.02567932 
78.142556    0.01556910 
78.231512    0.00524782 
78.319652    -0.00517937 
78.406694    -0.01558645 
78.492381    -0.02582448 
78.576496    -0.03572137 
78.658869    -0.04508478 
78.739396    -0.05370897 
78.818038    -0.06138553 
78.894828    -0.06791716 
78.969867    -0.07313265 
79.043309    -0.07690074 
79.115548    -0.07873388 
79.186618    -0.07941358 
79.256744    -0.07857557 
79.326136    -0.07629583 
79.394981    -0.07268910 
79.463433    -0.06789743 
79.531606    -0.06207852 
79.599574    -0.05539519 
79.667137    -0.04829051 
79.734524    -0.04032017 
79.801709    -0.03192634 
79.868648    -0.02322603 
79.935276    -0.01432269 
80.001515    -0.00530689 
80.067224    0.00374243 
80.132368    0.01277554 
80.196871    0.02172331 
80.260660    0.03054599 
80.323670    0.03921041 
80.385845    0.04768895 
80.447145    0.05595839 
80.507539    0.06399883 
80.567011    0.07179352 
80.625558    0.07932899 
80.683192    0.08659482 
80.739937    0.09358310 
80.795830    0.10028772 
80.850919    0.10670393 
80.905262    0.11282812 
80.958931    0.11865759 
81.012002    0.12419024 
81.064565    0.12942420 
81.116713    0.13435759 
81.168551    0.13898818 
81.220186    0.14331319 
81.271736    0.14732885 
81.323322    0.15103011 
81.375073    0.15441017 
81.427124    0.15746015 
81.479614    0.16016866 
81.532689    0.16252152 
81.586501    0.16450147 
81.641206    0.16608801 
81.696965    0.16725725 
81.753942    0.16798187 
81.812302    0.16823109 
81.872210    0.16797083 
81.933827    0.16716411 
81.997310    0.16577179 
82.062802    0.16375361 
82.130433    0.16106965 
82.200312    0.15768170 
82.272523    0.15355488 
82.347117    0.14865924 
82.424106    0.14297164 
82.503463    0.13647758 
82.585108    0.12917257 
82.668911    0.12106308 
82.754688    0.11216696 
82.842200    0.10251386 
82.931154    0.09214495 
83.021212    0.08111192 
83.111993    0.06947591 
83.203084    0.05730713 
83.294026    0.04460489 
83.384401    0.03164991 
83.473759    0.01843391 
83.561663    0.00507909 
83.647704    -0.00826905 
83.731520    -0.02143808 
83.812766    -0.03430890 
83.891250    -0.04651655 
83.966845    -0.05787220 
84.039519    -0.06813282 
84.109424    -0.07691807 
84.176648    -0.08431618 
84.241431    -0.09003979 
84.304071    -0.09399791 
84.364896    -0.09616308 
84.424248    -0.09656758 
84.482452    -0.09529420 
84.539810    -0.09246422 
84.596579    -0.08822480 
84.652972    -0.08273756 
84.709150    -0.07616894 
84.765105    -0.06885278 
84.821017    -0.06060351 
84.876907    -0.05173153 
84.932755    -0.04236667 
84.988509    -0.03262663 
85.044089    -0.02261449 
85.099398    -0.01241879 
85.154298    -0.00213933 
85.208695    0.00821055 
85.262467    0.01854511 
85.315496    0.02881220 
85.367672    0.03896771 
85.418894    0.04897351 
85.469080    0.05879647 
85.518159    0.06840833 
85.566083    0.07778560 
85.612818    0.08690930 
85.658351    0.09576465 
85.702686    0.10434072 
85.745837    0.11264645 
85.787851    0.12064715 
85.828781    0.12835607 
85.868692    0.13577478 
85.907661    0.14290703 
85.945774    0.14975811 
85.983125    0.15633448 
86.019814    0.16264369 
86.055953    0.16869411 
86.091656    0.17449411 
86.127045    0.18005137 
86.162251    0.18537233 
86.197409    0.19046181 
86.232664    0.19532237 
86.268169    0.19995337 
86.304088    0.20435037 
86.340596    0.20850439 
86.377884    0.21240093 
86.416157    0.21601881 
86.455640    0.21932831 
86.496575    0.22228917 
86.539227    0.22484864 
86.583881    0.22693910 
86.630841    0.22847565 
86.680428    0.22935476 
86.732974    0.22945278 
86.788806    0.22862653 
86.848238    0.22664088 
86.911536    0.22348335 
86.978902    0.21891810 
87.050444    0.21280613 
87.126151    0.20511509 
87.205856    0.19567106 
87.289241    0.18457327 
87.375838    0.17192273 
87.465052    0.15789155 
87.556189    0.14267221 
87.648513    0.12655695 
87.741267    0.10974979 
87.833712    0.09247373 
87.925151    0.07492657 
88.014949    0.05727938 
88.102541    0.03968413 
88.187438    0.02228168 
88.269231    0.00521101 
88.347598    -0.01138126 
88.422307    -0.02733534 
88.493223    -0.04247534 
88.560308    -0.05661169 
88.623675    -0.06947048 
88.683429    -0.08103109 
88.739814    -0.09105848 
88.793139    -0.09943771 
88.843769    -0.10610121 
88.892097    -0.11102946 
88.938528    -0.11424579 
88.983461    -0.11580737 
89.027276    -0.11579488 
89.070539    -0.11395669 
89.113146    -0.11142810 
89.155581    -0.10728991 
89.198085    -0.10198073 
89.240848    -0.09560169 
89.283962    -0.08836461 
89.327570    -0.08015165 
89.371718    -0.07117327 
89.416400    -0.06153016 
89.461562    -0.05131981 
89.507107    -0.04063628 
89.552885    -0.02959644 
89.598732    -0.01823731 
89.644448    -0.00667410 
89.689817    0.00500841 
89.734622    0.01672973 
89.778647    0.02841446 
89.821699    0.03999292 
89.863606    0.05140177 
89.904223    0.06258548 
89.943446    0.07349553 
89.981200    0.08409247 
90.017444    0.09434620 
90.052172    0.10423589 
90.085404    0.11374987 
90.117185    0.12288479 
90.147582    0.13164450 
90.176674    0.14003857 
90.204549    0.14808097 
90.231304    0.15578898 
90.257041    0.16318240 
90.281863    0.17028277 
90.305879    0.17711274 
90.329194    0.18369575 
90.351921    0.19005567 
90.374169    0.19621662 
90.396054    0.20220268 
90.417690    0.20803767 
90.439199    0.21374494 
90.460706    0.21934728 
90.482347    0.22486682 
90.504267    0.23032487 
90.526625    0.23574147 
90.549599    0.24113473 
90.573391    0.24651987 
90.598234    0.25190768 
90.624396    0.25730213 
90.652197    0.26269597 
90.682013    0.26806433 
90.714290    0.27335498 
90.749555    0.27847320 
90.788428    0.28325980 
90.831619    0.28746155 
90.879919    0.29069303 
90.934153    0.29240291 
90.995086    0.29186789 
91.063288    0.28823593 
91.138929    0.28065711 
91.221599    0.26855029 
91.310213    0.25187026 
91.403113    0.23121383 
91.498359    0.20769815 
91.594070    0.18259430 
91.688687    0.15703829 
91.781071    0.13186608 
91.870473    0.10756975 
91.956459    0.08441448 
92.038796    0.06247304 
92.117395    0.04176665 
92.192256    0.02226540 
92.263459    0.00398431 
92.331049    -0.01321754 
92.395132    -0.02929001 
92.455843    -0.04421460 
92.513343    -0.05795091 
92.567825    -0.07044419 
92.619514    -0.08163292 
92.668748    -0.09131645 
92.715728    -0.09973631 
92.760761    -0.10670393 
92.804174    -0.11219985 
92.846296    -0.11622154 
92.887462    -0.11878120 
92.927995    -0.11990279 
92.968210    -0.11961926 
93.008402    -0.11797093 
93.048789    -0.11509727 
93.089664    -0.11086836 
93.131230    -0.10544112 
93.173648    -0.09889007 
93.217028    -0.09130202 
93.261430    -0.08277535 
93.306855    -0.07341841 
93.353248    -0.06334729 
93.400493    -0.05269859 
93.448439    -0.04156011 
93.496891    -0.03006917 
93.545626    -0.01833982 
93.594406    -0.00647832 
93.642982    0.00541716 
93.691115    0.01725758 
93.738582    0.02896427 
93.785190    0.04047010 
93.830781    0.05171977 
93.875236    0.06266897 
93.918472    0.07328320 
93.960442    0.08354361 
94.001141    0.09342023 
94.040590    0.10290972 
94.078835    0.11201067 
94.115942    0.12072828 
94.151994    0.12907245 
94.187087    0.13705615 
94.221328    0.14469414 
94.254831    0.15200223 
94.287717    0.15899663 
94.320112    0.16569341 
94.352148    0.17210805 
94.383960    0.17825474 
94.415690    0.18414548 
94.447484    0.18978915 
94.479496    0.19519075 
94.511888    0.20035058 
94.544831    0.20526353 
94.578511    0.20991794 
94.613124    0.21429418 
94.648880    0.21836303 
94.685999    0.22208430 
94.724725    0.22538299 
94.765307    0.22823510 
94.808016    0.23053507 
94.853129    0.23218194 
94.900927    0.23305898 
94.951680    0.23303344 
95.005632    0.23196207 
95.062987    0.22970580 
95.123889    0.22614530 
95.188404    0.22119795 
95.256510    0.21482656 
95.328087    0.20703587 
95.402923    0.19789475 
95.480726    0.18754709 
95.561137    0.17618057 
95.643760    0.16399563 
95.728177    0.15118037 
95.813981    0.13794833 
95.900773    0.12445033 
95.988181    0.11082645 
96.075878    0.09722165 
96.163545    0.08366006 
96.250898    0.07022604 
96.337680    0.05696586 
96.423660    0.04391614 
96.508629    0.03110873 
96.592403    0.01857620 
96.674917    0.00658229 
96.755925    -0.00527455 
96.835303    -0.01669869 
96.912953    -0.02760590 
96.988811    -0.03789698 
97.062846    -0.04746012 
97.135073    -0.05617438 
97.205548    -0.06391489 
97.274377    -0.07055981 
97.341705    -0.07599883 
97.407717    -0.08014214 
97.472622    -0.08292830 
97.536643    -0.08432988 
97.600003    -0.08435604 
97.662915    -0.08305186 
97.725567    -0.08049482 
97.788120    -0.07678890 
97.850696    -0.07205734 
97.913384    -0.06643477 
97.976236    -0.06005961 
98.039270    -0.05306761 
98.102477    -0.04558687 
98.165821    -0.03773447 
98.229248    -0.02961480 
98.292689    -0.02131913 
98.356065    -0.01292597 
98.419292    -0.00450214 
98.482285    0.00389608 
98.544962    0.01222166 
98.607247    0.02043555 
98.669070    0.02850562 
98.730375    0.03640555 
98.791112    0.04411401 
98.851248    0.05161380 
98.910693    0.05901174 
98.969499    0.06606728 
99.027668    0.07288167 
99.085211    0.07944766 
99.142152    0.08575919 
99.198523    0.09181147 
99.254368    0.09760066 
99.309740    0.10312333 
99.364701    0.10837620 
99.419321    0.11335590 
99.473678    0.11805890 
99.527857    0.12248130 
99.581950    0.12661865 
99.636054    0.13046578 
99.690272    0.13401653 
99.744711    0.13726357 
99.799485    0.14019818 
99.854710    0.14281009 
99.910507    0.14508729 
99.967000    0.14701588 
100.024315    0.14857997 
100.082578    0.14976165 
100.141916    0.15054120 
100.202456    0.15089735 
100.264318    0.15080769 
100.327621    0.15024904 
100.392475    0.14919793 
100.458984    0.14763118 
100.527238    0.14552662 
100.597312    0.14286414 
100.669262    0.13962673 
100.743123    0.13580163 
100.818905    0.13138121 
100.896594    0.12636309 
100.976137    0.12050998 
101.057492    0.11433244 
101.140578    0.10758389 
101.225287    0.10028315 
101.311480    0.09245357 
101.398987    0.08412284 
101.487607    0.07532319 
101.577106    0.06609188 
101.667224    0.05647197 
101.757685    0.04651327 
101.848198    0.03627328 
101.938471    0.02581835 
102.028215    0.01522517 
102.117153    0.00458278 
102.205027    -0.00600489 
102.291607    -0.01641649 
102.376696    -0.02651189 
102.460145    -0.03613324 
102.541859    -0.04510918 
102.621802    -0.05326230 
102.699999    -0.06041915 
102.776532    -0.06642147 
102.851538    -0.07113728 
102.925413    -0.07405494 
102.998139    -0.07597667 
103.069929    -0.07645616 
103.140997    -0.07552702 
103.211539    -0.07326367 
103.281726    -0.06977394 
103.351699    -0.06518994 
103.421557    -0.05965841 
103.491152    -0.05350745 
103.560722    -0.04650400 
103.630268    -0.03899331 
103.699761    -0.03110470 
103.769155    -0.02295508 
103.838382    -0.01464822 
103.907369    -0.00627412 
103.976035    0.00209120 
104.044307    0.01038509 
104.112114    0.01855686 
104.179398    0.02656582 
104.246108    0.03437931 
104.312207    0.04197111 
104.377670    0.04932027 
104.442485    0.05641026 
104.506652    0.06322825 
104.570186    0.06976450 
104.633111    0.07601166 
104.695462    0.08196418 
104.757285    0.08761778 
104.818635    0.09296896 
104.879575    0.09801464 
104.940173    0.10275186 
105.000507    0.10717745 
105.060658    0.11128786 
105.120714    0.11507890 
105.180765    0.11854559 
105.240908    0.12168202 
105.301245    0.12448121 
105.361878    0.12693511 
105.422916    0.12903452 
105.484468    0.13076917 
105.546647    0.13212771 
105.609566    0.13309783 
105.673337    0.13366629 
105.738072    0.13381908 
105.803880    0.13354157 
105.870863    0.13281871 
105.939118    0.13163530 
106.008733    0.12997643 
106.079787    0.12782796 
106.152343    0.12517708 
106.226452    0.12201293 
106.302148    0.11832726 
106.379447    0.11411490 
106.458342    0.10937429 
106.538807    0.10410776 
106.620791    0.09832181 
106.704220    0.09202722 
106.788994    0.08523913 
106.874991    0.07797696 
106.962061    0.07026445 
107.050034    0.06212969 
107.138718    0.05360553 
107.227901    0.04473047 
107.317357    0.03555005 
107.406815    0.02603826 
107.496078    0.01648400 
107.584905    0.00682100 
107.673063    -0.00285849 
107.760332    -0.01244627 
107.846520    -0.02181746 
107.931465    -0.03083112 
108.015049    -0.03933265 
108.097203    -0.04715842 
108.177908    -0.05414282 
108.257199    -0.06012741 
108.335162    -0.06497130 
108.411925    -0.06856155 
108.487648    -0.07082201 
108.562512    -0.07171906 
108.636700    -0.07126360 
108.710390    -0.06950889 
108.783737    -0.06654479 
108.856871    -0.06248963 
108.929888    -0.05748074 
109.002688    -0.05180078 
109.075456    -0.04528624 
109.148194    -0.03825536 
109.220877    -0.03083994 
109.293463    -0.02315898 
109.365893    -0.01531751 
109.438101    -0.00740600 
109.510019    0.00049934 
109.581582    0.00833566 
109.652732    0.01605171 
109.723421    0.02360589 
109.793608    0.03096440 
109.863266    0.03809972 
109.932377    0.04498950 
110.000937    0.05161577 
110.068952    0.05796425 
110.136437    0.06402373 
110.203418    0.06978555 
110.269931    0.07524305 
110.336016    0.08039110 
110.401724    0.08522572 
110.467112    0.08974374 
110.532243    0.09394240 
110.597186    0.09781911 
110.662016    0.10137115 
110.726812    0.10459540 
110.791660    0.10748809 
110.856651    0.11004466 
110.921878    0.11225964 
110.987439    0.11412662 
111.053432    0.11563830 
111.119957    0.11678656 
111.187114    0.11756270 
111.255000    0.11795750 
111.323710    0.11796144 
111.393338    0.11756485 
111.463968    0.11675801 
111.535681    0.11553141 
111.608550    0.11387589 
111.682638    0.11178303 
111.757998    0.10924540 
111.834667    0.10625697 
111.912671    0.10281346 
111.992017    0.09891260 
112.072693    0.09455446 
112.154668    0.08974165 
112.237889    0.08447963 
112.322282    0.07877698 
112.407680    0.07225467 
112.494041    0.06575825 
112.581236    0.05887033 
112.669119    0.05161527 
112.757531    0.04402284 
112.846301    0.03612915 
112.935251    0.02797775 
113.024198    0.01962098 
113.112954    0.01112131 
113.201341    0.00255271 
113.289183    -0.00599833 
113.376324    -0.01443215 
113.462625    -0.02263605 
113.547974    -0.03048545 
113.632291    -0.03784637 
113.715533    -0.04457958 
113.797695    -0.05054623 
113.878811    -0.05561506 
113.958952    -0.05967031 
114.038218    -0.06261971 
114.116734    -0.06440119 
114.194637    -0.06498759 
114.272067    -0.06438843 
114.349157    -0.06264855 
114.426024    -0.05984394 
114.502763    -0.05607540 
114.579442    -0.05146102 
114.656103    -0.04612840 
114.732760    -0.04020757 
114.809404    -0.03382507 
114.886009    -0.02709957 
114.962532    -0.02013894 
115.038921    -0.01303878 
115.115117    -0.00588197 
115.191062    0.00126095 
115.266700    0.00833084 
115.341977    0.01527882 
115.416848    0.02206496 
115.491277    0.02865697 
115.565234    0.03502899 
115.638704    0.04116054 
115.711677    0.04703550 
115.784155    0.05264134 
115.856152    0.05796837 
115.927688    0.06300919 
115.998793    0.06775811 
116.069506    0.07221080 
116.139874    0.07636381 
116.209949    0.08021436 
116.279792    0.08375999 
116.349466    0.08699835 
116.419042    0.08992705 
116.488594    0.09254346 
116.558198    0.09484463 
116.627933    0.09682721 
116.697880    0.09848742 
116.768121    0.09982102 
116.838736    0.10082335 
116.909805    0.10148937 
116.981407    0.10181375 
117.053617    0.10179093 
117.126506    0.10141525 
117.200142    0.10068102 
117.274588    0.09958268 
117.349899    0.09811489 
117.426126    0.09627268 
117.503311    0.09405153 
117.581487    0.09144762 
117.660681    0.08845788 
117.740906    0.08508029 
117.822168    0.08131404 
117.904457    0.07715984 
117.987753    0.07262020 
118.072020    0.06769987 
118.157208    0.06240618 
118.243250    0.05674959 
118.330064    0.05074425 
118.417552    0.04440863 
118.505601    0.03776630 
118.594083    0.03084676 
118.682858    0.02368642 
118.771776    0.01632970 
118.860682    0.00883011 
118.949418    0.00125143 
119.037829    -0.00633134 
119.125767    -0.01383130 
119.213100    -0.02114964 
119.299715    -0.02817639 
119.385525    -0.03479247 
119.470471    -0.04087308 
119.554531    -0.04629263 
119.637713    -0.05093088 
119.720336    -0.05381712 
119.802223    -0.05657792 
119.883462    -0.05832042 
119.964157    -0.05901149 
120.044414    -0.05864962 
120.124342    -0.05726443 
120.204034    -0.05491388 
120.283572    -0.05167934 
120.363015    -0.04765949 
120.442401    -0.04296367 
120.521747    -0.03770568 
120.601048    -0.03199828 
120.680285    -0.02594896 
120.759424    -0.01965695 
120.838422    -0.01321142 
120.917230    -0.00669072 
120.995469    0.00017131 
121.073404    0.00674646 
121.150986    0.01322428 
121.228172    0.01956294 
121.304933    0.02572826 
121.381247    0.03169296 
121.457102    0.03743573 
121.532494    0.04294020 
121.607427    0.04819394 
121.681911    0.05318749 
121.755964    0.05791359 
121.829610    0.06236664 
121.902879    0.06654220 
121.975809    0.07043669 
122.048443    0.07404711 
122.120832    0.07737085 
122.193029    0.08040548 
122.265094    0.08314862 
122.337090    0.08559781 
122.409085    0.08775039 
122.481146    0.08960341 
122.553344    0.09115360 
122.625750    0.09239733 
122.698438    0.09333059 
122.771478    0.09394897 
122.844943    0.09424772 
122.918903    0.09422173 
122.993427    0.09386557 
123.068580    0.09317359 
123.144425    0.09213998 
123.221021    0.09075888 
123.298419    0.08902452 
123.376667    0.08693139 
123.455802    0.08447447 
123.535854    0.08164939 
123.616845    0.07845276 
123.698781    0.07488236 
123.781661    0.07093749 
123.865468    0.06661929 
123.950170    0.06193109 
124.035723    0.05687884 
124.122065    0.05147161 
124.209121    0.04572216 
124.296798    0.03964764 
124.384990    0.03327042 
124.473576    0.02661908 
124.562424    0.01972947 
124.651391    0.01264595 
124.740232    0.00519368 
124.828917    -0.00197655 
124.917302    -0.00914439 
125.005253    -0.01622260 
125.092650    -0.02311221 
125.179389    -0.02970366 
125.265391    -0.03587923 
125.350606    -0.04151674 
125.435013    -0.04649471 
125.518623    -0.05069851 
125.601477    -0.05402723 
125.683641    -0.05640028 
125.765200    -0.05776305 
125.846252    -0.05809071 
125.926898    -0.05738959 
126.007237    -0.05569613 
126.087354    -0.05307335 
126.167317    -0.04960567 
126.247178    -0.04539273 
126.326965    -0.04054292 
126.406685    -0.03516749 
126.486330    -0.02937550 
126.565872    -0.02327009 
126.645275    -0.01694583 
126.724494    -0.01048734 
126.803478    -0.00396866 
126.882176    0.00254653 
126.960540    0.00900430 
127.038524    0.01535962 
127.116089    0.02157530 
127.193203    0.02762091 
127.269841    0.03347181 
127.345989    0.03910820 
127.421639    0.04451425 
127.496793    0.04967741 
127.571462    0.05458777 
127.645664    0.05923749 
127.719426    0.06362037 
127.792780    0.06773147 
127.865767    0.07156675 
127.938434    0.07512282 
128.010830    0.07839670 
128.083014    0.08138562 
128.155044    0.08408687 
128.226987    0.08649764 
128.298908    0.08861491 
128.370879    0.09043538 
128.442971    0.09195536 
128.515258    0.09317076 
128.587815    0.09407704 
128.660716    0.09466917 
128.734036    0.09494167 
128.807848    0.09488865 
128.882223    0.09450381 
128.957231    0.09378053 
129.032936    0.09271199 
129.109400    0.09129127 
129.186676    0.08951146 
129.264814    0.08736588 
129.343854    0.08484824 
129.423828    0.08195289 
129.504755    0.07867506 
129.586645    0.07501113 
129.669495    0.07095902 
129.753286    0.06651848 
129.837986    0.06169164 
129.923546    0.05648339 
130.009901    0.05090208 
130.096968    0.04496016 
130.184649    0.03867501 
130.272829    0.03206989 
130.361378    0.02517509 
130.450154    0.01802911 
130.539004    0.01068006 
130.627770    0.00318703 
130.716290    -0.00437860 
130.804408    -0.01193219 
130.891977    -0.01937529 
130.978865    -0.02659609 
131.064963    -0.03347102 
131.150082    -0.04034808 
131.234244    -0.04624065 
131.317438    -0.05137502 
131.399686    -0.05562357 
131.481048    -0.05887661 
131.561610    -0.06105055 
131.641481    -0.06209445 
131.720780    -0.06199375 
131.799627    -0.06077051 
131.878134    -0.05848059 
131.956395    -0.05520797 
132.034485    -0.05105753 
132.112451    -0.04614722 
132.190317    -0.04060058 
132.268085    -0.03454037 
132.345734    -0.02808358 
132.423229    -0.02133806 
132.500523    -0.01440055 
132.577562    -0.00735586 
132.654288    -0.00027699 
132.730642    0.00677426 
132.806571    0.01374619 
132.882025    0.02059611 
132.956963    0.02728905 
133.031352    0.03379663 
133.105167    0.04009600 
133.178394    0.04616885 
133.251030    0.05200059 
133.323080    0.05757968 
133.394558    0.06289697 
133.465490    0.06794519 
133.535907    0.07271856 
133.605850    0.07721235 
133.675366    0.08142264 
133.744510    0.08534597 
133.813343    0.08897917 
133.881930    0.09231914 
133.950342    0.09536264 
134.018655    0.09810619 
134.086946    0.10054587 
134.155299    0.10267726 
134.223798    0.10449531 
134.292531    0.10599429 
134.361587    0.10716770 
134.431055    0.10800828 
134.501026    0.10850799 
134.571589    0.10865807 
134.642833    0.10844906 
134.714843    0.10787092 
134.787701    0.10691316 
134.861485    0.10556497 
134.936266    0.10381541 
135.012109    0.10165365 
135.089067    0.09906918 
135.167185    0.09605212 
135.246495    0.09259351 
135.327013    0.08868572 
135.408740    0.08432283 
135.491660    0.07950111 
135.575736    0.07421956 
135.660909    0.06848046 
135.747099    0.06229005 
135.834203    0.05565928 
135.922093    0.04860469 
136.010622    0.04114941 
136.099620    0.03332443 
136.188897    0.02516998 
136.278253    0.01673724 
136.367474    0.00809015 
136.456344    -0.00069270 
136.544648    -0.00951630 
136.632185    -0.01826795 
136.718771    -0.02681695 
136.804251    -0.03501574 
136.888509    -0.04270319 
136.971473    -0.04971033 
137.053120    -0.05586856 
137.133475    -0.06101990 
137.212614    -0.06502815 
137.290648    -0.06778924 
137.368197    -0.06806767 
137.444978    -0.06818393 
137.521141    -0.06702324 
137.596829    -0.06464943 
137.672166    -0.06115920 
137.747248    -0.05667328 
137.822142    -0.05132700 
137.896884    -0.04526141 
137.971483    -0.03861579 
138.045921    -0.03152199 
138.120163    -0.02410060 
138.194155    -0.01645892 
138.267837    -0.00869019 
138.341143    -0.00087397 
138.414006    0.00692295 
138.486362    0.01464520 
138.557575    0.02271869 
138.628152    0.03033099 
138.698046    0.03775990 
138.767224    0.04497764 
138.835474    0.05226989 
138.902976    0.05905586 
138.969749    0.06556829 
139.035818    0.07179980 
139.101215    0.07774776 
139.165975    0.08341076 
139.230139    0.08878637 
139.293750    0.09387071 
139.356864    0.09865905 
139.419543    0.10314670 
139.481863    0.10732980 
139.543908    0.11120540 
139.605771    0.11477117 
139.667547    0.11802444 
139.729337    0.12096130 
139.791244    0.12357576 
139.853373    0.12585957 
139.915834    0.12780251 
139.978741    0.12939308 
140.042208    0.13061920 
140.106351    0.13146855 
140.171286    0.13192844 
140.237126    0.13198535 
140.303985    0.13162428 
140.371971    0.13082856 
140.441191    0.12957996 
140.511742    0.12785950 
140.583715    0.12564832 
140.657186    0.12292858 
140.732215    0.11968409 
140.808849    0.11590055 
140.887112    0.11156587 
140.967010    0.10667046 
141.048522    0.10120768 
141.131599    0.09517447 
141.216163    0.08857182 
141.302102    0.08140557 
141.389271    0.07368718 
141.477493    0.06543500 
141.566561    0.05667533 
141.656238    0.04744357 
141.746264    0.03778510 
141.836355    0.02775650 
141.926212    0.01742743 
142.015528    0.00688330 
142.103999    -0.00377144 
142.191331    -0.01441025 
142.277260    -0.02488257 
142.361560    -0.03501409 
142.444058    -0.04460992 
142.524644    -0.05346160 
142.603281    -0.06135781 
142.680002    -0.06809805 
142.754909    -0.07350783 
142.828161    -0.07745267 
142.899960    -0.07984876 
142.970755    -0.08024329 
143.040568    -0.07951742 
143.109619    -0.07732565 
143.178103    -0.07378353 
143.246179    -0.06903469 
143.313970    -0.06323907 
143.381553    -0.05656207 
143.448969    -0.04916582 
143.515979    -0.04145082 
143.582792    -0.03302691 
143.649362    -0.02429337 
143.715628    -0.01535350 
143.781518    -0.00629699 
143.846891    0.00279444 
143.911717    0.01188273 
143.975914    0.02088427 
144.039407    0.02975579 
144.102132    0.03846503 
144.164034    0.04698627 
144.225071    0.05529736 
144.285213    0.06337854 
144.344443    0.07121268 
144.402759    0.07878574 
144.460173    0.08608674 
144.516710    0.09310738 
144.572408    0.09984157 
144.627315    0.10628485 
144.681490    0.11243410 
144.735004    0.11828704 
144.787936    0.12384187 
144.840373    0.12909686 
144.892413    0.13405014 
144.944158    0.13869948 
144.995719    0.14304206 
145.047214    0.14707402 
145.098766    0.15079004 
145.150506    0.15418285 
145.202569    0.15724289 
145.255097    0.15995805 
145.308238    0.16231345 
145.362143    0.16429121 
145.416971    0.16587022 
145.472881    0.16702600 
145.530037    0.16773065 
145.588603    0.16795291 
145.648740    0.16765847 
145.710609    0.16681044 
145.774359    0.16537013 
145.840132    0.16329821 
145.908055    0.16055595 
145.978232    0.15710676 
146.050742    0.15291755 
146.125633    0.14796023 
146.202915    0.14221337 
146.282554    0.13566417 
146.364465    0.12831038 
146.448513    0.12016166 
146.534509    0.11124004 
146.622212    0.10157954 
146.711330    0.09122499 
146.801527    0.08023017 
146.892431    0.06865602 
146.983612    0.05646699 
147.074680    0.04397662 
147.165198    0.03113777 
147.254729    0.01805307 
147.342849    0.00484435 
147.429162    -0.00834332 
147.513316    -0.02133887 
147.595020    -0.03394486 
147.674062    -0.04594059 
147.750315    -0.05708958 
147.823755    -0.06715180 
147.894449    -0.07589987 
147.962559    -0.08313693 
148.028321    -0.08871288 
148.092026    -0.09253564 
148.153998    -0.09457549 
148.214569    -0.09486220 
148.274060    -0.09347669 
148.332763    -0.09053952 
148.390929    -0.08619859 
148.448762    -0.08061750 
148.506411    -0.07396567 
148.563870    -0.06656108 
148.621297    -0.05825743 
148.678705    -0.04935246 
148.736064    -0.03997945 
148.793315    -0.03025862 
148.850374    -0.02029448 
148.907140    -0.01017601 
148.963504    0.00002097 
149.019325    0.01022188 
149.074513    0.02039548 
149.128958    0.03047919 
149.182560    0.04043123 
149.235230    0.05021660 
149.286893    0.05980577 
149.337493    0.06917369 
149.386990    0.07829946 
149.435359    0.08716605 
149.482598    0.09576012 
149.528718    0.10407177 
149.573748    0.11209439 
149.617732    0.11982446 
149.660727    0.12726111 
149.702803    0.13440570 
149.744042    0.14126139 
149.784522    0.14785850 
149.824353    0.15415240 
149.863643    0.16017273 
149.902504    0.16592485 
149.941060    0.17141340 
149.979440    0.17664190 
150.017781    0.18161205 
150.056227    0.18632321 
150.094934    0.19077176 
150.134065    0.19495046 
150.173793    0.19884754 
150.214306    0.20244549 
150.255801    0.20571981 
150.298495    0.20863778 
150.342616    0.21115743 
150.388408    0.21322671 
150.436135    0.21472412 
150.486058    0.21568896 
150.538450    0.21597749 
150.593589    0.21548945 
150.651740    0.21411236 
150.713147    0.21172558 
150.778013    0.20820926 
150.846484    0.20345575 
150.918628    0.19738056 
150.994418    0.18993187 
151.073719    0.18109775 
151.156284    0.17091164 
151.241753    0.15945330 
151.329673    0.14684290 
151.419510    0.13323017 
151.510677    0.11878199 
151.602557    0.10367074 
151.694529    0.08806315 
151.785990    0.07211374 
151.876376    0.05598017 
151.965153    0.03977998 
152.051843    0.02364187 
152.136026    0.00769686 
152.217350    -0.00791376 
152.295539    -0.02303208 
152.370400    -0.03748101 
152.441834    -0.05106672 
152.509836    -0.06358621 
152.574498    -0.07483940 
152.636003    -0.08464404 
152.694612    -0.09285066 
152.750647    -0.09935428 
152.804643    -0.10383733 
152.856812    -0.10682251 
152.907540    -0.10808241 
152.957197    -0.10768966 
153.006125    -0.10574231 
153.054459    -0.10262200 
153.102630    -0.09792905 
153.150851    -0.09205179 
153.199284    -0.08512117 
153.247996    -0.07733901 
153.297083    -0.06869378 
153.346554    -0.05938068 
153.396372    -0.04951658 
153.446459    -0.03921042 
153.496702    -0.02856272 
153.546961    -0.01766674 
153.597075    -0.00660863 
153.646873    0.00453302 
153.696172    0.01568183 
153.744808    0.02678640 
