0.000000    0.00000000 
0.099758    0.00210234 
0.199492    0.00418140 
0.299186    0.00621550 
0.398826    0.00818504 
0.498395    0.01006205 
0.597884    0.01185098 
0.697284    0.01352906 
0.796585    0.01508450 
0.895780    0.01650717 
0.994865    0.01778861 
1.093834    0.01892183 
1.192685    0.01990126 
1.291418    0.02072251 
1.390031    0.02138219 
1.488527    0.02187775 
1.586908    0.02220726 
1.685175    0.02236931 
1.783332    0.02236304 
1.881382    0.02218811 
1.979328    0.02184489 
2.077174    0.02133448 
2.174921    0.02065893 
2.272573    0.01982125 
2.370129    0.01882554 
2.467592    0.01767710 
2.564960    0.01638251 
2.662231    0.01494976 
2.759402    0.01338834 
2.856471    0.01170932 
2.953431    0.00992540 
3.050277    0.00805090 
3.147002    0.00610168 
3.243596    0.00409800 
3.340053    0.00205037 
3.436364    -0.00001611 
3.532520    -0.00208063 
3.628517    -0.00411741 
3.724346    -0.00611202 
3.820000    -0.00803916 
3.915475    -0.00987647 
4.010767    -0.01160187 
4.105877    -0.01319396 
4.200803    -0.01463241 
4.295550    -0.01589839 
4.390121    -0.01697492 
4.484522    -0.01784727 
4.578761    -0.01850327 
4.672846    -0.01893361 
4.766788    -0.01913210 
4.860596    -0.01909584 
4.954280    -0.01882537 
5.047851    -0.01832468 
5.141317    -0.01760115 
5.234687    -0.01666539 
5.327967    -0.01553093 
5.421162    -0.01421388 
5.514277    -0.01273253 
5.607314    -0.01110683 
5.700272    -0.00935798 
5.793152    -0.00750795 
5.885945    -0.00558369 
5.978654    -0.00359617 
6.071275    -0.00157338 
6.163804    0.00046344 
6.256238    0.00249391 
6.348570    0.00449911 
6.440800    0.00646177 
6.532922    0.00836610 
6.624941    0.01018671 
6.716850    0.01193224 
6.808650    0.01358166 
6.900342    0.01512525 
6.991928    0.01655462 
7.083414    0.01786261 
7.174804    0.01904318 
7.266104    0.02009123 
7.357322    0.02100252 
7.448466    0.02177348 
7.539545    0.02240115 
7.630569    0.02288301 
7.721548    0.02321699 
7.812493    0.02340138 
7.903415    0.02343484 
7.994323    0.02331645 
8.085228    0.02304576 
8.176141    0.02262283 
8.267071    0.02204839 
8.358026    0.02132391 
8.449015    0.02045167 
8.540044    0.01943490 
8.631118    0.01827784 
8.722243    0.01698586 
8.813417    0.01558416 
8.904644    0.01404238 
8.995926    0.01238846 
9.087261    0.01063296 
9.178645    0.00878820 
9.270075    0.00686763 
9.361545    0.00488573 
9.453049    0.00285825 
9.544580    0.00080229 
9.636130    -0.00126394 
9.727693    -0.00332125 
9.819262    -0.00534970 
9.910833    -0.00732669 
10.002397    -0.00923410 
10.093950    -0.01104979 
10.185489    -0.01275250 
10.277011    -0.01432137 
10.368517    -0.01573629 
10.460008    -0.01697831 
10.551487    -0.01803007 
10.642958    -0.01887619 
10.734428    -0.01950376 
10.825904    -0.01990267 
10.917394    -0.02006593 
11.008904    -0.01998998 
11.100444    -0.01967479 
11.192021    -0.01912390 
11.283641    -0.01834442 
11.375309    -0.01734680 
11.467030    -0.01614458 
11.558805    -0.01475402 
11.650635    -0.01319369 
11.742518    -0.01148396 
11.834450    -0.00964658 
11.926428    -0.00770413 
12.018443    -0.00567957 
12.110487    -0.00360040 
12.202554    -0.00147762 
12.294634    0.00066033 
12.386720    0.00279259 
12.478804    0.00489951 
12.570876    0.00696296 
12.662930    0.00896645 
12.754960    0.01089500 
12.846965    0.01272351 
12.938937    0.01446223 
13.030875    0.01609030 
13.122778    0.01759853 
13.214647    0.01897893 
13.306485    0.02022463 
13.398294    0.02132971 
13.490079    0.02228913 
13.581847    0.02309855 
13.673603    0.02375432 
13.765357    0.02425334 
13.857114    0.02459305 
13.948885    0.02477138 
14.040678    0.02478681 
14.132502    0.02463831 
14.224366    0.02432546 
14.316274    0.02387114 
14.408238    0.02323173 
14.500265    0.02243057 
14.592361    0.02147024 
14.684531    0.02035451 
14.776779    0.01908821 
14.869106    0.01767734 
14.961514    0.01612913 
15.054000    0.01445224 
15.146562    0.01265678 
15.239197    0.01075432 
15.331897    0.00875796 
15.424655    0.00668229 
15.517464    0.00454344 
15.610313    0.00235903 
15.703193    0.00014808 
15.796093    -0.00206899 
15.889004    -0.00427056 
15.981915    -0.00643393 
16.074817    -0.00853555 
16.167703    -0.01055128 
16.260566    -0.01245673 
16.353403    -0.01422766 
16.446210    -0.01584041 
16.538986    -0.01727241 
16.631734    -0.01850273 
16.724457    -0.01951263 
16.817161    -0.02028607 
16.909854    -0.02079594 
17.002542    -0.02106065 
17.095234    -0.02106196 
17.187939    -0.02079896 
17.280664    -0.02027501 
17.373416    -0.01949763 
17.466203    -0.01847828 
17.559027    -0.01723205 
17.651892    -0.01577717 
17.744796    -0.01413445 
17.837739    -0.01232676 
17.930716    -0.01037839 
18.023719    -0.00832319 
18.116742    -0.00616700 
18.209778    -0.00394562 
18.302816    -0.00168376 
18.395847    0.00059470 
18.488861    0.00286728 
18.581848    0.00511309 
18.674799    0.00731281 
18.767706    0.00944870 
18.860563    0.01150467 
18.953364    0.01346630 
19.046106    0.01532074 
19.138786    0.01705661 
19.231404    0.01866394 
19.323961    0.02013399 
19.416459    0.02145919 
19.508905    0.02263300 
19.601302    0.02364984 
19.693658    0.02450497 
19.785981    0.02519445 
19.878280    0.02571504 
19.970564    0.02606423 
20.062845    0.02624013 
20.155131    0.02624153 
20.247434    0.02606791 
20.339764    0.02571939 
20.432130    0.02519684 
20.524541    0.02450187 
20.617006    0.02363691 
20.709531    0.02260526 
20.802121    0.02141119 
20.894781    0.02005997 
20.987514    0.01855801 
21.080319    0.01691292 
21.173196    0.01513359 
21.266141    0.01323032 
21.359151    0.01121492 
21.452218    0.00910073 
21.545334    0.00690275 
21.638491    0.00463769 
21.731678    0.00232396 
21.824883    -0.00001830 
21.918096    -0.00236727 
22.011306    -0.00469960 
22.104500    -0.00699053 
22.197670    -0.00921419 
22.290807    -0.01134390 
22.383903    -0.01335264 
22.476956    -0.01521350 
22.569961    -0.01690028 
22.662919    -0.01838813 
22.755833    -0.01965419 
22.848708    -0.02067829 
22.941549    -0.02144357 
23.034365    -0.02193702 
23.127166    -0.02214999 
23.219966    -0.02205907 
23.312770    -0.02170361 
23.405587    -0.02107022 
23.498427    -0.02016895 
23.591295    -0.01901406 
23.684195    -0.01762353 
23.777129    -0.01601846 
23.870097    -0.01422241 
23.963092    -0.01227258 
24.056113    -0.01016991 
24.149154    -0.00795495 
24.242204    -0.00565474 
24.335255    -0.00329589 
24.428296    -0.00090404 
24.521316    0.00149649 
24.614305    0.00388281 
24.707252    0.00623362 
24.800148    0.00852927 
24.892985    0.01075185 
24.985756    0.01288517 
25.078457    0.01491469 
25.171083    0.01682744 
25.263634    0.01861196 
25.356110    0.02025819 
25.448514    0.02175735 
25.540849    0.02310182 
25.633120    0.02428511 
25.725337    0.02530169 
25.817506    0.02614697 
25.909637    0.02681718 
26.001741    0.02730935 
26.093830    0.02762124 
26.185914    0.02775132 
26.278005    0.02769875 
26.370115    0.02746336 
26.462256    0.02704568 
26.554438    0.02644696 
26.646670    0.02566919 
26.738962    0.02471515 
26.831320    0.02358852 
26.923751    0.02229388 
27.016259    0.02083687 
27.108846    0.01922421 
27.201512    0.01746390 
27.294256    0.01556526 
27.387073    0.01353906 
27.479959    0.01139765 
27.572906    0.00915509 
27.665905    0.00682717 
27.758944    0.00443158 
27.852013    0.00198789 
27.945099    -0.00048243 
28.038189    -0.00295604 
28.131271    -0.00540788 
28.224332    -0.00781133 
28.317362    -0.01013855 
28.410351    -0.01236082 
28.503292    -0.01444904 
28.596181    -0.01637433 
28.689016    -0.01810865 
28.781796    -0.01962557 
28.874525    -0.02090100 
28.967210    -0.02191395 
29.059857    -0.02264719 
29.152477    -0.02308790 
29.245081    -0.02322814 
29.337679    -0.02306507 
29.430282    -0.02260113 
29.522901    -0.02184393 
29.615543    -0.02080591 
29.708215    -0.01950395 
29.800921    -0.01795872 
29.893662    -0.01619401 
29.986436    -0.01423600 
30.079240    -0.01211250 
30.172067    -0.00985222 
30.264909    -0.00748412 
30.357756    -0.00503685 
30.450597    -0.00253823 
30.543420    -0.00001489 
30.636213    0.00250801 
30.728965    0.00500702 
30.821664    0.00746047 
30.914302    0.00984856 
31.006869    0.01215333 
31.099360    0.01435865 
31.191770    0.01645011 
31.284095    0.01841493 
31.376335    0.02024187 
31.468492    0.02192112 
31.560569    0.02344414 
31.652572    0.02480360 
31.744506    0.02599324 
31.836381    0.02700778 
31.928206    0.02784285 
32.019994    0.02849489 
32.111754    0.02896114 
32.203502    0.02923953 
32.295248    0.02932871 
32.387007    0.02922798 
32.478790    0.02893733 
32.570612    0.02845743 
32.662482    0.02778963 
32.754413    0.02693608 
32.846412    0.02589969 
32.938489    0.02468429 
33.030649    0.02329463 
33.122896    0.02173654 
33.215232    0.02001702 
33.307658    0.01814435 
33.400172    0.01612822 
33.492768    0.01397988 
33.585440    0.01171226 
33.678180    0.00934008 
33.770976    0.00688001 
33.863818    0.00435072 
33.956691    0.00177295 
34.049581    -0.00083046 
34.142475    -0.00343467 
34.235358    -0.00601289 
34.328216    -0.00853667 
34.421038    -0.01097617 
34.513813    -0.01330061 
34.606534    -0.01547881 
34.699195    -0.01747984 
34.791795    -0.01927376 
34.884334    -0.02083246 
34.976817    -0.02213045 
35.069250    -0.02314574 
35.161642    -0.02386058 
35.254005    -0.02426211 
35.346351    -0.02434284 
35.438691    -0.02410097 
35.531038    -0.02354042 
35.623402    -0.02267068 
35.715792    -0.02150644 
35.808214    -0.02006703 
35.900672    -0.01837569 
35.993167    -0.01645882 
36.085697    -0.01434512 
36.178255    -0.01206478 
36.270834    -0.00964865 
36.363426    -0.00712763 
36.456017    -0.00453199 
36.548596    -0.00189094 
36.641150    0.00076780 
36.733665    0.00341823 
36.826129    0.00603625 
36.918531    0.00859977 
37.010860    0.01108871 
37.103108    0.01348501 
37.195268    0.01577250 
37.287336    0.01793683 
37.379310    0.01996537 
37.471189    0.02184704 
37.562976    0.02357220 
37.654675    0.02513255 
37.746293    0.02652093 
37.837838    0.02773129 
37.929320    0.02875853 
38.020750    0.02959844 
38.112141    0.03024763 
38.203507    0.03070342 
38.294861    0.03096386 
38.386219    0.03102766 
38.477594    0.03089420 
38.569001    0.03056350 
38.660454    0.03003626 
38.751965    0.02931386 
38.843546    0.02839845 
38.935207    0.02729297 
39.026957    0.02600125 
39.118802    0.02452809 
39.210747    0.02287938 
39.302794    0.02106222 
39.394943    0.01908502 
39.487190    0.01695771 
39.579532    0.01469184 
39.671959    0.01230074 
39.764463    0.00979968 
39.857031    0.00720601 
39.949650    0.00453923 
40.042304    0.00182114 
40.134978    -0.00092421 
40.227656    -0.00367051 
40.320322    -0.00638932 
40.412959    -0.00905032 
40.505556    -0.01162165 
40.598100    -0.01407032 
40.690583    -0.01636288 
40.782998    -0.01846608 
40.875345    -0.02034773 
40.967623    -0.02197757 
41.059837    -0.02332827 
41.151995    -0.02437630 
41.244108    -0.02510283 
41.336187    -0.02549441 
41.428246    -0.02554352 
41.520298    -0.02524889 
41.612357    -0.02461550 
41.704434    -0.02365439 
41.796539    -0.02238222 
41.888678    -0.02082056 
41.980854    -0.01899516 
42.073069    -0.01693497 
42.165318    -0.01467125 
42.257596    -0.01223664 
42.349894    -0.00966433 
42.442200    -0.00698727 
42.534502    -0.00423758 
42.626785    -0.00144603 
42.719036    0.00135834 
42.811240    0.00414846 
42.903384    0.00689941 
42.995454    0.00958846 
43.087442    0.01219508 
43.179336    0.01470087 
43.271132    0.01708950 
43.362824    0.01934651 
43.454410    0.02145926 
43.545892    0.02341669 
43.637271    0.02520924 
43.728554    0.02682868 
43.819748    0.02826798 
43.910863    0.02952118 
44.001909    0.03058328 
44.092899    0.03145016 
44.183848    0.03211850 
44.274771    0.03258568 
44.365683    0.03284980 
44.456600    0.03290956 
44.547539    0.03276432 
44.638514    0.03241407 
44.729542    0.03185943 
44.820637    0.03110170 
44.911810    0.03014291 
45.003074    0.02898588 
45.094439    0.02763432 
45.185911    0.02609291 
45.277496    0.02436743 
45.369196    0.02246489 
45.461013    0.02039367 
45.552942    0.01816366 
45.644979    0.01578650 
45.737117    0.01327566 
45.829343    0.01064668 
45.921645    0.00791733 
46.014010    0.00510771 
46.106419    0.00224038 
46.198857    -0.00065959 
46.291304    -0.00356460 
46.383744    -0.00644469 
46.476159    -0.00926769 
46.568533    -0.01200054 
46.660854    -0.01460694 
46.753113    -0.01705073 
46.845301    -0.01929586 
46.937418    -0.02130252 
47.029463    -0.02304625 
47.121441    -0.02449315 
47.213360    -0.02561732 
47.305232    -0.02639790 
47.397069    -0.02681998 
47.488886    -0.02687517 
47.580698    -0.02656197 
47.672520    -0.02588582 
47.764362    -0.02485884 
47.856236    -0.02349937 
47.948148    -0.02183111 
48.040101    -0.01988231 
48.132094    -0.01768464 
48.224124    -0.01527218 
48.316181    -0.01268040 
48.408255    -0.00994517 
48.500333    -0.00710197 
48.592400    -0.00418518 
48.684439    -0.00122759 
48.776434    0.00174004 
48.868369    0.00468920 
48.960229    0.00759380 
49.051998    0.01043017 
49.143667    0.01317707 
49.235224    0.01581558 
49.326664    0.01832899 
49.417980    0.02070261 
49.509173    0.02292366 
49.600242    0.02498103 
49.691191    0.02687400 
49.782027    0.02857721 
49.872760    0.03009196 
49.963401    0.03141239 
50.053963    0.03253353 
50.144461    0.03345134 
50.234912    0.03416252 
50.325333    0.03466446 
50.415742    0.03495522 
50.506158    0.03503344 
50.596599    0.03489838 
50.687083    0.03454989 
50.777629    0.03398841 
50.868251    0.03321505 
50.958965    0.03223160 
51.049784    0.03104062 
51.140720    0.02964551 
51.231781    0.02805064 
51.322973    0.02626147 
51.414299    0.02428468 
51.505760    0.02212838 
51.597354    0.01980221 
51.689073    0.01731763 
51.780909    0.01468802 
51.872851    0.01192897 
51.964882    0.00905840 
52.056987    0.00609681 
52.149146    0.00306735 
52.241338    -0.00000402 
52.333543    -0.00308856 
52.425739    -0.00615478 
52.517906    -0.00916863 
52.610025    -0.01209388 
52.702081    -0.01489255 
52.794059    -0.01752561 
52.885953    -0.01995385 
52.977756    -0.02213880 
53.069468    -0.02404391 
53.161094    -0.02563577 
53.252643    -0.02688525 
53.344127    -0.02776048 
53.435561    -0.02826025 
53.526961    -0.02836685 
53.618344    -0.02807782 
53.709727    -0.02739841 
53.801124    -0.02634130 
53.892548    -0.02492602 
53.984007    -0.02317812 
54.075506    -0.02112811 
54.167043    -0.01881618 
54.258617    -0.01626655 
54.350219    -0.01352428 
54.441839    -0.01062816 
54.533462    -0.00761637 
54.625073    -0.00452582 
54.716654    -0.00139156 
54.808187    0.00175366 
54.899656    0.00487961 
54.991044    0.00795873 
55.082335    0.01096618 
55.173517    0.01387972 
55.264579    0.01667967 
55.355514    0.01934870 
55.446317    0.02187167 
55.536986    0.02423542 
55.627523    0.02642859 
55.717932    0.02844142 
55.808220    0.03026556 
55.898397    0.03189392 
55.988475    0.03332049 
56.078469    0.03454026 
56.168395    0.03554904 
56.258270    0.03634344 
56.348115    0.03692069 
56.437948    0.03727867 
56.527791    0.03741584 
56.617662    0.03733119 
56.707584    0.03702428 
56.797575    0.03649522 
56.887653    0.03574473 
56.977835    0.03477418 
57.068137    0.03358562 
57.158571    0.03218197 
57.249148    0.03056702 
57.339875    0.02874565 
57.430757    0.02672390 
57.521795    0.02450923 
57.612987    0.02211065 
57.704327    0.01953896 
57.795806    0.01680696 
57.887411    0.01392970 
57.979127    0.01092474 
58.070934    0.00781232 
58.162811    0.00461559 
58.254736    0.00136078 
58.346683    -0.00192276 
58.438629    -0.00520250 
58.530549    -0.00844290 
58.622422    -0.01160566 
58.714226    -0.01465019 
58.805945    -0.01753428 
58.897568    -0.02021494 
58.989086    -0.02264949 
59.080497    -0.02479677 
59.171804    -0.02661851 
59.263015    -0.02808073 
59.354143    -0.02915508 
59.445203    -0.02982005 
59.536214    -0.03006195 
59.627197    -0.02986526 
59.718169    -0.02925395 
59.809149    -0.02822972 
59.900149    -0.02682171 
59.991182    -0.02503711 
60.082254    -0.02291834 
60.173367    -0.02050238 
60.264519    -0.01782929 
60.355700    -0.01494089 
60.446901    -0.01187952 
60.538105    -0.00868693 
60.629295    -0.00540349 
60.720452    -0.00206743 
60.811556    0.00128557 
60.902588    0.00462268 
60.993529    0.00791408 
61.084362    0.01113299 
61.175072    0.01425554 
61.265647    0.01726070 
61.356079    0.02013001 
61.446362    0.02284745 
61.536494    0.02539914 
61.626475    0.02777316 
61.716311    0.02995930 
61.806009    0.03194890 
61.895581    0.03373458 
61.985038    0.03531015 
62.074398    0.03667040 
62.163679    0.03781101 
62.252900    0.03872841 
62.342083    0.03941972 
62.431250    0.03988263 
62.520424    0.04011542 
62.609628    0.04011685 
62.698886    0.03988623 
62.788219    0.03942337 
62.877649    0.03872863 
62.967195    0.03780296 
63.056875    0.03664797 
63.146705    0.03526601 
63.236698    0.03366028 
63.326863    0.03183496 
63.417208    0.02979538 
63.507735    0.02754816 
63.598443    0.02510145 
63.689327    0.02246510 
63.780379    0.01965097 
63.871587    0.01667314 
63.962932    0.01354821 
64.054396    0.01029557 
64.145956    0.00693767 
64.237584    0.00350022 
64.329255    0.00001240 
64.420940    -0.00349310 
64.512609    -0.00698004 
64.604236    -0.01040885 
64.695796    -0.01373698 
64.787267    -0.01691945 
64.878632    -0.01990972 
64.969878    -0.02266077 
65.060999    -0.02512632 
65.151995    -0.02726241 
65.242872    -0.02902890 
65.333641    -0.03039114 
65.424319    -0.03132143 
65.514924    -0.03180028 
65.605479    -0.03181735 
65.696007    -0.03137193 
65.786527    -0.03047293 
65.877059    -0.02913842 
65.967617    -0.02739473 
66.058211    -0.02527517 
66.148845    -0.02281859 
66.239518    -0.02006778 
66.330224    -0.01706790 
66.420951    -0.01386502 
66.511683    -0.01050486 
66.602403    -0.00703174 
66.693088    -0.00348775 
66.783717    0.00008781 
66.874269    0.00365878 
66.964721    0.00719236 
67.055054    0.01065908 
67.145251    0.01403279 
67.235297    0.01729042 
67.325182    0.02041185 
67.414898    0.02337959 
67.504441    0.02617855 
67.593812    0.02879579 
67.683015    0.03122020 
67.772057    0.03344234 
67.860950    0.03545420 
67.949707    0.03724898 
68.038347    0.03882095 
68.126888    0.04016530 
68.215353    0.04127798 
68.303766    0.04215563 
68.392151    0.04279548 
68.480535    0.04319526 
68.568944    0.04335323 
68.657405    0.04326809 
68.745943    0.04293902 
68.834584    0.04236568 
68.923351    0.04154825 
69.012267    0.04048749 
69.101351    0.03918482 
69.190619    0.03764240 
69.280085    0.03586332 
69.369760    0.03385169 
69.459650    0.03161285 
69.549755    0.02915357 
69.640075    0.02648229 
69.730601    0.02360937 
69.821322    0.02054736 
69.912222    0.01731137 
70.003279    0.01391934 
70.094469    0.01039239 
70.185763    0.00675514 
70.277130    0.00303596 
70.368536    -0.00073279 
70.459949    -0.00451468 
70.551333    -0.00826920 
70.642657    -0.01195201 
70.733891    -0.01551535 
70.825011    -0.01890877 
70.915997    -0.02208011 
71.006837    -0.02497684 
71.097524    -0.02754762 
71.188059    -0.02974410 
71.278453    -0.03152280 
71.368720    -0.03284707 
71.458879    -0.03368870 
71.548957    -0.03402934 
71.638977    -0.03386144 
71.728967    -0.03318856 
71.818949    -0.03202516 
71.908945    -0.03039582 
71.998969    -0.02833391 
72.089029    -0.02587997 
72.179129    -0.02307989 
72.269265    -0.01998303 
72.359427    -0.01664042 
72.449600    -0.01310314 
72.539764    -0.00942103 
72.629896    -0.00564158 
72.719974    -0.00180924 
72.809971    0.00203509 
72.899863    0.00585434 
72.989627    0.00961528 
73.079243    0.01328849 
73.168693    0.01684816 
73.257964    0.02027183 
73.347044    0.02354010 
73.435929    0.02663630 
73.524618    0.02954621 
73.613112    0.03225772 
73.701419    0.03476058 
73.789551    0.03704614 
73.877521    0.03910712 
73.965349    0.04093738 
74.053055    0.04253177 
74.140663    0.04389107 
74.228199    0.04500155 
74.315691    0.04586511 
74.403168    0.04647919 
74.490661    0.04684170 
74.578200    0.04695097 
74.665815    0.04680572 
74.753535    0.04640507 
74.841388    0.04574856 
74.929401    0.04483621 
75.017598    0.04366854 
75.106001    0.04224670 
75.194628    0.04057257 
75.283494    0.03864892 
75.372609    0.03647956 
75.461980    0.03406956 
75.551607    0.03142546 
75.641486    0.02855558 
75.731609    0.02547025 
75.821960    0.02218223 
75.912520    0.01870697 
76.003263    0.01506305 
76.094160    0.01127255 
76.185177    0.00736141 
76.276276    0.00335981 
76.367417    -0.00069759 
76.458562    -0.00477142 
76.549668    -0.00881762 
76.640698    -0.01278763 
76.731618    -0.01662891 
76.822397    -0.02028563 
76.913013    -0.02369987 
77.003450    -0.02681313 
77.093701    -0.02956816 
77.183770    -0.03190813 
77.273666    -0.03379039 
77.363407    -0.03517199 
77.453018    -0.03602240 
77.542527    -0.03632249 
77.631963    -0.03606553 
77.721358    -0.03525753 
77.810739    -0.03391682 
77.900128    -0.03207301 
77.989541    -0.02976531 
78.078989    -0.02704060 
78.168472    -0.02395362 
78.257985    -0.02055447 
78.347517    -0.01690271 
78.437048    -0.01305446 
78.526557    -0.00906381 
78.616017    -0.00498181 
78.705400    -0.00085570 
78.794680    0.00327154 
78.883828    0.00736130 
78.972820    0.01137938 
79.061634    0.01529576 
79.150251    0.01908440 
79.238657    0.02272283 
79.326842    0.02619180 
79.414803    0.02947493 
79.502538    0.03255832 
79.590053    0.03543026 
79.677358    0.03808086 
79.764467    0.04050184 
79.851397    0.04268620 
79.938171    0.04462809 
80.024814    0.04632253 
80.111353    0.04776532 
80.197820    0.04895284 
80.284246    0.04988201 
80.370665    0.05055018 
80.457112    0.05095508 
80.543620    0.05109476 
80.630226    0.05096761 
80.716963    0.05057232 
80.803863    0.04990794 
80.890956    0.04897390 
80.978272    0.04777011 
81.065834    0.04629702 
81.153664    0.04455583 
81.241779    0.04254851 
81.330193    0.04027808 
81.418911    0.03774874 
81.507937    0.03496618 
81.597266    0.03193784 
81.686889    0.02867328 
81.776787    0.02518454 
81.866939    0.02148654 
81.957316    0.01759748 
82.047883    0.01353936 
82.138599    0.00933844 
82.229422    0.00502566 
82.320303    0.00063704 
82.411194    -0.00378596 
82.502045    -0.00819637 
82.592810    -0.01254178 
82.683446    -0.01676474 
82.773913    -0.02080356 
82.864183    -0.02459344 
82.954233    -0.02806820 
83.044054    -0.03116237 
83.133645    -0.03381362 
83.223017    -0.03596549 
83.312189    -0.03757007 
83.401189    -0.03858604 
83.490052    -0.03899854 
83.578811    -0.03879397 
83.667505    -0.03797782 
83.756165    -0.03657003 
83.844820    -0.03460789 
83.933489    -0.03212692 
84.022187    -0.02918466 
84.110915    -0.02584027 
84.199669    -0.02215637 
84.288436    -0.01819667 
84.377194    -0.01402385 
84.465918    -0.00969795 
84.554580    -0.00527520 
84.643146    -0.00080724 
84.731587    0.00365934 
84.819871    0.00808305 
84.907970    0.01242742 
84.995861    0.01666076 
85.083522    0.02075573 
85.170938    0.02468899 
85.258099    0.02844071 
85.345001    0.03199416 
85.431644    0.03533527 
85.518035    0.03845225 
85.604187    0.04133524 
85.690114    0.04397599 
85.775840    0.04636758 
85.861388    0.04850418 
85.946789    0.05038085 
86.032075    0.05199337 
86.117281    0.05333810 
86.202444    0.05441184 
86.287602    0.05521178 
86.372797    0.05573539 
86.458068    0.05598040 
86.543455    0.05594477 
86.628997    0.05562670 
86.714733    0.05502461 
86.800699    0.05413726 
86.886927    0.05296376 
86.973448    0.05150366 
87.060288    0.04975714 
87.147467    0.04772509 
87.235003    0.04540937 
87.322907    0.04281294 
87.411181    0.03994018 
87.499824    0.03679713 
87.588826    0.03339191 
87.678170    0.02973507 
87.767831    0.02584004 
87.857777    0.02172366 
87.947969    0.01740665 
88.038360    0.01291427 
88.128900    0.00827686 
88.219533    0.00353033 
88.310198    -0.00128329 
88.400837    -0.00611556 
88.491389    -0.01091149 
88.581800    -0.01560976 
88.672018    -0.02014331 
88.762003    -0.02444043 
88.851722    -0.02842643 
88.941156    -0.03202590 
89.030299    -0.03516548 
89.119157    -0.03777704 
89.207750    -0.03980101 
89.296107    -0.04118959 
89.384266    -0.04190951 
89.472270    -0.04194395 
89.560164    -0.04129351 
89.647990    -0.03997598 
89.735783    -0.03802509 
89.823574    -0.03548831 
89.911379    -0.03242396 
89.999209    -0.02889806 
90.087059    -0.02498111 
90.174919    -0.02074508 
90.262768    -0.01626089 
90.350577    -0.01159641 
90.438314    -0.00681496 
90.525945    -0.00197446 
90.613434    0.00287307 
90.700747    0.00768158 
90.787850    0.01241088 
90.874716    0.01702627 
90.961321    0.02149809 
91.047648    0.02580116 
91.133684    0.02991429 
91.219423    0.03381971 
91.304866    0.03750259 
91.390020    0.04095061 
91.474898    0.04415355 
91.559517    0.04710293 
91.643902    0.04979163 
91.728082    0.05221372 
91.812088    0.05436414 
91.895958    0.05623856 
91.979731    0.05783320 
92.063449    0.05914469 
92.147158    0.06016997 
92.230901    0.06090621 
92.314726    0.06135078 
92.398680    0.06150118 
92.482807    0.06135502 
92.567153    0.06091011 
92.651760    0.06016440 
92.736668    0.05911612 
92.821915    0.05776383 
92.907531    0.05610652 
92.993546    0.05414377 
93.079982    0.05187588 
93.166854    0.04930417 
93.254172    0.04643116 
93.341937    0.04326091 
93.430143    0.03979930 
93.518774    0.03605450 
93.607808    0.03203740 
93.697210    0.02776216 
93.786940    0.02324679 
93.876948    0.01851374 
93.967175    0.01359060 
94.057558    0.00851080 
94.148026    0.00331434 
94.238508    -0.00195170 
94.328929    -0.00723266 
94.419218    -0.01246604 
94.509308    -0.01758244 
94.599139    -0.02250488 
94.688664    -0.02715131 
94.777846    -0.03143640 
94.866666    -0.03527330 
94.955119    -0.03858118 
95.043219    -0.04128340 
95.130992    -0.04331518 
95.218477    -0.04462655 
95.305725    -0.04518542 
95.392786    -0.04497955 
95.479716    -0.04401725 
95.566563    -0.04232654 
95.653368    -0.03995308 
95.740164    -0.03695706 
95.826969    -0.03340944 
95.913789    -0.02938807 
96.000617    -0.02497464 
96.087436    -0.02024818 
96.174220    -0.01528754 
96.260936    -0.01016577 
96.347546    -0.00494983 
96.434010    0.00030008 
96.520289    0.00553083 
96.606344    0.01069611 
96.692143    0.01575611 
96.777657    0.02067692 
96.862862    0.02542994 
96.947742    0.02999126 
97.032288    0.03434095 
97.116497    0.03846252 
97.200375    0.04234231 
97.283934    0.04596907 
97.367190    0.04933354 
97.450169    0.05242804 
97.532901    0.05524617 
97.615421    0.05778252 
97.697768    0.06003247 
97.779986    0.06199197 
97.862121    0.06365738 
97.944223    0.06502535 
98.026343    0.06609273 
98.108534    0.06685649 
98.190849    0.06731365 
98.273340    0.06746130 
98.356060    0.06729657 
98.439060    0.06681663 
98.522388    0.06601880 
98.606089    0.06490053 
98.690205    0.06345954 
98.774771    0.06169398 
98.859820    0.05960253 
98.945376    0.05718460 
99.031456    0.05444059 
99.118069    0.05137209 
99.205217    0.04798229 
99.292891    0.04427625 
99.381072    0.04026145 
99.469731    0.03594820 
99.558828    0.03135025 
99.648314    0.02648542 
99.738128    0.02137635 
99.828200    0.01605138 
99.918455    0.01054528 
100.008807    0.00490011 
100.099168    -0.00083397 
100.189451    -0.00659813 
100.279567    -0.01232446 
100.369434    -0.01793618 
100.458979    -0.02334824 
100.548143    -0.02846879 
100.636882    -0.03320154 
100.725169    -0.03744902 
100.813000    -0.04111668 
100.900388    -0.04411599 
100.987366    -0.04637583 
101.073982    -0.04783755 
101.160295    -0.04846485 
101.246369    -0.04824472 
101.332268    -0.04718804 
101.418053    -0.04532851 
101.503774    -0.04271993 
101.589469    -0.03943385 
101.675160    -0.03554871 
101.760856    -0.03115487 
101.846550    -0.02634354 
101.932223    -0.02120470 
102.017846    -0.01582420 
102.103380    -0.01028170 
102.188785    -0.00464933 
102.274015    0.00100878 
102.359028    0.00663663 
102.443782    0.01218596 
102.528241    0.01761572 
102.612374    0.02289130 
102.696158    0.02798380 
102.779576    0.03286924 
102.862620    0.03752786 
102.945289    0.04194345 
103.027590    0.04610271 
103.109539    0.04999474 
103.191157    0.05361059 
103.272473    0.05694290 
103.353522    0.05998550 
103.434345    0.06273318 
103.514986    0.06518141 
103.595496    0.06732618 
103.675927    0.06916381 
103.756335    0.07069083 
103.836779    0.07190386 
103.917317    0.07279957 
103.998010    0.07337460 
104.078917    0.07362555 
104.160099    0.07354894 
104.241612    0.07314129 
104.323511    0.07239911 
104.405849    0.07131902 
104.488673    0.06989783 
104.572024    0.06813267 
104.655940    0.06602113 
104.740450    0.06356147 
104.825575    0.06075287 
104.911328    0.05759566 
104.997710    0.05409167 
105.084715    0.05024458 
105.172322    0.04606040 
105.260501    0.04154799 
105.349208    0.03671960 
105.438387    0.03159160 
105.527971    0.02618524 
105.617881    0.02052759 
105.708027    0.01465239 
105.798313    0.00860105 
105.888635    0.00242373 
105.978887    -0.00381987 
106.068964    -0.01005985 
106.158766    -0.01621584 
106.248200    -0.02219745 
106.337190    -0.02790540 
106.425676    -0.03323377 
106.513620    -0.03807341 
106.601006    -0.04231632 
106.687844    -0.04586108 
106.774166    -0.04861861 
106.860025    -0.05051559 
106.945486    -0.05150819 
107.030626    -0.05157217 
107.115523    -0.05071286 
107.200250    -0.04896438 
107.284872    -0.04637806 
107.369439    -0.04303137 
107.453985    -0.03901368 
107.538525    -0.03442294 
107.623059    -0.02936036 
107.707570    -0.02392603 
107.792029    -0.01821538 
107.876397    -0.01231673 
107.960629    -0.00630987 
108.044678    -0.00026535 
108.128495    0.00575546 
108.212036    0.01170002 
108.295261    0.01752383 
108.378133    0.02318967 
108.460628    0.02866662 
108.542725    0.03392922 
108.624416    0.03895660 
108.705697    0.04373170 
108.786576    0.04824065 
108.867070    0.05247216 
108.947200    0.05641702 
109.026999    0.06006767 
109.106503    0.06341783 
109.185756    0.06646218 
109.264808    0.06919612 
109.343713    0.07161553 
109.422528    0.07371661 
109.501314    0.07549568 
109.580137    0.07694915 
109.659060    0.07807338 
109.738151    0.07886466 
109.817476    0.07931914 
109.897101    0.07943287 
109.977091    0.07920178 
110.057508    0.07862173 
110.138411    0.07768861 
110.219855    0.07639843 
110.301889    0.07474734 
110.384557    0.07273193 
110.467894    0.07034935 
110.551928    0.06759753 
110.636677    0.06447547 
110.722149    0.06098351 
110.808340    0.05712378 
110.895234    0.05290050 
110.982801    0.04832056 
111.070999    0.04339403 
111.159770    0.03813486 
111.249044    0.03256167 
111.338738    0.02669855 
111.428754    0.02057615 
111.518987    0.01423267 
111.609321    0.00771505 
111.699635    0.00108000 
111.789807    -0.00560495 
111.879718    -0.01226081 
111.969256    -0.01879701 
112.058321    -0.02511202 
112.146833    -0.03109496 
112.234733    -0.03662857 
112.321987    -0.04159343 
112.408590    -0.04587336 
112.494566    -0.04936182 
112.579962    -0.05196613 
112.664847    -0.05362352 
112.749302    -0.05429119 
112.833419    -0.05395876 
112.917287    -0.05264632 
113.000985    -0.05040458 
113.084584    -0.04730118 
113.168134    -0.04342956 
113.251666    -0.03889289 
113.335190    -0.03380033 
113.418699    -0.02826160 
113.502170    -0.02238255 
113.585567    -0.01626194 
113.668846    -0.00998948 
113.751958    -0.00364481 
113.834851    0.00270270 
113.917476    0.00899361 
113.999787    0.01517766 
114.081744    0.02121277 
114.163316    0.02706411 
114.244478    0.03270307 
114.325216    0.03810624 
114.405523    0.04325456 
114.485404    0.04813259 
114.564872    0.05272784 
114.643947    0.05703018 
114.722661    0.06103140 
114.801050    0.06472470 
114.879159    0.06810443 
114.957037    0.07116568 
115.034741    0.07390415 
115.112330    0.07631588 
115.189870    0.07839711 
115.267426    0.08014414 
115.345069    0.08155326 
115.422869    0.08262064 
115.500899    0.08334227 
115.579228    0.08371398 
115.657929    0.08373148 
115.737068    0.08339031 
115.816711    0.08268593 
115.896919    0.08161385 
115.977749    0.08016971 
116.059252    0.07834947 
116.141469    0.07614953 
116.224437    0.07356694 
116.308180    0.07059980 
116.392713    0.06724737 
116.478039    0.06351047 
116.564149    0.05939179 
116.651018    0.05489639 
116.738611    0.05003223 
116.826874    0.04481076 
116.915739    0.03924754 
117.005126    0.03336317 
117.094937    0.02718411 
117.185064    0.02074384 
117.275387    0.01408393 
117.365779    0.00725524 
117.456108    0.00031912 
117.546242    -0.00665165 
117.636051    -0.01357215 
117.725419    -0.02034526 
117.814241    -0.02686250 
117.902438    -0.03300603 
117.989953    -0.03865197 
118.076758    -0.04367539 
118.162857    -0.04795638 
118.248282    -0.05138691 
118.333095    -0.05387515 
118.417373    -0.05536292 
118.501211    -0.05581385 
118.584707    -0.05522639 
118.667958    -0.05363343 
118.751049    -0.05108869 
118.834050    -0.04767781 
118.917011    -0.04350105 
118.999962    -0.03866933 
119.082910    -0.03329783 
119.165844    -0.02750050 
119.248737    -0.02138579 
119.331550    -0.01505371 
119.414236    -0.00859414 
119.496743    -0.00208611 
119.579020    0.00440217 
119.661016    0.01081269 
119.742686    0.01709674 
119.823993    0.02321383 
119.904906    0.02913061 
119.985403    0.03481985 
120.065473    0.04025944 
120.145114    0.04543149 
120.224332    0.05032157 
120.303146    0.05491805 
120.381579    0.05921154 
120.459667    0.06319444 
120.537449    0.06686049 
120.614974    0.07020441 
120.692295    0.07322168 
120.769472    0.07590825 
120.846567    0.07826040 
120.923649    0.08027455 
121.000785    0.08194710 
121.078049    0.08327445 
121.155513    0.08425283 
121.233249    0.08487832 
121.311331    0.08514687 
121.389828    0.08505428 
121.468810    0.08459627 
121.548341    0.08376854 
121.628481    0.08256692 
121.709285    0.08098743 
121.790801    0.07902649 
121.873070    0.07668112 
121.956123    0.07394914 
122.039981    0.07082947 
122.124654    0.06732239 
122.210140    0.06342986 
122.296423    0.05915593 
122.383475    0.05450719 
122.471251    0.04949326 
122.559693    0.04412740 
122.648727    0.03842723 
122.738265    0.03241557 
122.828205    0.02612132 
122.918433    0.01958053 
123.008828    0.01283749 
123.099258    0.00594592 
123.189590    -0.00102995 
123.279694    -0.00801444 
123.369442    -0.01491998 
123.458722    -0.02164725 
123.547437    -0.02808622 
123.635512    -0.03411844 
123.722900    -0.03962085 
123.809583    -0.04447080 
123.895572    -0.04855232 
123.980910    -0.05176031 
124.065661    -0.05401835 
124.149909    -0.05526823 
124.233750    -0.05548473 
124.317283    -0.05467724 
124.400602    -0.05287789 
124.483791    -0.05015460 
124.566914    -0.04659458 
124.650017    -0.04230071 
124.733125    -0.03738489 
124.816240    -0.03196190 
124.899350    -0.02614420 
124.982424    -0.02003804 
125.065422    -0.01374081 
125.148299    -0.00733957 
125.231002    -0.00091055 
125.313481    0.00548067 
125.395690    0.01177848 
125.477585    0.01793631 
125.559132    0.02391560 
125.640303    0.02968469 
125.721080    0.03521782 
125.801455    0.04049410 
125.881428    0.04549674 
125.961009    0.05021226 
126.040218    0.05462987 
126.119081    0.05874089 
126.197633    0.06253834 
126.275916    0.06601650 
126.353979    0.06917065 
126.431876    0.07199673 
126.509664    0.07449117 
126.587407    0.07665070 
126.665169    0.07847219 
126.743019    0.07995257 
126.821024    0.08108874 
126.899256    0.08187752 
126.977783    0.08231567 
127.056673    0.08239985 
127.135992    0.08212669 
127.215804    0.08149283 
127.296168    0.08049507 
127.377138    0.07913037 
127.458762    0.07739605 
127.541081    0.07528993 
127.624130    0.07281058 
127.707932    0.06995751 
127.792502    0.06673146 
127.877843    0.06313462 
127.963947    0.05917101 
128.050792    0.05484689 
128.138344    0.05017121 
128.226555    0.04515605 
128.315364    0.03981723 
128.404697    0.03417514 
128.494465    0.02825542 
128.584571    0.02208986 
128.674906    0.01571732 
128.765354    0.00918478 
128.855796    0.00254838 
128.946111    -0.00412572 
129.036181    -0.01076089 
129.125899    -0.01726987 
129.215169    -0.02355527 
129.303912    -0.02951115 
129.392073    -0.03502575 
129.479621    -0.03998544 
129.566551    -0.04427966 
129.652886    -0.04780433 
129.738673    -0.05047802 
129.823978    -0.05223291 
129.908882    -0.05302909 
129.993473    -0.05285507 
130.077837    -0.05173061 
130.162056    -0.04969552 
130.246200    -0.04682054 
130.330319    -0.04319230 
130.414446    -0.03890994 
130.498597    -0.03407922 
130.582768    -0.02880717 
130.666940    -0.02319775 
130.751082    -0.01734857 
130.835154    -0.01134878 
130.919112    -0.00527787 
131.002909    0.00079468 
131.086499    0.00680910 
131.169841    0.01271474 
131.252898    0.01846919 
131.335639    0.02403737 
131.418044    0.02939048 
131.500098    0.03450509 
131.581797    0.03936227 
131.663144    0.04394680 
131.744152    0.04824656 
131.824841    0.05225191 
131.905238    0.05595519 
131.985377    0.05935030 
132.065301    0.06242852 
132.145053    0.06519332 
132.224684    0.06763770 
132.304248    0.06975881 
132.383802    0.07155416 
132.463405    0.07302147 
132.543119    0.07415855 
132.623004    0.07496326 
132.703122    0.07543346 
132.783534    0.07556703 
132.864298    0.07536193 
132.945470    0.07481622 
133.027103    0.07392821 
133.109246    0.07269644 
133.191941    0.07111976 
133.275227    0.06919753 
133.359134    0.06692976 
