0.000000    0.00000000 
0.087519    0.00184510 
0.175037    0.00367463 
0.262557    0.00547396 
0.350077    0.00722961 
0.437610    0.00892076 
0.525147    0.01055241 
0.612692    0.01210715 
0.700249    0.01357596 
0.787822    0.01495080 
0.875417    0.01622457 
0.963041    0.01739108 
1.050701    0.01844496 
1.138405    0.01938161 
1.226162    0.02019714 
1.313982    0.02088823 
1.401874    0.02145207 
1.489849    0.02188623 
1.577918    0.02218861 
1.666092    0.02235735 
1.754382    0.02239088 
1.842797    0.02228790 
1.931350    0.02204749 
2.020049    0.02166917 
2.108905    0.02115298 
2.197921    0.02051785 
2.287112    0.01972933 
2.376485    0.01880684 
2.466046    0.01775315 
2.555800    0.01657208 
2.645751    0.01526855 
2.735901    0.01384863 
2.826250    0.01231961 
2.916799    0.01068848 
3.007543    0.00896788 
3.098478    0.00716887 
3.189599    0.00530477 
3.280899    0.00339009 
3.372371    0.00144061 
3.464010    -0.00052682 
3.555806    -0.00249518 
3.647752    -0.00444372 
3.739840    -0.00635398 
3.832062    -0.00820563 
3.924412    -0.00997784 
4.016884    -0.01164958 
4.109473    -0.01320003 
4.202177    -0.01460905 
4.294994    -0.01585767 
4.387924    -0.01692852 
4.480969    -0.01780608 
4.574130    -0.01847695 
4.667409    -0.01893002 
4.760811    -0.01915683 
4.854338    -0.01915189 
4.947995    -0.01891304 
5.041785    -0.01844171 
5.135710    -0.01774299 
5.229774    -0.01682556 
5.323976    -0.01570145 
5.418315    -0.01438568 
5.512787    -0.01289578 
5.607390    -0.01125136 
5.702115    -0.00947364 
5.796956    -0.00758506 
5.891904    -0.00561117 
5.986947    -0.00357021 
6.082074    -0.00148868 
6.177273    0.00061030 
6.272532    0.00270467 
6.367838    0.00477357 
6.463180    0.00679778 
6.558547    0.00875767 
6.653930    0.01064130 
6.749320    0.01243289 
6.844710    0.01411993 
6.940095    0.01569140 
7.035470    0.01713772 
7.130833    0.01845067 
7.226183    0.01962331 
7.321521    0.02064984 
7.416848    0.02152548 
7.512168    0.02224626 
7.607485    0.02280881 
7.702804    0.02321025 
7.798130    0.02344809 
7.893471    0.02352023 
7.988831    0.02342963 
8.084217    0.02316651 
8.179636    0.02273482 
8.275092    0.02213520 
8.370591    0.02136930 
8.466137    0.02043980 
8.561733    0.01935052 
8.657379    0.01810649 
8.753077    0.01671412 
8.848824    0.01518130 
8.944617    0.01351756 
9.040452    0.01173415 
9.136322    0.00984409 
9.232220    0.00786213 
9.328137    0.00580472 
9.424063    0.00368983 
9.519989    0.00153682 
9.615904    -0.00063367 
9.711797    -0.00279982 
9.807659    -0.00493855 
9.903481    -0.00702668 
9.999253    -0.00904006 
10.094970    -0.01095432 
10.190626    -0.01274522 
10.286218    -0.01438907 
10.381744    -0.01586324 
10.477205    -0.01714659 
10.572603    -0.01821998 
10.667942    -0.01906674 
10.763228    -0.01967312 
10.858468    -0.02002873 
10.953668    -0.02012695 
11.048837    -0.01996514 
11.143982    -0.01954486 
11.239111    -0.01887186 
11.334229    -0.01795597 
11.429341    -0.01681082 
11.524450    -0.01545343 
11.619555    -0.01390377 
11.714658    -0.01218411 
11.809752    -0.01032156 
11.904836    -0.00833469 
11.999902    -0.00625291 
12.094944    -0.00410217 
12.189953    -0.00190791 
12.284920    0.00030525 
12.379836    0.00251394 
12.474692    0.00469633 
12.569482    0.00683232 
12.664197    0.00890369 
12.758832    0.01089093 
12.853381    0.01278572 
12.947843    0.01457261 
13.042214    0.01624068 
13.136495    0.01778054 
13.230687    0.01918417 
13.324793    0.02044476 
13.418818    0.02155654 
13.512767    0.02251461 
13.606647    0.02331480 
13.700465    0.02395360 
13.794232    0.02442803 
13.887955    0.02473563 
13.981645    0.02487947 
14.075311    0.02484830 
14.168965    0.02464596 
14.262616    0.02427215 
14.356275    0.02372737 
14.449949    0.02301290 
14.543646    0.02213102 
14.637374    0.02108506 
14.731137    0.01987955 
14.824940    0.01852026 
14.918784    0.01701437 
15.012670    0.01537049 
15.106595    0.01359877 
15.200558    0.01171094 
15.294554    0.00972032 
15.388575    0.00764182 
15.482614    0.00549191 
15.576664    0.00328858 
15.670713    0.00105124 
15.764753    -0.00119934 
15.858773    -0.00344117 
15.952765    -0.00565121 
16.046719    -0.00780552 
16.140628    -0.00987958 
16.234486    -0.01184854 
16.328289    -0.01368765 
16.422033    -0.01537265 
16.515719    -0.01688023 
16.609349    -0.01818863 
16.702926    -0.01927535 
16.796457    -0.02012838 
16.889948    -0.02073127 
16.983407    -0.02107355 
17.076845    -0.02114873 
17.170269    -0.02095455 
17.263689    -0.02049310 
17.357114    -0.01977081 
17.450550    -0.01879829 
17.544002    -0.01759000 
17.637474    -0.01616387 
17.730967    -0.01454073 
17.824479    -0.01274742 
17.918007    -0.01080088 
18.011547    -0.00873123 
18.105092    -0.00656494 
18.198634    -0.00432832 
18.292164    -0.00204720 
18.385671    0.00025364 
18.479148    0.00255071 
18.572583    0.00482210 
18.665969    0.00704765 
18.759298    0.00920901 
18.852563    0.01128971 
18.945759    0.01327507 
19.038883    0.01515217 
19.131932    0.01690971 
19.224907    0.01853788 
19.317809    0.02002821 
19.410640    0.02137342 
19.503406    0.02256725 
19.596112    0.02360434 
19.688766    0.02448012 
19.781375    0.02519071 
19.873949    0.02573283 
19.966498    0.02610379 
20.059032    0.02630144 
20.151563    0.02632422 
20.244099    0.02617112 
20.336653    0.02584182 
20.429235    0.02533667 
20.521854    0.02465684 
20.614518    0.02380437 
20.707234    0.02278227 
20.800010    0.02159463 
20.892850    0.02024669 
20.985755    0.01874492 
21.078728    0.01709716 
21.171768    0.01531265 
21.264871    0.01340208 
21.358033    0.01137775 
21.451248    0.00925349 
21.544507    0.00704481 
21.637803    0.00476884 
21.731123    0.00244436 
21.824458    0.00009176 
21.917796    -0.00226704 
22.011125    -0.00460868 
22.104435    -0.00690851 
22.197716    -0.00914090 
22.290960    -0.01127945 
22.384160    -0.01329744 
22.477311    -0.01516823 
22.570411    -0.01686585 
22.663460    -0.01836559 
22.756461    -0.01964462 
22.849418    -0.02068263 
22.942337    -0.02146252 
23.035229    -0.02197090 
23.128101    -0.02219862 
23.220965    -0.02213616 
23.313829    -0.02179342 
23.406705    -0.02117068 
23.499598    -0.02027753 
23.592517    -0.01912791 
23.685464    -0.01774423 
23.778444    -0.01613790 
23.871454    -0.01433751 
23.964493    -0.01236871 
24.057556    -0.01025839 
24.150636    -0.00803406 
24.243724    -0.00572325 
24.336810    -0.00335301 
24.429885    -0.00094941 
24.522937    0.00146272 
24.615956    0.00386010 
24.708931    0.00622115 
24.801852    0.00852608 
24.894713    0.01075692 
24.987505    0.01289750 
25.080225    0.01493339 
25.172869    0.01685178 
25.265436    0.01864143 
25.357925    0.02029245 
25.450341    0.02179630 
25.542686    0.02314555 
25.634967    0.02433384 
25.727190    0.02535573 
25.819364    0.02620666 
25.911499    0.02688285 
26.003606    0.02738125 
26.095695    0.02769949 
26.187778    0.02783591 
26.279867    0.02778948 
26.371974    0.02755985 
26.464111    0.02714737 
26.556287    0.02655312 
26.648513    0.02577894 
26.740799    0.02482751 
26.833150    0.02370240 
26.925574    0.02240817 
27.018075    0.02095043 
27.110654    0.01933595 
27.203313    0.01757277 
27.296049    0.01567031 
27.388860    0.01363944 
27.481739    0.01149264 
27.574679    0.00924406 
27.667671    0.00690963 
27.760704    0.00450713 
27.853766    0.00205620 
27.946846    -0.00042162 
28.039929    -0.00290298 
28.133003    -0.00536282 
28.226057    -0.00777453 
28.319079    -0.01011029 
28.412061    -0.01234139 
28.504994    -0.01443876 
28.597874    -0.01637348 
28.690698    -0.01811748 
28.783468    -0.01964424 
28.876187    -0.02092954 
28.968859    -0.02195222 
29.061494    -0.02269487 
29.154101    -0.02314446 
29.246690    -0.02329280 
29.339273    -0.02313685 
29.431861    -0.02267886 
29.524463    -0.02192625 
29.617089    -0.02089137 
29.709744    -0.01959100 
29.802433    -0.01804583 
29.895157    -0.01627968 
29.987914    -0.01431881 
30.080701    -0.01219115 
30.173511    -0.00992555 
30.266336    -0.00755115 
30.359166    -0.00509675 
30.451989    -0.00259035 
30.544795    -0.00005874 
30.637570    0.00247279 
30.730304    0.00498063 
30.822984    0.00744301 
30.915603    0.00984004 
31.008151    0.01215369 
31.100621    0.01436777 
31.193010    0.01646784 
31.285313    0.01844110 
31.377532    0.02027631 
31.469666    0.02196363 
31.561719    0.02349454 
31.653696    0.02486167 
31.745605    0.02605876 
31.837454    0.02708052 
31.929253    0.02792256 
32.021013    0.02858130 
32.112747    0.02905395 
32.204466    0.02933840 
32.296184    0.02943327 
32.387914    0.02933781 
32.479669    0.02905197 
32.571461    0.02857638 
32.663303    0.02791238 
32.755205    0.02706206 
32.847176    0.02602831 
32.939224    0.02481491 
33.031356    0.02342660 
33.123576    0.02186918 
33.215886    0.02014960 
33.308286    0.01827612 
33.400775    0.01625841 
33.493347    0.01410767 
33.585996    0.01183681 
33.678713    0.00946051 
33.771488    0.00699542 
33.864309    0.00446017 
33.957162    0.00187549 
34.050033    -0.00073580 
34.142908    -0.00334884 
34.235772    -0.00593686 
34.328612    -0.00847135 
34.421416    -0.01092245 
34.514173    -0.01325930 
34.606876    -0.01545062 
34.699518    -0.01746534 
34.792099    -0.01927336 
34.884619    -0.02084635 
34.977082    -0.02215862 
35.069495    -0.02318790 
35.161866    -0.02391618 
35.254208    -0.02433033 
35.346531    -0.02442260 
35.438848    -0.02419096 
35.531172    -0.02363912 
35.623512    -0.02277640 
35.715879    -0.02161737 
35.808277    -0.02018130 
35.900712    -0.01849143 
35.993183    -0.01657420 
36.085688    -0.01445839 
36.178223    -0.01217431 
36.270779    -0.00975297 
36.363348    -0.00722542 
36.455916    -0.00462211 
36.548472    -0.00197240 
36.641003    0.00069581 
36.733496    0.00335638 
36.825937    0.00598506 
36.918316    0.00855965 
37.010622    0.01105996 
37.102846    0.01346780 
37.194982    0.01576694 
37.287025    0.01794294 
37.378973    0.01998310 
37.470826    0.02187627 
37.562587    0.02361278 
37.654258    0.02518424 
37.745848    0.02658346 
37.837364    0.02780435 
37.928816    0.02884177 
38.020216    0.02969147 
38.111576    0.03035000 
38.202910    0.03081469 
38.294232    0.03108355 
38.385557    0.03115526 
38.476900    0.03102918 
38.568273    0.03070530 
38.659693    0.03018429 
38.751171    0.02946751 
38.842719    0.02855707 
38.934347    0.02745589 
39.026065    0.02616774 
39.117879    0.02469740 
39.209793    0.02305071 
39.301810    0.02123470 
39.393930    0.01925777 
39.486150    0.01712976 
39.578465    0.01486216 
39.670867    0.01246824 
39.763346    0.00996320 
39.855892    0.00736429 
39.948489    0.00469098 
40.041123    0.00196497 
40.133778    -0.00078972 
40.226437    -0.00354681 
40.319084    -0.00627790 
40.411704    -0.00895262 
40.504284    -0.01153904 
40.596811    -0.01400406 
40.689277    -0.01631407 
40.781675    -0.01843562 
40.874003    -0.02033623 
40.966262    -0.02198539 
41.058457    -0.02335540 
41.150595    -0.02442239 
41.242687    -0.02516716 
41.334744    -0.02557589 
41.426780    -0.02564072 
41.518809    -0.02536008 
41.610845    -0.02473867 
41.702898    -0.02378735 
41.794978    -0.02252264 
41.887092    -0.02096607 
41.979245    -0.01914338 
42.071435    -0.01708359 
42.163660    -0.01481807 
42.255915    -0.01237962 
42.348189    -0.00980161 
42.440472    -0.00711718 
42.532750    -0.00435866 
42.625010    -0.00155702 
42.717238    0.00125850 
42.809417    0.00406065 
42.901536    0.00682435 
42.993581    0.00952672 
43.085542    0.01214709 
43.177409    0.01466695 
43.269175    0.01706985 
43.360836    0.01934127 
43.452391    0.02146845 
43.543839    0.02344029 
43.635184    0.02524715 
43.726431    0.02688075 
43.817588    0.02833398 
43.908665    0.02960082 
43.999672    0.03067622 
44.090624    0.03155601 
44.181535    0.03223681 
44.272420    0.03271596 
44.363295    0.03299147 
44.454177    0.03306204 
44.545082    0.03292695 
44.636027    0.03258613 
44.727026    0.03204017 
44.818095    0.03129030 
44.909246    0.03033851 
45.000492    0.02918756 
45.091842    0.02784111 
45.183303    0.02630378 
45.274880    0.02458127 
45.366576    0.02268054 
45.458391    0.02060987 
45.550322    0.01837911 
45.642362    0.01599981 
45.734502    0.01348540 
45.826732    0.01085136 
45.919037    0.00811540 
46.011402    0.00529757 
46.103808    0.00242043 
46.196237    -0.00049098 
46.288670    -0.00340854 
46.381088    -0.00630351 
46.473472    -0.00914291 
46.565806    -0.01189266 
46.658077    -0.01451726 
46.750271    -0.01698051 
46.842383    -0.01924620 
46.934409    -0.02127791 
47.026349    -0.02304454 
47.118207    -0.02451486 
47.209993    -0.02566267 
47.301716    -0.02646688 
47.393391    -0.02691229 
47.485033    -0.02699022 
47.576659    -0.02669886 
47.668282    -0.02604336 
47.759919    -0.02503557 
47.851578    -0.02369351 
47.943270    -0.02204068 
48.034998    -0.02010508 
48.126764    -0.01791823 
48.218566    -0.01551408 
48.310397    -0.01292797 
48.402248    -0.01019641 
48.494107    -0.00735322 
48.585961    -0.00443373 
48.677794    -0.00147077 
48.769593    0.00150481 
48.861340    0.00446439 
48.953022    0.00738174 
49.044625    0.01023212 
49.136138    0.01299577 
49.227551    0.01565289 
49.318856    0.01818811 
49.410050    0.02058364 
49.501130    0.02282783 
49.592096    0.02490936 
49.682954    0.02681847 
49.773707    0.02854676 
49.864366    0.03008706 
49.954939    0.03143332 
50.045440    0.03258042 
50.135884    0.03352415 
50.226284    0.03426104 
50.316659    0.03478838 
50.407026    0.03510408 
50.497402    0.03520668 
50.587805    0.03509535 
50.678254    0.03476983 
50.768764    0.03423047 
50.859353    0.03347828 
50.950034    0.03251495 
51.040820    0.03134294 
51.131723    0.02996558 
51.222752    0.02838712 
51.313912    0.02661292 
51.405206    0.02464952 
51.496636    0.02250487 
51.588198    0.02018845 
51.679887    0.01771151 
51.771693    0.01508721 
51.863606    0.01233089 
51.955610    0.00946022 
52.047688    0.00649543 
52.139822    0.00345940 
52.231991    0.00037783 
52.324173    -0.00272077 
52.416348    -0.00580510 
52.508495    -0.00884126 
52.600594    -0.01179305 
52.692630    -0.01462249 
52.784590    -0.01729040 
52.876462    -0.01975726 
52.968244    -0.02198421 
53.059933    -0.02393416 
53.151533    -0.02557299 
53.243055    -0.02686888 
53.334508    -0.02780098 
53.425908    -0.02834940 
53.517271    -0.02850310 
53.608615    -0.02825870 
53.699957    -0.02762057 
53.791312    -0.02660064 
53.882692    -0.02521783 
53.974108    -0.02349725 
54.065562    -0.02147085 
54.157057    -0.01916916 
54.248590    -0.01663104 
54.340152    -0.01389498 
54.431733    -0.01100000 
54.523320    -0.00798463 
54.614896    -0.00488618 
54.706444    -0.00174013 
54.797946    0.00142032 
54.889385    0.00456453 
54.980743    0.00766452 
55.072005    0.01069504 
55.163158    0.01363353 
55.254192    0.01645996 
55.345098    0.01915670 
55.435871    0.02170836 
55.526509    0.02410153 
55.617013    0.02632466 
55.707387    0.02836781 
55.797639    0.03022249 
55.887776    0.03188148 
55.977813    0.03333867 
56.067763    0.03458895 
56.157642    0.03562804 
56.247468    0.03645245 
56.337261    0.03705936 
56.427040    0.03744658 
56.516826    0.03761250 
56.606640    0.03755605 
56.696501    0.03727672 
56.786430    0.03677454 
56.876445    0.03605013 
56.966563    0.03510474 
57.056801    0.03394031 
57.147171    0.03255959 
57.237684    0.03096624 
57.328348    0.02916493 
57.419169    0.02716150 
57.510147    0.02496319 
57.601282    0.02257873 
57.692567    0.02001867 
57.783995    0.01729550 
57.875552    0.01442399 
57.967223    0.01142133 
58.058990    0.00830744 
58.150830    0.00510512 
58.242723    0.00184025 
58.334641    -0.00145812 
58.426562    -0.00475775 
58.518460    -0.00802330 
58.610313    -0.01121659 
58.702099    -0.01429705 
58.793801    -0.01722234 
58.885407    -0.01994918 
58.976908    -0.02243445 
59.068300    -0.02463635 
59.159586    -0.02651579 
59.250774    -0.02803782 
59.341874    -0.02917298 
59.432904    -0.02989859 
59.523882    -0.03019714 
59.614826    -0.03006727 
59.705757    -0.02950872 
59.796693    -0.02853488 
59.887648    -0.02715945 
59.978635    -0.02541113 
60.069660    -0.02332199 
60.160727    -0.02092882 
60.251833    -0.01827169 
60.342970    -0.01539257 
60.434128    -0.01233408 
60.525290    -0.00913844 
60.616441    -0.00584648 
60.707560    -0.00249700 
60.798629    0.00087377 
60.889626    0.00423246 
60.980533    0.00754871 
61.071333    0.01079522 
61.162011    0.01394767 
61.252554    0.01698458 
61.342952    0.01988714 
61.433201    0.02263898 
61.523297    0.02522595 
61.613241    0.02763588 
61.703037    0.02985837 
61.792693    0.03188455 
61.882218    0.03370691 
61.971628    0.03531911 
62.060937    0.03671584 
62.150163    0.03789269 
62.239327    0.03884600 
62.328449    0.03957283 
62.417552    0.04007081 
62.506660    0.04033813 
62.595795    0.04037352 
62.684981    0.04017619 
62.774241    0.03974587 
62.863596    0.03908282 
62.953066    0.03818788 
63.042669    0.03706252 
63.132422    0.03570894 
63.222339    0.03413015 
63.312428    0.03233014 
63.402699    0.03031397 
63.493154    0.02808803 
63.583793    0.02566014 
63.674612    0.02303988 
63.765602    0.02023874 
63.856752    0.01727043 
63.948045    0.01415118 
64.039461    0.01089996 
64.130978    0.00753879 
64.222569    0.00409297 
64.314207    0.00059127 
64.405863    -0.00293398 
64.497508    -0.00644688 
64.589115    -0.00990810 
64.680658    -0.01327524 
64.772113    -0.01650335 
64.863463    -0.01954574 
64.954694    -0.02235500 
65.045799    -0.02488428 
65.136776    -0.02708875 
65.227631    -0.02892719 
65.318375    -0.03036367 
65.409022    -0.03136903 
65.499593    -0.03192227 
65.590109    -0.03201147 
65.680593    -0.03163441 
65.771066    -0.03079861 
65.861548    -0.02952095 
65.952053    -0.02782680 
66.042594    -0.02574878 
66.133174    -0.02332534 
66.223793    -0.02059914 
66.314446    -0.01761543 
66.405122    -0.01442062 
66.495806    -0.01106089 
66.586479    -0.00758114 
66.677121    -0.00402412 
66.767708    -0.00042984 
66.858220    0.00316488 
66.948634    0.00672654 
67.038930    0.01022505 
67.129091    0.01363364 
67.219101    0.01692872 
67.308949    0.02008968 
67.398627    0.02309860 
67.488131    0.02594002 
67.577460    0.02860063 
67.666618    0.03106909 
67.755612    0.03333570 
67.844453    0.03539226 
67.933156    0.03723180 
68.021736    0.03884847 
68.110213    0.04023731 
68.198611    0.04139417 
68.286951    0.04231560 
68.375261    0.04299872 
68.463565    0.04344121 
68.551890    0.04364122 
68.640264    0.04359737 
68.728712    0.04330875 
68.817261    0.04277489 
68.905935    0.04199585 
68.994756    0.04097225 
69.083744    0.03970534 
69.172917    0.03819711 
69.262289    0.03645042 
69.351871    0.03446914 
69.441670    0.03225835 
69.531689    0.02982448 
69.621926    0.02717564 
69.712374    0.02432179 
69.803023    0.02127508 
69.893856    0.01805015 
69.984852    0.01466445 
70.075989    0.01113858 
70.167236    0.00749657 
70.258564    0.00376624 
70.349937    -0.00002063 
70.441323    -0.00382812 
70.532686    -0.00761617 
70.623994    -0.01134076 
70.715215    -0.01495432 
70.806324    -0.01840634 
70.897300    -0.02164442 
70.988129    -0.02461548 
71.078803    -0.02726731 
71.169322    -0.02955040 
71.259694    -0.03141982 
71.349934    -0.03283715 
71.440061    -0.03377228 
71.530099    -0.03420485 
71.620074    -0.03412531 
71.710013    -0.03353531 
71.799939    -0.03244764 
71.889875    -0.03088546 
71.979837    -0.02888108 
72.069833    -0.02647436 
72.159870    -0.02371088 
72.249943    -0.02063999 
72.340043    -0.01731303 
72.430157    -0.01378162 
72.520265    -0.01009631 
72.610344    -0.00630541 
72.700372    -0.00245426 
72.790322    0.00141537 
72.880169    0.00526552 
72.969890    0.00906215 
73.059464    0.01277509 
73.148873    0.01637783 
73.238102    0.01984728 
73.327140    0.02316349 
73.415981    0.02630933 
73.504622    0.02927018 
73.593066    0.03203360 
73.681320    0.03458907 
73.769393    0.03692768 
73.857301    0.03904194 
73.945061    0.04092675 
74.032694    0.04257444 
74.120224    0.04398171 
74.207677    0.04514479 
74.295081    0.04606054 
74.382465    0.04672633 
74.469860    0.04713997 
74.557297    0.04729970 
74.644804    0.04720412 
74.732414    0.04685223 
74.820154    0.04624343 
74.908052    0.04537759 
74.996132    0.04425507 
75.084417    0.04287685 
75.172927    0.04124459 
75.261677    0.03936083 
75.350678    0.03722911 
75.439938    0.03485417 
75.529459    0.03224221 
75.619237    0.02940109 
75.709265    0.02634069 
75.799529    0.02307320 
75.890009    0.01961349 
75.980681    0.01597947 
76.071516    0.01219253 
76.162479    0.00827786 
76.253535    0.00426487 
76.344642    0.00018746 
76.435760    -0.00391575 
76.526848    -0.00800135 
76.617866    -0.01202132 
76.708778    -0.01592341 
76.799553    -0.01965184 
76.890165    -0.02314845 
76.980598    -0.02635408 
77.070843    -0.02921041 
77.160899    -0.03166203 
77.250776    -0.03365795 
77.340491    -0.03515705 
77.430067    -0.03612548 
77.519532    -0.03654143 
77.608917    -0.03639552 
77.698253    -0.03569129 
77.787567    -0.03444492 
77.876885    -0.03268426 
77.966225    -0.03044726 
78.055596    -0.02778075 
78.145003    -0.02473509 
78.234443    -0.02136677 
78.323902    -0.01773298 
78.413365    -0.01389062 
78.502809    -0.00989478 
78.592208    -0.00579759 
78.681535    -0.00164742 
78.770761    0.00251160 
78.859859    0.00663980 
78.948803    0.01070194 
79.037570    0.01466710 
79.126140    0.01850837 
79.214500    0.02220253 
79.302637    0.02572971 
79.390546    0.02907296 
79.478228    0.03221793 
79.565685    0.03515251 
79.652926    0.03786650 
79.739966    0.04035132 
79.826822    0.04259977 
79.913515    0.04460576 
80.000070    0.04636419 
80.086515    0.04787069 
80.172880    0.04912157 
80.259197    0.05011363 
80.345501    0.05084414 
80.431827    0.05131073 
80.518209    0.05151137 
80.604682    0.05144433 
80.691282    0.05110821 
80.778040    0.05050194 
80.864990    0.04962481 
80.952159    0.04847655 
81.039574    0.04705742 
81.127258    0.04536831 
81.215228    0.04341094 
81.303499    0.04118798 
81.392079    0.03870326 
81.480973    0.03596205 
81.570176    0.03297131 
81.659680    0.02974002 
81.749470    0.02627955 
81.839523    0.02260407 
81.929813    0.01873100 
82.020305    0.01468142 
82.110959    0.01048063 
82.201727    0.00623528 
82.292567    0.00182386 
82.383429    -0.00263418 
82.474263    -0.00709286 
82.565020    -0.01150062 
82.655655    -0.01580061 
82.746127    -0.01993140 
82.836403    -0.02382802 
82.926460    -0.02742359 
83.016283    -0.03065130 
83.105870    -0.03344690 
83.195227    -0.03575135 
83.284375    -0.03751363 
83.373338    -0.03869338 
83.462149    -0.03926311 
83.550846    -0.03920969 
83.639464    -0.03853506 
83.728040    -0.03725603 
83.816603    -0.03540315 
83.905175    -0.03301886 
83.993773    -0.03015510 
84.082401    -0.02687063 
84.171056    -0.02322831 
84.259726    -0.01929261 
84.348392    -0.01512740 
84.437030    -0.01079417 
84.525610    -0.00635074 
84.614101    -0.00185036 
84.702470    0.00265876 
84.790687    0.00713362 
84.878722    0.01153639 
84.966550    0.01583411 
85.054149    0.01999835 
85.141503    0.02400476 
85.228599    0.02783268 
85.315433    0.03146468 
85.402003    0.03488608 
85.488316    0.03808461 
85.574382    0.04105000 
85.660216    0.04377364 
85.745840    0.04624834 
85.831278    0.04846804 
85.916560    0.05042760 
86.001717    0.05212267 
86.086784    0.05354946 
86.171799    0.05470469 
86.256801    0.05558544 
86.341830    0.05618909 
86.426927    0.05651326 
86.512133    0.05655582 
86.597488    0.05631484 
86.683032    0.05578865 
86.768800    0.05497582 
86.854828    0.05387530 
86.941147    0.05248644 
87.027785    0.05080914 
87.114764    0.04884399 
87.202104    0.04659242 
87.289816    0.04405692 
87.377907    0.04124132 
87.466375    0.03815107 
87.555213    0.03479356 
87.644405    0.03117854 
87.733930    0.02731852 
87.823755    0.02322927 
87.913843    0.01893037 
88.004149    0.01444581 
88.094621    0.00980451 
88.185205    0.00504098 
88.275839    0.00019573 
88.366463    -0.00468426 
88.457015    -0.00954534 
88.547438    -0.01432733 
88.637677    -0.01896393 
88.727688    -0.02338369 
88.817434    -0.02751156 
88.906893    -0.03127094 
88.996052    -0.03458645 
89.084917    -0.03738701 
89.173501    -0.03960928 
89.261834    -0.04120099 
89.349951    -0.04212388 
89.437896    -0.04235603 
89.525713    -0.04189305 
89.613447    -0.04074826 
89.701137    -0.03895169 
89.788815    -0.03654799 
89.876502    -0.03359375 
89.964212    -0.03015419 
90.051943    -0.02629990 
90.139686    -0.02210370 
90.227423    -0.01763839 
90.315127    -0.01297258 
90.402766    -0.00817230 
90.490307    -0.00329760 
90.577712    0.00159737 
90.664946    0.00646457 
90.751976    0.01126129 
90.838772    0.01595235 
90.925309    0.02050612 
91.011567    0.02489616 
91.097532    0.02910019 
91.183197    0.03309954 
91.268559    0.03688022 
91.353626    0.04042625 
91.438408    0.04372832 
91.522923    0.04677752 
91.607193    0.04956643 
91.691246    0.05208882 
91.775114    0.05433945 
91.858834    0.05631381 
91.942445    0.05800799 
92.025988    0.05941851 
92.109510    0.06054221 
92.193055    0.06137617 
92.276671    0.06191764 
92.360405    0.06216402 
92.444303    0.06211285 
92.528412    0.06176182 
92.612775    0.06110874 
92.697435    0.06015166 
92.782429    0.05888892 
92.867792    0.05731923 
92.953553    0.05544187 
93.039738    0.05325680 
93.126365    0.05076486 
93.213445    0.04796804 
93.300983    0.04486974 
93.388973    0.04147510 
93.477405    0.03779139 
93.566255    0.03382845 
93.655495    0.02959927 
93.745084    0.02512045 
93.834973    0.02041290 
93.925107    0.01550251 
94.015421    0.01042088 
94.105846    0.00520601 
94.196309    -0.00009705 
94.286733    -0.00543569 
94.377045    -0.01074943 
94.467174    -0.01597002 
94.557057    -0.02102195 
94.646639    -0.02582361 
94.735879    -0.03028923 
94.824752    -0.03433147 
94.913248    -0.03786480 
95.001374    -0.04080938 
95.089154    -0.04309367 
95.176624    -0.04466454 
95.263830    -0.04548176 
95.350827    -0.04552626 
95.437670    -0.04479982 
95.524410    -0.04332473 
95.611094    -0.04114201 
95.697756    -0.03830997 
95.784420    -0.03489473 
95.871098    -0.03097513 
95.957786    -0.02663271 
96.044471    -0.02194976 
96.131129    -0.01700634 
96.217727    -0.01187814 
96.304229    -0.00663491 
96.390594    -0.00133960 
96.476783    0.00395196 
96.562757    0.00919099 
96.648479    0.01433544 
96.733920    0.01934945 
96.819053    0.02420272 
96.903861    0.02886981 
96.988332    0.03332954 
97.072462    0.03756438 
97.156252    0.04155986 
97.239714    0.04530406 
97.322863    0.04878715 
97.405722    0.05200103 
97.488321    0.05493893 
97.570693    0.05759519 
97.652877    0.05996495 
97.734917    0.06204398 
97.816858    0.06382853 
97.898750    0.06531514 
97.980644    0.06650059 
98.062594    0.06738177 
98.144653    0.06795565 
98.226876    0.06821926 
98.309315    0.06816963 
98.392023    0.06780379 
98.475051    0.06711890 
98.558444    0.06611225 
98.642247    0.06478133 
98.726499    0.06312402 
98.811233    0.06113862 
98.896477    0.05882415 
98.982251    0.05618048 
99.068568    0.05320861 
99.155432    0.04991096 
99.242838    0.04629173 
99.330769    0.04235734 
99.419201    0.03811690 
99.508097    0.03358273 
99.597410    0.02877102 
99.687081    0.02370255 
99.777044    0.01840350 
99.867222    0.01290627 
99.957532    0.00725032 
100.047884    0.00148302 
100.138189    -0.00433963 
100.228354    -0.01015251 
100.318294    -0.01588127 
100.407930    -0.02144285 
100.497195    -0.02674646 
100.586038    -0.03169572 
100.674424    -0.03619160 
100.762341    -0.04013635 
100.849795    -0.04343810 
100.936813    -0.04601589 
101.023438    -0.04780263 
101.109728    -0.04875699 
101.195746    -0.04885501 
101.281559    -0.04809891 
101.367231    -0.04651476 
101.452818    -0.04415201 
101.538364    -0.04107270 
101.623897    -0.03735807 
101.709433    -0.03309616 
101.794969    -0.02837909 
101.880491    -0.02329894 
101.965973    -0.01794446 
102.051379    -0.01239870 
102.136668    -0.00673739 
102.221796    -0.00102821 
102.306718    0.00466944 
102.391392    0.01030420 
102.475778    0.01583221 
102.559844    0.02121646 
102.643564    0.02642594 
102.726917    0.03143494 
102.809893    0.03622220 
102.892487    0.04077028 
102.974706    0.04506490 
103.056561    0.04909438 
103.138072    0.05284916 
103.219266    0.05632135 
103.300176    0.05950442 
103.380842    0.06239284 
103.461307    0.06498188 
103.541621    0.06726735 
103.621836    0.06924545 
103.702007    0.07091261 
103.782194    0.07226540 
103.862456    0.07330044 
103.942854    0.07401431 
104.023448    0.07440350 
104.104301    0.07446448 
104.185469    0.07419369 
104.267012    0.07358753 
104.348982    0.07264249 
104.431430    0.07135515 
104.514401    0.06972237 
104.597934    0.06774140 
104.682063    0.06541007 
104.766812    0.06272700 
104.852197    0.05969187 
104.938227    0.05630573 
105.024895    0.05257133 
105.112189    0.04849355 
105.200081    0.04407988 
105.288531    0.03934100 
105.377488    0.03429146 
105.466888    0.02895036 
105.556655    0.02334228 
105.646702    0.01749810 
105.736932    0.01145611 
105.827243    0.00526297 
105.917527    -0.00102530 
106.007676    -0.00734258 
106.097584    -0.01361213 
106.187153    -0.01974670 
106.276297    -0.02564938 
106.364947    -0.03121539 
106.453054    -0.03633493 
106.540593    -0.04089730 
106.627562    -0.04479598 
106.713986    -0.04793236 
106.799909    -0.05022992 
106.885393    -0.05162749 
106.970514    -0.05209121 
107.055351    -0.05161486 
107.139982    -0.05021995 
107.224478    -0.04795364 
107.308896    -0.04488675 
107.393279    -0.04110074 
107.477650    -0.03669420 
107.562017    -0.03176901 
107.646367    -0.02642757 
107.730678    -0.02076879 
107.814913    -0.01488516 
107.899029    -0.00886093 
107.982979    -0.00277114 
108.066714    0.00331860 
108.150188    0.00935180 
108.233356    0.01528050 
108.316183    0.02106439 
108.398636    0.02666997 
108.480695    0.03206958 
108.562344    0.03724049 
108.643579    0.04216415 
108.724405    0.04682545 
108.804832    0.05121212 
108.884881    0.05531414 
108.964582    0.05912334 
109.043969    0.06263295 
109.123084    0.06583731 
109.201975    0.06873154 
109.280695    0.07131135 
109.359300    0.07357279 
109.437852    0.07551216 
109.516415    0.07712587 
109.595053    0.07841028 
109.673834    0.07936166 
109.752827    0.07997617 
109.832097    0.08024982 
109.911711    0.08017849 
109.991734    0.07975797 
110.072227    0.07898397 
110.153248    0.07785230 
110.234848    0.07635891 
110.317076    0.07450006 
110.399970    0.07227250 
110.483564    0.06967367 
110.567878    0.06670193 
110.652928    0.06335690 
110.738712    0.05963974 
110.825222    0.05555362 
110.912432    0.05110399 
111.000307    0.04629933 
111.088793    0.04115170 
111.177826    0.03567742 
111.267327    0.02989795 
111.357202    0.02384084 
111.447348    0.01754078 
111.537652    0.01104079 
111.627991    0.00439322 
111.718242    -0.00233911 
111.808281    -0.00908202 
111.897990    -0.01574947 
111.987261    -0.02224398 
112.076002    -0.02845766 
112.164141    -0.03427444 
112.251634    -0.03957379 
112.338461    -0.04423577 
112.424632    -0.04814715 
112.510186    -0.05120553 
112.595182    -0.05333592 
112.679699    -0.05448178 
112.763826    -0.05461841 
112.847657    -0.05375212 
112.931278    -0.05192167 
113.014766    -0.04918487 
113.098181    -0.04562870 
113.181565    -0.04135276 
113.264938    -0.03646548 
113.348302    -0.03107817 
113.431640    -0.02530006 
113.514921    -0.01923447 
113.598104    -0.01297626 
113.681142    -0.00661042 
113.763984    -0.00021150 
113.846578    0.00615618 
113.928875    0.01243797 
114.010834    0.01858799 
114.092418    0.02456808 
114.173600    0.03034680 
114.254358    0.03589841 
114.334685    0.04120197 
114.414580    0.04624047 
114.494051    0.05100018 
114.573117    0.05546996 
114.651804    0.05964077 
114.730146    0.06350523 
114.808185    0.06705716 
114.885969    0.07029137 
114.963551    0.07320332 
115.040992    0.07578894 
115.118353    0.07804440 
115.195702    0.07996593 
115.273107    0.08154983 
115.350640    0.08279226 
115.428373    0.08368927 
115.506378    0.08423676 
115.584727    0.08443042 
115.663489    0.08426579 
115.742732    0.08373829 
115.822520    0.08284331 
115.902913    0.08157632 
115.983964    0.07993306 
116.065721    0.07790961 
116.148223    0.07550261 
116.231500    0.07270960 
116.315572    0.06952914 
116.400448    0.06596123 
116.486124    0.06200756 
116.572584    0.05767198 
116.659797    0.05296098 
116.747716    0.04788421 
116.836280    0.04245519 
116.925414    0.03669203 
117.015027    0.03061827 
117.105015    0.02426388 
117.195262    0.01766640 
117.285641    0.01087215 
117.376022    0.00393741 
117.466270    -0.00307050 
117.556251    -0.01007235 
117.645841    -0.01697646 
117.734928    -0.02367914 
117.823417    -0.03006620 
117.911238    -0.03601545 
117.998350    -0.04140090 
118.084740    -0.04609832 
118.170427    -0.04999200 
118.255460    -0.05297910 
118.339909    -0.05498755 
118.423863    -0.05596537 
118.507422    -0.05589491 
118.590683    -0.05479390 
118.673741    -0.05270255 
118.756676    -0.04969622 
118.839548    -0.04586825 
118.922397    -0.04132600 
119.005243    -0.03618415 
119.088083    -0.03055867 
119.170898    -0.02456188 
119.253654    -0.01829885 
119.336307    -0.01186510 
119.418807    -0.00534542 
119.501103    0.00118638 
119.583142    0.00766716 
119.664876    0.01404358 
119.746265    0.02027111 
119.827272    0.02631297 
119.907873    0.03213898 
119.988051    0.03772460 
120.067799    0.04304995 
120.147120    0.04809898 
120.226026    0.05285879 
120.304538    0.05731896 
120.382687    0.06147107 
120.460510    0.06530826 
120.538052    0.06882482 
120.615364    0.07201592 
120.692503    0.07487733 
120.769531    0.07740518 
120.846514    0.07959585 
120.923520    0.08144576 
121.000620    0.08295130 
121.077887    0.08410876 
121.155395    0.08491434 
121.233216    0.08536403 
121.311422    0.08545373 
121.390084    0.08517914 
121.469268    0.08453597 
121.549038    0.08351998 
121.629450    0.08212708 
121.710557    0.08035347 
121.792404    0.07819587 
121.875025    0.07565171 
121.958448    0.07271935 
122.042689    0.06939837 
122.127751    0.06568988 
122.213625    0.06159691 
122.300289    0.05712477 
122.387706    0.05228153 
122.475825    0.04707866 
122.564578    0.04153156 
122.653885    0.03566041 
122.743649    0.02949099 
122.833764    0.02305571 
122.924108    0.01639459 
123.014556    0.00955651 
123.104974    0.00260034 
123.195229    -0.00440399 
123.285191    -0.01137486 
123.374740    -0.01821876 
123.463769    -0.02483080 
123.552191    -0.03109630 
123.639946    -0.03689383 
123.726999    -0.04209969 
123.813348    -0.04659356 
123.899019    -0.05026518 
123.984067    -0.05301853 
124.068567    -0.05478961 
124.152610    -0.05553472 
124.236296    -0.05524442 
124.319722    -0.05394370 
124.402977    -0.05167904 
124.486137    -0.04853017 
124.569258    -0.04459309 
124.652375    -0.03997619 
124.735502    -0.03479373 
124.818634    -0.02916015 
124.901748    -0.02318543 
124.984809    -0.01697187 
125.067775    -0.01061202 
125.150594    -0.00418772 
125.233217    0.00223006 
125.315594    0.00858066 
125.397680    0.01481304 
125.479436    0.02088473 
125.560831    0.02676071 
125.641842    0.03241236 
125.722456    0.03781647 
125.802669    0.04295429 
125.882486    0.04781076 
125.961922    0.05237382 
126.040999    0.05663381 
126.119750    0.06058299 
126.198213    0.06421509 
126.276432    0.06752499 
126.354460    0.07050837 
126.432352    0.07316148 
126.510168    0.07548096 
126.587973    0.07746366 
126.665833    0.07910652 
126.743816    0.08040654 
126.821992    0.08136063 
126.900430    0.08196568 
126.979197    0.08221847 
127.058362    0.08211573 
127.137989    0.08165418 
127.218138    0.08083059 
127.298867    0.07964194 
127.380225    0.07808545 
127.462258    0.07615880 
127.545003    0.07386030 
127.628487    0.07118915 
127.712731    0.06814557 
127.797743    0.06473113 
127.883520    0.06094907 
127.970047    0.05680464 
128.057295    0.05230558 
128.145225    0.04746249 
128.233781    0.04228943 
128.322894    0.03680458 
128.412485    0.03103097 
128.502461    0.02499734 
128.592718    0.01873904 
128.683144    0.01229896 
128.773623    0.00572856 
128.864034    -0.00091114 
128.954260    -0.00754888 
129.044188    -0.01410285 
129.133717    -0.02048100 
129.222760    -0.02658193 
