0.000000    0.60218473 
0.236186    0.60209164 
0.472790    0.60194374 
0.710727    0.60196616 
0.951309    0.60253826 
1.196203    0.60388223 
1.447497    0.60578015 
1.707823    0.60753763 
1.980432    0.60813379 
2.269123    0.60646074 
2.577887    0.60168967 
2.910104    0.59360925 
3.267442    0.58296103 
3.648651    0.57152460 
4.048772    0.56171632 
4.459313    0.55599095 
4.868575    0.55697523 
5.261247    0.56840119 
5.619801    0.59334811 
5.928828    0.63049268 
6.177515    0.67122050 
6.363988    0.69024479 
6.497633    0.66376003 
6.594421    0.61349379 
6.670032    0.57055433 
6.737752    0.54120495 
6.812038    0.52383137 
6.916143    0.51250918 
7.140991    0.49056348 
7.587846    0.43292417 
7.881253    0.36005692 
8.034900    0.31301304 
8.122980    0.28055809 
8.175522    0.24989080 
8.207603    0.22086914 
8.227568    0.19356126 
8.240202    0.16844591 
8.248313    0.14785735 
8.253584    0.13178383 
8.257043    0.11908021 
8.259333    0.10874161 
8.260860    0.10000714 
8.261884    0.09225486 
8.262574    0.08493168 
8.263040    0.07750962 
8.263355    0.06943765 
8.263570    0.06014860 
8.263718    0.04916520 
8.263858    0.03635596 
8.264095    0.02233478 
8.264135    0.00998454 
8.346682    0.00238723 
8.452662    0.00077062 
8.548568    0.00069653 
8.615337    0.00073485 
8.660023    0.00074555 
8.689817    0.00073505 
8.709973    0.00070499 
8.724645    0.00066261 
8.736617    0.00062101 
8.747467    0.00058809 
8.757972    0.00056493 
8.768393    0.00054959 
8.778660    0.00053921 
8.788554    0.00053107 
8.797856    0.00052312 
8.806469    0.00051409 
8.814450    0.00050391 
8.821958    0.00049324 
8.829176    0.00048289 
8.836257    0.00047345 
8.843308    0.00046520 
8.850383    0.00045815 
8.857499    0.00045206 
8.864655    0.00044656 
8.871852    0.00044145 
8.879105    0.00043653 
8.886446    0.00043190 
8.893910    0.00042774 
8.901528    0.00042419 
8.909314    0.00042126 
8.917267    0.00041889 
8.925375    0.00041701 
8.933623    0.00041551 
8.942005    0.00041426 
8.950521    0.00041325 
8.959175    0.00041251 
8.967961    0.00041205 
8.976864    0.00041186 
8.985857    0.00041191 
8.994915    0.00041208 
9.004020    0.00041224 
9.013162    0.00041234 
9.022341    0.00041243 
9.031557    0.00041253 
9.040807    0.00041268 
9.050077    0.00041298 
9.059346    0.00041342 
9.068591    0.00041377 
9.077798    0.00041392 
9.086965    0.00041386 
9.096101    0.00041360 
9.105221    0.00041324 
9.114334    0.00041295 
9.123439    0.00041277 
9.132523    0.00041269 
9.141564    0.00041264 
9.150547    0.00041247 
9.159467    0.00041204 
9.168334    0.00041140 
9.177171    0.00041065 
9.185999    0.00040989 
9.194836    0.00040928 
9.203680    0.00040881 
9.212512    0.00040835 
9.221310    0.00040772 
9.230060    0.00040688 
9.238765    0.00040591 
9.247446    0.00040500 
9.256126    0.00040430 
9.264818    0.00040383 
9.273520    0.00040343 
9.282216    0.00040292 
9.290885    0.00040222 
9.299514    0.00040137 
9.308104    0.00040046 
9.316666    0.00039960 
9.325220    0.00039882 
9.333781    0.00039810 
9.342357    0.00039740 
9.350944    0.00039671 
9.359529    0.00039604 
9.368099    0.00039542 
9.376642    0.00039477 
9.385160    0.00039403 
9.393664    0.00039317 
9.402170    0.00039225 
9.410694    0.00039137 
9.419240    0.00039069 
9.427798    0.00039025 
9.436350    0.00038996 
9.444877    0.00038964 
9.453371    0.00038916 
9.461834    0.00038853 
9.470281    0.00038780 
9.478729    0.00038709 
9.487189    0.00038648 
9.495663    0.00038604 
9.504140    0.00038576 
9.512605    0.00038555 
9.521043    0.00038528 
9.529453    0.00038486 
9.537846    0.00038432 
9.546241    0.00038375 
9.554654    0.00038327 
9.563094    0.00038292 
9.571557    0.00038272 
9.580032    0.00038265 
9.588505    0.00038262 
9.596970    0.00038254 
9.605430    0.00038233 
9.613897    0.00038205 
9.622383    0.00038181 
9.630898    0.00038175 
9.639443    0.00038186 
9.648007    0.00038210 
9.656572    0.00038242 
9.665119    0.00038277 
9.673640    0.00038309 
9.682135    0.00038333 
9.690617    0.00038353 
9.699097    0.00038381 
9.707584    0.00038421 
9.716081    0.00038474 
9.724583    0.00038529 
9.733088    0.00038576 
9.741594    0.00038606 
9.750111    0.00038618 
9.758652    0.00038619 
9.767233    0.00038623 
9.775862    0.00038647 
9.784534    0.00038700 
9.793234    0.00038783 
9.801942    0.00038890 
9.810642    0.00039009 
9.819326    0.00039126 
9.827998    0.00039233 
9.836666    0.00039324 
9.845339    0.00039402 
9.854021    0.00039475 
9.862712    0.00039551 
9.871408    0.00039634 
9.880104    0.00039723 
9.888801    0.00039813 
9.897505    0.00039901 
9.906225    0.00039986 
9.914974    0.00040075 
9.923760    0.00040174 
9.932581    0.00040289 
9.941429    0.00040417 
9.950290    0.00040551 
9.959154    0.00040680 
9.968018    0.00040801 
9.976889    0.00040914 
9.985778    0.00041027 
9.994695    0.00041150 
10.003640    0.00041285 
10.012607    0.00041429 
10.021586    0.00041576 
10.030566    0.00041719 
10.039545    0.00041857 
10.048530    0.00041992 
10.057530    0.00042128 
10.066555    0.00042271 
10.075608    0.00042421 
10.084685    0.00042581 
10.093779    0.00042744 
10.102879    0.00042906 
10.111983    0.00043061 
10.121092    0.00043209 
10.130214    0.00043352 
10.139358    0.00043498 
10.148532    0.00043652 
10.157735    0.00043815 
10.166962    0.00043986 
10.176206    0.00044159 
10.185460    0.00044331 
10.194721    0.00044497 
10.203990    0.00044659 
10.213272    0.00044818 
10.222567    0.00044978 
10.231875    0.00045139 
10.241192    0.00045302 
10.250515    0.00045464 
10.259841    0.00045623 
10.269176    0.00045775 
10.278524    0.00045921 
10.287893    0.00046060 
10.297286    0.00046195 
10.306700    0.00046329 
10.316126    0.00046462 
10.325554    0.00046595 
10.334976    0.00046724 
10.344390    0.00046848 
10.353798    0.00046965 
10.363207    0.00047074 
10.372620    0.00047176 
10.382039    0.00047269 
10.391458    0.00047350 
10.400870    0.00047417 
10.410268    0.00047469 
10.419649    0.00047508 
10.429016    0.00047539 
10.438374    0.00047565 
10.447726    0.00047588 
10.457073    0.00047604 
10.466411    0.00047609 
10.475734    0.00047599 
10.485034    0.00047570 
10.494310    0.00047522 
10.503559    0.00047459 
10.512786    0.00047386 
10.521992    0.00047307 
10.531177    0.00047226 
10.540338    0.00047140 
10.549471    0.00047043 
10.558572    0.00046930 
10.567638    0.00046798 
10.576672    0.00046647 
10.585678    0.00046482 
10.594660    0.00046310 
10.603618    0.00046136 
10.612550    0.00045961 
10.621452    0.00045785 
10.630318    0.00045604 
10.639144    0.00045415 
10.647931    0.00045215 
10.656681    0.00045003 
10.665401    0.00044782 
10.674094    0.00044557 
10.682761    0.00044331 
10.691400    0.00044106 
10.700009    0.00043882 
10.708584    0.00043656 
10.717124    0.00043428 
10.725631    0.00043197 
10.734108    0.00042963 
10.742561    0.00042729 
10.750992    0.00042497 
10.759401    0.00042268 
10.767786    0.00042043 
10.776144    0.00041820 
10.784474    0.00041597 
10.792776    0.00041373 
10.801052    0.00041150 
10.809308    0.00040930 
10.817546    0.00040715 
10.825770    0.00040507 
10.833979    0.00040305 
10.842172    0.00040107 
10.850349    0.00039911 
10.858509    0.00039715 
10.866655    0.00039520 
10.874790    0.00039328 
10.882917    0.00039142 
10.891037    0.00038964 
10.899150    0.00038797 
10.907255    0.00038640 
10.915346    0.00038491 
10.923424    0.00038346 
10.931488    0.00038202 
10.939542    0.00038060 
10.947587    0.00037920 
10.955629    0.00037784 
10.963670    0.00037654 
10.971709    0.00037531 
10.979745    0.00037414 
10.987778    0.00037304 
10.995808    0.00037199 
11.003835    0.00037099 
11.011863    0.00037005 
11.019894    0.00036917 
11.027930    0.00036837 
11.035969    0.00036766 
11.044010    0.00036702 
11.052051    0.00036642 
11.060090    0.00036587 
11.068128    0.00036533 
11.076166    0.00036483 
11.084208    0.00036436 
11.092258    0.00036394 
11.100317    0.00036359 
11.108385    0.00036329 
11.116461    0.00036306 
11.124545    0.00036287 
11.132636    0.00036271 
11.140735    0.00036260 
11.148842    0.00036254 
11.156960    0.00036254 
11.165087    0.00036260 
11.173223    0.00036272 
11.181363    0.00036288 
11.189505    0.00036307 
11.197648    0.00036329 
11.205792    0.00036351 
11.213937    0.00036375 
11.222085    0.00036403 
11.230235    0.00036434 
11.238388    0.00036470 
11.246539    0.00036509 
11.254689    0.00036550 
11.262837    0.00036590 
11.270983    0.00036630 
11.279131    0.00036669 
11.287284    0.00036708 
11.295445    0.00036750 
11.303615    0.00036796 
11.311795    0.00036844 
11.319984    0.00036894 
11.328182    0.00036945 
11.336390    0.00036995 
11.344609    0.00037046 
11.352843    0.00037098 
11.361095    0.00037153 
11.369365    0.00037212 
11.377654    0.00037276 
11.385958    0.00037343 
11.394278    0.00037413 
11.402610    0.00037484 
11.410954    0.00037556 
11.419310    0.00037629 
11.427679    0.00037705 
11.436059    0.00037783 
11.444447    0.00037864 
11.452842    0.00037947 
11.461240    0.00038030 
11.469640    0.00038111 
11.478041    0.00038191 
11.486445    0.00038269 
11.494854    0.00038347 
11.503266    0.00038427 
11.511684    0.00038507 
11.520104    0.00038589 
11.528526    0.00038670 
11.536950    0.00038749 
11.545376    0.00038827 
11.553808    0.00038905 
11.562248    0.00038983 
11.570697    0.00039063 
11.579156    0.00039146 
11.587624    0.00039232 
11.596099    0.00039320 
11.604580    0.00039408 
11.613069    0.00039496 
11.621565    0.00039584 
11.630071    0.00039674 
11.638589    0.00039765 
11.647119    0.00039860 
11.655661    0.00039957 
11.664212    0.00040057 
11.672772    0.00040157 
11.681343    0.00040257 
11.689924    0.00040356 
11.698520    0.00040456 
11.707132    0.00040558 
11.715762    0.00040662 
11.724412    0.00040770 
11.733080    0.00040881 
11.741768    0.00040994 
11.750476    0.00041110 
11.759205    0.00041227 
11.767956    0.00041348 
11.776732    0.00041472 
11.785531    0.00041601 
11.794353    0.00041735 
11.803197    0.00041873 
11.812059    0.00042013 
11.820941    0.00042156 
11.829841    0.00042301 
11.838760    0.00042450 
11.847699    0.00042602 
11.856655    0.00042758 
11.865627    0.00042917 
11.874611    0.00043079 
11.883605    0.00043242 
11.892608    0.00043404 
11.901621    0.00043567 
11.910646    0.00043730 
11.919684    0.00043896 
11.928738    0.00044064 
11.937806    0.00044234 
11.946889    0.00044407 
11.955985    0.00044581 
11.965095    0.00044755 
11.974222    0.00044929 
11.983366    0.00045104 
11.992532    0.00045282 
12.001720    0.00045463 
12.010931    0.00045648 
12.020164    0.00045835 
12.029418    0.00046024 
12.038694    0.00046213 
12.047991    0.00046402 
12.057309    0.00046592 
12.066651    0.00046784 
12.076015    0.00046977 
12.085399    0.00047172 
12.094801    0.00047367 
12.104219    0.00047560 
12.113652    0.00047748 
12.123099    0.00047932 
12.132561    0.00048111 
12.142037    0.00048287 
12.151528    0.00048458 
12.161031    0.00048626 
12.170545    0.00048788 
12.180065    0.00048943 
12.189591    0.00049090 
12.199120    0.00049227 
12.208652    0.00049357 
12.218186    0.00049473 
12.227718    0.00049587 
12.237245    0.00049688 
12.246762    0.00049777 
12.256265    0.00049850 
12.265750    0.00049909 
12.275217    0.00049954 
12.284663    0.00049983 
12.294087    0.00049996 
12.303488    0.00049995 
12.312864    0.00049978 
12.322212    0.00049945 
12.331531    0.00049895 
12.340821    0.00049826 
12.350084    0.00049741 
12.359323    0.00049638 
12.368540    0.00049519 
12.377736    0.00049385 
12.386914    0.00049240 
12.396072    0.00049078 
12.405210    0.00048903 
12.414329    0.00048715 
12.423428    0.00048517 
12.432507    0.00048310 
12.441567    0.00048096 
12.450604    0.00047878 
12.459615    0.00047657 
12.468596    0.00047431 
12.477540    0.00047200 
12.486444    0.00046964 
12.495303    0.00046724 
12.504115    0.00046481 
12.512878    0.00046235 
12.521593    0.00045988 
12.530258    0.00045741 
12.538876    0.00045494 
12.547448    0.00045247 
12.555977    0.00045002 
12.564467    0.00044758 
12.572925    0.00044516 
12.581359    0.00044278 
12.589773    0.00044044 
12.598177    0.00043818 
12.606575    0.00043600 
12.614972    0.00043391 
12.623373    0.00043191 
12.631782    0.00043001 
12.640201    0.00042820 
12.648633    0.00042651 
12.657078    0.00042494 
12.665535    0.00042350 
12.674004    0.00042218 
12.682481    0.00042098 
12.690962    0.00041987 
12.699445    0.00041885 
12.707926    0.00041790 
12.716405    0.00041702 
12.724881    0.00041620 
12.733354    0.00041543 
12.741822    0.00041471 
12.750286    0.00041404 
12.758747    0.00041341 
12.767206    0.00041281 
12.775665    0.00041224 
12.784128    0.00041170 
12.792597    0.00041120 
12.801076    0.00041074 
12.809567    0.00041034 
12.818071    0.00041001 
12.826589    0.00040973 
12.835119    0.00040951 
12.843661    0.00040935 
12.852214    0.00040926 
12.860777    0.00040922 
