0.000000    0.00000000 
0.236186    0.02297787 
0.472790    0.04491989 
0.710727    0.06564830 
0.951309    0.08512646 
1.196203    0.10310967 
1.447497    0.11916657 
1.707823    0.13271793 
1.980432    0.14304745 
2.269123    0.14930943 
2.577887    0.15057195 
2.910104    0.14594527 
3.267442    0.13481275 
3.648651    0.11709925 
4.048772    0.09337013 
4.459313    0.06445350 
4.868575    0.03068076 
5.261247    -0.00819399 
5.619801    -0.04901301 
5.928828    -0.09018386 
6.177515    -0.13086724 
6.363988    -0.16827325 
6.497633    -0.19966193 
6.594421    -0.22439706 
6.670032    -0.24397066 
6.737752    -0.26073221 
6.812038    -0.27737583 
6.916143    -0.29722135 
7.140991    -0.32862111 
7.587846    -0.30583809 
7.881253    -0.12026027 
8.034900    -0.00437231 
8.122980    0.06044590 
8.175522    0.09980126 
8.207603    0.12440920 
8.227568    0.14000990 
8.240202    0.15000759 
8.248313    0.15647633 
8.253584    0.16069866 
8.257043    0.16347669 
8.259333    0.16531827 
8.260860    0.16654780 
8.261884    0.16737419 
8.262574    0.16793337 
8.263040    0.16831493 
8.263355    0.16857889 
8.263570    0.16876677 
8.263718    0.16891472 
8.263858    0.16909403 
8.264095    0.16871850 
8.264135    0.16965081 
8.346682    0.22367138 
8.452662    0.37694002 
8.548568    0.22060076 
8.615337    0.11768387 
8.660023    0.05966631 
8.689817    0.01877030 
8.709973    -0.01420615 
8.724645    -0.04055379 
8.736617    -0.05942860 
8.747467    -0.07020893 
8.757972    -0.07329260 
8.768393    -0.06987287 
8.778660    -0.06144476 
8.788554    -0.04949060 
8.797856    -0.03541682 
8.806469    -0.02074222 
8.814450    -0.00711548 
8.821958    0.00414157 
8.829176    0.01236673 
8.836257    0.01745063 
8.843308    0.01959597 
8.850383    0.01916858 
8.857499    0.01664866 
8.864655    0.01262219 
8.871852    0.00775822 
8.879105    0.00275121 
8.886446    -0.00176399 
8.893910    -0.00528599 
8.901528    -0.00748602 
8.909314    -0.00822269 
8.917267    -0.00754619 
8.925375    -0.00568810 
8.933623    -0.00303017 
8.942005    -0.00005094 
8.950521    0.00274710 
8.959175    0.00491581 
8.967961    0.00612367 
8.976864    0.00619617 
8.985857    0.00513795 
8.994915    0.00313343 
9.004020    0.00051954 
9.013162    -0.00226929 
9.022341    -0.00477466 
9.031557    -0.00658782 
9.040807    -0.00740907 
9.050077    -0.00708853 
9.059346    -0.00564813 
9.068591    -0.00328369 
9.077798    -0.00033873 
9.086965    0.00275159 
9.096101    0.00553251 
9.105221    0.00759912 
9.114334    0.00864891 
9.123439    0.00851625 
9.132523    0.00719458 
9.141564    0.00484424 
9.150547    0.00177728 
9.159467    -0.00158644 
9.168334    -0.00478607 
9.177171    -0.00738905 
9.185999    -0.00904623 
9.194836    -0.00952951 
9.203680    -0.00875776 
9.212512    -0.00681420 
9.221310    -0.00394632 
9.230060    -0.00053630 
9.238765    0.00295757 
9.247446    0.00607220 
9.256126    0.00840316 
9.264818    0.00965080 
9.273520    0.00965179 
9.282216    0.00839961 
9.290885    0.00605097 
9.299514    0.00291197 
9.308104    -0.00060090 
9.316666    -0.00402228 
9.325220    -0.00690712 
9.333781    -0.00888909 
9.342357    -0.00972038 
9.350944    -0.00929647 
9.359529    -0.00767003 
9.368099    -0.00505142 
9.376642    -0.00178768 
9.385160    0.00168514 
9.393664    0.00490792 
9.402170    0.00746480 
9.410694    0.00903495 
9.419240    0.00942583 
9.427798    0.00859222 
9.436350    0.00664497 
9.444877    0.00384436 
9.453371    0.00056817 
9.461834    -0.00274489 
9.470281    -0.00566096 
9.478729    -0.00780917 
9.487189    -0.00892395 
9.495663    -0.00887211 
9.504140    -0.00766728 
9.512605    -0.00547208 
9.521043    -0.00258239 
9.529453    0.00061212 
9.537846    0.00368615 
9.546241    0.00623998 
9.554654    0.00795013 
9.563094    0.00860496 
9.571557    0.00812696 
9.580032    0.00658333 
9.588505    0.00418273 
9.596970    0.00125186 
9.605430    -0.00181066 
9.613897    -0.00459429 
9.622383    -0.00673413 
9.630898    -0.00795569 
9.639443    -0.00810561 
9.648007    -0.00717032 
9.656572    -0.00528105 
9.665119    -0.00270077 
9.673640    0.00021167 
9.682135    0.00305638 
9.690617    0.00545246 
9.699097    0.00708863 
9.707584    0.00775862 
9.716081    0.00738307 
9.724583    0.00601958 
9.733088    0.00385847 
9.741594    0.00119975 
9.750111    -0.00158925 
9.758652    -0.00412806 
9.767233    -0.00607640 
9.775862    -0.00717761 
9.784534    -0.00728923 
9.793234    -0.00640142 
9.801942    -0.00464104 
9.810642    -0.00225748 
9.819326    0.00041233 
9.827998    0.00299478 
9.836666    0.00513539 
9.845339    0.00654744 
9.854021    0.00704666 
9.862712    0.00657185 
9.871408    0.00519285 
9.880104    0.00310439 
9.888801    0.00060185 
9.897505    -0.00196104 
9.906225    -0.00422495 
9.914974    -0.00587664 
9.923760    -0.00669081 
9.932581    -0.00655891 
9.941429    -0.00550418 
9.950290    -0.00368103 
9.959154    -0.00135508 
9.968018    0.00113666 
9.976889    0.00343810 
9.985778    0.00522685 
9.994695    0.00625768 
10.003640    0.00639316 
10.012607    0.00562110 
10.021586    0.00405757 
10.030566    0.00193223 
10.039545    -0.00044515 
10.048530    -0.00273212 
10.057530    -0.00460485 
10.066555    -0.00580322 
10.075608    -0.00616430 
10.084685    -0.00564312 
10.093779    -0.00431963 
10.102879    -0.00238928 
10.111983    -0.00013529 
10.121092    0.00211476 
10.130214    0.00403875 
10.139358    0.00536612 
10.148532    0.00591336 
10.157735    0.00560730 
10.166962    0.00449546 
10.176206    0.00274165 
10.185460    0.00060417 
10.194721    -0.00160306 
10.203990    -0.00355904 
10.213272    -0.00498349 
10.222567    -0.00567564 
10.231875    -0.00554055 
10.241192    -0.00460181 
10.250515    -0.00299947 
10.259841    -0.00097116 
10.269176    0.00118294 
10.278524    0.00314611 
10.287893    0.00463303 
10.297286    0.00543086 
10.306700    0.00542858 
10.316126    0.00463225 
10.325554    0.00316478 
10.334976    0.00124819 
10.344390    -0.00083070 
10.353798    -0.00276531 
10.363207    -0.00427585 
10.372620    -0.00514890 
10.382039    -0.00526562 
10.391458    -0.00461698 
10.400870    -0.00330472 
10.410268    -0.00152693 
10.419649    0.00045179 
10.429016    0.00234127 
10.438374    0.00386972 
10.447726    0.00482249 
10.457073    0.00507063 
10.466411    0.00458728 
10.475734    0.00345081 
10.485034    0.00183338 
10.494310    -0.00002489 
10.503559    -0.00185296 
10.512786    -0.00339015 
10.521992    -0.00442365 
10.531177    -0.00481689 
10.540338    -0.00452578 
10.549471    -0.00360271 
10.558572    -0.00218782 
10.567638    -0.00048810 
10.576672    0.00125339 
10.585678    0.00279313 
10.594660    0.00392137 
10.603618    0.00448980 
10.612550    0.00442982 
10.621452    0.00376011 
10.630318    0.00258283 
10.639144    0.00106857 
10.647931    -0.00056863 
10.656681    -0.00210224 
10.665401    -0.00332510 
10.674094    -0.00407689 
10.682761    -0.00426408 
10.691400    -0.00387070 
10.700009    -0.00295932 
10.708584    -0.00166165 
10.717124    -0.00015967 
10.725631    0.00134045 
10.734108    0.00263718 
10.742561    0.00356054 
10.750992    0.00399358 
10.759401    0.00388622 
10.767786    0.00326066 
10.776144    0.00220777 
10.784474    0.00087445 
10.792776    -0.00055689 
10.801052    -0.00189368 
10.809308    -0.00295933 
10.817546    -0.00361624 
10.825770    -0.00378283 
10.833979    -0.00344326 
10.842172    -0.00264899 
10.850349    -0.00151155 
10.858509    -0.00018729 
10.866655    0.00114444 
10.874790    0.00230586 
10.882917    0.00314459 
10.891037    0.00355321 
10.899150    0.00348255 
10.907255    0.00294752 
10.915346    0.00202478 
10.923424    0.00084219 
10.931488    -0.00043887 
10.939542    -0.00164582 
10.947587    -0.00261824 
10.955629    -0.00322892 
10.963670    -0.00340003 
10.971709    -0.00311271 
10.979745    -0.00240939 
10.987778    -0.00138817 
10.995808    -0.00018955 
11.003835    0.00102284 
11.011863    0.00208481 
11.019894    0.00285386 
11.027930    0.00322813 
11.035969    0.00315965 
11.044010    0.00266072 
11.052051    0.00180233 
11.060090    0.00070450 
11.068128    -0.00048038 
11.076166    -0.00158897 
11.084208    -0.00246965 
11.092258    -0.00300305 
11.100317    -0.00311796 
11.108385    -0.00280082 
11.116461    -0.00209767 
11.124545    -0.00110810 
11.132636    0.00002854 
11.140735    0.00115281 
11.148842    0.00210781 
11.156960    0.00276113 
11.165087    0.00302307 
11.173223    0.00285891 
11.181363    0.00229366 
11.189505    0.00140878 
0.000000    0.00000000 
0.236186    0.02297787 
0.472790    0.04491989 
0.710727    0.06564830 
0.951309    0.08512646 
1.196203    0.10310967 
1.447497    0.11916657 
1.707823    0.13271793 
1.980432    0.14304745 
2.269123    0.14930943 
2.577887    0.15057195 
2.910104    0.14594527 
3.267442    0.13481275 
3.648651    0.11709925 
4.048772    0.09337013 
4.459313    0.06445350 
4.868575    0.03068076 
5.261247    -0.00819399 
5.619801    -0.04901301 
5.928828    -0.09018386 
6.177515    -0.13086724 
6.363988    -0.16827325 
6.497633    -0.19966193 
6.594421    -0.22439706 
6.670032    -0.24397066 
6.737752    -0.26073221 
6.812038    -0.27737583 
6.916143    -0.29722135 
7.140991    -0.32862111 
7.587846    -0.30583809 
7.881253    -0.12026027 
8.034900    -0.00437231 
8.122980    0.06044590 
8.175522    0.09980126 
8.207603    0.12440920 
8.227568    0.14000990 
8.240202    0.15000759 
8.248313    0.15647633 
8.253584    0.16069866 
8.257043    0.16347669 
8.259333    0.16531827 
8.260860    0.16654780 
8.261884    0.16737419 
8.262574    0.16793337 
8.263040    0.16831493 
8.263355    0.16857889 
8.263570    0.16876677 
8.263718    0.16891472 
8.263858    0.16909403 
8.264095    0.16871850 
8.264135    0.16965081 
8.346682    0.22367138 
8.452662    0.37694002 
8.548568    0.22060076 
8.615337    0.11768387 
8.660023    0.05966631 
8.689817    0.01877030 
8.709973    -0.01420615 
8.724645    -0.04055379 
8.736617    -0.05942860 
8.747467    -0.07020893 
8.757972    -0.07329260 
8.768393    -0.06987287 
8.778660    -0.06144476 
8.788554    -0.04949060 
8.797856    -0.03541682 
8.806469    -0.02074222 
8.814450    -0.00711548 
8.821958    0.00414157 
8.829176    0.01236673 
8.836257    0.01745063 
8.843308    0.01959597 
8.850383    0.01916858 
8.857499    0.01664866 
8.864655    0.01262219 
8.871852    0.00775822 
8.879105    0.00275121 
8.886446    -0.00176399 
8.893910    -0.00528599 
8.901528    -0.00748602 
8.909314    -0.00822269 
8.917267    -0.00754619 
8.925375    -0.00568810 
8.933623    -0.00303017 
8.942005    -0.00005094 
8.950521    0.00274710 
8.959175    0.00491581 
8.967961    0.00612367 
8.976864    0.00619617 
8.985857    0.00513795 
8.994915    0.00313343 
9.004020    0.00051954 
9.013162    -0.00226929 
9.022341    -0.00477466 
9.031557    -0.00658782 
9.040807    -0.00740907 
9.050077    -0.00708853 
9.059346    -0.00564813 
9.068591    -0.00328369 
9.077798    -0.00033873 
9.086965    0.00275159 
9.096101    0.00553251 
9.105221    0.00759912 
9.114334    0.00864891 
9.123439    0.00851625 
9.132523    0.00719458 
9.141564    0.00484424 
9.150547    0.00177728 
9.159467    -0.00158644 
9.168334    -0.00478607 
9.177171    -0.00738905 
9.185999    -0.00904623 
9.194836    -0.00952951 
9.203680    -0.00875776 
9.212512    -0.00681420 
9.221310    -0.00394632 
9.230060    -0.00053630 
9.238765    0.00295757 
9.247446    0.00607220 
9.256126    0.00840316 
9.264818    0.00965080 
9.273520    0.00965179 
9.282216    0.00839961 
9.290885    0.00605097 
9.299514    0.00291197 
9.308104    -0.00060090 
9.316666    -0.00402228 
9.325220    -0.00690712 
9.333781    -0.00888909 
9.342357    -0.00972038 
9.350944    -0.00929647 
9.359529    -0.00767003 
9.368099    -0.00505142 
9.376642    -0.00178768 
9.385160    0.00168514 
9.393664    0.00490792 
9.402170    0.00746480 
9.410694    0.00903495 
9.419240    0.00942583 
9.427798    0.00859222 
9.436350    0.00664497 
9.444877    0.00384436 
9.453371    0.00056817 
9.461834    -0.00274489 
9.470281    -0.00566096 
9.478729    -0.00780917 
9.487189    -0.00892395 
9.495663    -0.00887211 
9.504140    -0.00766728 
9.512605    -0.00547208 
9.521043    -0.00258239 
9.529453    0.00061212 
9.537846    0.00368615 
9.546241    0.00623998 
9.554654    0.00795013 
9.563094    0.00860496 
9.571557    0.00812696 
9.580032    0.00658333 
9.588505    0.00418273 
9.596970    0.00125186 
9.605430    -0.00181066 
9.613897    -0.00459429 
9.622383    -0.00673413 
9.630898    -0.00795569 
9.639443    -0.00810561 
9.648007    -0.00717032 
9.656572    -0.00528105 
9.665119    -0.00270077 
9.673640    0.00021167 
9.682135    0.00305638 
9.690617    0.00545246 
9.699097    0.00708863 
9.707584    0.00775862 
9.716081    0.00738307 
9.724583    0.00601958 
9.733088    0.00385847 
9.741594    0.00119975 
9.750111    -0.00158925 
9.758652    -0.00412806 
9.767233    -0.00607640 
9.775862    -0.00717761 
9.784534    -0.00728923 
9.793234    -0.00640142 
9.801942    -0.00464104 
9.810642    -0.00225748 
9.819326    0.00041233 
9.827998    0.00299478 
9.836666    0.00513539 
9.845339    0.00654744 
9.854021    0.00704666 
9.862712    0.00657185 
9.871408    0.00519285 
9.880104    0.00310439 
9.888801    0.00060185 
9.897505    -0.00196104 
9.906225    -0.00422495 
9.914974    -0.00587664 
9.923760    -0.00669081 
9.932581    -0.00655891 
9.941429    -0.00550418 
9.950290    -0.00368103 
9.959154    -0.00135508 
9.968018    0.00113666 
9.976889    0.00343810 
9.985778    0.00522685 
9.994695    0.00625768 
10.003640    0.00639316 
10.012607    0.00562110 
10.021586    0.00405757 
10.030566    0.00193223 
10.039545    -0.00044515 
10.048530    -0.00273212 
10.057530    -0.00460485 
10.066555    -0.00580322 
10.075608    -0.00616430 
10.084685    -0.00564312 
10.093779    -0.00431963 
10.102879    -0.00238928 
10.111983    -0.00013529 
10.121092    0.00211476 
10.130214    0.00403875 
10.139358    0.00536612 
10.148532    0.00591336 
10.157735    0.00560730 
10.166962    0.00449546 
10.176206    0.00274165 
10.185460    0.00060417 
10.194721    -0.00160306 
10.203990    -0.00355904 
10.213272    -0.00498349 
10.222567    -0.00567564 
10.231875    -0.00554055 
10.241192    -0.00460181 
10.250515    -0.00299947 
10.259841    -0.00097116 
10.269176    0.00118294 
10.278524    0.00314611 
10.287893    0.00463303 
10.297286    0.00543086 
10.306700    0.00542858 
10.316126    0.00463225 
10.325554    0.00316478 
10.334976    0.00124819 
10.344390    -0.00083070 
10.353798    -0.00276531 
10.363207    -0.00427585 
10.372620    -0.00514890 
10.382039    -0.00526562 
10.391458    -0.00461698 
10.400870    -0.00330472 
10.410268    -0.00152693 
10.419649    0.00045179 
10.429016    0.00234127 
10.438374    0.00386972 
10.447726    0.00482249 
10.457073    0.00507063 
10.466411    0.00458728 
10.475734    0.00345081 
10.485034    0.00183338 
10.494310    -0.00002489 
10.503559    -0.00185296 
10.512786    -0.00339015 
10.521992    -0.00442365 
10.531177    -0.00481689 
10.540338    -0.00452578 
10.549471    -0.00360271 
10.558572    -0.00218782 
10.567638    -0.00048810 
10.576672    0.00125339 
10.585678    0.00279313 
10.594660    0.00392137 
10.603618    0.00448980 
10.612550    0.00442982 
10.621452    0.00376011 
10.630318    0.00258283 
10.639144    0.00106857 
10.647931    -0.00056863 
10.656681    -0.00210224 
10.665401    -0.00332510 
10.674094    -0.00407689 
10.682761    -0.00426408 
10.691400    -0.00387070 
10.700009    -0.00295932 
10.708584    -0.00166165 
10.717124    -0.00015967 
10.725631    0.00134045 
10.734108    0.00263718 
10.742561    0.00356054 
10.750992    0.00399358 
10.759401    0.00388622 
10.767786    0.00326066 
10.776144    0.00220777 
10.784474    0.00087445 
10.792776    -0.00055689 
10.801052    -0.00189368 
10.809308    -0.00295933 
10.817546    -0.00361624 
10.825770    -0.00378283 
10.833979    -0.00344326 
10.842172    -0.00264899 
10.850349    -0.00151155 
10.858509    -0.00018729 
10.866655    0.00114444 
10.874790    0.00230586 
10.882917    0.00314459 
10.891037    0.00355321 
10.899150    0.00348255 
10.907255    0.00294752 
10.915346    0.00202478 
10.923424    0.00084219 
10.931488    -0.00043887 
10.939542    -0.00164582 
10.947587    -0.00261824 
10.955629    -0.00322892 
10.963670    -0.00340003 
10.971709    -0.00311271 
10.979745    -0.00240939 
10.987778    -0.00138817 
10.995808    -0.00018955 
11.003835    0.00102284 
11.011863    0.00208481 
11.019894    0.00285386 
11.027930    0.00322813 
11.035969    0.00315965 
11.044010    0.00266072 
11.052051    0.00180233 
11.060090    0.00070450 
11.068128    -0.00048038 
11.076166    -0.00158897 
11.084208    -0.00246965 
11.092258    -0.00300305 
11.100317    -0.00311796 
11.108385    -0.00280082 
11.116461    -0.00209767 
11.124545    -0.00110810 
11.132636    0.00002854 
11.140735    0.00115281 
11.148842    0.00210781 
11.156960    0.00276113 
11.165087    0.00302307 
11.173223    0.00285891 
11.181363    0.00229366 
11.189505    0.00140878 
