0.000000    0.68226064 
0.270505    0.68223372 
0.541394    0.68194211 
0.813854    0.68082786 
1.090087    0.67815773 
1.373254    0.67321322 
1.667182    0.66550059 
1.975793    0.65504472 
2.302111    0.64278630 
2.646808    0.63093277 
3.006705    0.62284078 
3.374455    0.62184086 
3.740887    0.62888333 
4.099638    0.64051863 
4.450336    0.65026403 
4.796898    0.65371544 
5.142687    0.65211531 
5.487306    0.65033150 
5.827321    0.65223699 
6.159197    0.65832215 
6.481631    0.66640137 
6.796178    0.67345134 
7.106640    0.67701654 
7.417947    0.67585959 
7.734919    0.67015549 
8.060906    0.66152535 
8.396401    0.65289608 
8.738134    0.64785279 
9.079690    0.64914036 
9.414344    0.65662957 
9.738913    0.66635906 
10.055551    0.67258520 
10.369721    0.67197778 
10.686066    0.66606260 
11.005370    0.65967987 
11.324592    0.65724315 
11.639390    0.66012479 
11.946869    0.66665033 
12.246957    0.67368328 
12.542305    0.67822556 
12.837413    0.67831573 
13.137492    0.67333215 
13.447179    0.66407700 
13.769038    0.65282568 
14.102026    0.64313386 
14.440769    0.63890046 
14.777021    0.64238512 
15.103656    0.65196695 
15.418840    0.66197067 
15.726674    0.66620661 
16.033673    0.66262588 
16.344065    0.65457458 
16.657296    0.64783266 
16.969113    0.64646711 
17.274791    0.65082074 
17.571900    0.65830329 
17.861282    0.66535537 
18.146582    0.66899823 
18.433188    0.66751048 
18.726998    0.66056876 
19.033019    0.64931675 
19.353614    0.63648805 
19.686672    0.62620912 
20.024939    0.62280081 
20.358257    0.62828941 
20.678800    0.63987794 
20.985711    0.65043928 
21.284818    0.65335899 
21.583846    0.64751742 
21.887131    0.63761629 
22.193338    0.63024510 
22.497224    0.62941370 
22.793511    0.63484906 
23.079857    0.64330664 
23.357662    0.65085522 
23.631352    0.65443628 
23.907170    0.65237593 
24.191890    0.64439157 
24.491307    0.63167721 
24.808177    0.61717720 
25.139903    0.60552142 
25.477533    0.60170252 
25.808511    0.60808714 
26.123317    0.62132192 
26.421155    0.63301189 
26.709314    0.63564506 
26.997287    0.62819800 
27.290588    0.61615939 
27.587938    0.60709898 
27.881489    0.60096639 
28.165961    0.60685303 
28.438328    0.61686144 
28.700008    0.62603482 
28.956155    0.63078256 
29.214187    0.62945287 
29.482373    0.62157962 
29.768280    0.60792504 
30.076378    0.59117019 
30.404761    0.57632686 
30.742909    0.56965593 
31.074194    0.57513055 
31.384495    0.58997731 
31.670846    0.60449722 
31.941709    0.60903081 
32.209870    0.60106086 
32.484624    0.58586326 
32.766959    0.57239480 
33.049967    0.56752359 
33.324352    0.57227621 
33.584368    0.58274002 
33.830109    0.59366155 
34.066557    0.60109619 
34.301721    0.60284151 
34.545192    0.59783162 
34.806915    0.58587372 
35.095054    0.56832282 
35.411915    0.54934817 
35.749088    0.53605537 
36.086889    0.53539094 
36.403186    0.54831628 
36.687120    0.56632955 
36.944334    0.57685995 
37.190090    0.57325054 
37.439611    0.55786975 
37.700743    0.53913856 
37.969403    0.52435047 
38.234456    0.52351640 
38.484439    0.53222032 
38.715073    0.54469975 
38.929399    0.55596186 
39.135097    0.56317711 
39.342330    0.56484020 
39.562840    0.55973720 
39.809155    0.54691102 
40.091728    0.52710609 
40.412196    0.50528737 
40.755605    0.49079283 
41.092118    0.49180969 
41.393697    0.50746877 
41.651818    0.52587049 
41.878155    0.53379329 
42.092758    0.52672601 
42.314364    0.50811857 
42.553527    0.48613343 
42.806117    0.47115221 
43.055162    0.46848927 
43.284432    0.47745065 
43.488072    0.49045898 
43.670222    0.50271008 
43.840021    0.51215957 
44.008621    0.51784223 
44.188972    0.51840198 
44.396671    0.51141756 
44.648732    0.49445211 
44.954768    0.46938811 
45.300951    0.44667645 
45.647376    0.43926551 
45.952508    0.45005128 
46.200352    0.46819357 
46.402422    0.47902736 
46.581485    0.47627361 
46.760551    0.46139406 
46.959148    0.43865391 
47.185696    0.41575063 
47.425740    0.40301107 
47.650149    0.40498148 
47.841231    0.41525499 
47.999591    0.42717000 
48.134557    0.43808951 
48.257361    0.44806048 
48.379416    0.45711011 
48.514083    0.46416415 
48.680132    0.46553172 
48.904262    0.45416372 
49.208352    0.42596049 
49.569456    0.39474625 
49.919165    0.38130455 
50.205614    0.38815891 
50.419979    0.40244894 
50.581534    0.41017131 
50.715409    0.40723379 
50.844075    0.39576022 
50.989750    0.37739100 
51.175455    0.35276141 
51.403861    0.32884334 
51.629262    0.31912345 
51.807521    0.32202260 
51.936118    0.32791676 
52.029782    0.33304447 
52.102245    0.33794114 
52.163392    0.34416256 
52.220844    0.35305804 
52.282459    0.36547245 
52.360708    0.38117262 
52.484374    0.39575849 
52.727317    0.38957794 
53.144810    0.33718175 
53.518638    0.29271567 
53.765319    0.28140357 
53.914678    0.28018548 
54.003640    0.27228231 
54.059310    0.25712901 
54.097515    0.23995340 
54.127038    0.22442650 
54.153459    0.21188084 
54.182290    0.20231969 
54.226028    0.19501599 
54.374782    0.18360039 
54.866682    0.11662313 
54.935236    0.09634809 
54.945255    0.06597382 
54.946893    0.04479366 
54.947177    0.03126764 
54.947229    0.02232106 
54.947269    0.01614338 
54.947311    0.01171509 
54.947356    0.00843629 
54.947411    0.00594779 
54.947508    0.00404148 
54.947716    0.00260422 
54.947756    0.00155911 
54.947796    0.00085197 
54.952354    0.00052471 
54.979380    0.00046025 
55.020200    0.00047362 
55.057499    0.00050364 
55.085334    0.00052196 
55.105270    0.00052260 
