0.000000    0.00000000 
0.270505    0.01838780 
0.541394    0.03538829 
0.813854    0.04993011 
1.090087    0.06118885 
1.373254    0.06845798 
1.667182    0.07103847 
1.975793    0.06819025 
2.302111    0.05920304 
2.646808    0.04366582 
3.006705    0.02200040 
3.374455    -0.00380639 
3.740887    -0.02967665 
4.099638    -0.04994385 
4.450336    -0.05937470 
4.796898    -0.05559622 
5.142687    -0.04002691 
5.487306    -0.01685884 
5.827321    0.00891985 
6.159197    0.03317207 
6.481631    0.05322451 
6.796178    0.06765668 
7.106640    0.07580993 
7.417947    0.07736658 
7.734919    0.07212752 
8.060906    0.06002396 
8.396401    0.04137309 
8.738134    0.01734631 
9.079690    -0.00951018 
9.414344    -0.03510662 
9.738913    -0.05453132 
10.055551    -0.06366143 
10.369721    -0.06067007 
10.686066    -0.04650556 
11.005370    -0.02436524 
11.324592    0.00148453 
11.639390    0.02703981 
11.946869    0.04938294 
12.246957    0.06678076 
12.542305    0.07834962 
12.837413    0.08363914 
13.137492    0.08232977 
13.447179    0.07412482 
13.769038    0.05887938 
14.102026    0.03698820 
14.440769    0.00998044 
14.777021    -0.01893115 
15.103656    -0.04490703 
15.418840    -0.06268760 
15.726674    -0.06852005 
16.033673    -0.06143933 
16.344065    -0.04331151 
16.657296    -0.01802292 
16.969113    0.00985411 
17.274791    0.03638213 
17.571900    0.05890830 
17.861282    0.07597744 
18.146582    0.08689406 
18.433188    0.09127469 
18.726998    0.08875464 
19.033019    0.07891938 
19.353614    0.06151060 
19.686672    0.03693778 
20.024939    0.00701573 
20.358257    -0.02442642 
20.678800    -0.05179596 
20.985711    -0.06940053 
21.284818    -0.07364816 
21.583846    -0.06409911 
21.887131    -0.04318282 
22.193338    -0.01525683 
22.497224    0.01480202 
22.793511    0.04296075 
23.079857    0.06662906 
23.357662    0.08447582 
23.631352    0.09590898 
23.907170    0.10057379 
24.191890    0.09803074 
24.491307    0.08768642 
24.808177    0.06904661 
25.139903    0.04234510 
25.477533    0.00945526 
25.808511    -0.02535780 
26.123317    -0.05575745 
26.421155    -0.07539417 
26.709314    -0.08044895 
26.997287    -0.07054258 
27.290588    -0.04821477 
27.587938    -0.01804354 
27.881489    0.01511480 
28.165961    0.04680872 
28.438328    0.07370596 
28.700008    0.09436911 
28.956155    0.10826031 
29.214187    0.11511383 
29.482373    0.11443244 
29.768280    0.10533948 
30.076378    0.08684636 
30.404761    0.05861033 
30.742909    0.02211189 
31.074194    -0.01825167 
31.384495    -0.05525841 
31.670846    -0.08124306 
31.941709    -0.09141769 
32.209870    -0.08485923 
32.484624    -0.06351430 
32.766959    -0.03156297 
33.049967    0.00530038 
33.324352    0.04155797 
33.584368    0.07338072 
33.830109    0.09888394 
34.066557    0.11747291 
34.301721    0.12899571 
34.545192    0.13307240 
34.806915    0.12870997 
35.095054    0.11431612 
35.411915    0.08838080 
35.749088    0.05098059 
36.086889    0.00553369 
36.403186    -0.04053863 
36.687120    -0.07781418 
36.944334    -0.09924881 
37.190090    -0.10250166 
37.439611    -0.08838341 
37.700743    -0.05954455 
37.969403    -0.02118559 
38.234456    0.02128819 
38.484439    0.06110411 
38.715073    0.09480241 
38.929399    0.12128157 
39.135097    0.14058645 
39.342330    0.15286438 
39.562840    0.15757490 
39.809155    0.15300559 
40.091728    0.13631603 
40.412196    0.10482676 
40.755605    0.05876450 
41.092118    0.00365875 
41.393697    -0.05013402 
41.651818    -0.09161415 
41.878155    -0.11464664 
42.092758    -0.11858234 
42.314364    -0.10448702 
42.553527    -0.07373869 
42.806117    -0.03026560 
43.055162    0.01847437 
43.284432    0.06482161 
43.488072    0.10414515 
43.670222    0.13537249 
43.840021    0.15915908 
44.008621    0.17635945 
44.188972    0.18698694 
44.396671    0.18932753 
44.648732    0.17909105 
44.954768    0.15010839 
45.300951    0.09966698 
45.647376    0.03424897 
45.952508    -0.03272751 
46.200352    -0.08749832 
46.402422    -0.12255811 
46.581485    -0.13796547 
46.760551    -0.13572764 
46.959148    -0.11555300 
47.185696    -0.07628802 
47.425740    -0.02207732 
47.650149    0.03613505 
47.841231    0.08791683 
47.999591    0.12951809 
48.134557    0.16189894 
48.257361    0.18720801 
48.379416    0.20736312 
48.514083    0.22310754 
48.680132    0.23296718 
48.904262    0.23038464 
49.208352    0.20156537 
49.569456    0.13681708 
49.919165    0.05121055 
50.205614    -0.03105767 
50.419979    -0.09496018 
50.581534    -0.13620291 
50.715409    -0.15844643 
50.844075    -0.16609782 
50.989750    -0.15936477 
51.175455    -0.13232910 
51.403861    -0.07750175 
51.629262    -0.00321547 
51.807521    0.06709635 
51.936118    0.12144824 
52.029782    0.16097920 
52.102245    0.19032496 
52.163392    0.21349909 
52.220844    0.23343263 
52.282459    0.25244413 
52.360708    0.27282961 
52.484374    0.29692015 
52.727317    0.31802074 
53.144810    0.26138885 
53.518638    0.10839623 
53.765319    -0.01604216 
53.914678    -0.09856333 
54.003640    -0.14889512 
54.059310    -0.17852532 
54.097515    -0.19668616 
54.127038    -0.20888888 
54.153459    -0.21815196 
54.182290    -0.22632651 
54.226028    -0.23511507 
54.374782    -0.24634628 
54.866682    -0.08695988 
54.935236    0.10987000 
54.945255    0.14644665 
54.946893    0.15243024 
54.947177    0.15346252 
54.947229    0.15368207 
54.947269    0.15380848 
54.947311    0.15400948 
54.947356    0.15437320 
54.947411    0.15505078 
54.947508    0.15634420 
54.947716    0.15880630 
54.947756    0.16375914 
54.947796    0.17827042 
54.952354    0.21195975 
54.979380    0.22348776 
55.020200    0.17644876 
55.057499    0.10864093 
55.085334    0.05013881 
55.105270    0.00585128 
55.120444    -0.02617179 
55.133402    -0.04739076 
55.145754    -0.05805449 
