0.000000    0.00000000 
0.097361    0.00039159 
0.194722    0.00077947 
0.292082    0.00116006 
0.389443    0.00152990 
0.486804    0.00188571 
0.584166    0.00222442 
0.681527    0.00254316 
0.778890    0.00283926 
0.876253    0.00311031 
0.973618    0.00335413 
1.070984    0.00356880 
1.168353    0.00375264 
1.265724    0.00390422 
1.363097    0.00402240 
1.460475    0.00410628 
1.557857    0.00415521 
1.655243    0.00416882 
1.752635    0.00414700 
1.850032    0.00408991 
1.947436    0.00399797 
2.044846    0.00387184 
2.142264    0.00371249 
2.239690    0.00352110 
2.337124    0.00329915 
2.434566    0.00304836 
2.532017    0.00277072 
2.629477    0.00246844 
2.726946    0.00214400 
2.824425    0.00180011 
2.921913    0.00143971 
3.019410    0.00106592 
3.116916    0.00068208 
3.214432    0.00029169 
3.311957    -0.00010159 
3.409492    -0.00049402 
3.507035    -0.00088173 
3.604587    -0.00126084 
3.702149    -0.00162745 
3.799719    -0.00197770 
3.897299    -0.00230784 
3.994887    -0.00261424 
4.092485    -0.00289348 
4.190092    -0.00314239 
4.287709    -0.00335809 
4.385336    -0.00353807 
4.482973    -0.00368018 
4.580622    -0.00378274 
4.678281    -0.00384449 
4.775954    -0.00386312 
4.873639    -0.00384144 
4.971337    -0.00377818 
5.069048    -0.00367408 
5.166773    -0.00353038 
5.264511    -0.00334875 
5.362264    -0.00313132 
5.460031    -0.00288061 
5.557813    -0.00259949 
5.655609    -0.00229114 
5.753420    -0.00195899 
5.851246    -0.00160665 
5.949086    -0.00123792 
6.046941    -0.00085667 
6.144810    -0.00046681 
6.242693    -0.00007228 
6.340590    0.00032292 
6.438500    0.00071538 
6.536424    0.00110114 
6.634361    0.00147663 
6.732311    0.00183848 
6.830274    0.00218350 
6.928250    0.00250869 
7.026239    0.00281131 
7.124241    0.00308884 
7.222255    0.00333899 
7.320283    0.00355975 
7.418325    0.00374935 
7.516379    0.00390631 
7.614448    0.00402938 
7.712530    0.00411761 
7.810627    0.00417030 
7.908739    0.00418704 
8.006865    0.00416767 
8.105007    0.00411232 
8.203165    0.00402139 
8.301338    0.00389554 
8.399527    0.00373573 
8.497732    0.00354317 
8.595953    0.00331934 
8.694191    0.00306600 
8.792445    0.00278518 
8.890716    0.00247916 
8.989002    0.00215048 
9.087305    0.00180192 
9.185623    0.00143649 
9.283957    0.00105744 
9.382306    0.00066819 
9.480670    0.00027238 
9.579048    -0.00012624 
9.677440    -0.00052377 
9.775846    -0.00091624 
9.874266    -0.00129964 
9.972698    -0.00166993 
10.071144    -0.00202315 
10.169602    -0.00235542 
10.268072    -0.00266302 
10.366555    -0.00294244 
10.465050    -0.00319042 
10.563558    -0.00340405 
10.662077    -0.00358075 
10.760609    -0.00371838 
10.859154    -0.00381524 
10.957711    -0.00387012 
11.056282    -0.00388233 
11.154865    -0.00385169 
11.253462    -0.00377854 
11.352072    -0.00366378 
11.450696    -0.00350877 
11.549334    -0.00331538 
11.647985    -0.00308590 
11.746649    -0.00282304 
11.845327    -0.00252986 
11.944019    -0.00220973 
12.042723    -0.00186625 
12.141441    -0.00150324 
12.240170    -0.00112464 
12.338912    -0.00073448 
12.437665    -0.00033682 
12.536429    0.00006428 
12.635204    0.00046483 
12.733989    0.00086094 
12.832784    0.00124883 
12.931589    0.00162490 
13.030402    0.00198573 
13.129225    0.00232812 
13.228056    0.00264907 
13.326895    0.00294583 
13.425742    0.00321593 
13.524598    0.00345713 
13.623461    0.00366745 
13.722333    0.00384522 
13.821213    0.00398900 
13.920100    0.00409767 
14.018997    0.00417037 
14.117901    0.00420652 
14.216814    0.00420582 
14.315736    0.00416827 
14.414667    0.00409413 
14.513607    0.00398396 
14.612555    0.00383860 
14.711513    0.00365917 
14.810480    0.00344707 
14.909456    0.00320399 
15.008441    0.00293189 
15.107435    0.00263299 
15.206438    0.00230979 
15.305448    0.00196505 
15.404467    0.00160176 
15.503494    0.00122318 
15.602527    0.00083273 
15.701568    0.00043408 
15.800614    0.00003103 
15.899667    -0.00037248 
15.998725    -0.00077238 
16.097788    -0.00116456 
16.196855    -0.00154490 
16.295927    -0.00190929 
16.395003    -0.00225372 
16.494082    -0.00257430 
16.593164    -0.00286736 
16.692250    -0.00312948 
16.791340    -0.00335753 
16.890432    -0.00354876 
16.989528    -0.00370084 
17.088627    -0.00381188 
17.187730    -0.00388050 
17.286836    -0.00390583 
17.385947    -0.00388753 
17.485061    -0.00382583 
17.584180    -0.00372147 
17.683303    -0.00357575 
17.782430    -0.00339042 
17.881562    -0.00316775 
17.980698    -0.00291041 
18.079838    -0.00262144 
18.178982    -0.00230421 
18.278131    -0.00196237 
18.377283    -0.00159978 
18.476438    -0.00122042 
18.575596    -0.00082841 
18.674756    -0.00042789 
18.773918    -0.00002300 
18.873082    0.00038217 
18.972248    0.00078363 
19.071414    0.00117751 
19.170580    0.00156012 
19.269746    0.00192793 
19.368912    0.00227764 
19.468078    0.00260619 
19.567243    0.00291073 
19.666407    0.00318870 
19.765570    0.00343778 
19.864733    0.00365595 
19.963895    0.00384143 
20.063056    0.00399276 
20.162216    0.00410873 
20.261376    0.00418844 
20.360536    0.00423125 
20.459696    0.00423683 
20.558856    0.00420513 
20.658017    0.00413638 
20.757179    0.00403109 
20.856341    0.00389008 
20.955504    0.00371445 
21.054669    0.00350557 
21.153834    0.00326510 
21.253001    0.00299499 
21.352169    0.00269746 
21.451337    0.00237499 
21.550507    0.00203035 
21.649676    0.00166653 
21.748846    0.00128678 
21.848016    0.00089455 
21.947186    0.00049352 
22.046354    0.00008750 
22.145522    -0.00031952 
22.244687    -0.00072345 
22.343851    -0.00112014 
22.443012    -0.00150542 
22.542171    -0.00187514 
22.641327    -0.00222521 
22.740480    -0.00255172 
22.839629    -0.00285090 
22.938776    -0.00311927 
23.037919    -0.00335364 
23.137059    -0.00355118 
23.236197    -0.00370948 
23.335331    -0.00382660 
23.434463    -0.00390106 
23.533593    -0.00393194 
23.632721    -0.00391884 
23.731847    -0.00386192 
23.830972    -0.00376188 
23.930095    -0.00361996 
24.029218    -0.00343789 
24.128339    -0.00321789 
24.227460    -0.00296262 
24.326579    -0.00267510 
24.425698    -0.00235872 
24.524815    -0.00201710 
24.623931    -0.00165412 
24.723046    -0.00127379 
24.822159    -0.00088024 
24.921269    -0.00047765 
25.020378    -0.00007017 
25.119483    0.00033805 
25.218585    0.00074300 
25.317684    0.00114076 
25.416779    0.00152759 
25.515870    0.00189993 
25.614957    0.00225444 
25.714039    0.00258799 
25.813117    0.00289772 
25.912190    0.00318100 
26.011259    0.00343550 
26.110324    0.00365912 
26.209384    0.00385008 
26.308440    0.00400686 
26.407492    0.00412821 
26.506541    0.00421321 
26.605586    0.00426118 
26.704629    0.00427175 
26.803669    0.00424483 
26.902706    0.00418063 
27.001741    0.00407963 
27.100775    0.00394261 
27.199807    0.00377062 
27.298837    0.00356501 
27.397866    0.00332741 
27.496894    0.00305974 
27.595920    0.00276418 
27.694945    0.00244318 
27.793969    0.00209948 
27.892991    0.00173604 
27.992011    0.00135609 
28.091030    0.00096306 
28.190046    0.00056060 
28.289059    0.00015253 
28.388070    -0.00025718 
28.487077    -0.00066444 
28.586080    -0.00106510 
28.685080    -0.00145496 
28.784076    -0.00182985 
28.883067    -0.00218566 
28.982055    -0.00251842 
29.081037    -0.00282433 
29.180016    -0.00309984 
29.278989    -0.00334168 
29.377959    -0.00354696 
29.476925    -0.00371318 
29.575887    -0.00383830 
29.674845    -0.00392077 
29.773800    -0.00395955 
29.872753    -0.00395416 
29.971702    -0.00390464 
30.070650    -0.00381162 
30.169595    -0.00367624 
30.268539    -0.00350016 
30.367481    -0.00328552 
30.466422    -0.00303490 
30.565362    -0.00275130 
30.664300    -0.00243803 
30.763237    -0.00209871 
30.862172    -0.00173718 
30.961105    -0.00135744 
31.060036    -0.00096362 
31.158965    -0.00055990 
31.257892    -0.00015048 
31.356815    0.00026051 
31.455736    0.00066898 
31.554653    0.00107101 
31.653566    0.00146280 
31.752475    0.00184074 
31.851380    0.00220144 
31.950281    0.00254172 
32.049178    0.00285866 
32.148070    0.00314957 
32.246957    0.00341205 
32.345841    0.00364396 
32.444721    0.00384343 
32.543596    0.00400889 
32.642469    0.00413904 
32.741337    0.00423286 
32.840203    0.00428963 
32.939067    0.00430890 
33.037927    0.00429053 
33.136786    0.00423464 
33.235644    0.00414165 
33.334499    0.00401227 
33.433354    0.00384749 
33.532208    0.00364859 
33.631061    0.00341714 
33.729913    0.00315496 
33.828765    0.00286419 
33.927616    0.00254723 
34.026467    0.00220673 
34.125317    0.00184561 
34.224165    0.00146705 
34.323013    0.00107442 
34.421859    0.00067135 
34.520703    0.00026161 
34.619545    -0.00015085 
34.718385    -0.00056195 
34.817222    -0.00096753 
34.916056    -0.00136338 
35.014887    -0.00174531 
35.113715    -0.00210916 
35.212539    -0.00245089 
35.311359    -0.00276664 
35.410176    -0.00305276 
35.508990    -0.00330589 
35.607800    -0.00352300 
35.706607    -0.00370147 
35.805411    -0.00383910 
35.904212    -0.00393421 
36.003011    -0.00398559 
36.101809    -0.00399260 
36.200604    -0.00395515 
36.299398    -0.00387368 
36.398191    -0.00374920 
36.496983    -0.00358323 
36.595775    -0.00337781 
36.694567    -0.00313539 
36.793358    -0.00285888 
36.892148    -0.00255152 
36.990939    -0.00221688 
37.089729    -0.00185874 
37.188518    -0.00148109 
37.287306    -0.00108807 
37.386093    -0.00068385 
37.484879    -0.00027265 
37.583663    0.00014134 
37.682445    0.00055401 
37.781225    0.00096135 
37.880002    0.00135951 
37.978776    0.00174481 
38.077547    0.00211377 
38.176315    0.00246313 
38.275080    0.00278988 
38.373842    0.00309125 
38.472600    0.00336474 
38.571354    0.00360811 
38.670106    0.00381941 
38.768855    0.00399697 
38.867601    0.00413939 
38.966345    0.00424557 
39.065087    0.00431467 
39.163827    0.00434617 
39.262566    0.00433982 
39.361304    0.00429566 
39.460041    0.00421401 
39.558777    0.00409548 
39.657514    0.00394098 
39.756251    0.00375169 
39.854987    0.00352908 
39.953725    0.00327491 
40.052462    0.00299122 
40.151201    0.00268032 
40.249939    0.00234480 
40.348678    0.00198749 
40.447417    0.00161151 
40.546156    0.00122017 
40.644895    0.00081704 
40.743633    0.00040586 
40.842370    -0.00000944 
40.941105    -0.00042480 
41.039840    -0.00083606 
41.138572    -0.00123901 
41.237302    -0.00162939 
41.336030    -0.00200301 
41.434756    -0.00235574 
41.533479    -0.00268363 
41.632199    -0.00298291 
41.730917    -0.00325009 
41.829632    -0.00348198 
41.928345    -0.00367580 
42.027055    -0.00382918 
42.125764    -0.00394022 
42.224472    -0.00400753 
42.323178    -0.00403027 
42.421884    -0.00400815 
42.520589    -0.00394142 
42.619293    -0.00383091 
42.717998    -0.00367796 
42.816703    -0.00348445 
42.915409    -0.00325272 
43.014115    -0.00298554 
43.112821    -0.00268607 
43.211529    -0.00235779 
43.310236    -0.00200445 
43.408944    -0.00163001 
43.507653    -0.00123859 
43.606360    -0.00083439 
43.705068    -0.00042165 
43.803775    -0.00000462 
43.902480    0.00041254 
44.001184    0.00082575 
44.099887    0.00123107 
44.198587    0.00162472 
44.297286    0.00200313 
44.395982    0.00236294 
44.494675    0.00270103 
44.593366    0.00301451 
44.692054    0.00330078 
44.790740    0.00355749 
44.889424    0.00378256 
44.988105    0.00397422 
45.086784    0.00413095 
45.185462    0.00425154 
45.284138    0.00433506 
45.382813    0.00438085 
45.481487    0.00438857 
45.580161    0.00435813 
45.678835    0.00428977 
45.777509    0.00418399 
45.876183    0.00404158 
45.974858    0.00386363 
46.073534    0.00365151 
46.172212    0.00340688 
46.270890    0.00313168 
46.369569    0.00282813 
46.468250    0.00249874 
46.566932    0.00214626 
46.665614    0.00177371 
46.764297    0.00138437 
46.862981    0.00098174 
46.961665    0.00056951 
47.060348    0.00015158 
47.159031    -0.00026801 
47.257713    -0.00068510 
47.356394    -0.00109544 
47.455074    -0.00149476 
47.553752    -0.00187880 
47.652428    -0.00224336 
47.751102    -0.00258437 
47.849774    -0.00289794 
47.948444    -0.00318044 
48.047112    -0.00342851 
48.145778    -0.00363919 
48.244442    -0.00380991 
48.343105    -0.00393855 
48.441767    -0.00402354 
48.540428    -0.00406378 
48.639089    -0.00405876 
48.737750    -0.00400855 
48.836410    -0.00391374 
48.935072    -0.00377550 
49.033734    -0.00359552 
49.132397    -0.00337600 
49.231061    -0.00311957 
49.329726    -0.00282929 
49.428392    -0.00250854 
49.527059    -0.00216103 
49.625727    -0.00179068 
49.724396    -0.00140160 
49.823065    -0.00099799 
49.921734    -0.00058415 
50.020403    -0.00016435 
50.119072    0.00025717 
50.217739    0.00067626 
50.316406    0.00108887 
50.415071    0.00149114 
50.513734    0.00187938 
50.612395    0.00225013 
50.711055    0.00260013 
50.809712    0.00292639 
50.908367    0.00322617 
51.007019    0.00349702 
51.105670    0.00373672 
51.204319    0.00394339 
51.302966    0.00411538 
51.401611    0.00425136 
51.500256    0.00435028 
51.598899    0.00441137 
51.697542    0.00443416 
51.796185    0.00441847 
51.894828    0.00436441 
51.993471    0.00427236 
52.092115    0.00414303 
52.190760    0.00397737 
52.289407    0.00377667 
52.388055    0.00354248 
52.486704    0.00327663 
52.585355    0.00298125 
52.684007    0.00265876 
52.782661    0.00231182 
52.881316    0.00194339 
52.979972    0.00155666 
53.078629    0.00115507 
53.177286    0.00074228 
53.275944    0.00032213 
53.374602    -0.00010134 
53.473259    -0.00052399 
53.571915    -0.00094155 
53.670571    -0.00134972 
53.769225    -0.00174417 
53.867877    -0.00212063 
53.966528    -0.00247494 
54.065177    -0.00280307 
54.163824    -0.00310124 
54.262470    -0.00336595 
54.361113    -0.00359402 
54.459756    -0.00378269 
54.558397    -0.00392965 
54.657036    -0.00403305 
54.755676    -0.00409161 
54.854315    -0.00410459 
54.952953    -0.00407179 
55.051593    -0.00399362 
55.150232    -0.00387104 
55.248873    -0.00370556 
55.347515    -0.00349919 
55.446158    -0.00325443 
55.544803    -0.00297422 
55.643448    -0.00266186 
55.742096    -0.00232097 
55.840744    -0.00195545 
55.939393    -0.00156937 
56.038043    -0.00116697 
56.136693    -0.00075254 
56.235344    -0.00033042 
56.333994    0.00009509 
56.432644    0.00051974 
56.531293    0.00093942 
56.629941    0.00135016 
56.728587    0.00174815 
56.827231    0.00212981 
56.925874    0.00249177 
57.024515    0.00283091 
57.123153    0.00314437 
57.221790    0.00342956 
57.320424    0.00368416 
57.419057    0.00390613 
57.517688    0.00409371 
57.616317    0.00424546 
57.714946    0.00436018 
57.813573    0.00443700 
57.912200    0.00447533 
58.010827    0.00447487 
58.109454    0.00443560 
58.208081    0.00435782 
58.306709    0.00424209 
58.405339    0.00408928 
58.503969    0.00390055 
58.602601    0.00367736 
58.701235    0.00342144 
58.799871    0.00313483 
58.898508    0.00281983 
58.997147    0.00247903 
59.095787    0.00211530 
59.194429    0.00173176 
59.293071    0.00133179 
59.391715    0.00091899 
59.490359    0.00049717 
59.589003    0.00007032 
59.687647    -0.00035741 
59.786291    -0.00078174 
59.884934    -0.00119835 
59.983575    -0.00160286 
60.082216    -0.00199093 
60.180854    -0.00235829 
60.279491    -0.00270081 
60.378127    -0.00301456 
60.476760    -0.00329587 
60.575392    -0.00354140 
60.674022    -0.00374817 
60.772651    -0.00391365 
60.871280    -0.00403578 
60.969907    -0.00411304 
61.068534    -0.00414444 
61.167161    -0.00412957 
61.265788    -0.00406862 
61.364416    -0.00396231 
61.463045    -0.00381198 
61.561675    -0.00361945 
61.660307    -0.00338708 
61.758940    -0.00311766 
61.857574    -0.00281440 
61.956210    -0.00248084 
62.054848    -0.00212083 
62.153486    -0.00173843 
62.252126    -0.00133785 
62.350766    -0.00092343 
62.449406    -0.00049955 
62.548047    -0.00007056 
62.646687    0.00035921 
62.745326    0.00078556 
62.843964    0.00120440 
62.942601    0.00161184 
63.041236    0.00200416 
63.139870    0.00237788 
63.238501    0.00272975 
63.337130    0.00305679 
63.435757    0.00335626 
63.534382    0.00362574 
63.633005    0.00386304 
63.731626    0.00406630 
63.830245    0.00423392 
63.928863    0.00436460 
64.027479    0.00445735 
64.126095    0.00451145 
64.224711    0.00452648 
64.323326    0.00450231 
64.421942    0.00443912 
64.520559    0.00433736 
64.619176    0.00419780 
64.717796    0.00402149 
64.816416    0.00380976 
64.915039    0.00356425 
65.013664    0.00328690 
65.112290    0.00297992 
65.210919    0.00264580 
65.309550    0.00228734 
65.408183    0.00190757 
65.506818    0.00150979 
65.605454    0.00109756 
65.704092    0.00067464 
65.802731    0.00024499 
65.901370    -0.00018726 
66.000009    -0.00061783 
66.098649    -0.00104237 
66.197288    -0.00145647 
66.295926    -0.00185570 
66.394563    -0.00223573 
66.493199    -0.00259231 
66.591833    -0.00292137 
66.690465    -0.00321908 
66.789096    -0.00348192 
66.887724    -0.00370671 
66.986351    -0.00389072 
67.084976    -0.00403166 
67.183600    -0.00412778 
67.282221    -0.00417784 
67.380842    -0.00418122 
67.479462    -0.00413786 
67.578080    -0.00404829 
67.676698    -0.00391361 
67.775315    -0.00373549 
67.873932    -0.00351611 
67.972548    -0.00325814 
68.071164    -0.00296466 
68.169779    -0.00263915 
68.268393    -0.00228537 
68.367007    -0.00190737 
68.465620    -0.00150934 
68.564232    -0.00109565 
68.662843    -0.00067069 
68.761452    -0.00023889 
68.860059    0.00019537 
68.958665    0.00062779 
69.057268    0.00105420 
69.155870    0.00147059 
69.254469    0.00187315 
69.353066    0.00225826 
69.451661    0.00262256 
69.550254    0.00296294 
69.648845    0.00327655 
69.747435    0.00356081 
69.846024    0.00381343 
69.944611    0.00403241 
70.043198    0.00421603 
70.141785    0.00436286 
70.240372    0.00447179 
70.338960    0.00454196 
70.437550    0.00457285 
70.536141    0.00456421 
70.634734    0.00451608 
70.733330    0.00442881 
70.831929    0.00430305 
70.930531    0.00413973 
71.029136    0.00394008 
71.127745    0.00370563 
71.226357    0.00343821 
71.324973    0.00313993 
71.423592    0.00281320 
71.522215    0.00246071 
71.620840    0.00208541 
71.719468    0.00169054 
71.818098    0.00127959 
71.916730    0.00085626 
72.015363    0.00042448 
72.113998    -0.00001164 
72.212632    -0.00044783 
72.311267    -0.00087973 
72.409901    -0.00130289 
72.508534    -0.00171284 
72.607166    -0.00210514 
72.705796    -0.00247546 
72.804425    -0.00281960 
72.903051    -0.00313358 
73.001676    -0.00341371 
73.100299    -0.00365661 
73.198920    -0.00385934 
73.297539    -0.00401940 
73.396158    -0.00413478 
73.494775    -0.00420402 
73.593392    -0.00422625 
73.692009    -0.00420117 
73.790625    -0.00412908 
73.889243    -0.00401087 
73.987861    -0.00384800 
74.086480    -0.00364249 
74.185100    -0.00339683 
74.283722    -0.00311400 
74.382345    -0.00279736 
74.480970    -0.00245062 
74.579595    -0.00207775 
74.678222    -0.00168296 
74.776850    -0.00127060 
74.875479    -0.00084510 
74.974108    -0.00041095 
75.072736    0.00002741 
75.171365    0.00046559 
75.269993    0.00089932 
75.368619    0.00132448 
75.467245    0.00173714 
75.565868    0.00213356 
75.664491    0.00251025 
75.763111    0.00286396 
75.861729    0.00319171 
75.960345    0.00349078 
76.058959    0.00375877 
76.157572    0.00399352 
76.256183    0.00419319 
76.354792    0.00435623 
76.453401    0.00448138 
76.552008    0.00456769 
76.650616    0.00461449 
76.749223    0.00462141 
76.847830    0.00458839 
76.946438    0.00451565 
77.045047    0.00440373 
77.143657    0.00425346 
77.242269    0.00406594 
77.340882    0.00384262 
77.439497    0.00358521 
77.538115    0.00329574 
77.636734    0.00297651 
77.735355    0.00263013 
77.833977    0.00225948 
77.932601    0.00186773 
78.031227    0.00145829 
78.129854    0.00103484 
78.228481    0.00060125 
78.327109    0.00016163 
78.425736    -0.00027978 
78.524364    -0.00071858 
78.622990    -0.00115030 
78.721616    -0.00157042 
78.820240    -0.00197441 
78.918862    -0.00235785 
79.017483    -0.00271641 
79.116103    -0.00304597 
79.214720    -0.00334267 
79.313336    -0.00360297 
79.411950    -0.00382371 
79.510563    -0.00400217 
79.609174    -0.00413613 
79.707786    -0.00422391 
79.806396    -0.00426440 
79.905007    -0.00425708 
80.003618    -0.00420203 
80.102230    -0.00409995 
80.200842    -0.00395211 
80.299456    -0.00376034 
80.398072    -0.00352703 
80.496689    -0.00325499 
80.595308    -0.00294752 
80.693928    -0.00260823 
80.792550    -0.00224107 
80.891173    -0.00185021 
80.989797    -0.00144001 
81.088422    -0.00101492 
81.187048    -0.00057945 
81.285673    -0.00013812 
81.384299    0.00030464 
81.482923    0.00074446 
81.581547    0.00117714 
81.680170    0.00159864 
81.778790    0.00200514 
81.877410    0.00239303 
81.976027    0.00275895 
82.074642    0.00309981 
82.173255    0.00341279 
82.271866    0.00369535 
82.370474    0.00394523 
82.469082    0.00416047 
82.567687    0.00433939 
82.666291    0.00448063 
82.764894    0.00458311 
82.863497    0.00464603 
82.962099    0.00466891 
83.060702    0.00465157 
83.159304    0.00459411 
83.257908    0.00449692 
83.356513    0.00436072 
83.455119    0.00418650 
83.553727    0.00397557 
83.652336    0.00372952 
83.750948    0.00345024 
83.849561    0.00313995 
83.948177    0.00280112 
84.046794    0.00243654 
84.145413    0.00204927 
84.244033    0.00164264 
84.342655    0.00122024 
84.441277    0.00078590 
84.539900    0.00034367 
84.638523    -0.00010222 
84.737146    -0.00054738 
84.835769    -0.00098732 
84.934390    -0.00141747 
85.033010    -0.00183324 
85.131629    -0.00223009 
85.230246    -0.00260358 
85.328861    -0.00294942 
85.427475    -0.00326357 
85.526086    -0.00354228 
85.624696    -0.00378217 
85.723305    -0.00398027 
85.821912    -0.00413411 
85.920518    -0.00424173 
86.019124    -0.00430177 
86.117730    -0.00431343 
86.216336    -0.00427656 
86.314943    -0.00419161 
86.413550    -0.00405963 
86.512159    -0.00388227 
86.610769    -0.00366174 
86.709380    -0.00340074 
86.807994    -0.00310244 
86.906609    -0.00277041 
87.005225    -0.00240856 
87.103843    -0.00202104 
87.202462    -0.00161224 
87.301082    -0.00118666 
87.399703    -0.00074889 
87.498324    -0.00030353 
87.596945    0.00014487 
87.695565    0.00059185 
87.794185    0.00103305 
87.892803    0.00146432 
87.991420    0.00188168 
88.090035    0.00228140 
88.188648    0.00265997 
88.287258    0.00301418 
88.385867    0.00334106 
88.484474    0.00363795 
88.583078    0.00390248 
88.681681    0.00413257 
88.780282    0.00432644 
88.878881    0.00448261 
88.977480    0.00459992 
89.076077    0.00467747 
89.174674    0.00471471 
89.273271    0.00471135 
89.371869    0.00466742 
89.470467    0.00458325 
89.569066    0.00445946 
89.667666    0.00429698 
89.766268    0.00409702 
89.864872    0.00386111 
89.963478    0.00359107 
90.062086    0.00328902 
90.160696    0.00295736 
90.259307    0.00259881 
90.357921    0.00221633 
90.456536    0.00181320 
90.555152    0.00139291 
90.653769    0.00095924 
90.752388    0.00051617 
90.851006    0.00006786 
90.949624    -0.00038132 
91.048242    -0.00082691 
91.146859    -0.00126436 
91.245475    -0.00168906 
91.344089    -0.00209645 
91.442702    -0.00248202 
91.541312    -0.00284142 
91.639922    -0.00317050 
91.738529    -0.00346535 
91.837134    -0.00372246 
91.935738    -0.00393865 
92.034341    -0.00411126 
92.132942    -0.00423811 
92.231543    -0.00431757 
92.330143    -0.00434861 
92.428744    -0.00433081 
92.527344    -0.00426437 
92.625946    -0.00415010 
92.724549    -0.00398940 
92.823153    -0.00378426 
92.921758    -0.00353719 
93.020365    -0.00325117 
93.118974    -0.00292963 
93.217585    -0.00257635 
93.316197    -0.00219542 
93.414810    -0.00179115 
93.513424    -0.00136803 
93.612039    -0.00093063 
93.710654    -0.00048360 
93.809270    -0.00003154 
93.907885    0.00042099 
94.006499    0.00086957 
94.105112    0.00130990 
94.203723    0.00173789 
94.302333    0.00214965 
94.400940    0.00254154 
94.499546    0.00291017 
94.598149    0.00325242 
94.696750    0.00356545 
94.795349    0.00384673 
94.893946    0.00409400 
94.992541    0.00430533 
95.091135    0.00447907 
95.189727    0.00461388 
95.288318    0.00470874 
95.386908    0.00476293 
95.485498    0.00477601 
95.584088    0.00474789 
95.682679    0.00467876 
95.781271    0.00456911 
95.879864    0.00441976 
95.978458    0.00423182 
96.077055    0.00400672 
96.175653    0.00374619 
96.274253    0.00345225 
96.372855    0.00312726 
96.471459    0.00277384 
96.570065    0.00239494 
96.668673    0.00199376 
96.767282    0.00157379 
96.865892    0.00113878 
96.964503    0.00069271 
97.063115    0.00023977 
97.161726    -0.00021567 
97.260338    -0.00066910 
97.358948    -0.00111590 
97.457557    -0.00155140 
97.556165    -0.00197093 
97.654772    -0.00236988 
97.753376    -0.00274377 
97.851979    -0.00308828 
97.950580    -0.00339938 
98.049179    -0.00367336 
98.147776    -0.00390687 
98.246372    -0.00409705 
98.344966    -0.00424152 
98.443560    -0.00433846 
98.542153    -0.00438665 
98.640746    -0.00438546 
98.739339    -0.00433492 
98.837933    -0.00423566 
98.936528    -0.00408894 
99.035125    -0.00389660 
99.133722    -0.00366103 
99.232322    -0.00338513 
99.330923    -0.00307224 
99.429526    -0.00272609 
99.528130    -0.00235073 
99.626736    -0.00195045 
99.725342    -0.00152974 
99.823950    -0.00109321 
99.922558    -0.00064551 
100.021167    -0.00019130 
100.119775    0.00026483 
100.218382    0.00071836 
100.316988    0.00116496 
100.415593    0.00160045 
100.514196    0.00202087 
100.612798    0.00242249 
100.711397    0.00280183 
100.809994    0.00315571 
100.908588    0.00348119 
101.007181    0.00377564 
101.105771    0.00403674 
101.204359    0.00426243 
101.302946    0.00445100 
101.401531    0.00460100 
101.500115    0.00471131 
101.598698    0.00478109 
101.697281    0.00480984 
101.795863    0.00479731 
101.894447    0.00474360 
101.993031    0.00464909 
102.091616    0.00451446 
102.190202    0.00434071 
102.288790    0.00412912 
102.387380    0.00388130 
102.485972    0.00359915 
102.584566    0.00328487 
102.683162    0.00294097 
102.781760    0.00257024 
102.880359    0.00217577 
102.978961    0.00176093 
103.077563    0.00132934 
103.176167    0.00088489 
103.274771    0.00043167 
103.373375    -0.00002602 
103.471979    -0.00048370 
103.570583    -0.00093680 
103.669185    -0.00138064 
103.767786    -0.00181053 
103.866386    -0.00222180 
103.964984    -0.00260986 
104.063580    -0.00297030 
104.162174    -0.00329890 
104.260766    -0.00359177 
104.359356    -0.00384535 
104.457945    -0.00405651 
104.556532    -0.00422261 
104.655118    -0.00434154 
104.753704    -0.00441177 
104.852289    -0.00443238 
104.950875    -0.00440308 
105.049461    -0.00432420 
105.148048    -0.00419674 
105.246636    -0.00402226 
105.345225    -0.00380292 
105.443816    -0.00354141 
105.542409    -0.00324091 
105.641003    -0.00290500 
105.739599    -0.00253764 
105.838197    -0.00214307 
105.936796    -0.00172573 
106.035396    -0.00129025 
106.133996    -0.00084131 
106.232597    -0.00038366 
106.331198    0.00007804 
106.429798    0.00053915 
106.528397    0.00099520 
106.626995    0.00144187 
106.725591    0.00187502 
106.824186    0.00229078 
106.922778    0.00268548 
107.021368    0.00305576 
107.119956    0.00339850 
107.218541    0.00371089 
107.317125    0.00399042 
107.415706    0.00423488 
107.514285    0.00444235 
107.612862    0.00461124 
107.711438    0.00474025 
107.810013    0.00482840 
107.908588    0.00487500 
108.007162    0.00487969 
108.105737    0.00484241 
108.204312    0.00476428 
108.302888    0.00464412 
108.401466    0.00448366 
108.500045    0.00428408 
108.598626    0.00404688 
108.697209    0.00377386 
108.795794    0.00346715 
108.894381    0.00312915 
108.992970    0.00276262 
109.091562    0.00237058 
109.190154    0.00195634 
109.288749    0.00152353 
109.387344    0.00107599 
109.485941    0.00061784 
109.584537    0.00015340 
109.683134    -0.00031283 
109.781730    -0.00077619 
109.880325    -0.00123193 
109.978919    -0.00167525 
110.077512    -0.00210134 
110.176103    -0.00250548 
110.274692    -0.00288307 
110.373279    -0.00322971 
110.471864    -0.00354129 
110.570447    -0.00381403 
110.669029    -0.00404456 
110.767609    -0.00423001 
110.866187    -0.00436802 
110.964765    -0.00445609 
111.063343    -0.00449451 
111.161921    -0.00448207 
111.260499    -0.00441891 
111.359078    -0.00430583 
111.457658    -0.00414425 
111.556239    -0.00393620 
111.654822    -0.00368428 
111.753407    -0.00339157 
111.851993    -0.00306164 
111.950582    -0.00269843 
112.049172    -0.00230618 
112.147763    -0.00188975 
112.246356    -0.00145302 
112.344949    -0.00100118 
112.443542    -0.00053908 
112.542136    -0.00007149 
112.640729    0.00039684 
112.739322    0.00086132 
112.837913    0.00131749 
112.936503    0.00176111 
113.035091    0.00218815 
113.133677    0.00259484 
113.232260    0.00297769 
113.330842    0.00333289 
113.429421    0.00365861 
113.527997    0.00395173 
113.626572    0.00420993 
113.725144    0.00443197 
113.823715    0.00461465 
113.922284    0.00475733 
114.020852    0.00485893 
114.119419    0.00491870 
114.217987    0.00493620 
114.316554    0.00491129 
114.415122    0.00484416 
114.513690    0.00473529 
114.612261    0.00458549 
114.710832    0.00439588 
114.809406    0.00416787 
114.907981    0.00390322 
115.006559    0.00360396 
115.105139    0.00327247 
115.203721    0.00291141 
115.302306    0.00252324 
115.400892    0.00211232 
115.499480    0.00168161 
115.598069    0.00123492 
115.696659    0.00077632 
115.795250    0.00031009 
115.893841    -0.00015929 
115.992431    -0.00062719 
116.091021    -0.00108887 
116.189610    -0.00153952 
116.288197    -0.00197430 
116.386783    -0.00238844 
116.485367    -0.00277729 
116.583949    -0.00313637 
116.682529    -0.00346146 
116.781107    -0.00374865 
116.879683    -0.00399446 
116.978258    -0.00419583 
117.076832    -0.00435024 
117.175404    -0.00445574 
117.273977    -0.00451098 
117.372549    -0.00451526 
117.471121    -0.00446850 
117.569694    -0.00437133 
117.668268    -0.00422496 
117.766844    -0.00403126 
117.865421    -0.00379265 
117.964000    -0.00351209 
118.062580    -0.00319300 
118.161163    -0.00283922 
118.259747    -0.00245491 
118.358333    -0.00204451 
118.456920    -0.00161265 
118.555508    -0.00116407 
118.654097    -0.00070359 
118.752686    -0.00023603 
118.851274    0.00023385 
118.949862    0.00070142 
119.048449    0.00116217 
119.147035    0.00161179 
119.245618    0.00204618 
119.344200    0.00246149 
119.442780    0.00285413 
119.541357    0.00322080 
119.639932    0.00355847 
119.738505    0.00386443 
119.837075    0.00413626 
119.935643    0.00437185 
120.034210    0.00456940 
120.132774    0.00472743 
120.231338    0.00484476 
120.329901    0.00492051 
120.428463    0.00495414 
120.527026    0.00494538 
120.625588    0.00489431 
120.724152    0.00480128 
120.822717    0.00466698 
120.921283    0.00449240 
121.019851    0.00427883 
121.118422    0.00402787 
121.216994    0.00374146 
121.315568    0.00342181 
121.414145    0.00307147 
121.512724    0.00269327 
121.611305    0.00229034 
121.709887    0.00186611 
121.808472    0.00142427 
121.907057    0.00096878 
122.005643    0.00050383 
122.104229    0.00003380 
122.202815    -0.00043672 
122.301401    -0.00090304 
122.399986    -0.00136036 
122.498569    -0.00180385 
122.597151    -0.00222871 
122.695732    -0.00263019 
122.794310    -0.00300375 
122.892886    -0.00334501 
122.991461    -0.00364992 
123.090034    -0.00391479 
123.188605    -0.00413635 
123.287174    -0.00431183 
123.385743    -0.00443901 
123.484311    -0.00451626 
123.582878    -0.00454258 
123.681446    -0.00451762 
123.780015    -0.00444169 
123.878584    -0.00431573 
123.977155    -0.00414134 
124.075727    -0.00392069 
124.174301    -0.00365652 
124.272877    -0.00335207 
124.371455    -0.00301099 
124.470034    -0.00263734 
124.568616    -0.00223544 
124.667198    -0.00180986 
124.765782    -0.00136533 
124.864367    -0.00090666 
124.962952    -0.00043869 
125.061537    0.00003377 
125.160121    0.00050601 
125.258705    0.00097342 
125.357288    0.00143159 
125.455869    0.00187630 
125.554448    0.00230356 
125.653025    0.00270964 
125.751599    0.00309108 
125.850172    0.00344471 
125.948742    0.00376766 
126.047309    0.00405734 
126.145874    0.00431149 
126.244438    0.00452814 
126.343000    0.00470565 
126.441560    0.00484268 
126.540119    0.00493820 
126.638678    0.00499150 
126.737237    0.00500216 
126.835796    0.00497009 
126.934355    0.00489550 
127.032916    0.00477892 
127.131478    0.00462118 
127.230042    0.00442344 
127.328608    0.00418714 
127.427175    0.00391409 
127.525746    0.00360635 
127.624318    0.00326634 
127.722893    0.00289676 
127.821470    0.00250065 
127.920048    0.00208130 
128.018629    0.00164233 
128.117211    0.00118760 
128.215793    0.00072125 
128.314376    0.00024762 
128.412960    -0.00022874 
128.511543    -0.00070311 
128.610125    -0.00117068 
128.708706    -0.00162655 
128.807286    -0.00206582 
128.905864    -0.00248365 
129.004440    -0.00287529 
129.103014    -0.00323622 
129.201586    -0.00356216 
129.300157    -0.00384915 
129.398725    -0.00409367 
129.497292    -0.00429265 
129.595858    -0.00444356 
129.694422    -0.00454447 
129.792987    -0.00459404 
129.891551    -0.00459161 
129.990116    -0.00453719 
130.088681    -0.00443145 
130.187248    -0.00427571 
130.285816    -0.00407193 
130.384386    -0.00382264 
130.482958    -0.00353091 
130.581532    -0.00320028 
130.680107    -0.00283473 
130.778685    -0.00243852 
130.877264    -0.00201622 
130.975844    -0.00157258 
131.074425    -0.00111245 
131.173007    -0.00064077 
131.271589    -0.00016244 
131.370171    0.00031769 
131.468752    0.00079488 
131.567332    0.00126456 
131.665911    0.00172234 
131.764487    0.00216408 
131.863062    0.00258586 
131.961634    0.00298405 
132.060204    0.00335530 
132.158772    0.00369655 
132.257336    0.00400507 
132.355899    0.00427841 
132.454460    0.00451444 
132.553018    0.00471136 
132.651575    0.00486845 
132.750131    0.00498302 
132.848686    0.00505493 
132.947241    0.00508363 
133.045796    0.00506890 
133.144351    0.00501082 
133.242908    0.00490977 
133.341465    0.00476649 
133.440025    0.00458199 
133.538586    0.00435763 
133.637150    0.00409508 
133.735715    0.00379633 
133.834283    0.00346368 
133.932854    0.00309978 
134.031427    0.00270755 
134.130002    0.00229025 
134.228578    0.00185142 
134.327157    0.00139490 
134.425736    0.00092479 
134.524316    0.00044544 
134.622897    -0.00003860 
134.721477    -0.00052258 
134.820057    -0.00100161 
134.918635    -0.00147074 
135.017213    -0.00192494 
135.115788    -0.00235924 
135.214362    -0.00276873 
135.312934    -0.00314870 
135.411503    -0.00349466 
135.510071    -0.00380243 
135.608637    -0.00406823 
135.707201    -0.00428872 
135.805763    -0.00446110 
135.904325    -0.00458315 
136.002886    -0.00465328 
136.101446    -0.00467055 
136.200007    -0.00463391 
136.298569    -0.00454540 
136.397132    -0.00440534 
136.495696    -0.00421551 
136.594262    -0.00397829 
136.692829    -0.00369664 
136.791399    -0.00337402 
136.889971    -0.00301433 
136.988544    -0.00262241 
137.087119    -0.00220165 
137.185696    -0.00175744 
137.284273    -0.00129474 
137.382852    -0.00081854 
137.481431    -0.00033389 
137.580009    0.00015425 
137.678587    0.00064101 
137.777164    0.00112166 
137.875740    0.00159168 
137.974314    0.00204674 
138.072885    0.00248279 
138.171455    0.00289604 
138.270022    0.00328299 
138.368586    0.00364043 
138.467148    0.00396548 
138.565707    0.00425555 
138.664264    0.00450838 
138.762819    0.00472205 
138.861372    0.00489492 
138.959924    0.00502570 
139.058475    0.00511342 
139.157026    0.00515741 
139.255576    0.00515734 
139.354127    0.00511319 
139.452679    0.00502527 
139.551232    0.00489418 
139.649786    0.00472088 
139.748342    0.00450663 
139.846901    0.00425302 
139.945462    0.00396196 
140.044025    0.00363568 
140.142591    0.00327676 
140.241159    0.00288805 
140.339730    0.00247277 
140.438302    0.00203442 
140.536876    0.00157678 
140.635451    0.00110393 
140.734028    0.00062020 
140.832604    0.00013017 
140.931181    -0.00036142 
141.029757    -0.00084965 
141.128333    -0.00132948 
141.226907    -0.00179583 
141.325479    -0.00224363 
141.424050    -0.00266787 
141.522618    -0.00306367 
141.621184    -0.00342638 
141.719749    -0.00375166 
141.818311    -0.00403550 
141.916871    -0.00427439 
142.015430    -0.00446527 
142.113987    -0.00460572 
142.212544    -0.00469390 
142.311100    -0.00472865 
142.409657    -0.00470950 
142.508214    -0.00463584 
142.606772    -0.00451029 
142.705331    -0.00433362 
142.803892    -0.00410807 
142.902455    -0.00383721 
143.001019    -0.00352289 
143.099586    -0.00316973 
143.198155    -0.00278199 
143.296725    -0.00236421 
143.395297    -0.00192121 
143.493870    -0.00145797 
143.592444    -0.00097956 
143.691019    -0.00049108 
143.789593    0.00000241 
143.888167    0.00049592 
143.986740    0.00098464 
144.085312    0.00146391 
144.183882    0.00192930 
144.282449    0.00237663 
144.381015    0.00280198 
144.479578    0.00320174 
144.578138    0.00357257 
144.676696    0.00391148 
144.775251    0.00421576 
144.873804    0.00448306 
144.972354    0.00471132 
145.070903    0.00489882 
145.169450    0.00504416 
145.267996    0.00514627 
145.366541    0.00520440 
145.465087    0.00521812 
145.563632    0.00518731 
145.662178    0.00511219 
145.760725    0.00499329 
145.859274    0.00483147 
145.957824    0.00462791 
146.056377    0.00438412 
146.154932    0.00410192 
146.253489    0.00378347 
146.352049    0.00343125 
146.450612    0.00304807 
146.549176    0.00263704 
146.647743    0.00220161 
146.746311    0.00174551 
146.844881    0.00127276 
146.943452    0.00078765 
147.042024    0.00029471 
147.140596    -0.00020133 
147.239167    -0.00069555 
147.337738    -0.00118290 
147.436307    -0.00165828 
147.534875    -0.00211656 
147.633441    -0.00255265 
147.732006    -0.00296159 
147.830567    -0.00333861 
147.929127    -0.00367922 
148.027685    -0.00397927 
148.126240    -0.00423504 
148.224794    -0.00444332 
148.323347    -0.00460144 
148.421898    -0.00470656 
148.520450    -0.00475888 
148.619001    -0.00475694 
148.717552    -0.00470076 
148.816105    -0.00459105 
148.914658    -0.00442923 
149.013213    -0.00421736 
149.111770    -0.00395814 
149.210329    -0.00365545 
149.308890    -0.00331166 
149.407453    -0.00293166 
149.506017    -0.00251994 
149.604584    -0.00208130 
149.703151    -0.00162069 
149.801720    -0.00114320 
149.900289    -0.00065398 
149.998859    -0.00015814 
150.097428    0.00033928 
150.195996    0.00083337 
150.294563    0.00131940 
150.393128    0.00179283 
150.491691    0.00224938 
150.590252    0.00268503 
150.688811    0.00309605 
150.787366    0.00347901 
150.885919    0.00383079 
150.984470    0.00414858 
151.083018    0.00442991 
151.181563    0.00467263 
151.280107    0.00487489 
151.378648    0.00503521 
151.477189    0.00515239 
151.575729    0.00522559 
151.674268    0.00525426 
151.772807    0.00523819 
151.871347    0.00517749 
151.969888    0.00507260 
152.068430    0.00492427 
152.166974    0.00473357 
152.265520    0.00450190 
152.364068    0.00423099 
152.462619    0.00392290 
152.561172    0.00358001 
152.659728    0.00320501 
152.758286    0.00280094 
152.856846    0.00237113 
152.955408    0.00191923 
153.053972    0.00144919 
153.152537    0.00096521 
153.251103    0.00047176 
153.349669    -0.00002646 
153.448235    -0.00052458 
153.546800    -0.00101758 
153.645364    -0.00150034 
153.743927    -0.00196770 
153.842488    -0.00241453 
153.941047    -0.00283580 
154.039604    -0.00322663 
154.138158    -0.00358241 
154.236711    -0.00389883 
154.335261    -0.00417201 
154.433809    -0.00439851 
154.532356    -0.00457547 
154.630902    -0.00470060 
154.729448    -0.00477150 
154.827993    -0.00478879 
154.926538    -0.00475147 
155.025084    -0.00466002 
155.123631    -0.00451561 
155.222179    -0.00432011 
155.320729    -0.00407600 
155.419282    -0.00378636 
155.517836    -0.00345477 
155.616392    -0.00308528 
155.714950    -0.00268231 
155.813510    -0.00225057 
155.912071    -0.00179530 
156.010633    -0.00132090 
156.109197    -0.00083289 
156.207760    -0.00033642 
156.306323    0.00016340 
156.404885    0.00066161 
156.503447    0.00115337 
156.602007    0.00163407 
156.700564    0.00209933 
156.799120    0.00254501 
156.897673    0.00296727 
156.996224    0.00336256 
157.094771    0.00372763 
157.193316    0.00405958 
157.291859    0.00435579 
157.390399    0.00461399 
157.488937    0.00483223 
157.587473    0.00500888 
157.686007    0.00514265 
157.784541    0.00523255 
157.883074    0.00527794 
157.981606    0.00527848 
158.080139    0.00523416 
158.178673    0.00514530 
158.277209    0.00501252 
158.375745    0.00483678 
158.474284    0.00461937 
158.572825    0.00436188 
158.671369    0.00406626 
158.769914    0.00373476 
158.868463    0.00336997 
158.967014    0.00297480 
159.065567    0.00255247 
159.164122    0.00210652 
159.262679    0.00164079 
159.361237    0.00115940 
159.459796    0.00066675 
159.558356    0.00016744 
159.656915    -0.00033369 
159.755474    -0.00083165 
159.854032    -0.00132134 
159.952589    -0.00179759 
160.051144    -0.00225523 
160.149698    -0.00268915 
160.248249    -0.00309439 
160.346797    -0.00346619 
160.445344    -0.00380011 
160.543888    -0.00409204 
160.642430    -0.00433773 
160.740971    -0.00453529 
160.839511    -0.00468160 
160.938049    -0.00477477 
161.036587    -0.00481357 
161.135125    -0.00479749 
161.233664    -0.00472672 
161.332203    -0.00460219 
161.430744    -0.00442548 
161.529287    -0.00419886 
161.627831    -0.00392519 
161.726377    -0.00360787 
161.824925    -0.00325081 
161.923476    -0.00285831 
162.022028    -0.00243500 
162.120582    -0.00198575 
162.219137    -0.00151563 
162.317693    -0.00102979 
162.416249    -0.00053341 
162.514805    -0.00003163 
162.613361    0.00047049 
162.711916    0.00096805 
162.810469    0.00145631 
162.909021    0.00193078 
163.007570    0.00238720 
163.106117    0.00282160 
163.204661    0.00323030 
163.303203    0.00360992 
163.401741    0.00395805 
163.500277    0.00427069 
163.598810    0.00454603 
163.697341    0.00478197 
163.795870    0.00497674 
163.894398    0.00512890 
163.992924    0.00523735 
164.091449    0.00530129 
164.189974    0.00532025 
164.288499    0.00529408 
164.387024    0.00522296 
164.485551    0.00510740 
164.584079    0.00494820 
164.682609    0.00474652 
164.781141    0.00450384 
164.879676    0.00422194 
164.978213    0.00390296 
165.076752    0.00354937 
165.175294    0.00316393 
165.273838    0.00274976 
165.372385    0.00231028 
165.470933    0.00184922 
165.569483    0.00137062 
165.668034    0.00087876 
165.766586    0.00037821 
165.865138    -0.00012626 
165.963689    -0.00062970 
166.062240    -0.00112700 
166.160789    -0.00161297 
166.259337    -0.00208240 
166.357883    -0.00253011 
166.456427    -0.00295102 
166.554969    -0.00334023 
166.653508    -0.00369312 
166.752045    -0.00400539 
166.850580    -0.00427317 
166.949113    -0.00449244 
167.047645    -0.00466164 
167.146175    -0.00477799 
167.244705    -0.00483996 
167.343235    -0.00484672 
167.441765    -0.00479817 
167.540295    -0.00469493 
167.638827    -0.00453832 
167.737361    -0.00433035 
167.835896    -0.00407366 
167.934433    -0.00377147 
168.032972    -0.00342751 
168.131513    -0.00304597 
168.230057    -0.00263138 
168.328601    -0.00218858 
168.427148    -0.00172261 
168.525695    -0.00123887 
168.624243    -0.00074202 
168.722791    -0.00023758 
168.821338    0.00026930 
168.919885    0.00077360 
169.018430    0.00127048 
169.116974    0.00175530 
169.215516    0.00222367 
169.314055    0.00267148 
169.412591    0.00309488 
169.511125    0.00349034 
169.609656    0.00385465 
169.708184    0.00418490 
169.806710    0.00447852 
169.905232    0.00473328 
170.003753    0.00494726 
170.102272    0.00511886 
170.200789    0.00524683 
170.299305    0.00533023 
170.397821    0.00536844 
170.496337    0.00536119 
170.594852    0.00530851 
170.693369    0.00521077 
170.791887    0.00506863 
170.890407    0.00488313 
170.988929    0.00465559 
171.087453    0.00438768 
171.185980    0.00408141 
171.284509    0.00373910 
171.383040    0.00336342 
171.481574    0.00295735 
171.580111    0.00252421 
171.678649    0.00206762 
171.777189    0.00159152 
171.875731    0.00110013 
171.974273    0.00059793 
172.072815    0.00008965 
172.171358    -0.00041977 
172.269899    -0.00092524 
172.368440    -0.00142155 
172.466979    -0.00190343 
172.565516    -0.00236561 
172.664052    -0.00280290 
172.762585    -0.00321027 
172.861115    -0.00358290 
172.959643    -0.00391629 
173.058169    -0.00420633 
173.156693    -0.00444937 
173.255215    -0.00464163 
173.353736    -0.00478194 
173.452256    -0.00486783 
173.550775    -0.00489816 
173.649295    -0.00487251 
173.747815    -0.00479119 
173.846336    -0.00465525 
173.944859    -0.00446644 
174.043383    -0.00422715 
174.141909    -0.00394042 
174.240437    -0.00360981 
174.338967    -0.00323937 
174.437499    -0.00283412 
174.536033    -0.00239766 
174.634569    -0.00193563 
174.733105    -0.00145320 
174.831643    -0.00095566 
174.930180    -0.00044827 
175.028718    0.00006372 
175.127255    0.00057518 
175.225790    0.00108114 
175.324325    0.00157683 
175.422857    0.00205770 
175.521386    0.00251948 
175.619913    0.00295816 
175.718438    0.00337006 
175.816959    0.00375178 
175.915477    0.00410028 
176.013993    0.00441282 
176.112506    0.00468699 
176.211016    0.00492073 
176.309524    0.00511230 
176.408031    0.00526027 
176.506536    0.00536357 
176.605041    0.00542145 
176.703545    0.00543347 
176.802049    0.00539953 
176.900554    0.00531985 
176.999060    0.00519498 
177.097568    0.00502580 
177.196078    0.00481351 
177.294590    0.00455966 
177.393104    0.00426611 
177.491621    0.00393506 
177.590140    0.00356907 
177.688662    0.00317100 
177.787186    0.00274405 
177.885713    0.00229176 
177.984241    0.00181797 
178.082771    0.00132682 
178.181302    0.00082273 
178.279833    0.00031039 
178.378365    -0.00020530 
178.476896    -0.00071924 
178.575426    -0.00122620 
178.673955    -0.00172085 
178.772482    -0.00219785 
178.871007    -0.00265188 
178.969529    -0.00307777 
179.068050    -0.00347052 
179.166567    -0.00382541 
179.265083    -0.00413808 
179.363596    -0.00440464 
179.462107    -0.00462167 
179.560616    -0.00478638 
179.659125    -0.00489661 
179.757632    -0.00495090 
179.856140    -0.00494851 
179.954648    -0.00488860 
180.053157    -0.00477362 
180.151667    -0.00460420 
180.250178    -0.00438252 
180.348692    -0.00411217 
180.447207    -0.00379497 
180.545724    -0.00343565 
180.644244    -0.00303857 
180.742765    -0.00260846 
180.841289    -0.00215034 
180.939813    -0.00166940 
181.038339    -0.00117096 
181.136864    -0.00066038 
181.235390    -0.00014299 
181.333916    0.00037594 
181.432440    0.00089132 
181.530963    0.00139822 
181.629484    0.00189194 
181.728003    0.00236804 
181.826519    0.00282235 
181.925032    0.00325100 
182.023542    0.00365046 
182.122049    0.00401749 
182.220553    0.00434919 
182.319055    0.00464300 
182.417553    0.00489669 
182.516050    0.00510836 
182.614544    0.00527645 
182.713037    0.00539973 
182.811529    0.00547730 
182.910020    0.00550858 
183.008511    0.00549334 
183.107003    0.00543166 
183.205495    0.00532396 
183.303990    0.00517099 
183.402485    0.00497382 
183.500983    0.00473386 
183.599484    0.00445287 
183.697987    0.00413292 
183.796492    0.00377645 
183.895001    0.00338622 
183.993512    0.00296532 
184.092025    0.00251720 
184.190540    0.00204560 
184.289057    0.00155460 
184.387575    0.00104856 
184.486094    0.00053212 
184.584613    0.00001016 
184.683132    -0.00051223 
184.781650    -0.00102978 
184.880167    -0.00153712 
184.978682    -0.00202883 
185.077196    -0.00249948 
185.175707    -0.00294375 
185.274215    -0.00335646 
185.372721    -0.00373269 
185.471225    -0.00406785 
185.569726    -0.00435776 
185.668225    -0.00459874 
185.766722    -0.00478769 
185.865218    -0.00492213 
185.963712    -0.00500027 
186.062207    -0.00502107 
186.160702    -0.00498422 
186.259197    -0.00489018 
186.357693    -0.00474017 
186.456191    -0.00453611 
186.554691    -0.00428063 
186.653192    -0.00397695 
186.751696    -0.00362887 
186.850202    -0.00324067 
186.948710    -0.00281703 
187.047220    -0.00236293 
187.145731    -0.00188359 
187.244243    -0.00138438 
187.342757    -0.00087075 
187.441270    -0.00034812 
187.539783    0.00017814 
187.638295    0.00070276 
187.736806    0.00122069 
187.835315    0.00172707 
187.933822    0.00221728 
188.032326    0.00268700 
188.130827    0.00313219 
188.229326    0.00354913 
188.327821    0.00393444 
188.426313    0.00428504 
188.524802    0.00459822 
188.623288    0.00487159 
188.721772    0.00510310 
188.820253    0.00529103 
188.918733    0.00543401 
189.017212    0.00553101 
189.115689    0.00558131 
189.214167    0.00558454 
189.312645    0.00554065 
189.411123    0.00544993 
189.509603    0.00531301 
189.608085    0.00513083 
189.706569    0.00490470 
189.805055    0.00463623 
189.903543    0.00432740 
190.002035    0.00398053 
190.100529    0.00359827 
190.199026    0.00318361 
190.297525    0.00273991 
190.396027    0.00227082 
190.494530    0.00178035 
190.593035    0.00127279 
190.691541    0.00075275 
190.790048    0.00022507 
190.888554    -0.00030517 
190.987060    -0.00083267 
191.085565    -0.00135204 
191.184068    -0.00185777 
191.282570    -0.00234434 
191.381069    -0.00280629 
191.479566    -0.00323829 
191.578060    -0.00363521 
191.676551    -0.00399225 
191.775040    -0.00430497 
191.873527    -0.00456943 
191.972012    -0.00478221 
192.070495    -0.00494053 
192.168977    -0.00504231 
192.267459    -0.00508616 
192.365940    -0.00507150 
192.464422    -0.00499848 
192.562905    -0.00486805 
192.661389    -0.00468189 
192.759875    -0.00444242 
192.858363    -0.00415268 
192.956853    -0.00381633 
193.055346    -0.00343756 
193.153840    -0.00302096 
193.252337    -0.00257152 
193.350835    -0.00209445 
193.449334    -0.00159516 
193.547835    -0.00107917 
193.646336    -0.00055201 
193.744836    -0.00001916 
193.843336    0.00051401 
193.941835    0.00104227 
194.040332    0.00156061 
194.138827    0.00206427 
194.237320    0.00254875 
194.335809    0.00300985 
194.434296    0.00344369 
194.532779    0.00384672 
194.631259    0.00421571 
194.729736    0.00454777 
194.828210    0.00484038 
194.926681    0.00509132 
195.025150    0.00529875 
195.123617    0.00546115 
195.222083    0.00557734 
195.320547    0.00564648 
195.419012    0.00566806 
195.517476    0.00564192 
195.615941    0.00556821 
195.714406    0.00544743 
195.812874    0.00528043 
195.911344    0.00506837 
196.009816    0.00481276 
196.108290    0.00451546 
196.206767    0.00417868 
196.305248    0.00380496 
196.403730    0.00339720 
196.502216    0.00295864 
196.600704    0.00249286 
196.699194    0.00200379 
196.797686    0.00149564 
196.896179    0.00097297 
196.994673    0.00044058 
197.093167    -0.00009645 
197.191661    -0.00063285 
197.290154    -0.00116318 
197.388646    -0.00168188 
197.487136    -0.00218335 
197.585623    -0.00266202 
197.684108    -0.00311240 
197.782591    -0.00352920 
197.881071    -0.00390740 
197.979548    -0.00424233 
198.078023    -0.00452978 
198.176496    -0.00476605 
198.274967    -0.00494807 
198.373436    -0.00507344 
198.471905    -0.00514047 
198.570374    -0.00514825 
198.668842    -0.00509665 
198.767312    -0.00498634 
198.865783    -0.00481875 
198.964256    -0.00459605 
199.062730    -0.00432111 
199.161207    -0.00399744 
199.259686    -0.00362910 
199.358167    -0.00322061 
199.456651    -0.00277690 
199.555136    -0.00230320 
199.653623    -0.00180493 
199.752111    -0.00128768 
199.850599    -0.00075704 
199.949088    -0.00021862 
200.047576    0.00032210 
200.146063    0.00085975 
200.244549    0.00138918 
200.343032    0.00190546 
200.441513    0.00240395 
200.539992    0.00288027 
200.638467    0.00333039 
200.736939    0.00375059 
200.835407    0.00413749 
200.933873    0.00448804 
201.032335    0.00479956 
201.130794    0.00506970 
201.229251    0.00529645 
201.327706    0.00547817 
201.426159    0.00561354 
201.524611    0.00570159 
201.623062    0.00574167 
201.721513    0.00573349 
201.819964    0.00567710 
201.918417    0.00557286 
202.016870    0.00542148 
202.115326    0.00522403 
202.213784    0.00498189 
202.312245    0.00469681 
202.410709    0.00437088 
202.509175    0.00400653 
202.607645    0.00360657 
202.706117    0.00317411 
202.804591    0.00271267 
202.903069    0.00222605 
203.001548    0.00171843 
203.100028    0.00119427 
203.198510    0.00065835 
203.296992    0.00011569 
203.395474    -0.00042843 
203.493955    -0.00096857 
203.592435    -0.00149912 
203.690913    -0.00201443 
203.789390    -0.00250882 
203.887863    -0.00297669 
203.986335    -0.00341257 
204.084803    -0.00381125 
204.183269    -0.00416786 
204.281732    -0.00447791 
204.380193    -0.00473745 
204.478653    -0.00494311 
204.577110    -0.00509217 
204.675567    -0.00518265 
204.774023    -0.00521332 
204.872479    -0.00518375 
204.970935    -0.00509431 
205.069393    -0.00494616 
205.167853    -0.00474124 
205.266314    -0.00448221 
205.364778    -0.00417241 
205.463244    -0.00381573 
205.561712    -0.00341664 
205.660183    -0.00297998 
205.758655    -0.00251095 
205.857130    -0.00201501 
205.955605    -0.00149776 
206.054082    -0.00096489 
206.152558    -0.00042206 
206.251035    0.00012509 
206.349511    0.00067109 
206.447985    0.00121065 
206.546457    0.00173869 
206.644927    0.00225039 
206.743395    0.00274125 
206.841859    0.00320705 
206.940320    0.00364391 
207.038778    0.00404830 
207.137232    0.00441702 
207.235683    0.00474723 
207.334131    0.00503643 
207.432576    0.00528248 
207.531019    0.00548357 
207.629460    0.00563826 
207.727900    0.00574545 
207.826338    0.00580435 
207.924777    0.00581454 
208.023215    0.00577594 
208.121655    0.00568879 
208.220096    0.00555369 
208.318538    0.00537157 
208.416983    0.00514370 
208.515431    0.00487170 
208.613881    0.00455756 
208.712334    0.00420358 
208.810791    0.00381246 
208.909250    0.00338722 
209.007712    0.00293124 
209.106176    0.00244828 
209.204643    0.00194238 
209.303111    0.00141796 
209.401581    0.00087973 
209.500052    0.00033266 
209.598522    -0.00021799 
209.696992    -0.00076677 
209.795461    -0.00130808 
209.893929    -0.00183620 
209.992394    -0.00234537 
210.090857    -0.00282987 
210.189318    -0.00328411 
210.287776    -0.00370269 
210.386231    -0.00408053 
210.484683    -0.00441290 
210.583133    -0.00469560 
210.681581    -0.00492496 
210.780027    -0.00509796 
210.878472    -0.00521230 
210.976916    -0.00526644 
211.075361    -0.00525963 
211.173805    -0.00519194 
211.272251    -0.00506425 
211.370698    -0.00487824 
211.469146    -0.00463634 
211.567597    -0.00434169 
211.666051    -0.00399803 
211.764507    -0.00360970 
211.862965    -0.00318148 
211.961425    -0.00271851 
212.059887    -0.00222624 
212.158351    -0.00171030 
212.256816    -0.00117643 
212.355281    -0.00063040 
212.453746    -0.00007792 
212.552211    0.00047541 
212.650674    0.00102416 
212.749136    0.00156310 
212.847595    0.00208727 
212.946052    0.00259200 
213.044506    0.00307292 
213.142956    0.00352599 
213.241403    0.00394751 
213.339847    0.00433413 
213.438287    0.00468286 
213.536724    0.00499104 
213.635158    0.00525638 
213.733590    0.00547695 
213.832019    0.00565114 
213.930447    0.00577773 
214.028874    0.00585580 
214.127300    0.00588480 
214.225726    0.00586451 
214.324153    0.00579505 
214.422581    0.00567689 
214.521011    0.00551084 
214.619443    0.00529806 
214.717877    0.00504003 
214.816314    0.00473862 
214.914755    0.00439602 
215.013198    0.00401482 
215.111644    0.00359791 
215.210093    0.00314859 
215.308545    0.00267048 
215.407000    0.00216756 
215.505456    0.00164415 
215.603914    0.00110488 
215.702372    0.00055468 
215.800832    -0.00000125 
215.899290    -0.00055747 
215.997748    -0.00110836 
216.096205    -0.00164818 
216.194660    -0.00217111 
216.293113    -0.00267134 
216.391563    -0.00314315 
216.490010    -0.00358099 
216.588455    -0.00397956 
216.686897    -0.00433393 
216.785336    -0.00463963 
216.883773    -0.00489272 
216.982208    -0.00508988 
217.080641    -0.00522849 
217.179074    -0.00530669 
217.277506    -0.00532341 
217.375938    -0.00527841 
217.474372    -0.00517226 
217.572806    -0.00500638 
217.671242    -0.00478293 
217.769681    -0.00450483 
217.868122    -0.00417568 
217.966565    -0.00379963 
218.065011    -0.00338136 
218.163459    -0.00292598 
218.261909    -0.00243888 
218.360361    -0.00192573 
218.458814    -0.00139227 
218.557268    -0.00084436 
218.655722    -0.00028780 
218.754175    0.00027170 
218.852628    0.00082858 
218.951079    0.00137748 
219.049527    0.00191329 
219.147974    0.00243117 
219.246417    0.00292661 
219.344857    0.00339540 
219.443294    0.00383368 
219.541727    0.00423795 
219.640157    0.00460505 
219.738583    0.00493218 
219.837006    0.00521690 
219.935426    0.00545712 
220.033845    0.00565111 
220.132261    0.00579748 
220.230676    0.00589520 
220.329090    0.00594357 
220.427504    0.00594225 
220.525918    0.00589122 
220.624333    0.00579083 
220.722750    0.00564176 
220.821169    0.00544503 
220.919591    0.00520201 
221.018015    0.00491444 
221.116442    0.00458440 
221.214872    0.00421432 
221.313305    0.00380701 
221.411742    0.00336563 
221.510181    0.00289369 
221.608623    0.00239508 
221.707067    0.00187401 
221.805513    0.00133503 
221.903960    0.00078301 
222.002408    0.00022308 
222.100855    -0.00033934 
222.199302    -0.00089866 
222.297748    -0.00144911 
222.396193    -0.00198483 
222.494635    -0.00249994 
222.593074    -0.00298860 
222.691511    -0.00344511 
222.789945    -0.00386402 
222.888377    -0.00424017 
222.986805    -0.00456883 
223.085231    -0.00484581 
223.183655    -0.00506748 
223.282077    -0.00523091 
223.380498    -0.00533390 
223.478919    -0.00537506 
223.577339    -0.00535382 
223.675760    -0.00527043 
223.774182    -0.00512601 
223.872606    -0.00492246 
223.971032    -0.00466245 
224.069461    -0.00434935 
224.167891    -0.00398719 
224.266324    -0.00358049 
224.364760    -0.00313428 
224.463198    -0.00265392 
224.561638    -0.00214502 
224.660079    -0.00161340 
224.758521    -0.00106494 
224.856964    -0.00050552 
224.955406    0.00005903 
225.053848    0.00062305 
225.152288    0.00118103 
225.250726    0.00172772 
225.349162    0.00225812 
225.447595    0.00276757 
225.546025    0.00325169 
225.644451    0.00370647 
225.742874    0.00412823 
225.841293    0.00451366 
225.939709    0.00485981 
226.038121    0.00516407 
226.136531    0.00542422 
226.234938    0.00563837 
226.333342    0.00580499 
226.431746    0.00592291 
226.530148    0.00599129 
226.628550    0.00600965 
226.726952    0.00597785 
226.825354    0.00589609 
226.923759    0.00576492 
227.022165    0.00558523 
227.120573    0.00535828 
227.218984    0.00508566 
227.317398    0.00476931 
227.415815    0.00441156 
227.514236    0.00401508 
227.612659    0.00358290 
227.711086    0.00311843 
227.809515    0.00262543 
227.907947    0.00210801 
228.006381    0.00157063 
228.104816    0.00101806 
228.203252    0.00045538 
228.301689    -0.00011205 
228.400125    -0.00067866 
228.498560    -0.00123869 
228.596993    -0.00178624 
228.695425    -0.00231538 
228.793854    -0.00282018 
228.892281    -0.00329481 
228.990704    -0.00373365 
229.089125    -0.00413134 
229.187543    -0.00448294 
229.285958    -0.00478396 
229.384371    -0.00503050 
229.482782    -0.00521929 
229.581192    -0.00534782 
229.679600    -0.00541435 
229.778009    -0.00541795 
229.876418    -0.00535857 
229.974828    -0.00523698 
230.073239    -0.00505481 
230.171653    -0.00481445 
230.270068    -0.00451905 
230.368486    -0.00417242 
230.466907    -0.00377896 
230.565330    -0.00334356 
230.663756    -0.00287153 
230.762183    -0.00236844 
230.860612    -0.00184012 
230.959043    -0.00129248 
231.057474    -0.00073147 
231.155905    -0.00016301 
231.254335    0.00040711 
231.352764    0.00097327 
231.451192    0.00153006 
231.549617    0.00207235 
231.648040    0.00259529 
231.746459    0.00309436 
231.844875    0.00356538 
231.943287    0.00400450 
232.041695    0.00440826 
232.140100    0.00477353 
232.238502    0.00509756 
232.336900    0.00537796 
232.435296    0.00561269 
232.533689    0.00580009 
232.632081    0.00593882 
232.730471    0.00602791 
232.828860    0.00606674 
232.927250    0.00605502 
233.025640    0.00599283 
233.124031    0.00588058 
233.222424    0.00571901 
233.320819    0.00550926 
233.419217    0.00525276 
233.517618    0.00495135 
233.616021    0.00460720 
233.714428    0.00422285 
233.812839    0.00380121 
233.911252    0.00334555 
234.009669    0.00285951 
234.108088    0.00234708 
234.206509    0.00181262 
234.304932    0.00126081 
234.403356    0.00069663 
234.501781    0.00012539 
234.600205    -0.00044739 
234.698629    -0.00101597 
234.797052    -0.00157443 
234.895473    -0.00211681 
234.993891    -0.00263710 
235.092307    -0.00312935 
235.190720    -0.00358781 
235.289130    -0.00400692 
235.387537    -0.00438150 
235.485942    -0.00470682 
235.584343    -0.00497867 
235.682743    -0.00519349 
235.781141    -0.00534840 
235.879538    -0.00544132 
235.977935    -0.00547097 
236.076331    -0.00543694 
236.174729    -0.00533967 
236.273127    -0.00518045 
236.371528    -0.00496140 
236.469930    -0.00468540 
236.568336    -0.00435604 
236.666743    -0.00397754 
236.765154    -0.00355466 
236.863566    -0.00309259 
236.961981    -0.00259688 
237.060398    -0.00207332 
237.158816    -0.00152786 
237.257236    -0.00096651 
237.355655    -0.00039525 
237.454074    0.00018001 
237.552492    0.00075352 
237.650909    0.00131974 
237.749323    0.00187338 
237.847735    0.00240943 
237.946143    0.00292320 
238.044549    0.00341034 
238.142950    0.00386684 
238.241348    0.00428905 
238.339743    0.00467369 
238.438133    0.00501785 
238.536520    0.00531896 
238.634905    0.00557484 
238.733287    0.00578365 
238.831666    0.00594393 
238.930044    0.00605454 
239.028421    0.00611472 
239.126798    0.00612404 
239.225175    0.00608242 
239.323554    0.00599013 
239.421933    0.00584779 
239.520315    0.00565637 
239.618699    0.00541718 
239.717086    0.00513190 
239.815476    0.00480258 
239.913869    0.00443160 
240.012266    0.00402175 
240.110666    0.00357615 
240.209070    0.00309831 
240.307476    0.00259211 
240.405884    0.00206177 
240.504294    0.00151187 
240.602706    0.00094731 
240.701119    0.00037331 
240.799532    -0.00020466 
240.897944    -0.00078089 
240.996355    -0.00134949 
241.094765    -0.00190443 
241.193173    -0.00243967 
241.291578    -0.00294917 
241.389980    -0.00342700 
241.488380    -0.00386746 
241.586776    -0.00426515 
241.685169    -0.00461507 
241.783560    -0.00491273 
241.881948    -0.00515424 
241.980335    -0.00533639 
242.078720    -0.00545672 
242.177104    -0.00551360 
242.275489    -0.00550624 
