0.000000    0.00000000 
0.306793    0.01331338 
0.613879    0.02536013 
0.922087    0.03514229 
1.232902    0.04191930 
1.548327    0.04514619 
1.870566    0.04442870 
2.201544    0.03953002 
2.542336    0.03045563 
2.892626    0.01762957 
3.250504    0.00213568 
3.612949    -0.01408575 
3.977072    -0.02830263 
4.341453    -0.03753578 
4.706476    -0.03953206 
5.073199    -0.03368383 
5.441726    -0.02130044 
5.810541    -0.00505370 
6.177245    0.01201027 
6.539911    0.02729055 
6.898004    0.03897510 
7.252515    0.04599541 
7.605459    0.04783609 
7.959090    0.04437538 
8.315038    0.03584100 
8.673630    0.02289240 
9.033625    0.00679375 
9.392690    -0.01043804 
9.748611    -0.02610031 
10.100648    -0.03727038 
10.449996    -0.04162688 
10.798849    -0.03824660 
11.148754    -0.02792107 
11.499552    -0.01282446 
11.849632    0.00425533 
12.197088    0.02069558 
12.540868    0.03449063 
12.881302    0.04433218 
13.219970    0.04947587 
13.559130    0.04957101 
13.900973    0.04456216 
14.246843    0.03470303 
14.596631    0.02068416 
14.948638    0.00383078 
15.300192    -0.01375168 
15.648991    -0.02928584 
15.994438    -0.03985128 
16.337935    -0.04324125 
16.681732    -0.03873077 
17.027213    -0.02732250 
17.373928    -0.01134828 
17.720004    0.00633297 
18.063422    0.02310527 
18.403165    0.03701128 
18.739696    0.04679604 
19.074758    0.05175361 
19.410765    0.05155182 
19.750011    0.04613649 
20.093848    0.03575629 
20.442062    0.02110876 
20.792724    0.00355906 
21.142885    -0.01469861 
21.490040    -0.03075564 
21.833577    -0.04156095 
22.175047    -0.04483821 
22.516882    -0.03988847 
22.860524    -0.02782276 
23.205429    -0.01111638 
23.549559    0.00724702 
23.890772    0.02457670 
24.228038    0.03888929 
24.561911    0.04893233 
24.894299    0.05400948 
25.227802    0.05379100 
25.564882    0.04821280 
25.906999    0.03750484 
26.253920    0.02235028 
26.603552    0.00412686 
26.952662    -0.01490600 
27.298472    -0.03171166 
27.640268    -0.04307705 
27.979712    -0.04659282 
28.319460    -0.04151057 
28.661108    -0.02898871 
29.004098    -0.01161925 
29.346247    0.00747940 
29.685256    0.02551004 
30.020018    0.04042839 
30.351126    0.05095679 
30.680622    0.05638971 
31.011308    0.05638669 
31.345860    0.05086056 
31.685911    0.04000433 
32.031287    0.02446025 
32.379767    0.00558493 
32.727799    -0.01432816 
33.072229    -0.03212509 
33.412109    -0.04440357 
33.749159    -0.04855515 
34.086311    -0.04369709 
34.425447    -0.03096062 
34.766113    -0.01301647 
35.106017    0.00687527 
35.442649    0.02577459 
35.774732    0.04153422 
36.102817    0.05281856 
36.429037    0.05889228 
36.756395    0.05939120 
37.087843    0.05419242 
37.425294    0.04343146 
37.768765    0.02767488 
38.116006    0.00820981 
38.463154    -0.01268584 
38.806548    -0.03176352 
39.144811    -0.04539686 
39.479580    -0.05068476 
39.814063    -0.04649451 
40.150544    -0.03383837 
40.488791    -0.01542731 
40.826441    0.00531971 
41.160725    0.02527068 
41.490113    0.04212418 
41.815034    0.05445029 
42.137676    0.06146354 
42.461257    0.06276510 
42.789060    0.05818633 
43.123382    0.04778819 
43.464557    0.03203103 
43.810414    0.01208476 
44.156786    -0.00984530 
44.499370    -0.03045499 
44.836134    -0.04587995 
45.168457    -0.05284752 
45.499829    -0.04985640 
45.833097    -0.03768416 
46.168451    -0.01901029 
46.503558    0.00259302 
46.835344    0.02375638 
47.161899    0.04196453 
47.483401    0.05564641 
47.802005    0.06394035 
48.121116    0.06640277 
48.444392    0.06281444 
48.774634    0.05314950 
49.112682    0.03772945 
49.456652    0.01754547 
49.802190    -0.00535657 
50.144257    -0.02769971 
50.479872    -0.04540325 
50.809848    -0.05474331 
51.137851    -0.05369298 
51.467453    -0.04262387 
51.799552    -0.02405948 
52.132030    -0.00169043 
52.461506    0.02082711 
52.785538    0.04067989 
53.103863    0.05608275 
53.418458    0.06605402 
53.732839    0.07008742 
54.051045    0.06790954 
54.376471    0.05940417 
54.710649    0.04473543 
55.052236    0.02466679 
55.396900    0.00099686 
55.738871    -0.02313470 
56.073937    -0.04350337 
56.401927    -0.05589969 
56.726433    -0.05762737 
57.051836    -0.04845877 
57.380076    -0.03058625 
57.709574    -0.00772681 
58.036746    0.01615944 
58.358493    0.03787722 
58.673896    0.05533906 
58.984548    0.06738503 
59.293945    0.07342209 
59.606453    0.07312179 
59.926122    0.06628388 
60.255362    0.05290879 
60.593695    0.03349151 
60.937181    0.00948762 
61.279509    -0.01625009 
61.615019    -0.03949800 
61.942008    -0.05559367 
62.263488    -0.06104530 
62.584537    -0.05480308 
62.908455    -0.03849087 
63.234676    -0.01568144 
63.559686    0.00939803 
63.879687    0.03309243 
64.192865    0.05289947 
64.500159    0.06739460 
64.804826    0.07585602 
65.111433    0.07789615 
65.424643    0.07324813 
65.747858    0.06176694 
66.081772    0.04367091 
66.423326    0.02000447 
66.766121    -0.00682235 
67.103104    -0.03280479 
67.430524    -0.05298147 
67.750060    -0.06302804 
68.067050    -0.06086653 
68.386302    -0.04727247 
68.708825    -0.02540808 
69.031692    0.00037404 
69.350561    0.02593245 
69.662528    0.04823068 
69.967550    0.06546182 
70.268337    0.07670491 
70.569416    0.08149484 
70.875917    0.07951928 
71.192212    0.07052852 
71.520369    0.05449624 
71.858723    0.03203727 
72.201497    0.00499627 
72.540723    -0.02309460 
72.870366    -0.04726413 
73.189899    -0.06247335 
73.504055    -0.06548671 
73.818887    -0.05595423 
74.137433    -0.03629384 
74.458096    -0.01071174 
74.776454    0.01624843 
75.088510    0.04093114 
75.392936    0.06100853 
75.691514    0.07525314 
75.988392    0.08307446 
76.288884    0.08412391 
76.598127    0.07809950 
76.919548    0.06480263 
77.253210    0.04447025 
77.594739    0.01834501 
77.936179    -0.01072070 
78.269585    -0.03812085 
78.591611    -0.05843186 
78.905232    -0.06731141 
79.216918    -0.06308555 
79.531743    -0.04709602 
79.850168    -0.02302791 
80.168489    0.00441897 
80.481962    0.03099359 
80.787836    0.05373159 
81.086602    0.07096588 
81.381614    0.08189478 
81.677983    0.08611241 
81.981251    0.08330573 
82.295928    0.07319494 
82.623809    0.05575066 
82.962464    0.03168354 
83.305049    0.00308716 
83.642773    -0.02612777 
83.969586    -0.05064059 
84.285718    -0.06531719 
84.596766    -0.06714077 
84.909158    -0.05613644 
85.225705    -0.03509137 
85.544313    -0.00847979 
85.860237    0.01904720 
86.169525    0.04387166 
86.471171    0.06377130 
86.767358    0.07762109 
87.062562    0.08489642 
87.362280    0.08527812 
87.671641    0.07847920 
87.993823    0.06433669 
88.328407    0.04318095 
88.670456    0.01642322 
89.011695    -0.01287305 
89.344386    -0.03995106 
89.665794    -0.05942247 
89.979421    -0.06718363 
90.291804    -0.06188130 
90.607661    -0.04513836 
90.927020    -0.02080685 
91.246032    0.00640578 
91.560161    0.03236810 
91.867034    0.05427144 
92.167451    0.07057123 
92.464890    0.08053860 
92.764370    0.08381043 
93.071126    0.08012135 
93.389169    0.06927951 
93.719709    0.05140526 
94.059901    0.02740801 
94.403013    -0.00043873 
94.741059    -0.02818780 
95.069097    -0.05074120 
95.388022    -0.06341105 
95.703231    -0.06365535 
96.020316    -0.05184990 
96.341255    -0.03094166 
96.663703    -0.00532028 
96.983320    0.02064420 
97.296829    0.04365159 
97.603720    0.06170880 
97.906295    0.07381057 
98.208774    0.07948856 
98.516075    0.07848077 
98.832502    0.07061416 
99.160312    0.05592653 
99.498419    0.03501897 
99.841975    0.00955808 
100.183865    -0.01731308 
100.518193    -0.04111309 
100.843632    -0.05710544 
101.163766    -0.06196342 
101.483981    -0.05494442 
101.807507    -0.03798547 
102.133570    -0.01488088 
102.458606    0.01006693 
102.779025    0.03325868 
103.093330    0.05231006 
103.402695    0.06591441 
103.710407    0.07344557 
104.020809    0.07460280 
104.338106    0.06922920 
104.665084    0.05734198 
105.001888    0.03937455 
105.345349    0.01658299 
105.689697    -0.00854180 
106.029106    -0.03219825 
106.360885    -0.04994856 
106.686853    -0.05811637 
107.011527    -0.05512313 
107.338611    -0.04196818 
107.668541    -0.02173638 
107.998714    0.00156098 
108.325679    0.02423038 
108.647352    0.04360880 
108.963999    0.05811562 
109.278022    0.06694556 
109.593103    0.06972321 
109.913126    0.06628549 
110.241028    0.05664794 
110.577679    0.04116242 
110.921134    0.02083548 
111.266909    -0.00230203 
111.609768    -0.02502902 
111.946467    -0.04333693 
112.277538    -0.05353256 
112.606480    -0.05353993 
112.936929    -0.04361803 
113.270078    -0.02616314 
113.604205    -0.00477134 
113.936247    0.01694397 
114.263880    0.03617517 
114.586735    0.05113270 
114.906479    0.06084270 
115.226175    0.06483547 
115.549335    0.06291473 
115.878872    0.05508231 
116.216082    0.04163439 
116.559885    0.02341061 
116.906836    0.00211664 
117.252391    -0.01947482 
117.593185    -0.03775577 
117.928911    -0.04914479 
118.262178    -0.05128508 
118.596324    -0.04389024 
118.932933    -0.02878016 
119.270932    -0.00914674 
119.607658    0.01153952 
119.940725    0.03040614 
120.269347    0.04551203 
120.594643    0.05574086 
120.919161    0.06053117 
121.246052    0.05964632 
121.578101    0.05307509 
121.916778    0.04108771 
122.261507    0.02443558 
122.609556    0.00463119 
122.956986    -0.01585106 
123.300574    -0.03372045 
123.639605    -0.04557096 
123.976073    -0.04896019 
124.312979    -0.04328295 
124.652045    -0.02994652 
124.992632    -0.01179391 
125.332438    0.00788859 
125.669147    0.02624764 
126.001762    0.04126694 
126.331030    0.05173500 
126.659123    0.05701744 
126.988891    0.05683745 
127.322979    0.05116518 
127.662929    0.04024854 
128.008476    0.02477894 
128.357379    0.00613889 
128.706168    -0.01340500 
129.051806    -0.03079933 
129.393368    -0.04279781 
129.732432    -0.04694242 
130.071704    -0.04243223 
130.412931    -0.03038496 
130.755738    -0.01337538 
131.098090    0.00547267 
131.437762    0.02334684 
131.773637    0.03819245 
132.106220    0.04873406 
132.437406    0.05428306 
132.769813    0.05453042 
133.105946    0.04943204 
133.447351    0.03922453 
133.793931    0.02456872 
134.143752    0.00677363 
134.493681    -0.01202233 
134.840875    -0.02892780 
135.184350    -0.04082965 
135.525440    -0.04530343 
135.866628    -0.04145940 
136.209619    -0.03024376 
136.554173    -0.01404775 
136.898440    0.00413723 
137.240288    0.02155546 
137.578564    0.03614942 
137.913637    0.04661383 
138.247222    0.05222915 
138.581763    0.05266682 
138.919646    0.04787554 
139.262374    0.03808987 
139.609924    0.02396011 
139.960543    0.00675955 
140.311336    -0.01144732 
140.659640    -0.02787658 
141.004497    -0.03952326 
141.347118    -0.04402334 
141.689823    -0.04047081 
142.034243    -0.02972820 
142.380182    -0.01407274 
142.725902    0.00360518 
143.069356    0.02061097 
143.409404    0.03490774 
143.746351    0.04518633 
144.081803    0.05071606 
144.418082    0.05116107 
144.757464    0.04647073 
145.101391    0.03688605 
145.449847    0.02306231 
145.801176    0.00626439 
146.152649    -0.01147820 
146.501767    -0.02744901 
146.847654    -0.03873043 
147.191483    -0.04303461 
147.535456    -0.03949013 
147.881104    -0.02894169 
148.228214    -0.01360813 
148.575100    0.00369272 
148.919788    0.02032671 
149.261178    0.03429349 
149.599565    0.04429985 
149.936493    0.04962051 
150.274196    0.04992399 
150.614846    0.04516891 
150.959796    0.03561211 
151.308987    0.02192791 
151.660796    0.00539426 
152.012608    -0.01196692 
152.362086    -0.02748195 
152.708474    -0.03831225 
153.052963    -0.04226366 
153.397677    -0.03853786 
153.744046    -0.02800521 
154.091811    -0.01285799 
154.439322    0.00414601 
154.784686    0.02043726 
155.126877    0.03406407 
155.466222    0.04376135 
155.804249    0.04881736 
156.143137    0.04890840 
156.484979    0.04400256 
156.831045    0.03437239 
157.181211    0.02071484 
157.533849    0.00433256 
157.886410    -0.01273786 
158.236683    -0.02783553 
158.584033    -0.03817481 
158.929684    -0.04164889 
159.275680    -0.03755518 
159.623309    -0.02683497 
159.972192    -0.01170313 
160.320650    0.00510881 
160.666842    0.02108524 
161.009821    0.03433064 
161.349977    0.04362431 
161.688857    0.04828595 
162.028599    0.04801628 
162.371214    0.04280847 
162.717861    0.03296675 
163.068322    0.01922786 
163.420938    0.00293585 
163.773237    -0.01384734 
164.123177    -0.02847661 
164.470304    -0.03823948 
164.815930    -0.04114670 
165.162059    -0.03661631 
165.509858    -0.02566836 
165.858864    -0.01053205 
166.207392    0.00610183 
166.553670    0.02178269 
166.896845    0.03467530 
167.237375    0.04360136 
167.576826    0.04790608 
167.917308    0.04730650 
168.260755    0.04181185 
168.608221    0.03174975 
168.959387    0.01789153 
169.312532    0.00162417 
169.665212    -0.01495297 
170.015501    -0.02918753 
170.363085    -0.03841261 
170.709346    -0.04073757 
171.056231    -0.03570215 
171.404771    -0.02442686 
171.754374    -0.00918610 
172.103320    0.00734425 
172.449895    0.02276552 
172.793347    0.03530184 
173.134228    0.04382349 
173.474151    0.04770986 
173.815218    0.04670303 
174.159295    0.04083677 
174.507330    0.03047083 
174.858888    0.01642120 
175.212179    0.00012877 
175.564791    -0.01626040 
175.914929    -0.03008346 
176.262451    -0.03872523 
176.608832    -0.04040726 
176.955976    -0.03480561 
177.304774    -0.02315084 
177.654512    -0.00776535 
178.003434    0.00869126 
178.349887    0.02387486 
178.693225    0.03607065 
179.034095    0.04419812 
179.374168    0.04767039 
179.715539    0.04625331 
180.060015    0.04000334 
180.408437    0.02931080 
180.760249    0.01503584 
181.113582    -0.00132492 
181.466034    -0.01757378 
181.815929    -0.03102982 
182.163285    -0.03912098 
182.509664    -0.04017402 
182.856930    -0.03399842 
183.205843    -0.02193665 
183.555563    -0.00636495 
183.904297    0.01006588 
184.250447    0.02505905 
184.593472    0.03695575 
184.934122    0.04472150 
185.274131    0.04780130 
185.615605    0.04598328 
185.960305    0.03934494 
186.308975    0.02830548 
186.660942    0.01376855 
187.014248    -0.00271165 
187.366491    -0.01887998 
187.716100    -0.03202735 
188.063239    -0.03961255 
188.409562    -0.04005688 
188.756901    -0.03329826 
189.105884    -0.02079363 
189.455542    -0.00498180 
189.804030    0.01148382 
190.149793    0.02634365 
190.492386    0.03798782 
190.832658    0.04542427 
191.172414    0.04812853 
191.513776    0.04591078 
191.858462    0.03886990 
192.207119    0.02745477 
192.558949    0.01261417 
192.911895    -0.00403714 
193.263540    -0.02018240 
193.612409    -0.03307967 
193.958815    -0.04021351 
194.304517    -0.04009381 
194.651334    -0.03277939 
194.999792    -0.01983443 
195.348818    -0.00375643 
195.696527    0.01279685 
196.041409    0.02759664 
196.383114    0.03907363 
196.722596    0.04626968 
197.061739    0.04868249 
197.402708    0.04613548 
197.747205    0.03873888 
198.095807    0.02696039 
198.447601    0.01178447 
198.800411    -0.00511708 
199.151761    -0.02135753 
199.500217    -0.03413897 
199.846206    -0.04093867 
200.191581    -0.04032473 
200.538151    -0.03246232 
200.886340    -0.01902865 
201.234943    -0.00260051 
201.582010    0.01413606 
201.926047    0.02896445 
202.266791    0.04034559 
202.605304    0.04735156 
202.943569    0.04950231 
203.283811    0.04663559 
203.627737    0.03887358 
203.975868    0.02670248 
204.327177    0.01114169 
204.679363    -0.00607963 
205.029879    -0.02250180 
205.377322    -0.03526384 
205.722240    -0.04182422 
206.066600    -0.04079404 
206.412245    -0.03242888 
206.759526    -0.01850777 
207.107132    -0.00168485 
207.453040    0.01531800 
207.795757    0.03028365 
208.135085    0.04169012 
208.472190    0.04862846 
208.809159    0.05063105 
209.148301    0.04754023 
209.491362    0.03947882 
209.838832    0.02693823 
210.189584    0.01095963 
210.541165    -0.00667831 
210.890899    -0.02343773 
211.237352    -0.03637093 
211.581151    -0.04287874 
211.924391    -0.04157408 
212.268977    -0.03277464 
212.615226    -0.01835468 
212.961720    -0.00105938 
213.306340    0.01632945 
213.647564    0.03157064 
213.985239    0.04314204 
214.320629    0.05014294 
214.655946    0.05211125 
214.993617    0.04888740 
215.335468    0.04058624 
215.681997    0.02769284 
216.031990    0.01125729 
216.382824    -0.00690108 
216.731639    -0.02416286 
217.076905    -0.03747154 
217.419300    -0.04413161 
217.761059    -0.04271459 
218.104210    -0.03356751 
218.449080    -0.01864829 
218.794156    -0.00080370 
219.137200    0.01710081 
219.476622    0.03277491 
219.812281    0.04467697 
220.145536    0.05190180 
220.478737    0.05398413 
220.814465    0.05075393 
221.154678    0.04230655 
221.499934    0.02910447 
221.848958    0.01218734 
222.198935    -0.00660080 
222.546747    -0.02456015 
222.890678    -0.03850120 
223.231401    -0.04558338 
223.571313    -0.04427890 
223.912633    -0.03491782 
224.255764    -0.01952242 
224.599122    -0.00105165 
224.940320    0.01751613 
225.277646    0.03380952 
225.610935    0.04624283 
225.941616    0.05389094 
226.272194    0.05627549 
226.605449    0.05320678 
226.943538    0.04474744 
227.287146    0.03131739 
227.634986    0.01391980 
227.984037    -0.00560159 
228.330840    -0.02447571 
228.673368    -0.03935708 
229.012206    -0.04720248 
229.349920    -0.04631065 
229.689004    -0.03693142 
230.030035    -0.02112054 
230.371397    -0.00195727 
230.710521    0.01743256 
231.045507    0.03455657 
231.376097    0.04775422 
231.703762    0.05606178 
232.031168    0.05897746 
232.361337    0.05628346 
232.696697    0.04799687 
233.038159    0.03447291 
233.384496    0.01664545 
233.732496    -0.00367961 
234.078270    -0.02368497 
234.419326    -0.03985768 
234.756029    -0.04889218 
235.091098    -0.04882265 
235.427410    -0.03972935 
235.765859    -0.02364570 
236.104873    -0.00376552 
236.441686    0.01660244 
236.774123    0.03479513 
237.101740    0.04903547 
237.425990    0.05829490 
237.749687    0.06203421 
238.076133    0.05999808 
238.408117    0.05214475 
238.746896    0.03873995 
239.091427    0.02060774 
239.438357    -0.00053606 
239.783288    -0.02187267 
240.123060    -0.03972531 
240.457610    -0.05046538 
240.789739    -0.05175185 
241.122809    -0.04337705 
241.458221    -0.02726771 
241.794587    -0.00670930 
242.128946    0.01477146 
242.458750    0.03428014 
242.783250    0.04986884 
243.103787    0.06040992 
243.423284    0.06531034 
243.745350    0.06426982 
244.073220    0.05717840 
244.408645    0.04419050 
244.750939    0.02597754 
245.096733    0.00410013 
245.441087    -0.01869219 
245.779949    -0.03859402 
246.112532    -0.05161079 
246.441546    -0.05490745 
246.770906    -0.04784085 
247.102752    -0.03210724 
247.436096    -0.01102641 
247.767841    0.01163571 
248.094975    0.03268582 
248.416280    0.04993652 
248.732843    0.06211562 
249.047614    0.06855607 
249.364494    0.06890834 
249.687231    0.06299287 
250.018227    0.05083941 
250.357392    0.03292625 
250.701581    0.01058017 
251.045408    -0.01362878 
251.383744    -0.03586286 
251.714678    -0.05176951 
252.040495    -0.05790639 
252.365630    -0.05300450 
252.693241    -0.03833356 
253.023103    -0.01711612 
253.352177    0.00666219 
253.676927    0.02943738 
253.995461    0.04868429 
254.308391    0.06290984 
254.618532    0.07133240 
254.930004    0.07354127 
255.247094    0.06928898 
255.572986    0.05847825 
255.908450    0.04136856 
256.250901    0.01898492 
256.594739    -0.00639929 
256.933681    -0.03104828 
257.264249    -0.05031660 
257.587773    -0.06008176 
257.908952    -0.05826997 
258.232122    -0.04551459 
258.558232    -0.02476537 
258.884638    -0.00015298 
259.207347    0.02434786 
259.523628    0.04577928 
259.833378    0.06234257 
260.139063    0.07309503 
260.444868    0.07755601 
260.755547    0.07542617 
261.075117    0.06650399 
261.405431    0.05083543 
261.744891    0.02909979 
262.088191    0.00314726 
262.428136    -0.02359799 
262.759384    -0.04639974 
263.081615    -0.06050082 
263.399215    -0.06286980 
263.717646    -0.05323614 
264.039488    -0.03398684 
264.363069    -0.00919550 
264.684221    0.01678487 
264.999275    0.04046671 
265.307098    0.05961954 
265.609467    0.07304937 
265.910363    0.08016817 
266.214815    0.08063191 
266.527600    0.07416889 
266.851764    0.06064744 
267.187091    0.04040266 
267.529224    0.01477961 
267.870661    -0.01331641 
268.204247    -0.03934830 
268.527338    -0.05811720 
268.843095    -0.06558682 
269.157603    -0.06035033 
269.475291    -0.04391594 
269.796143    -0.01999662 
270.116411    0.00683135 
270.431648    0.03251870 
270.739475    0.05427707 
271.040630    0.07054123 
271.338531    0.08054686 
271.638187    0.08389357 
271.944896    0.08027544 
272.262791    0.06944904 
272.593197    0.05147051 
272.933275    0.02719135 
273.276092    -0.00112105 
273.613308    -0.02942457 
273.939750    -0.05243252 
274.256397    -0.06527132 
274.568981    -0.06531241 
274.883414    -0.05294620 
275.201746    -0.03119941 
275.521408    -0.00458282 
275.837695    0.02240762 
276.147056    0.04638066 
276.448933    0.06529792 
276.745825    0.07813700 
277.042332    0.08441020 
277.343899    0.08380297 
277.655417    0.07603583 
277.979642    0.06098946 
278.315598    0.03910244 
278.657865    0.01196993 
278.998106    -0.01712143 
279.329146    -0.04327022 
279.649171    -0.06117214 
279.962332    -0.06705021 
280.275136    -0.05996647 
280.591704    -0.04189532 
280.911379    -0.01687803 
281.229993    0.01039738 
281.543160    0.03596472 
281.848912    0.05720470 
282.148467    0.07270790 
282.445612    0.08181064 
282.745515    0.08416300 
283.053393    0.07948993 
283.373022    0.06760180 
283.705129    0.04867304 
284.046215    0.02375704 
284.389007    -0.00462858 
284.725497    -0.03225999 
285.051387    -0.05389742 
285.368452    -0.06499186 
285.682563    -0.06337065 
285.999116    -0.04983120 
286.319463    -0.02764811 
286.640700    -0.00135105 
286.958338    0.02474374 
287.269346    0.04749090 
287.573637    0.06504970 
287.873933    0.07651363 
288.174766    0.08145395 
288.481229    0.07960570 
288.797612    0.07077795 
289.125914    0.05501302 
289.464513    0.03298395 
289.807883    0.00653417 
290.148443    -0.02092103 
290.480403    -0.04463859 
290.803087    -0.05980437 
291.120775    -0.06327446 
291.439107    -0.05464733 
291.761035    -0.03620817 
292.085266    -0.01199548 
292.407870    0.01360491 
292.725232    0.03704428 
293.036108    0.05604338 
293.342047    0.06938915 
293.646706    0.07650842 
293.954728    0.07711047 
294.270488    0.07101891 
294.596745    0.05822823 
294.933342    0.03918531 
295.276535    0.01524139 
295.619911    -0.01090831 
295.957294    -0.03518570 
296.286194    -0.05293295 
296.609004    -0.06044791 
296.930739    -0.05633007 
297.255203    -0.04185690 
297.582558    -0.02038146 
297.909822    0.00390668 
298.233331    0.02725429 
298.551046    0.04702495 
298.863474    0.06169542 
299.173351    0.07050718 
299.484703    0.07310140 
299.801707    0.06929899 
300.127475    0.05907868 
300.462837    0.04276118 
300.805519    0.02136854 
301.150455    -0.00296149 
301.491826    -0.02679164 
301.826149    -0.04584269 
302.154189    -0.05622126 
302.479932    -0.05581764 
302.807379    -0.04501595 
303.137749    -0.02642870 
303.469057    -0.00387872 
303.797931    0.01885520 
304.121894    0.03888867 
304.440640    0.05442184 
304.756067    0.06449724 
305.071561    0.06865601 
305.390975    0.06668989 
305.717510    0.05856371 
306.052595    0.04452569 
306.395018    0.02538806 
306.740890    0.00289559 
307.085039    -0.02003095 
307.423607    -0.03952942 
307.756212    -0.05174126 
308.085813    -0.05412850 
308.416222    -0.04638056 
308.749290    -0.03043582 
309.083879    -0.00969116 
309.417051    0.01217167 
309.746162    0.03212874 
310.070341    0.04816313 
310.390815    0.05913397 
310.710397    0.06447177 
311.032592    0.06392082 
311.360556    0.05742530 
311.696055    0.04518660 
312.038592    0.02788367 
312.385178    0.00699629 
312.731295    -0.01493446 
313.073057    -0.03440862 
313.409376    -0.04769818 
313.742373    -0.05204085 
314.075521    -0.04663570 
314.410993    -0.03287638 
314.748271    -0.01376006 
315.084845    0.00718440 
315.418066    0.02687545 
315.746706    0.04314304 
316.071490    0.05469629 
316.394769    0.06086368 
316.719725    0.06133810 
317.049409    0.05604103 
317.385749    0.04514392 
317.728695    0.02924484 
318.075897    0.00965348 
318.423389    -0.01135170 
318.767420    -0.03055371 
319.106520    -0.04438198 
319.442217    -0.04998718 
319.777637    -0.04625627 
320.115075    -0.03418141 
320.454433    -0.01642454 
320.793567    0.00365432 
321.129909    0.02297511 
321.462028    0.03927517 
321.790306    0.05115425 
322.116739    0.05785799 
322.444239    0.05903261 
322.775729    0.05457818 
323.113196    0.04464674 
323.456861    0.02978846 
323.804804    0.01120694 
324.153489    -0.00899441 
324.499356    -0.02780611 
324.840762    -0.04180433 
325.178841    -0.04813084 
325.516418    -0.04549542 
325.855781    -0.03462243 
326.197076    -0.01792319 
326.538423    0.00139445 
326.877362    0.02028614 
327.212371    0.03644745 
327.543609    0.04841204 
327.872818    0.05537026 
328.202685    0.05693661 
328.535991    0.05299967 
328.874699    0.04370669 
329.219163    0.02958897 
329.567740    0.01179305 
329.917228    -0.00768946 
330.264296    -0.02600413 
330.607287    -0.03987028 
330.947114    -0.04648530 
331.286360    -0.04449056 
331.627244    -0.03444788 
331.970040    -0.01858113 
332.313071    0.00004575 
332.654005    0.01845556 
332.991307    0.03434567 
333.325012    0.04621952 
333.656673    0.05323405 
333.988795    0.05498212 
334.324012    0.05134518 
334.664224    0.04247137 
335.009832    0.02888754 
335.359366    0.01171202 
335.709878    -0.00713231 
336.058255    -0.02490158 
336.402904    -0.03843802 
336.744616    -0.04502129 
337.085774    -0.04329546 
337.428470    -0.03374763 
337.772990    -0.01848417 
338.117774    -0.00045411 
338.460605    0.01744368 
338.799988    0.03294097 
339.135907    0.04454555 
339.469796    0.05140778 
339.804009    0.05311692 
340.141033    0.04956008 
340.482664    0.04089915 
340.829284    0.02767415 
341.179526    0.01100025 
341.530652    -0.00723903 
341.879792    -0.02438806 
342.225500    -0.03741378 
342.568539    -0.04371377 
342.911142    -0.04199355 
343.255253    -0.03272295 
343.601123    -0.01792590 
343.947272    -0.00044240 
344.291599    0.01692288 
344.632682    0.03195982 
344.970493    0.04320116 
345.306386    0.04980396 
345.642579    0.05136052 
345.981419    0.04776646 
346.324576    0.03920010 
346.672377    0.02622090 
347.023502    0.00995389 
347.375381    -0.00773615 
347.725364    -0.02425838 
348.072171    -0.03668983 
348.416582    -0.04255271 
348.760704    -0.04064513 
349.106316    -0.03146380 
349.453590    -0.01698975 
349.801080    0.00002491 
350.146792    0.01686940 
350.489395    0.03140459 
350.828894    0.04220465 
351.166595    0.04844726 
351.504617    0.04973751 
351.845168    0.04598628 
352.189787    0.03739455 
352.538715    0.02454991 
352.890644    0.00860056 
353.243134    -0.00858989 
353.593749    -0.02447826 
353.941399    -0.03624395 
354.286917    -0.04154374 
354.632311    -0.03929513 
354.979195    -0.03005533 
355.327630    -0.01578987 
355.676185    0.00082366 
356.022959    0.01716901 
356.366730    0.03118717 
356.707557    0.04150486 
357.046732    0.04732956 
357.386291    0.04828516 
357.728320    0.04430130 
358.074226    0.03560421 
358.424150    0.02281346 
358.776772    0.00710740 
359.129755    -0.00964050 
359.480860    -0.02492145 
359.829188    -0.03600667 
360.175642    -0.04068585 
360.522150    -0.03800605 
360.870163    -0.02860356 
361.219624    -0.01444851 
361.569089    0.00184085 
361.916743    0.01773554 
362.261471    0.03125636 
362.603398    0.04108617 
362.943821    0.04646655 
363.284716    0.04704365 
363.628057    0.04276826 
363.975121    0.03389425 
364.325940    0.02107711 
364.679157    0.00553283 
365.032511    -0.01084347 
365.383935    -0.02556286 
365.732716    -0.03597592 
366.079842    -0.04000088 
366.427176    -0.03682099 
366.776019    -0.02716667 
367.126188    -0.01302990 
367.476219    0.00301625 
367.824371    0.01852206 
368.169637    0.03158598 
368.512224    0.04094821 
368.853454    0.04588667 
369.195265    0.04607114 
369.539544    0.04147353 
369.887452    0.03237432 
370.238916    0.01946455 
370.592531    0.00400037 
370.946085    -0.01209359 
371.297658    -0.02633404 
371.646702    -0.03613292 
371.994298    -0.03952117 
372.342260    -0.03581155 
372.691753    -0.02583402 
373.042468    -0.01161795 
373.392904    0.00428936 
373.741375    0.01950035 
374.086968    0.03218000 
374.429978    0.04112064 
374.771764    0.04563489 
375.114251    0.04541596 
375.459256    0.04045706 
375.807835    0.03106624 
376.159800    0.01797349 
376.513672    0.00248331 
376.867257    -0.01343559 
377.218748    -0.02728606 
377.567758    -0.03652206 
377.915467    -0.03927566 
378.263664    -0.03498973 
378.613392    -0.02460572 
378.964215    -0.01020828 
379.314584    0.00566343 
379.662856    0.02067118 
380.008217    0.03303961 
380.351059    0.04161080 
380.692806    0.04573162 
381.035394    0.04511811 
381.380604    0.03978292 
381.729404    0.03005889 
382.081503    0.01671281 
382.435335    0.00109899 
382.788693    -0.01476140 
383.139855    -0.02834034 
383.488573    -0.03711069 
383.836131    -0.03928325 
384.184316    -0.03441793 
384.534064    -0.02356901 
384.884812    -0.00889112 
385.234942    0.00706303 
385.582832    0.02198378 
385.927748    0.03414044 
386.270182    0.04241612 
386.611636    0.04618762 
386.954081    0.04519151 
387.299279    0.03945827 
387.648125    0.02934473 
388.000213    0.01565641 
388.353866    -0.00019530 
388.706826    -0.01612194 
389.057425    -0.02954314 
389.405547    -0.03792804 
389.752596    -0.03955018 
390.100380    -0.03408254 
390.449745    -0.02270047 
390.800000    -0.00764474 
391.149450    0.00850064 
391.496479    0.02344011 
391.840435    0.03547831 
392.181919    0.04353425 
392.522534    0.04701147 
392.864318    0.04566379 
393.209042    0.03953504 
393.557549    0.02900065 
393.909322    0.01490053 
394.262552    -0.00129636 
394.614893    -0.01742480 
394.964688    -0.03083172 
395.311932    -0.03895482 
395.658158    -0.04010412 
396.005220    -0.03405004 
396.353893    -0.02208901 
396.703360    -0.00656190 
397.051825    0.00989515 
397.397658    0.02498073 
397.740273    0.03702015 
398.080383    0.04495921 
398.419714    0.04822244 
398.760397    0.04657594 
399.104249    0.04007101 
399.452084    0.02909475 
399.803282    0.01451534 
400.155878    -0.00214169 
400.507392    -0.01862500 
400.856131    -0.03218634 
401.202184    -0.04020006 
401.547225    -0.04098099 
401.893190    -0.03437654 
402.240818    -0.02180118 
402.589165    -0.00570916 
402.936317    0.01118902 
403.280603    0.02656399 
403.621486    0.03874491 
403.959791    0.04669334 
404.297383    0.04984734 
404.636523    0.04797851 
404.979110    0.04113746 
405.325961    0.02971303 
405.676357    0.01459217 
406.028151    -0.00264710 
406.378667    -0.01965907 
406.726116    -0.03357542 
407.070643    -0.04166938 
407.414084    -0.04222199 
407.758502    -0.03513107 
408.104639    -0.02192250 
408.451438    -0.00517655 
408.796848    0.01229856 
409.139124    0.02812169 
409.477756    0.04060773 
409.813682    0.04872221 
410.148931    0.05190845 
410.485933    0.04993527 
410.826724    0.04284123 
411.172177    0.03100134 
411.521500    0.01530333 
411.872345    -0.00263619 
412.221772    -0.02037622 
412.567807    -0.03490297 
412.910599    -0.04333964 
413.252152    -0.04387632 
413.594720    -0.03641682 
413.939105    -0.02258177 
414.284153    -0.00509079 
414.627641    0.01311835 
414.967700    0.02957876 
415.303802    0.04256525 
415.636983    0.05103142 
415.969447    0.05441652 
416.303832    0.05247895 
416.642366    0.04523517 
416.986030    0.03303138 
417.333991    0.01673706 
417.683679    -0.00201025 
418.031813    -0.02067947 
418.376131    -0.03609217 
418.716713    -0.04517575 
419.055745    -0.04596942 
419.395753    -0.03832853 
419.737696    -0.02393686 
420.080374    -0.00565303 
420.421385    0.01343121 
420.758682    0.03073015 
421.091669    0.04445025 
421.421452    0.05351381 
421.750416    0.05734318 
422.081458    0.05567450 
422.417077    0.04848547 
422.758459    0.03606752 
423.104813    0.01923583 
423.453359    -0.00039026 
423.800385    -0.02021376 
424.143174    -0.03687647 
424.481594    -0.04704468 
424.817978    -0.04851005 
425.155211    -0.04098852 
425.494537    -0.02617428 
425.834780    -0.00706456 
426.173328    0.01305465 
426.507874    0.03142611 
426.837663    0.04614504 
427.163815    0.05607669 
427.488886    0.06061407 
427.816065    0.05946425 
428.148194    0.05255678 
428.486774    0.04010946 
428.831153    0.02285055 
429.178391    0.00233717 
429.524283    -0.01880847 
429.865486    -0.03705813 
430.201480    -0.04877299 
430.534678    -0.05140602 
430.868417    -0.04442713 
431.204409    -0.02945575 
431.541644    -0.00959342 
431.877330    0.01165893 
432.208817    0.03132213 
432.535078    0.04733049 
432.857148    0.05845843 
433.177716    0.06405166 
433.500274    0.06377853 
433.828095    0.05750868 
434.163133    0.04536170 
434.505059    0.02793273 
434.850900    0.00664722 
435.195938    -0.01592395 
435.535995    -0.03612473 
435.869853    -0.04997380 
436.199822    -0.05446549 
436.529736    -0.04866779 
436.862006    -0.03399042 
437.196014    -0.01357173 
437.528862    0.00885716 
437.857469    0.03002794 
438.180374    0.04764155 
438.498380    0.06033104 
438.814210    0.06737022 
439.131643    0.06838115 
439.454440    0.06317023 
439.785159    0.05174517 
440.124014    0.03452948 
440.468232    0.01274311 
440.812679    -0.01119738 
441.152170    -0.03359935 
441.484424    -0.05015004 
441.811306    -0.05728290 
442.137098    -0.05348754 
442.465141    -0.03977997 
442.795547    -0.01920766 
443.125503    0.00429470 
443.451461    0.02711010 
443.771339    0.04661847 
444.085497    0.06124201 
444.396534    0.07014582 
444.708434    0.07289589 
445.025455    0.06923837 
445.350885    0.05906733 
445.685743    0.04260771 
446.027802    0.02080134 
446.371781    -0.00421702 
446.711457    -0.02886955 
447.043065    -0.04859806 
447.367503    -0.05921394 
447.689220    -0.05843891 
448.012651    -0.04665785 
448.339071    -0.02662183 
448.666118    -0.00237348 
448.989858    0.02208708 
449.307407    0.04371597 
449.618412    0.06062616 
449.925102    0.07181435 
450.231501    0.07677098 
450.542294    0.07518937 
450.861557    0.06686497 
451.191344    0.05182257 
451.530391    0.03067813 
451.873748    0.00516193 
452.214379    -0.02145841 
452.546745    -0.04456359 
452.870084    -0.05937810 
453.188433    -0.06270256 
453.507234    -0.05403237 
453.829340    -0.03554701 
454.153404    -0.01120266 
454.475395    0.01465330 
454.791559    0.03846295 
455.100535    0.05790834 
455.403867    0.07172916 
455.705351    0.07930238 
456.009925    0.08027374 
456.322383    0.07437090 
456.645928    0.06145026 
456.980648    0.04179946 
457.322561    0.01666137 
457.664414    -0.01120923 
457.998963    -0.03741519 
458.323140    -0.05678649 
458.639668    -0.06515608 
458.954486    -0.06089207 
459.272224    -0.04528152 
459.593211    -0.02188802 
459.913917    0.00475189 
460.229869    0.03053464 
460.538482    0.05258160 
460.840239    0.06925074 
461.138356    0.07973325 
461.437725    0.08361316 
461.743641    0.08058317 
462.060371    0.07039137 
462.389544    0.05305252 
462.728732    0.02932035 
463.071345    0.00130470 
463.409051    -0.02712348 
463.736256    -0.05075602 
464.053379    -0.06461564 
464.365870    -0.06582423 
464.679808    -0.05449252 
464.997681    -0.03342984 
465.317271    -0.00705701 
465.633917    0.02008197 
465.943835    0.04447409 
466.246148    0.06396253 
466.543092    0.07744718 
466.839128    0.08440385 
467.139702    0.08450479 
467.449864    0.07745545 
467.772687    0.06309238 
468.107628    0.04175808 
468.449638    0.01489583 
468.790411    -0.01437662 
469.122320    -0.04124608 
469.442867    -0.06031238 
469.755765    -0.06753134 
470.067606    -0.06165123 
470.382982    -0.04439175 
470.701716    -0.01966626 
471.019792    0.00780566 
471.332621    0.03391838 
471.637877    0.05590020 
471.936472    0.07223490 
472.232030    0.08220536 
472.529728    0.08544080 
472.834969    0.08164753 
473.151901    0.07058728 
473.481770    0.05232881 
473.821563    0.02775397 
474.164151    -0.00082484 
474.501075    -0.02932537 
474.827156    -0.05244995 
475.143446    -0.06534923 
475.455741    -0.06543314 
475.769992    -0.05312162 
476.088273    -0.03145676 
476.408054    -0.00495359 
476.724684    0.02189696 
477.034660    0.04571487 
477.337438    0.06447442 
477.635476    0.07716487 
477.933286    0.08331162 
478.236177    0.08262132 
478.548877    0.07485002 
478.873998    0.05992849 
479.210532    0.03834568 
479.553234    0.01171482 
479.894133    -0.01673344 
480.226408    -0.04224323 
480.548330    -0.05969179 
480.863809    -0.06542726 
481.178985    -0.05854571 
481.497731    -0.04098545 
481.819421    -0.01669463 
482.140137    0.00976606 
482.455772    0.03454429 
482.764491    0.05508922 
483.067454    0.07001821 
483.368227    0.07867680 
483.671654    0.08073304 
483.982580    0.07595714 
484.304444    0.06423522 
484.637828    0.04582816 
484.979455    0.02183850 
485.322705    -0.00527172 
485.660390    -0.03148841 
485.988707    -0.05189691 
486.309285    -0.06224197 
486.627400    -0.06049165 
486.947846    -0.04743161 
487.271741    -0.02620667 
487.596394    -0.00113300 
487.917739    0.02369282 
488.233055    0.04527605 
488.542308    0.06184268 
488.848015    0.07250124 
489.154330    0.07682966 
489.465869    0.07459501 
489.786430    0.06567974 
490.117644    0.05023303 
490.457870    0.02903030 
490.802087    0.00394499 
491.143669    -0.02172999 
491.477755    -0.04356039 
491.804009    -0.05713796 
492.126308    -0.05965034 
492.449510    -0.05085579 
492.775948    -0.03301819 
493.104232    -0.00998672 
493.430797    0.01413581 
493.752507    0.03605592 
494.068401    0.05365061 
494.380014    0.06577205 
494.690733    0.07186767 
495.004749    0.07167026 
495.325887    0.06506239 
495.656368    0.05214456 
495.995715    0.03350088 
496.340331    0.01060123 
496.684544    -0.01384461 
497.023272    -0.03594117 
497.354867    -0.05142453 
497.681802    -0.05706736 
498.008452    -0.05184718 
498.337766    -0.03721934 
498.669417    -0.01647494 
499.000533    0.00645756 
499.327936    0.02814789 
499.650067    0.04621338 
499.967664    0.05927413 
500.283392    0.06663437 
500.600945    0.06796962 
500.923978    0.06315331 
501.254971    0.05226546 
501.594188    0.03578477 
501.939123    0.01492206 
502.285090    -0.00803999 
502.627270    -0.02968661 
502.963331    -0.04603460 
503.294644    -0.05372326 
503.624899    -0.05122014 
503.957204    -0.03932829 
504.291962    -0.02079383 
504.626967    0.00072989 
504.959225    0.02181103 
505.286861    0.03990931 
505.610029    0.05346321 
505.930784    0.06164455 
506.252337    0.06406220 
506.578081    0.06057058 
506.910544    0.05123903 
507.250418    0.03648990 
507.595960    0.01737433 
507.943321    -0.00411953 
508.288135    -0.02495765 
508.627833    -0.04146120 
508.963042    -0.05030617 
509.296800    -0.04968021 
509.632105    -0.03991922 
509.969773    -0.02330738 
510.308137    -0.00319678 
510.644471    0.01706918 
510.976786    0.03488555 
511.304856    0.04857144 
511.630264    0.05719468 
511.955795    0.06030294 
512.284557    0.05772862 
512.619007    0.04953488 
512.960048    0.03611605 
513.306442    0.01842832 
513.654987    -0.00173687 
514.001803    -0.02163109 
514.344342    -0.03785377 
514.682800    -0.04720397 
515.019688    -0.04775464 
515.357785    -0.03954002 
515.698093    -0.02448641 
516.039327    -0.00566346 
516.379036    0.01372122 
516.715236    0.03106707 
517.047478    0.04463046 
517.377001    0.05340802 
517.706241    0.05689875 
518.038030    0.05491477 
518.374700    0.04751554 
518.717230    0.03508346 
519.064694    0.01852072 
519.414365    -0.00050880 
519.762799    -0.01946277 
520.107595    -0.03517244 
520.448736    -0.04458994 
520.788351    -0.04577805 
521.128971    -0.03860031 
521.471643    -0.02472904 
521.815330    -0.00699633 
522.157812    0.01153927 
522.497180    0.02832560 
522.832868    0.04160158 
523.165883    0.05032433 
523.498391    0.05396030 
523.832986    0.05230697 
524.171849    0.04542330 
524.515960    0.03368986 
524.864573    0.01798160 
525.215296    -0.00011696 
525.565045    -0.01820757 
525.911616    -0.03330499 
526.254915    -0.04251456 
526.596817    -0.04394869 
526.939625    -0.03739470 
527.284348    -0.02436021 
527.630089    -0.00749299 
527.974811    0.01028890 
528.316697    0.02650379 
528.655142    0.03940437 
528.991008    0.04793400 
529.326260    0.05154219 
529.663298    0.05001897 
530.004157    0.04342650 
530.349769    0.03215091 
530.699481    0.01705839 
531.051127    -0.00031082 
531.401906    -0.01765408 
531.749815    -0.03212488 
532.094772    -0.04096723 
532.438491    -0.04237384 
532.783087    -0.03612085 
533.129491    -0.02362305 
533.476868    -0.00739626 
533.823312    0.00976161 
534.167103    0.02544581 
534.507644    0.03794152 
534.845717    0.04619704 
535.183156    0.04965790 
535.522206    0.04811343 
535.864772    0.04163267 
536.211719    0.03061294 
536.562420    0.01592545 
536.914854    -0.00090691 
537.266431    -0.01763747 
537.615334    -0.03151749 
537.961540    -0.03990773 
538.306678    -0.04109404 
538.652713    -0.03488621 
539.000475    -0.02266460 
539.349134    -0.00686268 
539.696868    0.00981501 
540.042047    0.02503689 
540.384112    0.03713054 
540.723819    0.04506258 
541.062922    0.04828547 
541.403557    0.04659480 
541.747516    0.04007123 
542.095579    0.02912959 
542.447102    0.01465902 
542.800134    -0.00181154 
543.152242    -0.01805798 
543.501776    -0.03139480 
543.848808    -0.03927973 
544.194937    -0.04009951 
544.542009    -0.03373196 
544.890745    -0.02156978 
545.240279    -0.00600567 
545.588838    0.01032474 
545.934871    0.02515700 
546.277886    0.03686680 
546.618655    0.04444866 
546.958898    0.04737027 
547.300679    0.04543898 
547.645695    0.03875077 
547.994635    0.02774294 
548.346802    0.01333259 
548.700267    -0.00292665 
549.052699    -0.01880612 
549.402602    -0.03165440 
549.750160    -0.03900735 
550.096980    -0.03935503 
550.444816    -0.03266775 
550.794266    -0.02038751 
551.144396    -0.00490147 
551.493448    0.01120067 
551.839947    0.02571328 
552.183478    0.03706230 
552.524863    0.04427666 
552.865826    0.04684596 
553.208387    0.04459437 
553.554163    0.03763745 
553.903743    0.02644056 
554.256349    0.01195871 
554.610031    -0.00421334 
554.962528    -0.01982019 
555.312486    -0.03222253 
555.660221    -0.03902203 
556.007380    -0.03881607 
556.355639    -0.03168710 
556.705470    -0.01915366 
557.055851    -0.00362244 
557.405021    0.01234664 
557.751573    0.02660064 
558.095188    0.03761654 
558.436761    0.04446139 
558.778049    0.04665027 
559.121054    0.04402663 
559.467321    0.03672743 
559.817340    0.02524913 
560.170227    0.01059147 
560.523980    -0.00559698 
560.876379    -0.02101595 
561.226197    -0.03301919 
561.573891    -0.03926169 
561.921164    -0.03844849 
562.269630    -0.03078755 
562.619621    -0.01789488 
562.970011    -0.00221727 
563.319020    0.01370078 
563.665306    0.02775234 
564.008652    0.03846463 
564.350049    0.04494483 
564.691308    0.04673598 
565.034431    0.04370276 
565.380906    0.03600509 
565.731117    0.02417304 
566.084062    0.00925650 
566.437663    -0.00703250 
566.789720    -0.02233534 
567.139127    -0.03398503 
567.486491    -0.03968080 
567.833588    -0.03823436 
568.181975    -0.02998630 
568.531853    -0.01666209 
568.881977    -0.00076146 
569.230542    0.01517608 
569.576267    0.02908294 
569.919042    0.03953327 
570.259966    0.04567295 
570.600921    0.04707224 
570.943923    0.04361609 
571.290416    0.03548651 
571.640674    0.02324751 
571.993565    0.00800240 
572.346906    -0.00846521 
572.698497    -0.02372563 
573.047340    -0.03507670 
573.394196    -0.04025080 
573.740919    -0.03816259 
574.089021    -0.02928957 
574.438565    -0.01547654 
574.788185    0.00071248 
575.136041    0.01673336 
575.480908    0.03055150 
575.822793    0.04078457 
576.162913    0.04661563 
576.503237    0.04764106 
576.845814    0.04376461 
577.192051    0.03518841 
577.542123    0.02250866 
577.894756    0.00688217 
578.247650    -0.00983221 
578.598582    -0.02512537 
578.946651    -0.03624809 
579.292767    -0.04095350 
579.638879    -0.03824962 
579.986461    -0.02874683 
580.335447    -0.01441155 
580.684346    0.00212046 
581.031271    0.01829086 
581.375053    0.03208905 
581.715805    0.04216938 
582.054869    0.04774725 
582.394315    0.04844137 
582.736239    0.04417059 
583.082026    0.03515304 
583.431757    0.02201309 
583.784010    0.00595877 
584.136350    -0.01107390 
584.486504    -0.02648832 
584.833646    -0.03747421 
585.178835    -0.04178873 
585.524122    -0.03851877 
585.870962    -0.02839932 
586.219171    -0.01351864 
586.567130    0.00340863 
586.912901    0.01979927 
587.255354    0.03365639 
587.594708    0.04366296 
587.932433    0.04906087 
588.270710    0.04948641 
588.611703    0.04486849 
588.956797    0.03543504 
589.305991    0.02183149 
589.657717    0.00531078 
590.009381    -0.01211594 
590.358625    -0.02775852 
590.704672    -0.03872987 
591.048718    -0.04276867 
591.392932    -0.03901784 
591.738776    -0.02832126 
592.085966    -0.01288482 
592.432761    0.00449089 
592.777154    0.02118464 
593.118038    0.03519961 
593.455726    0.04523645 
593.791815    0.05055563 
594.128613    0.05080452 
594.468377    0.04591512 
594.812523    0.03611624 
595.160992    0.02206328 
595.512073    0.00504296 
595.862990    -0.01286474 
596.211259    -0.02887096 
596.556103    -0.03999145 
596.898839    -0.04391438 
597.241772    -0.03980520 
597.586411    -0.02859327 
597.932401    -0.01259601 
598.277874    0.00529007 
598.620737    0.02238735 
598.959872    0.03668084 
599.295669    0.04687503 
599.629849    0.05223961 
599.964858    0.05242606 
600.303077    0.04736203 
600.645987    0.03726712 
600.993508    0.02279322 
601.343796    0.00524584 
601.693868    -0.01323691 
602.041052    -0.02976503 
602.384517    -0.04123535 
602.725678    -0.04524725 
603.067005    -0.04094597 
603.410107    -0.02931372 
603.754604    -0.01276743 
604.098513    0.00569131 
604.439623    0.02330746 
604.776773    0.03802565 
605.110398    0.04853703 
605.442331    0.05410880 
605.775178    0.05438764 
606.111476    0.04928717 
606.452830    0.03900411 
606.799184    0.02416762 
607.148588    0.00607934 
607.497822    -0.01308263 
607.843951    -0.03032781 
608.185996    -0.04240673 
608.525429    -0.04677796 
608.864913    -0.04250762 
609.206232    -0.03058644 
609.549037    -0.01351530 
609.891237    0.00558590 
610.230471    0.02385589 
610.565480    0.03917002 
610.896699    0.05018498 
611.226062    0.05615257 
611.556344    0.05670633 
611.890283    0.05173712 
612.229668    0.04140511 
612.574543    0.02629520 
612.922890    0.00767674 
613.271238    -0.01225955 
613.616296    -0.03043259 
613.956826    -0.04342268 
614.294293    -0.04848924 
614.631582    -0.04454583 
614.970746    -0.03252989 
615.311561    -0.01499739 
615.651858    0.00480429 
615.989081    0.02387481 
616.321804    0.03998386 
616.650403    0.05172614 
616.976880    0.05832127 
617.304182    0.05937950 
617.635298    0.05475942 
617.972276    0.04456958 
618.315352    0.02932534 
618.662513    0.01022758 
619.010030    -0.01055915 
619.354156    -0.02988440 
619.693237    -0.04413808 
620.028617    -0.05031346 
620.363416    -0.04708022 
620.700070    -0.03524089 
621.038607    -0.01736293 
621.376829    0.00317437 
621.711953    0.02319389 
622.042297    0.04031503 
622.368091    0.05303630 
622.691355    0.06052516 
623.015207    0.06235853 
623.342923    0.05835497 
623.676906    0.04855786 
624.017702    0.03338634 
624.363421    0.01392920 
624.710114    -0.00772991 
625.053483    -0.02841424 
625.391256    -0.04431980 
625.724483    -0.05210578 
626.056486    -0.05008664 
626.390217    -0.03881770 
626.726131    -0.02080477 
627.062108    0.00045216 
627.395109    0.02155964 
627.723091    0.03992994 
628.046021    0.05391846 
628.365851    0.06261247 
628.685839    0.06554266 
629.009579    0.06248098 
629.339919    0.05339501 
629.677867    0.03858260 
630.021823    0.01897318 
630.367716    -0.00349884 
630.710631    -0.02569804 
631.047443    -0.04364870 
631.378637    -0.05361720 
631.707634    -0.05343753 
632.038010    -0.04327534 
632.370887    -0.02546583 
632.704395    -0.00359178 
633.035259    0.01870333 
633.360960    0.03855744 
633.681051    0.05412163 
633.997291    0.06436478 
634.313013    0.06875489 
634.632134    0.06701291 
634.958030    0.05902574 
635.292341    0.04495100 
635.633980    0.02551263 
635.978952    0.00241584 
636.321741    -0.02134382 
636.658123    -0.04168427 
636.987650    -0.05444948 
637.313592    -0.05686312 
637.640207    -0.04852559 
637.969560    -0.03144316 
638.300319    -0.00919749 
638.629069    0.01430401 
638.952716    0.03584936 
639.270206    0.05330374 
639.582931    0.06546214 
639.894180    0.07170483 
640.208155    0.07169802 
640.528805    0.06525125 
640.858560    0.05237586 
641.197115    0.03355647 
641.540858    0.01019079 
641.883829    -0.01498821 
642.220539    -0.03791278 
642.549151    -0.05403443 
642.872355    -0.05986143 
643.194985    -0.05423696 
643.520317    -0.03863204 
643.847955    -0.01647813 
644.174587    0.00808742 
644.496517    0.03143595 
644.811879    0.05104797 
645.121463    0.06546739 
645.428333    0.07394797 
645.736863    0.07609504 
646.051559    0.07165312 
646.375741    0.06049982 
646.710153    0.04287045 
647.051971    0.01979513 
647.395168    -0.00638780 
647.733026    -0.03180647 
648.061878    -0.05164701 
648.383204    -0.06166738 
648.702037    -0.05977183 
649.022993    -0.04665072 
649.347095    -0.02535552 
649.671577    -0.00013402 
649.992264    0.02494277 
650.306320    0.04686482 
650.613647    0.06382080 
650.916820    0.07487506 
651.220188    0.07955419 
651.528693    0.07755352 
651.846537    0.06864893 
652.175696    0.05285032 
652.514565    0.03080127 
652.857631    0.00433985 
653.197328    -0.02307070 
653.527948    -0.04659051 
653.849022    -0.06132318 
654.165068    -0.06412092 
654.481836    -0.05465165 
654.802159    -0.03529858 
655.124445    -0.01019023 
655.444429    0.01622740 
655.758288    0.04037859 
656.064779    0.05997771 
656.365659    0.07380868 
656.664960    0.08127974 
656.967822    0.08204590 
657.279169    0.07582582 
657.602213    0.06246336 
657.936876    0.04225399 
658.278832    0.01649531 
658.620431    -0.01194365 
658.954210    -0.03851859 
659.277203    -0.05795423 
659.592439    -0.06608718 
659.906120    -0.06138429 
660.222932    -0.04526506 
660.543085    -0.02141437 
660.862897    0.00555162 
661.177835    0.03150547 
661.485378    0.05358652 
661.786142    0.07018563 
662.083484    0.08052197 
662.382397    0.08419545 
662.688220    0.08090583 
663.005176    0.07041014 
663.334753    0.05274866 
663.674311    0.02872928 
664.017075    0.00054264 
664.354694    -0.02786116 
664.681757    -0.05124757 
664.998929    -0.06469895 
665.311779    -0.06545665 
665.626305    -0.05375727 
665.944812    -0.03250567 
666.264965    -0.00616071 
666.582136    0.02075864 
666.892694    0.04479862 
667.195927    0.06385992 
667.494170    0.07688107 
667.791886    0.08336001 
668.094418    0.08298833 
668.406600    0.07550600 
668.731207    0.06081534 
669.067403    0.03936043 
669.410034    0.01270198 
669.751051    -0.01596399 
670.083407    -0.04186300 
670.405145    -0.05978508 
670.720118    -0.06595558 
671.034593    -0.05936350 
671.352647    -0.04188501 
671.673772    -0.01746647 
671.994015    0.00927588 
672.309137    0.03441062 
672.617182    0.05532124 
672.919261    0.07058656 
673.218974    0.07953439 
673.521263    0.08182252 
673.831111    0.07720665 
674.152105    0.06554822 
674.484934    0.04707568 
674.826315    0.02286407 
675.169466    -0.00462556 
675.506933    -0.03133129 
675.834693    -0.05223993 
676.154350    -0.06298280 
676.471341    -0.06144562 
676.790677    -0.04838095 
677.113606    -0.02695252 
677.437412    -0.00154166 
677.757903    0.02367280 
678.072244    0.04563111 
678.380355    0.06252443 
678.684790    0.07344927 
678.989795    0.07798039 
679.300109    0.07587909 
679.619657    0.06701382 
679.950168    0.05151233 
680.290015    0.03012925 
680.634069    0.00473186 
680.975490    -0.02136154 
681.309201    -0.04365085 
681.634772    -0.05763716 
681.956154    -0.06042806 
682.278377    -0.05173715 
682.603922    -0.03382636 
682.931438    -0.01058442 
683.257296    0.01382264 
683.578261    0.03604342 
683.893306    0.05391943 
684.203955    0.06628883 
684.513630    0.07259685 
684.826589    0.07257607 
685.146745    0.06610393 
685.476415    0.05326720 
685.815196    0.03462733 
686.159504    0.01162669 
686.503585    -0.01304605 
686.842192    -0.03549108 
687.173510    -0.05139924 
687.499944    -0.05746445 
687.825937    -0.05258002 
688.154583    -0.03814018 
688.485673    -0.01741733 
688.816356    0.00563486 
689.143390    0.02753832 
689.465119    0.04586599 
689.782203    0.05920952 
690.097264    0.06685974 
690.414004    0.06848665 
690.736132    0.06395747 
691.066231    0.05333671 
691.404701    0.03707068 
691.749162    0.01631766 
692.094964    -0.00670444 
692.437176    -0.02863037 
692.773242    -0.04547046 
693.104333    -0.05378074 
693.434104    -0.05189349 
693.765802    -0.04047667 
694.100020    -0.02218985 
694.434658    -0.00067219 
694.766686    0.02060058 
695.094097    0.03902414 
695.416901    0.05298259 
695.737049    0.06161266 
696.057719    0.06450270 
696.382352    0.06149001 
696.713613    0.05261680 
697.052394    0.03825566 
697.397165    0.01937862 
697.744179    -0.00212541 
698.088968    -0.02330492 
698.428664    -0.04048731 
698.763587    -0.05023871 
699.096670    -0.05054607 
699.431072    -0.04153042 
699.767885    -0.02532624 
700.105616    -0.00524623 
700.441515    0.01530823 
700.773413    0.03363162 
701.100877    0.04794976 
701.425337    0.05726468 
701.749535    0.06108174 
702.076656    0.05919910 
702.409352    0.05163521 
702.748805    0.03871330 
703.094044    0.02128537 
703.441989    0.00102049 
703.788606    -0.01942526 
704.130946    -0.03663977 
704.468796    -0.04725902 
704.804533    -0.04907650 
705.141146    -0.04183440 
705.480006    -0.02726202 
705.820067    -0.00838640 
706.158841    0.01149236 
706.494114    0.02962218 
706.825164    0.04411916 
707.153049    0.05387983 
707.480177    0.05833767 
707.809513    0.05725259 
708.143660    0.05062124 
708.483953    0.03873411 
708.829780    0.02236810 
709.178519    0.00305078 
709.526488    -0.01676199 
709.870762    -0.03385285 
710.210823    -0.04494146 
710.548654    -0.04772602 
710.887067    -0.04170654 
711.227574    -0.02832585 
711.569424    -0.01038777 
711.910345    0.00890819 
712.248134    0.02679968 
712.581899    0.04133590 
712.912448    0.05134022 
713.241943    0.05619237 
713.573176    0.05562221 
713.908680    0.04961070 
714.249861    0.03842976 
714.596320    0.02281321 
714.945743    0.00420241 
715.294716    -0.01507764 
715.640397    -0.03195052 
715.982111    -0.04321907 
716.321585    -0.04655156 
716.661477    -0.04130990 
717.003345    -0.02875010 
717.346618    -0.01151301 
717.689187    0.00729206 
718.028887    0.02491700 
718.364739    0.03937940 
718.697392    0.04945917 
719.028838    0.05450145 
719.361726    0.05421654 
719.698513    0.04857734 
720.040616    0.03784907 
720.387750    0.02274593 
720.737800    0.00466188 
721.087559    -0.01415978 
721.434295    -0.03074371 
721.777285    -0.04197254 
722.118099    -0.04552990 
722.459266    -0.04071786 
722.802325    -0.02868439 
723.146799    -0.01195846 
723.490690    0.00642894 
723.831889    0.02376149 
724.169391    0.03805378 
724.503752    0.04806799 
724.836848    0.05313227 
725.171215    0.05294800 
725.509226    0.04748774 
725.852267    0.03702007 
726.200098    0.02225705 
726.550726    0.00457288 
726.901111    -0.01383662 
727.248650    -0.03006963 
727.592645    -0.04108660 
727.934586    -0.04461999 
728.276885    -0.03997042 
728.621024    -0.02823776 
728.966549    -0.01187862 
729.311540    0.00614431 
729.653950    0.02315977 
729.992789    0.03720173 
730.328576    0.04703537 
730.663112    0.05198655 
730.998836    0.05175707 
731.338033    0.04632602 
731.682027    0.03597367 
732.030572    0.02142342 
732.381747    0.00405014 
732.732646    -0.01397327 
733.080813    -0.02979949 
733.425628    -0.04046674 
733.768551    -0.04378221 
734.111892    -0.03908953 
734.457039    -0.02748598 
734.803515    -0.01138580 
735.149448    0.00630923 
735.492862    0.02298318 
735.832816    0.03670699 
736.169830    0.04626524 
736.505657    0.05099352 
736.842659    0.05060191 
737.183025    0.04508215 
737.527991    0.03473353 
737.877271    0.02030189 
738.228972    0.00317861 
738.580307    -0.01446837 
738.928980    -0.02983362 
739.274488    -0.04003564 
739.618296    -0.04297835 
739.962618    -0.03808347 
740.308722    -0.02648032 
740.656071    -0.01056242 
741.002823    0.00682520 
741.347083    0.02313103 
741.687981    0.03647721 
742.026069    0.04568097 
742.363076    0.05009726 
742.701294    0.04945108 
743.042807    0.04375222 
743.388749    0.03332522 
743.738760    0.01894720 
744.090955    0.00203772 
744.442654    -0.01522831 
744.791735    -0.03008085 
