0.000000    0.00000000 
0.097366    0.00039099 
0.194731    0.00077827 
0.292097    0.00115827 
0.389462    0.00152752 
0.486828    0.00188276 
0.584194    0.00222091 
0.681561    0.00253908 
0.778928    0.00283463 
0.876296    0.00310514 
0.973665    0.00334842 
1.071036    0.00356256 
1.168410    0.00374587 
1.265785    0.00389693 
1.363164    0.00401460 
1.460546    0.00409797 
1.557932    0.00414641 
1.655323    0.00415955 
1.752719    0.00413727 
1.850121    0.00407975 
1.947530    0.00398739 
2.044945    0.00386089 
2.142367    0.00370119 
2.239797    0.00350950 
2.337235    0.00328730 
2.434682    0.00303632 
2.532137    0.00275854 
2.629602    0.00245620 
2.727075    0.00213177 
2.824558    0.00178798 
2.922050    0.00142776 
3.019551    0.00105426 
3.117062    0.00067081 
3.214581    0.00028091 
3.312110    -0.00011178 
3.409649    -0.00050350 
3.507196    -0.00089042 
3.604752    -0.00126864 
3.702317    -0.00163429 
3.799891    -0.00198353 
3.897474    -0.00231262 
3.995067    -0.00261795 
4.092668    -0.00289613 
4.190280    -0.00314401 
4.287901    -0.00335873 
4.385532    -0.00353779 
4.483174    -0.00367906 
4.580826    -0.00378086 
4.678491    -0.00384195 
4.776166    -0.00386158 
4.873855    -0.00383949 
4.971555    -0.00377593 
5.069269    -0.00367164 
5.166997    -0.00352785 
5.264738    -0.00334623 
5.362494    -0.00312890 
5.460264    -0.00287838 
5.558048    -0.00259752 
5.655847    -0.00228948 
5.753660    -0.00195768 
5.851489    -0.00160573 
