0.000000    0.00000000 
0.097366    0.00000008 
0.194731    0.00000030 
0.292097    0.00000066 
0.389462    0.00000113 
0.486828    0.00000171 
0.584194    0.00000236 
0.681561    0.00000307 
0.778928    0.00000380 
0.876296    0.00000454 
0.973665    0.00000525 
1.071036    0.00000592 
1.168410    0.00000652 
1.265785    0.00000703 
1.363164    0.00000745 
1.460546    0.00000775 
1.557932    0.00000793 
1.655323    0.00000797 
1.752719    0.00000789 
1.850121    0.00000768 
1.947530    0.00000735 
2.044945    0.00000691 
2.142367    0.00000637 
2.239797    0.00000575 
2.337235    0.00000507 
2.434682    0.00000434 
2.532137    0.00000360 
2.629602    0.00000287 
2.727075    0.00000218 
2.824558    0.00000154 
2.922050    0.00000099 
3.019551    0.00000054 
3.117062    0.00000022 
3.214581    0.00000004 
3.312110    0.00000001 
3.409649    0.00000013 
3.507196    0.00000040 
3.604752    0.00000083 
3.702317    0.00000138 
3.799891    0.00000205 
3.897474    0.00000280 
3.995067    0.00000361 
4.092668    0.00000444 
4.190280    0.00000526 
4.287901    0.00000603 
4.385532    0.00000671 
4.483174    0.00000728 
4.580826    0.00000770 
4.678491    0.00000796 
4.776166    0.00000805 
4.873855    0.00000795 
4.971555    0.00000768 
5.069269    0.00000725 
5.166997    0.00000667 
5.264738    0.00000598 
5.362494    0.00000521 
5.460264    0.00000438 
5.558048    0.00000355 
5.655847    0.00000274 
5.753660    0.00000199 
5.851489    0.00000133 
