0.000000    0.00000000 
0.400000    0.03811713 
0.800000    0.07137250 
1.200000    0.09695979 
1.600000    0.11364414 
2.000000    0.12183011 
2.400000    0.12286130 
2.800000    0.11836953 
3.200000    0.10988992 
3.600000    0.09867040 
4.000000    0.08564562 
4.400000    0.07146968 
4.800000    0.05655416 
5.200000    0.04111049 
5.600000    0.02508949 
6.000000    0.00798680 
6.400000    -0.01018794 
6.800000    -0.02793362 
7.200000    -0.04543862 
7.600000    -0.06313659 
8.000000    -0.08093850 
8.400000    -0.09833752 
8.800000    -0.11427078 
9.200000    -0.12678838 
9.600000    -0.13265136 
10.000000    -0.12774065 
10.400000    -0.10997084 
10.800000    -0.08267640 
11.200000    -0.05266676 
11.600000    -0.02502490 
12.000000    -0.00108079 
12.400000    0.01857407 
12.800000    0.03388749 
13.200000    0.04651468 
13.600000    0.05775859 
14.000000    0.06867368 
14.400000    0.08017996 
14.800000    0.09290107 
15.200000    0.10667111 
15.600000    0.11959131 
16.000000    0.12708435 
16.400000    0.12320682 
16.800000    0.10578797 
17.200000    0.07935449 
17.600000    0.05070604 
18.000000    0.02390060 
18.400000    -0.00046159 
18.800000    -0.02185985 
19.200000    -0.04035304 
19.600000    -0.05739538 
20.000000    -0.07389140 
20.400000    -0.09042202 
20.800000    -0.10719088 
21.200000    -0.12335038 
21.600000    -0.13562345 
22.000000    -0.13772506 
22.400000    -0.12437179 
22.800000    -0.09763302 
23.200000    -0.06551641 
23.600000    -0.03481575 
24.000000    -0.00793196 
24.400000    0.01493955 
24.800000    0.03319625 
25.200000    0.04829176 
25.600000    0.06141422 
26.000000    0.07337066 
26.400000    0.08478213 
26.800000    0.09597438 
27.200000    0.10655070 
27.600000    0.11469914 
28.000000    0.11692912 
28.400000    0.10974460 
28.800000    0.09290140 
29.200000    0.07016110 
29.600000    0.04619289 
30.000000    0.02374308 
30.400000    0.00314840 
30.800000    -0.01522346 
31.200000    -0.03078487 
31.600000    -0.04479726 
32.000000    -0.05834290 
32.400000    -0.07212159 
32.800000    -0.08651445 
33.200000    -0.10132108 
33.600000    -0.11512793 
34.000000    -0.12454983 
34.400000    -0.12464303 
34.800000    -0.11215055 
35.200000    -0.08906767 
35.600000    -0.06123011 
36.000000    -0.03372291 
36.400000    -0.00850907 
36.800000    0.01409588 
37.200000    0.03318855 
37.600000    0.05000663 
38.000000    0.06566685 
38.400000    0.08095352 
38.800000    0.09644722 
39.200000    0.11208840 
39.600000    0.12599947 
40.000000    0.13311972 
40.400000    0.12683052 
40.800000    0.10559790 
41.200000    0.07579743 
41.600000    0.04533176 
42.000000    0.01814328 
42.400000    -0.00552692 
42.800000    -0.02503708 
43.200000    -0.04117178 
43.600000    -0.05541085 
44.000000    -0.06864963 
44.400000    -0.08148583 
44.800000    -0.09421867 
45.200000    -0.10644275 
45.600000    -0.11622972 
46.000000    -0.11963686 
46.400000    -0.11247965 
46.800000    -0.09435916 
47.200000    -0.06973727 
47.600000    -0.04408892 
48.000000    -0.02046506 
48.400000    0.00082089 
48.800000    0.01911548 
49.200000    0.03437201 
49.600000    0.04796809 
50.000000    0.06086034 
50.400000    0.07368440 
50.800000    0.08679589 
51.200000    0.09992830 
51.600000    0.11150006 
52.000000    0.11806718 
52.400000    0.11533122 
52.800000    0.10143228 
53.200000    0.07917153 
53.600000    0.05374519 
54.000000    0.02905115 
54.400000    0.00624115 
54.800000    -0.01439905 
55.200000    -0.03205352 
55.600000    -0.04797389 
56.000000    -0.06329386 
56.400000    -0.07877906 
56.800000    -0.09486375 
57.200000    -0.11112223 
57.600000    -0.12505499 
58.000000    -0.13106728 
58.400000    -0.12297128 
58.800000    -0.10048858 
59.200000    -0.07044778 
59.600000    -0.04018926 
60.000000    -0.01303472 
60.400000    0.01076122 
60.800000    0.03038098 
61.200000    0.04703134 
61.600000    0.06198548 
62.000000    0.07599780 
62.400000    0.08954796 
62.800000    0.10264260 
63.200000    0.11404813 
63.600000    0.12031000 
64.000000    0.11653939 
64.400000    0.10068339 
64.800000    0.07651022 
65.200000    0.05020708 
65.600000    0.02579230 
66.000000    0.00407988 
66.400000    -0.01468309 
66.800000    -0.03000510 
67.200000    -0.04326927 
67.600000    -0.05563484 
68.000000    -0.06782159 
68.400000    -0.08023494 
68.800000    -0.09277836 
69.200000    -0.10432123 
69.600000    -0.11210578 
70.000000    -0.11217543 
70.400000    -0.10191381 
70.800000    -0.08271032 
71.200000    -0.05902450 
71.600000    -0.03501203 
72.000000    -0.01249757 
72.400000    0.00837842 
72.800000    0.02650352 
73.200000    0.04263197 
73.600000    0.05803096 
74.000000    0.07350991 
74.400000    0.08952048 
74.800000    0.10575223 
75.200000    0.12005628 
75.600000    0.12739677 
76.000000    0.12171980 
76.400000    0.10186599 
76.800000    0.07363377 
77.200000    0.04417323 
77.600000    0.01722553 
78.000000    -0.00677647 
78.400000    -0.02692485 
78.800000    -0.04399877 
79.200000    -0.05939405 
79.600000    -0.07397195 
80.000000    -0.08826580 
80.400000    -0.10224764 
80.800000    -0.11448102 
81.200000    -0.12104883 
81.600000    -0.11658262 
82.000000    -0.09927200 
82.400000    -0.07378778 
82.800000    -0.04680809 
83.200000    -0.02216745 
83.600000    -0.00036648 
84.000000    0.01810377 
84.400000    0.03317698 
84.800000    0.04636915 
85.200000    0.05878872 
85.600000    0.07111599 
86.000000    0.08362925 
86.400000    0.09590442 
86.800000    0.10619862 
87.200000    0.11108132 
87.600000    0.10675621 
88.000000    0.09225936 
88.400000    0.07081532 
88.800000    0.04716705 
89.200000    0.02447653 
89.600000    0.00343574 
90.000000    -0.01547225 
90.400000    -0.03163577 
90.800000    -0.04638239 
91.200000    -0.06084432 
91.600000    -0.07572341 
92.000000    -0.09122577 
92.400000    -0.10645633 
92.800000    -0.11834572 
93.200000    -0.12145291 
93.600000    -0.11131401 
94.000000    -0.08935761 
94.400000    -0.06191084 
94.800000    -0.03465923 
95.200000    -0.00982801 
95.600000    0.01236977 
96.000000    0.03105935 
96.400000    0.04749461 
96.800000    0.06294721 
97.200000    0.07823100 
97.600000    0.09372263 
98.000000    0.10876665 
98.400000    0.12039706 
98.800000    0.12276128 
99.200000    0.11089529 
99.600000    0.08687498 
100.000000    0.05822945 
100.400000    0.03097083 
100.800000    0.00693342 
101.200000    -0.01372955 
101.600000    -0.03038807 
102.000000    -0.04444446 
102.400000    -0.05718159 
102.800000    -0.06945172 
103.200000    -0.08172935 
103.600000    -0.09380040 
104.000000    -0.10411081 
104.400000    -0.10928341 
104.800000    -0.10534937 
105.200000    -0.09115229 
105.600000    -0.06996404 
106.000000    -0.04666125 
106.400000    -0.02444541 
106.800000    -0.00400761 
107.200000    0.01422147 
107.600000    0.02957957 
108.000000    0.04337433 
108.400000    0.05682748 
108.800000    0.07070511 
109.200000    0.08525302 
109.600000    0.09971047 
110.000000    0.11144998 
110.400000    0.11575442 
110.800000    0.10833204 
111.200000    0.08953860 
111.600000    0.06444584 
112.000000    0.03844534 
112.400000    0.01419972 
112.800000    -0.00797533 
113.200000    -0.02701372 
113.600000    -0.04373627 
114.000000    -0.05953120 
114.400000    -0.07531076 
114.800000    -0.09152657 
115.200000    -0.10753565 
115.600000    -0.12020679 
116.000000    -0.12325848 
116.400000    -0.11135864 
116.800000    -0.08676246 
117.200000    -0.05742672 
117.600000    -0.02954924 
118.000000    -0.00493181 
118.400000    0.01611588 
118.800000    0.03312732 
119.200000    0.04759691 
119.600000    0.06072197 
120.000000    0.07331577 
120.400000    0.08578828 
120.800000    0.09765018 
121.200000    0.10669320 
121.600000    0.10883373 
122.000000    0.10051738 
122.400000    0.08249526 
122.800000    0.05953235 
123.200000    0.03629200 
123.600000    0.01486336 
124.000000    -0.00465762 
124.400000    -0.02126349 
124.800000    -0.03531578 
125.200000    -0.04823800 
125.600000    -0.06105468 
126.000000    -0.07435791 
126.400000    -0.08805177 
126.800000    -0.10073190 
127.200000    -0.10907025 
127.600000    -0.10859697 
128.000000    -0.09696962 
128.400000    -0.07654457 
128.800000    -0.05234812 
129.200000    -0.02834895 
129.600000    -0.00589672 
130.000000    0.01450955 
130.400000    0.03201510 
130.800000    0.04792084 
131.200000    0.06344325 
131.600000    0.07935494 
132.000000    0.09574862 
132.400000    0.11104321 
132.800000    0.12063176 
133.200000    0.11793720 
133.600000    0.10050552 
134.000000    0.07364707 
134.400000    0.04494895 
134.800000    0.01859147 
135.200000    -0.00484207 
135.600000    -0.02446053 
136.000000    -0.04081152 
136.400000    -0.05536096 
136.800000    -0.06906905 
137.200000    -0.08252513 
137.600000    -0.09560155 
138.000000    -0.10654256 
138.400000    -0.11125264 
138.800000    -0.10512946 
139.200000    -0.08774926 
139.600000    -0.06401137 
140.000000    -0.03952166 
140.400000    -0.01703674 
140.800000    0.00325268 
141.200000    0.02044129 
141.600000    0.03471813 
142.000000    0.04749769 
142.400000    0.05981325 
142.800000    0.07230512 
143.200000    0.08499737 
143.600000    0.09669615 
144.000000    0.10441160 
144.400000    0.10405654 
144.800000    0.09340000 
145.200000    0.07449103 
145.600000    0.05190562 
146.000000    0.02930850 
146.400000    0.00798183 
146.800000    -0.01170862 
147.200000    -0.02866662 
147.600000    -0.04394552 
148.000000    -0.05881272 
148.400000    -0.07408443 
148.800000    -0.08992483 
149.200000    -0.10499802 
149.600000    -0.11531075 
150.000000    -0.11489345 
150.400000    -0.10071494 
150.800000    -0.07657120 
151.200000    -0.04930330 
151.600000    -0.02337955 
152.000000    0.00022628 
152.400000    0.02074516 
152.800000    0.03806637 
153.200000    0.05365392 
153.600000    0.06853336 
154.000000    0.08330451 
154.400000    0.09774247 
154.800000    0.10969914 
155.200000    0.11427643 
155.600000    0.10635457 
156.000000    0.08633792 
156.400000    0.06047156 
156.800000    0.03479002 
157.200000    0.01166069 
157.600000    -0.00882489 
158.000000    -0.02569812 
158.400000    -0.03983483 
158.800000    -0.05255371 
159.200000    -0.06473787 
159.600000    -0.07687479 
160.000000    -0.08869434 
160.400000    -0.09847002 
160.800000    -0.10272180 
161.200000    -0.09784398 
161.600000    -0.08340469 
162.000000    -0.06295471 
162.400000    -0.04092409 
162.800000    -0.01982677 
163.200000    0.00002051 
163.600000    0.01777739 
164.000000    0.03306687 
164.400000    0.04719813 
164.800000    0.06122717 
165.200000    0.07575060 
165.600000    0.09053374 
166.000000    0.10361518 
166.400000    0.11066008 
166.800000    0.10673434 
167.200000    0.09084887 
167.600000    0.06742133 
168.000000    0.04210501 
168.400000    0.01804576 
168.800000    -0.00429314 
169.200000    -0.02384520 
169.600000    -0.04088871 
170.000000    -0.05679195 
170.400000    -0.07246440 
170.800000    -0.08829811 
171.200000    -0.10341381 
171.600000    -0.11425751 
172.000000    -0.11464072 
172.400000    -0.10073292 
172.800000    -0.07628269 
173.200000    -0.04883742 
173.600000    -0.02325244 
174.000000    -0.00043182 
174.400000    0.01907008 
174.800000    0.03511810 
175.200000    0.04912819 
175.600000    0.06209871 
176.000000    0.07463467 
176.400000    0.08674641 
176.800000    0.09715367 
177.200000    0.10267206 
177.600000    0.09934468 
178.000000    0.08594932 
178.400000    0.06575810 
178.800000    0.04360367 
179.200000    0.02247100 
179.600000    0.00282341 
180.000000    -0.01483673 
180.400000    -0.02985164 
180.800000    -0.04340271 
181.200000    -0.05655521 
181.600000    -0.06992547 
182.000000    -0.08348127 
182.400000    -0.09587961 
182.800000    -0.10381840 
183.200000    -0.10293814 
183.600000    -0.09122108 
184.000000    -0.07132925 
184.400000    -0.04820496 
184.800000    -0.02538105 
185.200000    -0.00376595 
185.600000    0.01607863 
186.000000    0.03341782 
186.400000    0.04950957 
186.800000    0.06539625 
187.200000    0.08160732 
187.600000    0.09766521 
188.000000    0.11077963 
188.400000    0.11515450 
188.800000    0.10556789 
189.200000    0.08360702 
189.600000    0.05645391 
190.000000    0.03003969 
190.400000    0.00621222 
190.800000    -0.01477096 
191.200000    -0.03225664 
191.600000    -0.04757916 
192.000000    -0.06182868 
192.400000    -0.07560437 
192.800000    -0.08886794 
193.200000    -0.10015270 
193.600000    -0.10576803 
194.000000    -0.10121402 
194.400000    -0.08560546 
194.800000    -0.06334241 
195.200000    -0.03995563 
195.600000    -0.01833664 
196.000000    0.00132029 
196.400000    0.01832208 
196.800000    0.03263664 
197.200000    0.04561085 
197.600000    0.05820103 
198.000000    0.07087610 
198.400000    0.08339781 
198.800000    0.09420662 
199.200000    0.10001025 
199.600000    0.09705121 
200.000000    0.08429123 
200.400000    0.06478959 
200.800000    0.04302533 
201.200000    0.02183114 
201.600000    0.00169007 
202.000000    -0.01673890 
202.400000    -0.03293988 
202.800000    -0.04821088 
203.200000    -0.06355848 
203.600000    -0.07939230 
204.000000    -0.09502330 
204.400000    -0.10751114 
204.800000    -0.11133888 
205.200000    -0.10196775 
205.600000    -0.08109013 
206.000000    -0.05520773 
206.400000    -0.02971019 
206.800000    -0.00635069 
207.200000    0.01454976 
207.600000    0.03228438 
208.000000    0.04820561 
208.400000    0.06344470 
208.800000    0.07855623 
209.200000    0.09322501 
209.600000    0.10520921 
210.000000    0.10957350 
210.400000    0.10141920 
210.800000    0.08157857 
211.200000    0.05641965 
211.600000    0.03172538 
212.000000    0.00955834 
212.400000    -0.00999214 
212.800000    -0.02610530 
213.200000    -0.03987394 
213.600000    -0.05261307 
214.000000    -0.06508264 
214.400000    -0.07746149 
214.800000    -0.08890779 
215.200000    -0.09692488 
215.600000    -0.09770007 
216.000000    -0.08872974 
216.400000    -0.07156559 
216.800000    -0.05059965 
217.200000    -0.02955411 
217.600000    -0.00973420 
218.000000    0.00873289 
218.400000    0.02477561 
218.800000    0.03918463 
219.200000    0.05323977 
219.600000    0.06765934 
220.000000    0.08239669 
220.400000    0.09595155 
220.800000    0.10458719 
221.200000    0.10337721 
221.600000    0.09033258 
222.000000    0.06891157 
222.400000    0.04473147 
222.800000    0.02139998 
223.200000    -0.00036290 
223.600000    -0.01974787 
224.000000    -0.03662345 
224.400000    -0.05246045 
224.800000    -0.06824700 
225.200000    -0.08427679 
225.600000    -0.09943825 
226.000000    -0.10988714 
226.400000    -0.10944756 
226.800000    -0.09496218 
227.200000    -0.07077713 
227.600000    -0.04421749 
228.000000    -0.01960382 
228.400000    0.00239364 
228.800000    0.02100846 
229.200000    0.03649897 
229.600000    0.05037561 
230.000000    0.06361587 
230.400000    0.07662007 
230.800000    0.08881489 
231.200000    0.09787132 
231.600000    0.09970260 
232.000000    0.09115338 
232.400000    0.07356121 
232.800000    0.05178736 
233.200000    0.03008088 
233.600000    0.00998547 
234.000000    -0.00836349 
234.400000    -0.02394310 
234.800000    -0.03754791 
235.200000    -0.05049385 
235.600000    -0.06356324 
236.000000    -0.07684401 
236.400000    -0.08921478 
236.800000    -0.09773232 
237.200000    -0.09824631 
237.600000    -0.08840825 
238.000000    -0.07024876 
238.400000    -0.04840694 
238.800000    -0.02652424 
239.200000    -0.00572145 
239.600000    0.01353464 
240.000000    0.03033645 
240.400000    0.04590515 
240.800000    0.06143104 
241.200000    0.07743151 
241.600000    0.09322902 
242.000000    0.10576239 
242.400000    0.10928799 
242.800000    0.09928497 
243.200000    0.07789599 
243.600000    0.05192483 
244.000000    0.02663540 
244.400000    0.00354580 
244.800000    -0.01679326 
245.200000    -0.03387014 
245.600000    -0.04912593 
246.000000    -0.06366219 
246.400000    -0.07797027 
246.800000    -0.09148503 
247.200000    -0.10157366 
247.600000    -0.10339629 
248.000000    -0.09332244 
248.400000    -0.07341938 
248.800000    -0.04966061 
249.200000    -0.02666437 
249.600000    -0.00575623 
250.000000    0.01271841 
250.400000    0.02798604 
250.800000    0.04126027 
251.200000    0.05374991 
251.600000    0.06611386 
252.000000    0.07828285 
252.400000    0.08890862 
252.800000    0.09495904 
253.200000    0.09282189 
253.600000    0.08128510 
254.000000    0.06302719 
254.400000    0.04228042 
254.800000    0.02187307 
255.200000    0.00239507 
255.600000    -0.01546769 
256.000000    -0.03105344 
256.400000    -0.04560931 
256.800000    -0.06020050 
257.200000    -0.07520844 
257.600000    -0.08979976 
258.000000    -0.10099334 
258.400000    -0.10378635 
258.800000    -0.09458580 
259.200000    -0.07524442 
259.600000    -0.05136486 
260.000000    -0.02748785 
260.400000    -0.00507499 
260.800000    0.01532637 
261.200000    0.03291655 
261.600000    0.04900049 
262.000000    0.06467632 
262.400000    0.08035582 
262.800000    0.09514705 
263.200000    0.10561729 
263.600000    0.10599838 
264.000000    0.09297562 
264.400000    0.07025685 
264.800000    0.04477308 
265.200000    0.02085163 
265.600000    -0.00072783 
266.000000    -0.01921478 
266.400000    -0.03455183 
266.800000    -0.04817190 
267.200000    -0.06105120 
267.600000    -0.07357150 
268.000000    -0.08513842 
268.400000    -0.09351129 
268.800000    -0.09497806 
269.200000    -0.08686751 
269.600000    -0.07049726 
270.000000    -0.05015919 
270.400000    -0.02958884 
270.800000    -0.01015588 
271.200000    0.00798034 
271.600000    0.02369454 
272.000000    0.03763109 
272.400000    0.05102468 
272.800000    0.06455691 
273.200000    0.07810365 
273.600000    0.09012972 
274.000000    0.09721818 
274.400000    0.09531670 
274.800000    0.08314017 
275.200000    0.06375008 
275.600000    0.04176957 
276.000000    0.02014280 
276.400000    -0.00056494 
276.800000    -0.01941114 
277.200000    -0.03610457 
277.600000    -0.05199141 
278.000000    -0.06797099 
278.400000    -0.08407643 
278.800000    -0.09855813 
279.200000    -0.10680856 
279.600000    -0.10307124 
280.000000    -0.08628737 
280.400000    -0.06199334 
280.800000    -0.03660692 
281.200000    -0.01309860 
281.600000    0.00821903 
282.000000    0.02629432 
282.400000    0.04193282 
282.800000    0.05643556 
283.200000    0.07048913 
283.600000    0.08393547 
284.000000    0.09497456 
284.400000    0.09962272 
284.800000    0.09376136 
285.200000    0.07755256 
285.600000    0.05584266 
286.000000    0.03360507 
286.400000    0.01297884 
286.800000    -0.00590812 
287.200000    -0.02202535 
287.600000    -0.03585529 
288.000000    -0.04870497 
288.400000    -0.06134712 
288.800000    -0.07384021 
289.200000    -0.08506267 
289.600000    -0.09225389 
290.000000    -0.09181092 
290.400000    -0.08204926 
290.800000    -0.06509370 
291.200000    -0.04502105 
291.600000    -0.02485107 
292.000000    -0.00538624 
292.400000    0.01292427 
292.800000    0.02910026 
293.200000    0.04418494 
293.600000    0.05924589 
294.000000    0.07462127 
294.400000    0.08933960 
294.800000    0.10016548 
295.200000    0.10195811 
295.600000    0.09155529 
296.000000    0.07155357 
296.400000    0.04776274 
296.800000    0.02436345 
297.200000    0.00240731 
297.600000    -0.01745776 
298.000000    -0.03469360 
298.400000    -0.05063555 
298.800000    -0.06624179 
299.200000    -0.08167351 
299.600000    -0.09550568 
300.000000    -0.10364141 
300.400000    -0.10059014 
300.800000    -0.08493063 
301.200000    -0.06176062 
301.600000    -0.03742797 
302.000000    -0.01500785 
302.400000    0.00524853 
302.800000    0.02240137 
303.200000    0.03693805 
303.600000    0.05022586 
304.000000    0.06306404 
304.400000    0.07551338 
304.800000    0.08636727 
305.200000    0.09266658 
305.600000    0.09074153 
306.000000    0.07937353 
306.400000    0.06142679 
306.800000    0.04125896 
307.200000    0.02162259 
307.600000    0.00297747 
308.000000    -0.01414602 
308.400000    -0.02905562 
308.800000    -0.04289131 
309.200000    -0.05665897 
309.600000    -0.07064326 
310.000000    -0.08394502 
310.400000    -0.09380420 
310.800000    -0.09598128 
311.200000    -0.08768992 
311.600000    -0.07059905 
312.000000    -0.04934164 
312.400000    -0.02772110 
312.800000    -0.00697374 
313.200000    0.01254824 
313.600000    0.02982395 
314.000000    0.04591345 
314.400000    0.06191522 
314.800000    0.07813379 
315.200000    0.09333414 
315.600000    0.10354211 
316.000000    0.10284291 
316.400000    0.08875977 
316.800000    0.06583475 
317.200000    0.04082424 
317.600000    0.01743141 
318.000000    -0.00388524 
318.400000    -0.02223053 
318.800000    -0.03793659 
319.200000    -0.05240090 
319.600000    -0.06643570 
320.000000    -0.08001743 
320.400000    -0.09153208 
320.800000    -0.09715159 
321.200000    -0.09259895 
321.600000    -0.07754692 
322.000000    -0.05656423 
322.400000    -0.03473662 
322.800000    -0.01441333 
323.200000    0.00427784 
323.600000    0.02039887 
324.000000    0.03426066 
324.400000    0.04720643 
324.800000    0.06005591 
325.200000    0.07283348 
325.600000    0.08424458 
326.000000    0.09124637 
326.400000    0.09010716 
326.800000    0.07946304 
327.200000    0.06195096 
327.600000    0.04182500 
328.000000    0.02190825 
328.400000    0.00275091 
328.800000    -0.01505727 
329.200000    -0.03083849 
329.600000    -0.04578439 
330.000000    -0.06087973 
330.400000    -0.07625518 
330.800000    -0.09043792 
331.200000    -0.09948467 
331.600000    -0.09822266 
332.000000    -0.08492040 
332.400000    -0.06364028 
332.800000    -0.04013724 
333.200000    -0.01765184 
333.600000    0.00338023 
334.000000    0.02200843 
334.400000    0.03842733 
334.800000    0.05400459 
335.200000    0.06950962 
335.600000    0.08468333 
336.000000    0.09716842 
336.400000    0.10187930 
336.800000    0.09408806 
337.200000    0.07504936 
337.600000    0.05112806 
338.000000    0.02765186 
338.400000    0.00627373 
338.800000    -0.01269681 
339.200000    -0.02849917 
339.600000    -0.04235194 
340.000000    -0.05542692 
340.400000    -0.06824234 
340.800000    -0.08029439 
341.200000    -0.08935005 
341.600000    -0.09158322 
342.000000    -0.08415283 
342.400000    -0.06833212 
342.800000    -0.04849854 
343.200000    -0.02843314 
343.600000    -0.00946031 
344.000000    0.00826470 
344.400000    0.02369094 
344.800000    0.03752991 
345.200000    0.05100294 
345.600000    0.06470012 
346.000000    0.07817733 
346.400000    0.08924068 
346.800000    0.09387211 
347.200000    0.08853130 
347.600000    0.07366070 
348.000000    0.05345742 
348.400000    0.03215947 
348.800000    0.01162637 
349.200000    -0.00792507 
349.600000    -0.02534957 
350.000000    -0.04130172 
350.400000    -0.05701593 
350.800000    -0.07300852 
351.200000    -0.08841993 
351.600000    -0.09980090 
352.000000    -0.10137226 
352.400000    -0.08973381 
352.800000    -0.06831885 
353.200000    -0.04378711 
353.600000    -0.02037518 
354.000000    0.00112547 
354.400000    0.01992682 
354.800000    0.03600590 
355.200000    0.05075173 
355.600000    0.06501633 
356.000000    0.07881478 
356.400000    0.09052472 
356.800000    0.09619049 
357.200000    0.09141499 
357.600000    0.07599565 
358.000000    0.05472758 
358.400000    0.03275337 
358.800000    0.01233424 
359.200000    -0.00633062 
359.600000    -0.02222336 
360.000000    -0.03590528 
360.400000    -0.04866898 
360.800000    -0.06122896 
361.200000    -0.07346967 
361.600000    -0.08385952 
362.000000    -0.08917455 
362.400000    -0.08602149 
362.800000    -0.07391066 
363.200000    -0.05600317 
363.600000    -0.03629224 
364.000000    -0.01700380 
364.400000    0.00160183 
364.800000    0.01859367 
365.200000    0.03380277 
365.600000    0.04847036 
366.000000    0.06335871 
366.400000    0.07823604 
366.800000    0.09101551 
367.200000    0.09728218 
367.600000    0.09259943 
368.000000    0.07701960 
368.400000    0.05534452 
368.800000    0.03256238 
369.200000    0.01085450 
369.600000    -0.00947623 
370.000000    -0.02733131 
370.400000    -0.04355460 
370.800000    -0.05929721 
371.200000    -0.07494149 
371.600000    -0.08944980 
372.000000    -0.09917132 
372.400000    -0.09851131 
372.800000    -0.08504694 
373.200000    -0.06307423 
373.600000    -0.03908245 
374.000000    -0.01664713 
374.400000    0.00375208 
374.800000    0.02120579 
375.200000    0.03602704 
375.600000    0.04957083 
376.000000    0.06258703 
376.400000    0.07500981 
376.800000    0.08534413 
377.200000    0.09026288 
377.600000    0.08623251 
378.000000    0.07298729 
378.400000    0.05420470 
378.800000    0.03415221 
379.200000    0.01496631 
379.600000    -0.00315863 
380.000000    -0.01924681 
380.400000    -0.03338210 
380.800000    -0.04680575 
381.200000    -0.06021680 
381.600000    -0.07342203 
382.000000    -0.08473566 
382.400000    -0.09066911 
382.800000    -0.08757200 
383.200000    -0.07496488 
383.600000    -0.05627101 
384.000000    -0.03571261 
384.400000    -0.01557599 
384.800000    0.00384950 
385.200000    0.02150437 
385.600000    0.03753956 
386.000000    0.05318906 
386.400000    0.06901188 
386.800000    0.08432755 
387.200000    0.09612617 
387.600000    0.09905402 
388.000000    0.08939007 
388.400000    0.06964036 
388.800000    0.04601993 
389.200000    0.02297103 
389.600000    0.00156981 
390.000000    -0.01753188 
390.400000    -0.03399261 
390.800000    -0.04916975 
391.200000    -0.06390451 
391.600000    -0.07812162 
392.000000    -0.09006898 
392.400000    -0.09564537 
392.800000    -0.09045405 
393.200000    -0.07457546 
393.600000    -0.05306385 
394.000000    -0.03103496 
394.400000    -0.01058435 
394.800000    0.00805090 
395.200000    0.02386978 
395.600000    0.03766238 
396.000000    0.05066177 
396.400000    0.06338858 
396.800000    0.07539694 
397.200000    0.08471445 
397.600000    0.08788346 
398.000000    0.08207867 
398.400000    0.06799446 
398.800000    0.04940344 
399.200000    0.02995656 
399.600000    0.01118116 
400.000000    -0.00673807 
400.400000    -0.02270073 
400.800000    -0.03722906 
401.200000    -0.05149139 
401.600000    -0.06591542 
402.000000    -0.07973711 
402.400000    -0.09024471 
402.800000    -0.09303917 
403.200000    -0.08511754 
403.600000    -0.06818876 
404.000000    -0.04707840 
404.400000    -0.02566712 
404.800000    -0.00515647 
405.200000    0.01397442 
405.600000    0.03093153 
406.000000    0.04691203 
406.400000    0.06285244 
406.800000    0.07867125 
407.200000    0.09237642 
407.600000    0.09920195 
408.000000    0.09396658 
408.400000    0.07680049 
408.800000    0.05357801 
409.200000    0.02998050 
409.600000    0.00816443 
410.000000    -0.01149870 
410.400000    -0.02811331 
410.800000    -0.04282700 
411.200000    -0.05677391 
411.600000    -0.07025765 
412.000000    -0.08233108 
412.400000    -0.09009572 
412.800000    -0.08942474 
413.200000    -0.07851008 
413.600000    -0.06030407 
414.000000    -0.03971198 
414.400000    -0.01984260 
414.800000    -0.00127744 
415.200000    0.01528921 
415.600000    0.02945637 
416.000000    0.04250837 
416.400000    0.05536723 
416.800000    0.06808757 
417.200000    0.07943644 
417.600000    0.08649981 
418.000000    0.08570781 
418.400000    0.07574670 
418.800000    0.05908634 
419.200000    0.03973270 
419.600000    0.02035565 
420.000000    0.00150366 
420.400000    -0.01608498 
420.800000    -0.03190891 
421.200000    -0.04719796 
421.600000    -0.06272051 
422.000000    -0.07810618 
422.400000    -0.09096974 
422.800000    -0.09652656 
423.200000    -0.09043047 
423.600000    -0.07352886 
424.000000    -0.05123703 
424.400000    -0.02843816 
424.800000    -0.00691367 
425.200000    0.01287948 
425.600000    0.03005757 
426.000000    0.04582492 
426.400000    0.06122039 
426.800000    0.07629961 
427.200000    0.08938235 
427.600000    0.09620746 
428.000000    0.09184818 
428.400000    0.07600051 
428.800000    0.05397384 
429.200000    0.03131684 
429.600000    0.01033623 
430.000000    -0.00864877 
430.400000    -0.02462752 
430.800000    -0.03849764 
431.200000    -0.05153943 
431.600000    -0.06425602 
432.000000    -0.07605461 
432.400000    -0.08468916 
432.800000    -0.08654940 
433.200000    -0.07918761 
433.600000    -0.06401775 
434.000000    -0.04511564 
434.400000    -0.02587200 
434.800000    -0.00741795 
435.200000    0.00988574 
435.600000    0.02501756 
436.000000    0.03887530 
436.400000    0.05257041 
436.800000    0.06634466 
437.200000    0.07911133 
437.600000    0.08789378 
438.000000    0.08861848 
438.400000    0.07930346 
438.800000    0.06229396 
439.200000    0.04202995 
439.600000    0.02165292 
440.000000    0.00193812 
440.400000    -0.01636599 
440.800000    -0.03273791 
441.200000    -0.04846854 
441.600000    -0.06435378 
442.000000    -0.07997064 
442.400000    -0.09267609 
442.800000    -0.09725840 
443.200000    -0.08940828 
443.600000    -0.07083909 
444.000000    -0.04766796 
444.400000    -0.02469164 
444.800000    -0.00330404 
445.200000    0.01585205 
445.600000    0.03221164 
446.000000    0.04713912 
446.400000    0.06157485 
446.800000    0.07545035 
447.200000    0.08697650 
447.600000    0.09213639 
448.000000    0.08685536 
448.400000    0.07144677 
448.800000    0.05076090 
449.200000    0.02954521 
449.600000    0.00969707 
450.000000    -0.00845277 
450.400000    -0.02383427 
450.800000    -0.03726300 
451.200000    -0.04999755 
451.600000    -0.06252691 
452.000000    -0.07422136 
452.400000    -0.08283866 
452.800000    -0.08488935 
453.200000    -0.07803749 
453.600000    -0.06354967 
454.000000    -0.04520010 
454.400000    -0.02621036 
454.800000    -0.00771075 
455.200000    0.00991437 
455.600000    0.02558055 
456.000000    0.04015809 
456.400000    0.05472583 
456.800000    0.06940191 
457.200000    0.08273590 
457.600000    0.09108509 
458.000000    0.08995025 
458.400000    0.07800082 
458.800000    0.05878043 
459.200000    0.03720315 
459.600000    0.01607562 
460.000000    -0.00410387 
460.400000    -0.02220917 
460.800000    -0.03849555 
461.200000    -0.05427496 
461.600000    -0.07002365 
462.000000    -0.08472108 
462.400000    -0.09477061 
462.800000    -0.09470018 
463.200000    -0.08212211 
463.600000    -0.06112363 
464.000000    -0.03791231 
464.400000    -0.01592186 
464.800000    0.00429771 
465.200000    0.02168730 
465.600000    0.03658372 
466.000000    0.05035808 
466.400000    0.06366515 
466.800000    0.07604766 
467.200000    0.08527176 
467.600000    0.08747520 
468.000000    0.07990874 
468.400000    0.06410816 
468.800000    0.04455888 
469.200000    0.02487202 
469.600000    0.00617305 
470.000000    -0.01106935 
470.400000    -0.02587678 
470.800000    -0.03924492 
471.200000    -0.05226940 
471.600000    -0.06517071 
472.000000    -0.07685768 
472.400000    -0.08450485 
472.800000    -0.08447231 
473.200000    -0.07521690 
473.600000    -0.05902665 
474.000000    -0.03988732 
474.400000    -0.02053948 
474.800000    -0.00162666 
475.200000    0.01602349 
475.600000    0.03183844 
476.000000    0.04704814 
476.400000    0.06240214 
476.800000    0.07740007 
477.200000    0.08941696 
477.600000    0.09361305 
478.000000    0.08622697 
478.400000    0.06887410 
478.800000    0.04698093 
479.200000    0.02487928 
479.600000    0.00389225 
480.000000    -0.01531469 
480.400000    -0.03202085 
480.800000    -0.04750532 
481.200000    -0.06266020 
481.600000    -0.07724688 
482.000000    -0.08902350 
482.400000    -0.09334527 
482.800000    -0.08616042 
483.200000    -0.06881877 
483.600000    -0.04696269 
484.000000    -0.02520024 
484.400000    -0.00493950 
484.800000    0.01326779 
485.200000    0.02860649 
485.600000    0.04226599 
486.000000    0.05529177 
486.400000    0.06783467 
486.800000    0.07867165 
487.200000    0.08480929 
487.600000    0.08273984 
488.000000    0.07162298 
488.400000    0.05446547 
488.800000    0.03532701 
489.200000    0.01652492 
489.600000    -0.00155870 
490.000000    -0.01788750 
490.400000    -0.03226707 
490.800000    -0.04594423 
491.200000    -0.05958573 
491.600000    -0.07270921 
492.000000    -0.08310147 
492.400000    -0.08693788 
492.800000    -0.08121234 
493.200000    -0.06681163 
493.600000    -0.04775361 
494.000000    -0.02771157 
494.400000    -0.00810141 
494.800000    0.01063078 
495.200000    0.02733986 
495.600000    0.04293910 
496.000000    0.05845608 
496.400000    0.07382742 
496.800000    0.08708021 
497.200000    0.09370155 
497.600000    0.08902700 
498.000000    0.07327529 
498.400000    0.05168269 
498.800000    0.02931212 
499.200000    0.00812239 
499.600000    -0.01143139 
500.000000    -0.02829393 
500.400000    -0.04350259 
500.800000    -0.05812604 
501.200000    -0.07224421 
501.600000    -0.08427667 
502.000000    -0.09037407 
502.400000    -0.08629322 
502.800000    -0.07186666 
503.200000    -0.05167764 
503.600000    -0.03056037 
504.000000    -0.01058168 
504.400000    0.00790506 
504.800000    0.02374107 
505.200000    0.03759560 
505.600000    0.05066701 
506.000000    0.06335626 
506.400000    0.07484686 
506.800000    0.08262317 
507.200000    0.08314302 
507.600000    0.07461676 
508.000000    0.05906273 
508.400000    0.04044475 
508.800000    0.02161056 
509.200000    0.00328039 
509.600000    -0.01383373 
510.000000    -0.02891906 
510.400000    -0.04307510 
510.800000    -0.05714995 
511.200000    -0.07089526 
511.600000    -0.08235466 
512.000000    -0.08769653 
512.400000    -0.08337339 
512.800000    -0.06966603 
513.200000    -0.05058257 
513.600000    -0.03018519 
514.000000    -0.01023144 
514.400000    0.00890145 
514.800000    0.02599316 
515.200000    0.04178461 
515.600000    0.05736553 
516.000000    0.07277034 
516.400000    0.08618012 
516.800000    0.09319789 
517.200000    0.08902049 
517.600000    0.07358741 
518.000000    0.05209240 
518.400000    0.02973956 
518.800000    0.00859405 
519.200000    -0.01090352 
519.600000    -0.02766692 
520.000000    -0.04266673 
520.400000    -0.05696481 
520.800000    -0.07065253 
521.200000    -0.08224488 
521.600000    -0.08815574 
522.000000    -0.08442544 
522.400000    -0.07080249 
522.800000    -0.05147914 
523.200000    -0.03104252 
523.600000    -0.01155667 
524.000000    0.00664258 
524.400000    0.02237051 
524.800000    0.03611273 
525.200000    0.04906470 
525.600000    0.06165407 
526.000000    0.07311966 
526.400000    0.08107141 
526.800000    0.08209243 
527.200000    0.07431885 
527.600000    0.05949083 
528.000000    0.04136436 
528.400000    0.02277677 
528.800000    0.00450880 
529.200000    -0.01282303 
529.600000    -0.02827236 
530.000000    -0.04285580 
530.400000    -0.05742432 
530.800000    -0.07168112 
531.200000    -0.08351108 
531.600000    -0.08880983 
532.000000    -0.08389953 
532.400000    -0.06933537 
532.800000    -0.04950789 
533.200000    -0.02859080 
533.600000    -0.00822572 
534.000000    0.01113108 
534.400000    0.02833660 
534.800000    0.04432779 
535.200000    0.06006984 
535.600000    0.07535947 
536.000000    0.08794881 
536.400000    0.09305778 
536.800000    0.08636689 
537.200000    0.06910995 
537.600000    0.04706178 
538.000000    0.02497189 
538.400000    0.00428589 
538.800000    -0.01438163 
539.200000    -0.03025494 
539.600000    -0.04452464 
540.000000    -0.05808833 
540.400000    -0.07082544 
540.800000    -0.08102562 
541.200000    -0.08519300 
541.600000    -0.08010982 
542.000000    -0.06627935 
542.400000    -0.04774022 
542.800000    -0.02839790 
543.200000    -0.00981351 
543.600000    0.00769441 
544.000000    0.02294037 
544.400000    0.03649693 
544.800000    0.04948648 
545.200000    0.06220169 
545.600000    0.07366092 
546.000000    0.08123755 
546.400000    0.08150354 
546.800000    0.07293688 
547.200000    0.05761136 
547.600000    0.03926997 
548.000000    0.02051847 
548.400000    0.00196345 
548.800000    -0.01556965 
549.200000    -0.03139011 
549.600000    -0.04662683 
550.000000    -0.06191254 
550.400000    -0.07650734 
550.800000    -0.08750620 
551.200000    -0.09016102 
551.600000    -0.08150896 
552.000000    -0.06389083 
552.400000    -0.04255563 
552.800000    -0.02120092 
553.200000    -0.00072532 
553.600000    0.01798950 
554.000000    0.03451080 
554.400000    0.05009252 
554.800000    0.06532640 
555.200000    0.07940837 
555.600000    0.08924368 
556.000000    0.08993314 
556.400000    0.07901986 
556.800000    0.05986379 
557.200000    0.03815212 
557.600000    0.01725848 
558.000000    -0.00223022 
558.400000    -0.01930944 
558.800000    -0.03394105 
559.200000    -0.04739346 
559.600000    -0.06027923 
560.000000    -0.07207248 
560.400000    -0.08059842 
560.800000    -0.08238062 
561.200000    -0.07517471 
561.600000    -0.06050041 
562.000000    -0.04229661 
562.400000    -0.02368207 
562.800000    -0.00558629 
563.200000    0.01145915 
563.600000    0.02641785 
564.000000    0.04019061 
564.400000    0.05369196 
564.800000    0.06680067 
565.200000    0.07785699 
565.600000    0.08352135 
566.000000    0.08048986 
566.400000    0.06858548 
566.800000    0.05111991 
567.200000    0.03187380 
567.600000    0.01271733 
568.000000    -0.00601548 
568.400000    -0.02306368 
568.800000    -0.03877787 
569.200000    -0.05426136 
569.600000    -0.06957992 
570.000000    -0.08300262 
570.400000    -0.09038644 
570.800000    -0.08713382 
571.200000    -0.07293147 
571.600000    -0.05248176 
572.000000    -0.03077777 
572.400000    -0.00995432 
572.800000    0.00958520 
573.200000    0.02668036 
573.600000    0.04214944 
574.000000    0.05703583 
574.400000    0.07131180 
574.800000    0.08318320 
575.200000    0.08862963 
575.600000    0.08363934 
576.000000    0.06864292 
576.400000    0.04847445 
576.800000    0.02769646 
577.200000    0.00800616 
577.600000    -0.01017991 
578.000000    -0.02577164 
578.400000    -0.03962729 
578.800000    -0.05278514 
579.200000    -0.06534383 
579.600000    -0.07599213 
580.000000    -0.08175057 
580.400000    -0.07936103 
580.800000    -0.06830415 
581.200000    -0.05160668 
581.600000    -0.03306136 
582.000000    -0.01469977 
582.400000    0.00315016 
582.800000    0.01933066 
583.200000    0.03379000 
583.600000    0.04767920 
584.000000    0.06139285 
584.400000    0.07395591 
584.800000    0.08255959 
585.200000    0.08337292 
585.600000    0.07460465 
586.000000    0.05855348 
586.400000    0.03938814 
586.800000    0.01994029 
587.200000    0.00084451 
587.600000    -0.01700290 
588.000000    -0.03307741 
588.400000    -0.04855830 
588.800000    -0.06397207 
589.200000    -0.07833102 
589.600000    -0.08831625 
590.000000    -0.08902009 
590.400000    -0.07821880 
590.800000    -0.05930140 
591.200000    -0.03771601 
591.600000    -0.01665293 
592.000000    0.00332648 
592.400000    0.02112782 
592.800000    0.03683680 
593.200000    0.05167757 
593.600000    0.06601996 
594.000000    0.07874009 
594.400000    0.08655236 
594.800000    0.08514010 
595.200000    0.07324857 
595.600000    0.05457845 
596.000000    0.03406497 
596.400000    0.01429763 
596.800000    -0.00431346 
597.200000    -0.02062214 
597.600000    -0.03480245 
598.000000    -0.04804877 
598.400000    -0.06079794 
598.800000    -0.07222764 
599.200000    -0.07984973 
599.600000    -0.08026068 
600.000000    -0.07186358 
600.400000    -0.05672631 
600.800000    -0.03866618 
601.200000    -0.02033343 
601.600000    -0.00234508 
602.000000    0.01450887 
602.400000    0.02947264 
602.800000    0.04360992 
603.200000    0.05760729 
603.600000    0.07089056 
604.000000    0.08107255 
604.400000    0.08426608 
604.800000    0.07777340 
605.200000    0.06297615 
605.600000    0.04403285 
606.000000    0.02434571 
606.400000    0.00498858 
606.800000    -0.01342433 
607.200000    -0.02992765 
607.600000    -0.04556669 
608.000000    -0.06108370 
608.400000    -0.07582358 
608.800000    -0.08688949 
609.200000    -0.08940265 
609.600000    -0.08033520 
610.000000    -0.06230058 
610.400000    -0.04084344 
610.800000    -0.01966448 
611.200000    0.00042912 
611.600000    0.01850028 
612.000000    0.03426022 
612.400000    0.04894773 
612.800000    0.06310196 
613.200000    0.07588979 
613.600000    0.08444228 
614.000000    0.08457649 
614.400000    0.07442753 
614.800000    0.05694526 
615.200000    0.03696189 
615.600000    0.01740894 
616.000000    -0.00116807 
616.400000    -0.01776555 
616.800000    -0.03212162 
617.200000    -0.04542109 
617.600000    -0.05824931 
618.000000    -0.06999341 
618.400000    -0.07840791 
618.800000    -0.08012127 
619.200000    -0.07311231 
619.600000    -0.05891389 
620.000000    -0.04122136 
620.400000    -0.02292384 
620.800000    -0.00486657 
621.200000    0.01233431 
621.600000    0.02766236 
622.000000    0.04204678 
622.400000    0.05627453 
622.800000    0.06989591 
623.200000    0.08063067 
623.600000    0.08454767 
624.000000    0.07867233 
624.400000    0.06414439 
624.800000    0.04516694 
625.200000    0.02532869 
625.600000    0.00583965 
626.000000    -0.01273270 
626.400000    -0.02935566 
626.800000    -0.04503043 
627.200000    -0.06053116 
627.600000    -0.07524108 
628.000000    -0.08630731 
628.400000    -0.08888047 
628.800000    -0.07991495 
629.200000    -0.06199169 
629.600000    -0.04064656 
630.000000    -0.01957759 
630.400000    0.00040664 
630.800000    0.01836413 
631.200000    0.03399187 
631.600000    0.04851189 
632.000000    0.06245326 
632.400000    0.07498008 
632.800000    0.08327382 
633.200000    0.08330301 
633.600000    0.07332908 
634.000000    0.05622144 
634.400000    0.03663049 
634.800000    0.01738259 
635.200000    -0.00099128 
635.600000    -0.01748349 
636.000000    -0.03178513 
636.400000    -0.04505416 
636.800000    -0.05786159 
637.200000    -0.06956574 
637.600000    -0.07789272 
638.000000    -0.07949680 
638.400000    -0.07244190 
638.800000    -0.05830286 
639.200000    -0.04072169 
639.600000    -0.02250506 
640.000000    -0.00445163 
640.400000    0.01278523 
640.800000    0.02821216 
641.200000    0.04277175 
641.600000    0.05719443 
642.000000    0.07090521 
642.400000    0.08140920 
642.800000    0.08462349 
643.200000    0.07778319 
643.600000    0.06248400 
644.000000    0.04312866 
644.400000    0.02316387 
644.800000    0.00359719 
645.200000    -0.01485172 
645.600000    -0.03134745 
646.000000    -0.04699081 
646.400000    -0.06240910 
646.800000    -0.07672880 
647.200000    -0.08674873 
647.600000    -0.08761001 
648.000000    -0.07703172 
648.400000    -0.05836721 
648.800000    -0.03707922 
649.200000    -0.01634814 
649.600000    0.00326221 
650.000000    0.02064761 
650.400000    0.03585899 
650.800000    0.05008493 
651.200000    0.06368214 
651.600000    0.07556069 
652.000000    0.08268059 
652.400000    0.08123468 
652.800000    0.07020774 
653.200000    0.05287221 
653.600000    0.03359803 
654.000000    0.01473576 
654.400000    -0.00332605 
654.800000    -0.01943518 
655.200000    -0.03356287 
655.600000    -0.04683518 
656.000000    -0.05964393 
656.400000    -0.07106677 
656.800000    -0.07851824 
657.200000    -0.07866073 
657.600000    -0.07012564 
658.000000    -0.05508645 
658.400000    -0.03722528 
658.800000    -0.01898851 
659.200000    -0.00090611 
659.600000    0.01608795 
660.000000    0.03136771 
660.400000    0.04600300 
660.800000    0.06047970 
661.200000    0.07380516 
661.600000    0.08294957 
662.000000    0.08374459 
662.400000    0.07436634 
662.800000    0.05752646 
663.200000    0.03774912 
663.600000    0.01787657 
664.000000    -0.00152306 
664.400000    -0.01938353 
664.800000    -0.03547378 
665.200000    -0.05095414 
665.600000    -0.06610963 
666.000000    -0.07949875 
666.400000    -0.08729110 
666.800000    -0.08490661 
667.200000    -0.07166017 
667.600000    -0.05199176 
668.000000    -0.03091737 
668.400000    -0.01066956 
668.800000    0.00834296 
669.200000    0.02491932 
669.600000    0.03970101 
670.000000    0.05371063 
670.400000    0.06693336 
670.800000    0.07771599 
671.200000    0.08256598 
671.600000    0.07817729 
672.000000    0.06492890 
672.400000    0.04680359 
672.800000    0.02769157 
673.200000    0.00914221 
673.600000    -0.00845089 
674.000000    -0.02386350 
674.400000    -0.03767545 
674.800000    -0.05086487 
675.200000    -0.06343588 
675.600000    -0.07390219 
676.000000    -0.07920328 
676.400000    -0.07633998 
676.800000    -0.06519336 
677.200000    -0.04882799 
677.600000    -0.03071939 
678.000000    -0.01256484 
678.400000    0.00531958 
678.800000    0.02165391 
679.200000    0.03661499 
679.600000    0.05123035 
680.000000    0.06550484 
680.400000    0.07769810 
680.800000    0.08407686 
681.200000    0.08089812 
681.600000    0.06812835 
682.000000    0.04969887 
682.400000    0.02975128 
682.800000    0.01009243 
683.200000    -0.00887421 
683.600000    -0.02589666 
684.000000    -0.04162841 
684.400000    -0.05700000 
684.800000    -0.07167589 
685.200000    -0.08323221 
685.600000    -0.08711919 
686.000000    -0.07988887 
686.400000    -0.06332793 
686.800000    -0.04272387 
687.200000    -0.02203831 
687.600000    -0.00231456 
688.000000    0.01567486 
688.400000    0.03127024 
688.800000    0.04560172 
689.200000    0.05929601 
689.600000    0.07168744 
690.000000    0.08024770 
690.400000    0.08118919 
690.800000    0.07257157 
691.200000    0.05671416 
691.600000    0.03795891 
692.000000    0.01919122 
692.400000    0.00103698 
692.800000    -0.01561486 
693.200000    -0.03015329 
693.600000    -0.04363521 
694.000000    -0.05664510 
694.400000    -0.06853065 
694.800000    -0.07697505 
695.200000    -0.07860608 
695.600000    -0.07153735 
696.000000    -0.05741994 
696.400000    -0.03990177 
696.800000    -0.02172333 
697.200000    -0.00362476 
697.600000    0.01366671 
698.000000    0.02921220 
698.400000    0.04396269 
698.800000    0.05851972 
699.200000    0.07205666 
699.600000    0.08171348 
700.000000    0.08331414 
700.400000    0.07473339 
700.800000    0.05839706 
701.200000    0.03883643 
701.600000    0.01905412 
702.000000    -0.00029803 
702.400000    -0.01822947 
702.800000    -0.03433840 
703.200000    -0.04975994 
703.600000    -0.06481722 
704.000000    -0.07812748 
704.400000    -0.08595926 
704.800000    -0.08382056 
705.200000    -0.07097496 
705.600000    -0.05171223 
706.000000    -0.03095970 
706.400000    -0.01094326 
706.800000    0.00793433 
707.200000    0.02445976 
707.600000    0.03921153 
708.000000    0.05319237 
708.400000    0.06635047 
708.800000    0.07697494 
709.200000    0.08156272 
709.600000    0.07693818 
710.000000    0.06364642 
710.400000    0.04566810 
710.800000    0.02676036 
711.200000    0.00835112 
711.600000    -0.00913518 
712.000000    -0.02448690 
712.400000    -0.03833115 
712.800000    -0.05157596 
713.200000    -0.06409288 
713.600000    -0.07419759 
714.000000    -0.07869924 
714.400000    -0.07480789 
714.800000    -0.06287754 
715.200000    -0.04620915 
715.600000    -0.02812606 
716.000000    -0.01003917 
716.400000    0.00768995 
716.800000    0.02375914 
717.200000    0.03861117 
717.600000    0.05315869 
718.000000    0.06714801 
718.400000    0.07846551 
718.800000    0.08318106 
719.200000    0.07807272 
719.600000    0.06404263 
720.000000    0.04531835 
720.400000    0.02562007 
720.800000    0.00623675 
721.200000    -0.01227848 
721.600000    -0.02884110 
722.000000    -0.04437087 
722.400000    -0.05957752 
722.800000    -0.07372046 
723.200000    -0.08382193 
723.600000    -0.08525059 
724.000000    -0.07563981 
724.400000    -0.05795400 
724.800000    -0.03740365 
725.200000    -0.01716582 
725.600000    0.00215943 
726.000000    0.01950223 
726.400000    0.03472742 
726.800000    0.04896876 
727.200000    0.06253517 
727.600000    0.07423852 
728.000000    0.08096484 
728.400000    0.07905370 
728.800000    0.06782030 
729.200000    0.05065337 
729.600000    0.03173168 
730.000000    0.01315270 
730.400000    -0.00472529 
730.800000    -0.02067680 
731.200000    -0.03481499 
731.600000    -0.04817499 
732.000000    -0.06092991 
732.400000    -0.07181060 
732.800000    -0.07790615 
733.200000    -0.07608030 
733.600000    -0.06583053 
734.000000    -0.04999342 
734.400000    -0.03211977 
734.800000    -0.01409471 
735.200000    0.00375026 
735.600000    0.02017772 
736.000000    0.03513019 
736.400000    0.04961992 
736.800000    0.06370674 
737.200000    0.07574160 
737.600000    0.08213301 
738.000000    0.07925815 
738.400000    0.06702509 
738.800000    0.04917373 
739.200000    0.02971124 
739.600000    0.01041477 
740.000000    -0.00832419 
740.400000    -0.02522950 
