0.000000    0.00000000 
0.400000    0.03778188 
0.800000    0.06925318 
1.200000    0.09231242 
1.600000    0.10606811 
2.000000    0.11086286 
2.400000    0.10788891 
2.800000    0.09859915 
3.200000    0.08430051 
3.600000    0.06587707 
4.000000    0.04354913 
4.400000    0.01669442 
4.800000    -0.01442862 
5.200000    -0.04655428 
5.600000    -0.07858604 
6.000000    -0.10949443 
6.400000    -0.13498382 
6.800000    -0.14774156 
7.200000    -0.14155692 
7.600000    -0.11726710 
8.000000    -0.08210916 
8.400000    -0.04289057 
8.800000    -0.00199670 
9.200000    0.03829490 
9.600000    0.07646752 
10.000000    0.11366369 
10.400000    0.14704796 
10.800000    0.16693917 
11.200000    0.16126908 
11.600000    0.13015638 
12.000000    0.08701522 
12.400000    0.04324479 
12.800000    0.00207190 
13.200000    -0.03461307 
13.600000    -0.06569344 
14.000000    -0.09299172 
14.400000    -0.11635960 
14.800000    -0.13241940 
15.200000    -0.13543202 
15.600000    -0.12213266 
16.000000    -0.09607808 
16.400000    -0.06447320 
16.800000    -0.03218599 
17.200000    -0.00051877 
17.600000    0.02827974 
18.000000    0.05269382 
18.400000    0.07396184 
18.800000    0.09233394 
19.200000    0.10604614 
19.600000    0.11203978 
20.000000    0.10795590 
20.400000    0.09407477 
20.800000    0.07309491 
21.200000    0.04796734 
21.600000    0.02002181 
22.000000    -0.00995881 
22.400000    -0.03889817 
22.800000    -0.06581027 
23.200000    -0.09082725 
23.600000    -0.11183650 
24.000000    -0.12449910 
24.400000    -0.12456858 
24.800000    -0.11126624 
25.200000    -0.08789762 
25.600000    -0.05885497 
26.000000    -0.02657042 
26.400000    0.00834171 
26.800000    0.04296475 
27.200000    0.07644577 
27.600000    0.10898188 
28.000000    0.13685536 
28.400000    0.15172842 
28.800000    0.14582862 
29.200000    0.12041601 
29.600000    0.08447360 
30.000000    0.04574323 
30.400000    0.00665471 
30.800000    -0.03113452 
31.200000    -0.06570451 
31.600000    -0.09844491 
32.000000    -0.12838676 
32.400000    -0.14968942 
32.800000    -0.15290843 
33.200000    -0.13377629 
33.600000    -0.09934914 
34.000000    -0.06016792 
34.400000    -0.02158871 
34.800000    0.01507770 
35.200000    0.04710140 
35.600000    0.07509144 
36.000000    0.10015699 
36.400000    0.12066491 
36.800000    0.13193042 
37.200000    0.12879394 
37.600000    0.11070047 
38.000000    0.08281027 
38.400000    0.05123664 
38.800000    0.01893234 
39.200000    -0.01289444 
39.600000    -0.04132856 
40.000000    -0.06634225 
40.400000    -0.08879519 
40.800000    -0.10736727 
41.200000    -0.11852808 
41.600000    -0.11846332 
42.000000    -0.10618102 
42.400000    -0.08452224 
42.800000    -0.05769703 
43.200000    -0.02827283 
43.600000    0.00302422 
44.000000    0.03354722 
44.400000    0.06174084 
44.800000    0.08817523 
45.200000    0.11130438 
45.600000    0.12670852 
46.000000    0.12915409 
46.400000    0.11681785 
46.800000    0.09307279 
47.200000    0.06326576 
47.600000    0.03072172 
48.000000    -0.00381685 
48.400000    -0.03778956 
48.800000    -0.06996162 
49.200000    -0.10100211 
49.600000    -0.12840857 
50.000000    -0.14531837 
50.400000    -0.14394424 
50.800000    -0.12330745 
51.200000    -0.09061928 
51.600000    -0.05383178 
52.000000    -0.01631081 
52.400000    0.02079095 
52.800000    0.05478529 
53.200000    0.08656508 
53.600000    0.11620764 
54.000000    0.13968088 
54.400000    0.14889127 
54.800000    0.13764168 
55.200000    0.10915775 
55.600000    0.07281425 
56.000000    0.03537617 
56.400000    -0.00137571 
56.800000    -0.03509520 
57.200000    -0.06466359 
57.600000    -0.09151605 
58.000000    -0.11493438 
58.400000    -0.13087067 
58.800000    -0.13342334 
59.200000    -0.11986151 
59.600000    -0.09395256 
60.000000    -0.06237094 
60.400000    -0.02939715 
60.800000    0.00377016 
61.200000    0.03446250 
61.600000    0.06152654 
62.000000    0.08602924 
62.400000    0.10711967 
62.800000    0.12129098 
63.200000    0.12396003 
63.600000    0.11310356 
64.000000    0.09134714 
64.400000    0.06359744 
64.800000    0.03328262 
65.200000    0.00134795 
65.600000    -0.02990874 
66.000000    -0.05852943 
66.400000    -0.08524777 
66.800000    -0.10903070 
67.200000    -0.12581658 
67.600000    -0.13013265 
68.000000    -0.11936245 
68.400000    -0.09637959 
68.800000    -0.06676227 
69.200000    -0.03439249 
69.600000    -0.00024631 
70.000000    0.03337977 
70.400000    0.06478422 
70.800000    0.09480133 
71.200000    0.12170995 
71.600000    0.13974410 
72.000000    0.14150803 
72.400000    0.12471554 
72.800000    0.09497439 
73.200000    0.05997173 
73.600000    0.02372448 
74.000000    -0.01277485 
74.400000    -0.04668791 
74.800000    -0.07811933 
75.200000    -0.10771850 
75.600000    -0.13254439 
76.000000    -0.14549989 
76.400000    -0.13960163 
76.800000    -0.11559530 
77.200000    -0.08157493 
77.600000    -0.04498644 
78.000000    -0.00841910 
78.400000    0.02642721 
78.800000    0.05732079 
79.200000    0.08548623 
79.600000    0.11081101 
80.000000    0.12977442 
80.400000    0.13619859 
80.800000    0.12592774 
81.200000    0.10154358 
81.600000    0.06995451 
82.000000    0.03642994 
82.400000    0.00254206 
82.800000    -0.02950175 
83.200000    -0.05784891 
83.600000    -0.08360485 
84.000000    -0.10631986 
84.400000    -0.12263154 
84.800000    -0.12747201 
85.200000    -0.11792697 
85.600000    -0.09625646 
86.000000    -0.06782331 
86.400000    -0.03674847 
86.800000    -0.00427111 
87.200000    0.02753554 
87.600000    0.05645546 
88.000000    0.08326779 
88.400000    0.10726995 
88.800000    0.12470768 
89.200000    0.13010914 
89.600000    0.12044188 
90.000000    0.09818704 
90.400000    0.06894462 
90.800000    0.03688752 
91.200000    0.00315854 
91.600000    -0.03016428 
92.000000    -0.06104785 
92.400000    -0.09033588 
92.800000    -0.11678165 
93.200000    -0.13535482 
93.600000    -0.13908929 
94.000000    -0.12501717 
94.400000    -0.09758014 
94.800000    -0.06406302 
95.200000    -0.02883901 
95.600000    0.00706729 
96.000000    0.04095879 
96.400000    0.07222107 
96.800000    0.10175612 
97.200000    0.12730031 
97.600000    0.14248398 
98.000000    0.14010120 
98.400000    0.11937949 
98.800000    0.08729177 
99.200000    0.05150144 
99.600000    0.01526315 
100.000000    -0.02011113 
100.400000    -0.05190238 
100.800000    -0.08091922 
101.200000    -0.10746401 
101.600000    -0.12845748 
102.000000    -0.13767482 
102.400000    -0.12999719 
102.800000    -0.10697169 
103.200000    -0.07549777 
103.600000    -0.04154170 
104.000000    -0.00711481 
104.400000    0.02592899 
104.800000    0.05529768 
105.200000    0.08200804 
105.600000    0.10587286 
106.000000    0.12365170 
106.400000    0.12997438 
106.800000    0.12129989 
107.200000    0.09961633 
107.600000    0.07062561 
108.000000    0.03895187 
108.400000    0.00606343 
108.800000    -0.02611632 
109.200000    -0.05524599 
109.600000    -0.08212741 
110.000000    -0.10626031 
110.400000    -0.12407656 
110.800000    -0.13009992 
111.200000    -0.12103645 
111.600000    -0.09913231 
112.000000    -0.07002564 
112.400000    -0.03808962 
112.800000    -0.00459949 
113.200000    0.02846350 
113.600000    0.05891582 
114.000000    0.08759045 
114.400000    0.11350790 
114.800000    0.13210028 
115.200000    0.13678915 
115.600000    0.12436346 
116.000000    0.09854487 
116.400000    0.06621145 
116.800000    0.03183925 
117.200000    -0.00348579 
117.600000    -0.03723675 
118.000000    -0.06830460 
118.400000    -0.09765872 
118.800000    -0.12343799 
119.200000    -0.13978895 
119.600000    -0.13956986 
120.000000    -0.12116594 
120.400000    -0.09066903 
120.800000    -0.05567253 
121.200000    -0.01983343 
121.600000    0.01571145 
122.000000    0.04809088 
122.400000    0.07768546 
122.800000    0.10502888 
123.200000    0.12733494 
123.600000    0.13840014 
124.000000    0.13252212 
124.400000    0.11051561 
124.800000    0.07919491 
125.200000    0.04496530 
125.600000    0.01018428 
126.000000    -0.02352414 
126.400000    -0.05363789 
126.800000    -0.08107207 
127.200000    -0.10580318 
127.600000    -0.12464954 
128.000000    -0.13198996 
128.400000    -0.12380950 
128.800000    -0.10192568 
129.200000    -0.07234127 
129.600000    -0.04006730 
130.000000    -0.00674592 
130.400000    0.02574689 
130.800000    0.05504460 
131.200000    0.08199084 
131.600000    0.10617576 
132.000000    0.12409493 
132.400000    0.13024398 
132.800000    0.12122877 
133.200000    0.09926382 
133.600000    0.07006687 
134.000000    0.03810539 
134.400000    0.00470839 
134.800000    -0.02813141 
135.200000    -0.05821595 
135.600000    -0.08638071 
136.000000    -0.11174561 
136.400000    -0.12998231 
136.800000    -0.13481817 
137.200000    -0.12308354 
137.600000    -0.09817076 
138.000000    -0.06664013 
138.400000    -0.03290462 
138.800000    0.00192725 
139.200000    0.03540592 
139.600000    0.06618497 
140.000000    0.09521941 
140.400000    0.12083523 
140.800000    0.13750327 
141.200000    0.13829547 
141.600000    0.12128352 
142.000000    0.09198002 
142.400000    0.05774512 
142.800000    0.02236679 
143.200000    -0.01309156 
143.600000    -0.04573822 
144.000000    -0.07564527 
144.400000    -0.10344432 
144.800000    -0.12649973 
145.200000    -0.13862643 
145.600000    -0.13381817 
146.000000    -0.11246465 
146.400000    -0.08128583 
146.800000    -0.04690590 
147.200000    -0.01188721 
147.600000    0.02226234 
148.000000    0.05291353 
148.400000    0.08090863 
148.800000    0.10628445 
149.200000    0.12582402 
149.600000    0.13367190 
150.000000    0.12551947 
150.400000    0.10319234 
150.800000    0.07298640 
151.200000    0.04015733 
151.600000    0.00641940 
152.000000    -0.02632638 
152.400000    -0.05577291 
152.800000    -0.08282324 
153.200000    -0.10704389 
153.600000    -0.12485618 
154.000000    -0.13067017 
154.400000    -0.12112904 
154.800000    -0.09863879 
155.200000    -0.06907763 
155.600000    -0.03692420 
156.000000    -0.00348651 
156.400000    0.02912842 
156.800000    0.05885191 
157.200000    0.08655531 
157.600000    0.11131925 
158.000000    0.12887110 
158.400000    0.13316795 
158.800000    0.12129542 
159.200000    0.09664237 
159.600000    0.06555250 
160.000000    0.03224948 
160.400000    -0.00219424 
160.800000    -0.03528771 
161.200000    -0.06567681 
161.600000    -0.09427145 
162.000000    -0.11940550 
162.400000    -0.13570607 
162.800000    -0.13653837 
163.200000    -0.12006594 
163.600000    -0.09151736 
164.000000    -0.05793894 
164.400000    -0.02301790 
164.800000    0.01221691 
165.200000    0.04486494 
165.600000    0.07485941 
166.000000    0.10281839 
166.400000    0.12610438 
166.800000    0.13851363 
167.200000    0.13399040 
167.600000    0.11285091 
168.000000    0.08176905 
168.400000    0.04737530 
168.800000    0.01225312 
169.200000    -0.02212393 
169.600000    -0.05310564 
170.000000    -0.08151534 
170.400000    -0.10734663 
170.800000    -0.12723442 
171.200000    -0.13507804 
171.600000    -0.12645586 
172.000000    -0.10340947 
172.400000    -0.07253538 
172.800000    -0.03919049 
173.200000    -0.00506007 
173.600000    0.02785399 
174.000000    0.05740161 
174.400000    0.08456232 
174.800000    0.10877254 
175.200000    0.12625028 
175.600000    0.13127373 
176.000000    0.12067032 
176.400000    0.09724916 
176.800000    0.06710369 
177.200000    0.03462663 
177.600000    0.00104653 
178.000000    -0.03132719 
178.400000    -0.06070249 
178.800000    -0.08799079 
179.200000    -0.11210240 
179.600000    -0.12866169 
180.000000    -0.13180458 
180.400000    -0.11906414 
180.800000    -0.09409725 
181.200000    -0.06311222 
181.600000    -0.03003583 
182.000000    0.00412903 
182.400000    0.03674512 
182.800000    0.06666177 
183.200000    0.09471637 
183.600000    0.11909011 
184.000000    0.13442168 
184.400000    0.13443273 
184.800000    0.11771126 
185.200000    0.08946603 
185.600000    0.05638962 
186.000000    0.02187703 
186.400000    -0.01304970 
186.800000    -0.04546150 
187.200000    -0.07533689 
187.600000    -0.10318250 
188.000000    -0.12620700 
188.400000    -0.13814258 
188.800000    -0.13312068 
189.200000    -0.11172976 
189.600000    -0.08066141 
190.000000    -0.04635718 
190.400000    -0.01124033 
190.800000    0.02316558 
191.200000    0.05426854 
191.600000    0.08293244 
192.000000    0.10899846 
192.400000    0.12883589 
192.800000    0.13610351 
193.200000    0.12649054 
193.600000    0.10247882 
194.000000    0.07094076 
194.400000    0.03715964 
194.800000    0.00269456 
195.200000    -0.03027913 
195.600000    -0.05987947 
196.000000    -0.08714749 
196.400000    -0.11127410 
196.800000    -0.12814671 
197.200000    -0.13189452 
197.600000    -0.11971503 
198.000000    -0.09502348 
198.400000    -0.06413972 
198.800000    -0.03124950 
199.200000    0.00252327 
199.600000    0.03460914 
200.000000    0.06365178 
200.400000    0.09056036 
200.800000    0.11394605 
201.200000    0.12919415 
201.600000    0.13060888 
202.000000    0.11636642 
202.400000    0.09060655 
202.800000    0.05943839 
203.200000    0.02638935 
203.600000    -0.00758135 
204.000000    -0.03963707 
204.400000    -0.06902481 
204.800000    -0.09645005 
205.200000    -0.11979277 
205.600000    -0.13359078 
206.000000    -0.13200714 
206.400000    -0.11433995 
206.800000    -0.08598044 
207.200000    -0.05322723 
207.600000    -0.01902983 
208.000000    0.01552814 
208.400000    0.04750198 
208.800000    0.07707797 
209.200000    0.10454427 
209.600000    0.12680834 
210.000000    0.13751377 
210.400000    0.13122920 
210.800000    0.10913545 
211.200000    0.07798283 
211.600000    0.04383666 
212.000000    0.00880393 
212.400000    -0.02543626 
212.800000    -0.05645783 
213.200000    -0.08520326 
213.600000    -0.11123767 
214.000000    -0.13054592 
214.400000    -0.13658984 
214.800000    -0.12545173 
215.200000    -0.10027346 
215.600000    -0.06812722 
216.000000    -0.03401942 
216.400000    0.00068574 
216.800000    0.03357464 
217.200000    0.06316523 
217.600000    0.09050389 
218.000000    0.11441162 
218.400000    0.13033008 
218.800000    0.13227935 
219.200000    0.11806378 
219.600000    0.09187017 
220.000000    0.06018312 
220.400000    0.02683471 
220.800000    -0.00712238 
221.200000    -0.03886241 
221.600000    -0.06760701 
222.000000    -0.09416210 
222.400000    -0.11670430 
222.800000    -0.13026671 
223.200000    -0.12937657 
223.600000    -0.11308019 
224.000000    -0.08615747 
224.400000    -0.05458860 
224.800000    -0.02139484 
225.200000    0.01239965 
225.600000    0.04381427 
226.000000    0.07264090 
226.400000    0.09934409 
226.800000    0.12136338 
227.200000    0.13306669 
227.600000    0.12919261 
228.000000    0.10999937 
228.400000    0.08117918 
228.800000    0.04856899 
229.200000    0.01456303 
229.600000    -0.01955101 
230.000000    -0.05092250 
230.400000    -0.08004467 
230.800000    -0.10685761 
231.200000    -0.12783362 
231.600000    -0.13655173 
232.000000    -0.12829806 
232.400000    -0.10511098 
232.800000    -0.07378456 
233.200000    -0.03982468 
233.600000    -0.00492251 
234.000000    0.02895619 
234.400000    0.05971585 
234.800000    0.08836224 
235.200000    0.11404272 
235.600000    0.13224917 
236.000000    0.13635582 
236.400000    0.12317726 
236.800000    0.09669202 
237.200000    0.06402958 
237.600000    0.02970243 
238.000000    -0.00512432 
238.400000    -0.03776339 
238.800000    -0.06727295 
239.200000    -0.09459638 
239.600000    -0.11804536 
240.000000    -0.13252485 
240.400000    -0.13208060 
240.800000    -0.11542686 
241.200000    -0.08762466 
241.600000    -0.05517072 
242.000000    -0.02137739 
242.400000    0.01266180 
242.800000    0.04397742 
243.200000    0.07244918 
243.600000    0.09862913 
244.000000    0.12012332 
244.400000    0.13154569 
244.800000    0.12779610 
245.200000    0.10903598 
245.600000    0.08074272 
246.000000    0.04865125 
246.400000    0.01518562 
246.800000    -0.01836723 
247.200000    -0.04909953 
247.600000    -0.07737711 
248.000000    -0.10326828 
248.400000    -0.12364053 
248.800000    -0.13267658 
249.200000    -0.12588911 
249.600000    -0.10471117 
250.000000    -0.07516201 
250.400000    -0.04251194 
250.800000    -0.00855676 
251.200000    0.02500287 
251.600000    0.05566311 
252.000000    0.08420770 
252.400000    0.11007163 
252.800000    0.12917750 
253.200000    0.13513460 
253.600000    0.12426573 
254.000000    0.09966004 
254.400000    0.06807402 
254.800000    0.03427558 
255.200000    -0.00046218 
255.600000    -0.03375922 
256.000000    -0.06408160 
256.400000    -0.09240183 
256.800000    -0.11729415 
257.200000    -0.13369016 
257.600000    -0.13509936 
258.000000    -0.11945242 
258.400000    -0.09163772 
258.800000    -0.05861184 
259.200000    -0.02417886 
259.600000    0.01059759 
260.000000    0.04280968 
260.400000    0.07215742 
260.800000    0.09931898 
261.200000    0.12195119 
261.600000    0.13438645 
262.000000    0.13095245 
262.400000    0.11159602 
262.800000    0.08223051 
263.200000    0.04912238 
263.600000    0.01492404 
264.000000    -0.01903102 
264.400000    -0.04988313 
264.800000    -0.07812502 
265.200000    -0.10386771 
265.600000    -0.12400397 
266.000000    -0.13272100 
266.400000    -0.12555379 
266.800000    -0.10403109 
267.200000    -0.07427981 
267.600000    -0.04160034 
268.000000    -0.00778700 
268.400000    0.02536688 
268.800000    0.05540921 
269.200000    0.08314597 
269.600000    0.10806661 
270.000000    0.12635076 
270.400000    0.13207353 
270.800000    0.12181555 
271.200000    0.09834876 
271.600000    0.06792591 
272.000000    0.03509289 
272.400000    0.00111756 
272.800000    -0.03170341 
273.200000    -0.06158030 
273.600000    -0.08941285 
274.000000    -0.11396455 
274.400000    -0.13054568 
274.800000    -0.13300467 
275.200000    -0.11904044 
275.600000    -0.09285045 
276.000000    -0.06097363 
276.400000    -0.02727459 
276.800000    0.00723435 
277.200000    0.03974755 
277.600000    0.06951165 
278.000000    0.09726957 
278.400000    0.12086399 
278.800000    0.13466348 
279.200000    0.13264899 
279.600000    0.11422717 
280.000000    0.08513306 
280.400000    0.05187221 
280.800000    0.01738247 
281.200000    -0.01714169 
281.600000    -0.04878057 
282.000000    -0.07788102 
282.400000    -0.10464817 
282.800000    -0.12593490 
283.200000    -0.13555546 
283.600000    -0.12852198 
284.000000    -0.10631749 
284.400000    -0.07554365 
284.800000    -0.04192919 
285.200000    -0.00740225 
285.600000    0.02621996 
286.000000    0.05657445 
286.400000    0.08457032 
286.800000    0.10967278 
287.200000    0.12793550 
287.600000    0.13324135 
288.000000    0.12216782 
288.400000    0.09779747 
288.800000    0.06668957 
289.200000    0.03344826 
289.600000    -0.00065928 
290.000000    -0.03318956 
290.400000    -0.06257668 
290.800000    -0.08975550 
291.200000    -0.11345144 
291.600000    -0.12908430 
292.000000    -0.13083496 
292.400000    -0.11671456 
292.800000    -0.09087295 
293.200000    -0.05956422 
293.600000    -0.02643284 
294.000000    0.00751312 
294.400000    0.03942192 
294.800000    0.06852229 
295.200000    0.09551682 
295.600000    0.11833735 
296.000000    0.13168827 
296.400000    0.12998078 
296.800000    0.11260201 
297.200000    0.08477053 
297.600000    0.05256525 
298.000000    0.01883731 
298.400000    -0.01530572 
298.800000    -0.04688596 
299.200000    -0.07600716 
299.600000    -0.10291397 
300.000000    -0.12457168 
300.400000    -0.13489141 
300.800000    -0.12878583 
301.200000    -0.10741719 
301.600000    -0.07715269 
302.000000    -0.04374169 
302.400000    -0.00920555 
302.800000    0.02479342 
303.200000    0.05573874 
303.600000    0.08445610 
304.000000    0.11044044 
304.400000    0.12962081 
304.800000    0.13551467 
305.200000    0.12436726 
305.600000    0.09937334 
306.000000    0.06747403 
306.400000    0.03352018 
306.800000    -0.00117985 
307.200000    -0.03417106 
307.600000    -0.06400024 
308.000000    -0.09164385 
308.400000    -0.11571611 
308.800000    -0.13136727 
309.200000    -0.13249580 
309.600000    -0.11722430 
310.000000    -0.09019118 
310.400000    -0.05799224 
310.800000    -0.02426960 
311.200000    0.00991535 
311.600000    0.04163464 
312.000000    0.07044342 
312.400000    0.09700032 
312.800000    0.11909586 
313.200000    0.13139877 
313.600000    0.12857012 
314.000000    0.11041236 
314.400000    0.08230994 
314.800000    0.05017805 
315.200000    0.01664016 
315.600000    -0.01707595 
316.000000    -0.04801194 
316.400000    -0.07641526 
316.800000    -0.10242617 
317.200000    -0.12299777 
317.600000    -0.13233351 
318.000000    -0.12585365 
318.400000    -0.10487875 
318.800000    -0.07541768 
319.200000    -0.04280517 
319.600000    -0.00889434 
320.000000    0.02462031 
320.400000    0.05519211 
320.800000    0.08356731 
321.200000    0.10919679 
321.600000    0.12806658 
322.000000    0.13391453 
322.400000    0.12316495 
322.800000    0.09885703 
323.200000    0.06761057 
323.600000    0.03410316 
324.000000    -0.00040122 
324.400000    -0.03350547 
324.800000    -0.06363248 
325.200000    -0.09170726 
325.600000    -0.11628635 
326.000000    -0.13236371 
326.400000    -0.13363329 
326.800000    -0.11816402 
327.200000    -0.09074662 
327.600000    -0.05813272 
328.000000    -0.02400378 
328.400000    0.01058658 
328.800000    0.04271057 
329.200000    0.07202436 
329.600000    0.09914193 
330.000000    0.12163988 
330.400000    0.13381742 
330.800000    0.13011169 
331.200000    0.11063442 
331.600000    0.08131519 
332.000000    0.04829945 
332.400000    0.01412731 
332.800000    -0.01982515 
333.200000    -0.05071687 
333.600000    -0.07907049 
334.000000    -0.10486764 
334.400000    -0.12479564 
334.800000    -0.13290065 
335.200000    -0.12488005 
335.600000    -0.10263695 
336.000000    -0.07247384 
336.400000    -0.03957000 
336.800000    -0.00557595 
337.200000    0.02753668 
337.600000    0.05751136 
338.000000    0.08521114 
338.400000    0.10987687 
338.800000    0.12738875 
339.200000    0.13176674 
339.600000    0.12004724 
340.000000    0.09556973 
340.400000    0.06469029 
340.800000    0.03166045 
341.200000    -0.00238182 
341.600000    -0.03487094 
342.000000    -0.06441360 
342.400000    -0.09185529 
342.800000    -0.11560094 
343.200000    -0.13068550 
343.600000    -0.13120245 
344.000000    -0.11564385 
344.400000    -0.08871928 
344.800000    -0.05676434 
345.200000    -0.02314714 
345.600000    0.01111206 
346.000000    0.04305398 
346.400000    0.07234028 
346.800000    0.09948008 
347.200000    0.12190041 
347.600000    0.13380432 
348.000000    0.12973046 
348.400000    0.11000321 
348.800000    0.08060635 
349.200000    0.04756426 
349.600000    0.01328520 
350.000000    -0.02082982 
350.400000    -0.05198496 
350.800000    -0.08076451 
351.200000    -0.10700424 
351.600000    -0.12708837 
352.000000    -0.13472256 
352.400000    -0.12561959 
352.800000    -0.10215573 
353.200000    -0.07103399 
353.600000    -0.03744336 
354.000000    -0.00292006 
354.400000    0.03037211 
354.800000    0.06048744 
355.200000    0.08837772 
355.600000    0.11300375 
356.000000    0.12984842 
356.400000    0.13273790 
356.800000    0.11914299 
357.200000    0.09312682 
357.600000    0.06131973 
358.000000    0.02774511 
358.400000    -0.00650750 
358.800000    -0.03862951 
359.200000    -0.06775255 
359.600000    -0.09464871 
360.000000    -0.11738872 
360.400000    -0.13081064 
360.800000    -0.12934425 
361.200000    -0.11225884 
361.600000    -0.08467620 
362.000000    -0.05268769 
362.400000    -0.01921072 
362.800000    0.01462381 
363.200000    0.04581262 
363.600000    0.07436524 
364.000000    0.10057903 
364.400000    0.12164007 
364.800000    0.13185934 
365.200000    0.12642268 
365.600000    0.10624321 
366.000000    0.07718346 
366.400000    0.04473770 
366.800000    0.01094251 
367.200000    -0.02265074 
367.600000    -0.05334048 
368.000000    -0.08176095 
368.400000    -0.10752652 
368.800000    -0.12682757 
369.200000    -0.13347061 
369.600000    -0.12363319 
370.000000    -0.10000403 
370.400000    -0.06910929 
370.800000    -0.03577394 
371.200000    -0.00135704 
371.600000    0.03186506 
372.000000    0.06209625 
372.400000    0.09024625 
372.800000    0.11501126 
373.200000    0.13152439 
373.600000    0.13346639 
374.000000    0.11866294 
374.400000    0.09167764 
374.800000    0.05926077 
375.200000    0.02522595 
375.600000    -0.00936681 
376.000000    -0.04161165 
376.400000    -0.07100518 
376.800000    -0.09819368 
377.200000    -0.12083867 
377.600000    -0.13330317 
378.000000    -0.12998250 
378.400000    -0.11084829 
378.800000    -0.08174231 
379.200000    -0.04883512 
379.600000    -0.01473022 
380.000000    0.01922062 
380.400000    0.05013778 
380.800000    0.07847874 
381.200000    0.10424591 
381.600000    0.12416781 
382.000000    0.13233847 
382.400000    0.12446975 
382.800000    0.10242024 
383.200000    0.07243472 
383.600000    0.03966886 
384.000000    0.00577686 
384.400000    -0.02727916 
384.800000    -0.05720886 
385.200000    -0.08484601 
385.600000    -0.10942902 
386.000000    -0.12685438 
386.400000    -0.13119253 
386.800000    -0.11952958 
387.200000    -0.09518901 
387.600000    -0.06446131 
388.000000    -0.03154516 
388.400000    0.00243426 
388.800000    0.03490230 
389.200000    0.06445585 
389.600000    0.09191149 
390.000000    0.11562453 
390.400000    0.13058197 
390.800000    0.13089624 
391.200000    0.11515727 
391.600000    0.08814036 
392.000000    0.05615183 
392.400000    0.02249057 
392.800000    -0.01180882 
393.200000    -0.04376449 
393.600000    -0.07310015 
394.000000    -0.10025113 
394.400000    -0.12250284 
394.800000    -0.13394550 
395.200000    -0.12921332 
395.600000    -0.10891554 
396.000000    -0.07919970 
396.400000    -0.04601670 
396.800000    -0.01164099 
397.200000    0.02240903 
397.600000    0.05342057 
398.000000    0.08206311 
398.400000    0.10801205 
398.800000    0.12746349 
399.200000    0.13411748 
399.600000    0.12404087 
400.000000    0.10001021 
400.400000    0.06875685 
400.800000    0.03522129 
401.200000    0.00080149 
401.600000    -0.03216648 
402.000000    -0.06195472 
402.400000    -0.08949607 
402.800000    -0.11355383 
403.200000    -0.12948327 
403.600000    -0.13129718 
404.000000    -0.11693674 
404.400000    -0.09070844 
404.800000    -0.05905491 
405.200000    -0.02567941 
405.600000    0.00836642 
406.000000    0.04018294 
406.400000    0.06909622 
406.800000    0.09576376 
407.200000    0.11803397 
407.600000    0.13061953 
408.000000    0.12816244 
408.400000    0.11036714 
408.800000    0.08252507 
409.200000    0.05053048 
409.600000    0.01703243 
410.000000    -0.01675567 
410.400000    -0.04784781 
410.800000    -0.07642860 
411.200000    -0.10258998 
411.600000    -0.12318885 
412.000000    -0.13232962 
412.400000    -0.12547059 
412.800000    -0.10411836 
413.200000    -0.07440715 
413.600000    -0.04163627 
414.000000    -0.00758630 
414.400000    0.02593563 
414.800000    0.05647821 
415.200000    0.08481602 
415.600000    0.11022176 
416.000000    0.12846713 
416.400000    0.13327304 
416.800000    0.12144395 
417.200000    0.09645388 
417.600000    0.06496599 
