0.000000    0.00000000 
0.097362    0.00039147 
0.194723    0.00077929 
0.292085    0.00115996 
0.389447    0.00153023 
0.486809    0.00188706 
0.584171    0.00222764 
0.681534    0.00254939 
0.778897    0.00285000 
0.876262    0.00312735 
0.973627    0.00337959 
1.070994    0.00360506 
1.168363    0.00380235 
1.265735    0.00397022 
1.363109    0.00410767 
1.460487    0.00421388 
1.557869    0.00428823 
1.655255    0.00433028 
1.752646    0.00433977 
1.850043    0.00431665 
1.947447    0.00426103 
2.044856    0.00417321 
2.142274    0.00405368 
2.239699    0.00390313 
2.337132    0.00372242 
2.434573    0.00351264 
2.532024    0.00327508 
2.629484    0.00301123 
2.726953    0.00272283 
2.824432    0.00241183 
2.921921    0.00208043 
3.019420    0.00173105 
3.116928    0.00136638 
3.214447    0.00098935 
3.311976    0.00060311 
3.409514    0.00021106 
3.507062    -0.00018320 
3.604619    -0.00057588 
3.702186    -0.00096301 
3.799763    -0.00134053 
3.897348    -0.00170427 
3.994943    -0.00205007 
4.092547    -0.00237380 
4.190161    -0.00267147 
4.287784    -0.00293927 
4.385417    -0.00317367 
4.483060    -0.00337147 
4.580713    -0.00352994 
4.678378    -0.00364683 
4.776054    -0.00372044 
4.873742    -0.00374969 
4.971443    -0.00373414 
5.069156    -0.00367397 
5.166883    -0.00357004 
5.264624    -0.00342379 
5.362379    -0.00323728 
5.460149    -0.00301306 
5.557934    -0.00275417 
5.655733    -0.00246400 
5.753548    -0.00214629 
5.851377    -0.00180497 
5.949222    -0.00144414 
6.047081    -0.00106797 
6.144955    -0.00068064 
6.242844    -0.00028629 
6.340746    0.00011105 
6.438663    0.00050749 
6.536593    0.00089932 
6.634537    0.00128302 
6.732494    0.00165531 
6.830464    0.00201312 
6.928448    0.00235363 
7.026444    0.00267426 
7.124452    0.00297268 
7.222474    0.00324680 
7.320509    0.00349473 
7.418556    0.00371486 
7.516617    0.00390575 
7.614691    0.00406621 
7.712779    0.00419525 
7.810881    0.00429206 
7.908997    0.00435607 
8.007128    0.00438686 
8.105273    0.00438424 
8.203434    0.00434818 
8.301610    0.00427886 
8.399801    0.00417665 
8.498009    0.00404213 
8.596233    0.00387605 
8.694473    0.00367939 
8.792730    0.00345336 
8.891003    0.00319935 
8.989292    0.00291901 
9.087598    0.00261422 
9.185920    0.00228712 
9.284258    0.00194007 
9.382612    0.00157572 
9.480982    0.00119696 
9.579367    0.00080693 
9.677767    0.00040903 
9.776181    0.00000690 
9.874609    -0.00039560 
9.973052    -0.00079444 
10.071507    -0.00118542 
10.169976    -0.00156424 
10.268458    -0.00192655 
10.366952    -0.00226799 
10.465458    -0.00258432 
10.563977    -0.00287143 
10.662508    -0.00312550 
10.761051    -0.00334301 
10.859606    -0.00352088 
10.958174    -0.00365653 
11.056753    -0.00374795 
11.155346    -0.00379374 
11.253951    -0.00379319 
11.352570    -0.00374626 
11.451201    -0.00365361 
11.549846    -0.00351657 
11.648504    -0.00333708 
11.747175    -0.00311770 
11.845860    -0.00286146 
11.944558    -0.00257185 
12.043269    -0.00225269 
12.141993    -0.00190808 
12.240729    -0.00154229 
12.339478    -0.00115967 
12.438238    -0.00076462 
12.537010    -0.00036149 
12.635792    0.00004549 
12.734585    0.00045221 
12.833388    0.00085476 
12.932201    0.00124943 
13.031022    0.00163277 
13.129853    0.00200155 
13.228692    0.00235279 
13.327539    0.00268381 
13.426393    0.00299213 
13.525256    0.00327557 
13.624126    0.00353217 
13.723004    0.00376022 
13.821889    0.00395824 
13.920782    0.00412497 
14.019683    0.00425937 
14.118591    0.00436063 
14.217508    0.00442811 
14.316432    0.00446139 
14.415365    0.00446027 
14.514306    0.00442470 
14.613255    0.00435487 
14.712213    0.00425116 
14.811180    0.00411414 
14.910156    0.00394460 
15.009140    0.00374354 
15.108134    0.00351220 
15.207136    0.00325202 
15.306146    0.00296471 
15.405165    0.00265221 
15.504193    0.00231674 
15.603228    0.00196074 
15.702271    0.00158697 
15.801321    0.00119844 
15.900378    0.00079841 
15.999441    0.00039043 
16.098511    -0.00002171 
16.197585    -0.00043399 
16.296665    -0.00084220 
16.395749    -0.00124197 
16.494837    -0.00162879 
16.593929    -0.00199815 
16.693024    -0.00234552 
16.792122    -0.00266647 
16.891223    -0.00295677 
16.990328    -0.00321246 
17.089435    -0.00342992 
17.188545    -0.00360603 
17.287657    -0.00373816 
17.386773    -0.00382431 
17.485893    -0.00386317 
17.585015    -0.00385409 
17.684141    -0.00379719 
17.783272    -0.00369329 
17.882405    -0.00354390 
17.981543    -0.00335120 
18.080685    -0.00311796 
18.179831    -0.00284745 
18.278981    -0.00254340 
18.378134    -0.00220986 
18.477291    -0.00185113 
18.576451    -0.00147169 
18.675613    -0.00107608 
18.774778    -0.00066883 
18.873945    -0.00025444 
18.973113    0.00016275 
19.072282    0.00057855 
19.171452    0.00098897 
19.270622    0.00139027 
19.369791    0.00177895 
19.468960    0.00215177 
19.568128    0.00250577 
19.667295    0.00283823 
19.766461    0.00314674 
19.865626    0.00342911 
19.964789    0.00368342 
20.063951    0.00390801 
20.163111    0.00410142 
20.262271    0.00426246 
20.361429    0.00439012 
20.460586    0.00448364 
20.559743    0.00454244 
20.658900    0.00456616 
20.758056    0.00455463 
20.857212    0.00450790 
20.956369    0.00442620 
21.055526    0.00430997 
21.154684    0.00415987 
21.253843    0.00397677 
21.353002    0.00376175 
21.452163    0.00351613 
21.551325    0.00324147 
21.650487    0.00293957 
21.749650    0.00261250 
21.848814    0.00226258 
21.947979    0.00189243 
22.047144    0.00150492 
22.146308    0.00110321 
22.245472    0.00069075 
22.344635    0.00027124 
22.443797    -0.00015135 
22.542957    -0.00057283 
22.642115    -0.00098880 
22.741271    -0.00139473 
22.840424    -0.00178597 
22.939574    -0.00215784 
23.038720    -0.00250570 
23.137864    -0.00282504 
23.237004    -0.00311155 
23.336140    -0.00336125 
23.435273    -0.00357057 
23.534403    -0.00373641 
23.633530    -0.00385629 
23.732654    -0.00392837 
23.831776    -0.00395149 
23.930895    -0.00392529 
24.030013    -0.00385012 
24.129129    -0.00372707 
24.228244    -0.00355798 
24.327357    -0.00334532 
24.426470    -0.00309213 
24.525581    -0.00280198 
24.624691    -0.00247886 
24.723800    -0.00212703 
24.822907    -0.00175102 
24.922013    -0.00135545 
25.021117    -0.00094502 
25.120218    -0.00052438 
25.219317    -0.00009808 
25.318413    0.00032947 
25.417505    0.00075406 
25.516593    0.00117169 
25.615677    0.00157863 
25.714757    0.00197141 
25.813833    0.00234682 
25.912903    0.00270194 
26.011969    0.00303413 
26.111029    0.00334101 
26.210085    0.00362046 
26.309135    0.00387063 
26.408181    0.00408990 
26.507222    0.00427691 
26.606259    0.00443049 
26.705292    0.00454973 
26.804321    0.00463392 
26.903346    0.00468253 
27.002368    0.00469528 
27.101387    0.00467205 
27.200404    0.00461295 
27.299419    0.00451828 
27.398432    0.00438855 
27.497443    0.00422448 
27.596453    0.00402701 
27.695461    0.00379729 
27.794469    0.00353674 
27.893475    0.00324698 
27.992481    0.00292992 
28.091485    0.00258772 
28.190488    0.00222282 
28.289490    0.00183794 
28.388490    0.00143609 
28.487488    0.00102056 
28.586484    0.00059495 
28.685477    0.00016310 
28.784468    -0.00027085 
28.883455    -0.00070256 
28.982438    -0.00112746 
29.081418    -0.00154087 
29.180393    -0.00193797 
29.279364    -0.00231395 
29.378331    -0.00266404 
29.477293    -0.00298364 
29.576250    -0.00326836 
29.675203    -0.00351419 
29.774152    -0.00371754 
29.873096    -0.00387537 
29.972037    -0.00398527 
30.070974    -0.00404552 
30.169909    -0.00405514 
30.268840    -0.00401395 
30.367769    -0.00392252 
30.466697    -0.00378223 
30.565622    -0.00359513 
30.664546    -0.00336398 
30.763468    -0.00309210 
30.862389    -0.00278330 
30.961309    -0.00244179 
31.060227    -0.00207209 
31.159143    -0.00167889 
31.258057    -0.00126700 
31.356969    -0.00084124 
31.455879    -0.00040637 
31.554786    0.00003295 
31.653689    0.00047227 
31.752589    0.00090732 
31.851485    0.00133410 
31.950376    0.00174885 
32.049264    0.00214812 
32.148146    0.00252871 
32.247024    0.00288773 
32.345897    0.00322257 
32.444764    0.00353088 
32.543628    0.00381058 
32.642486    0.00405987 
32.741340    0.00427716 
32.840189    0.00446112 
32.939035    0.00461065 
33.037876    0.00472485 
33.136715    0.00480305 
33.235550    0.00484801 
33.334382    0.00485314 
33.433212    0.00482146 
33.532040    0.00475309 
33.630867    0.00464837 
33.729693    0.00450784 
33.828517    0.00433228 
33.927342    0.00412266 
34.026165    0.00388021 
34.124989    0.00360637 
34.223812    0.00330285 
34.322635    0.00297162 
34.421458    0.00261490 
34.520280    0.00223523 
34.619102    0.00183542 
34.717923    0.00141860 
34.816743    0.00098817 
34.915562    0.00054786 
35.014378    0.00010168 
35.113193    -0.00034610 
35.212005    -0.00079096 
35.310815    -0.00122816 
35.409621    -0.00165283 
35.508424    -0.00205997 
35.607223    -0.00244460 
35.706019    -0.00280177 
35.804811    -0.00312671 
35.903599    -0.00341490 
36.002384    -0.00366223 
36.101165    -0.00386502 
36.199943    -0.00402019 
36.298718    -0.00412532 
36.397491    -0.00417623 
36.496263    -0.00417686 
36.595032    -0.00412487 
36.693801    -0.00402102 
36.792568    -0.00386684 
36.891335    -0.00366464 
36.990102    -0.00341739 
37.088868    -0.00312866 
37.187633    -0.00280252 
37.286399    -0.00244340 
37.385164    -0.00205606 
37.483928    -0.00164540 
37.582692    -0.00121641 
37.681454    -0.00077410 
37.780215    -0.00032337 
37.878974    0.00013101 
37.977730    0.00058448 
38.076484    0.00103268 
38.175234    0.00147155 
38.273982    0.00189729 
38.372725    0.00230640 
38.471465    0.00269568 
38.570201    0.00306222 
38.668933    0.00340340 
38.767661    0.00371689 
38.866385    0.00400061 
38.965105    0.00425276 
39.063822    0.00447177 
39.162535    0.00465635 
39.261245    0.00480538 
39.359953    0.00491800 
39.458658    0.00499355 
39.557360    0.00503530 
39.656062    0.00503573 
39.754762    0.00499833 
39.853461    0.00492323 
39.952160    0.00481081 
40.050859    0.00466163 
40.149558    0.00447647 
40.248258    0.00425637 
40.346959    0.00400255 
40.445660    0.00371652 
40.544363    0.00340003 
40.643067    0.00305508 
40.741771    0.00268398 
40.840476    0.00228934 
40.939182    0.00187404 
41.037889    0.00144132 
41.136595    0.00099471 
41.235301    0.00053805 
41.334006    0.00007551 
41.432710    -0.00038848 
41.531412    -0.00084921 
41.630113    -0.00130175 
41.728811    -0.00174100 
41.827507    -0.00216178 
41.926200    -0.00255884 
42.024890    -0.00292704 
42.123577    -0.00326139 
42.222262    -0.00355717 
42.320943    -0.00381008 
42.419622    -0.00401631 
42.518299    -0.00417267 
42.616974    -0.00427667 
42.715647    -0.00432664 
42.814319    -0.00432170 
42.912991    -0.00426187 
43.011662    -0.00414802 
43.110333    -0.00398189 
43.209005    -0.00376596 
43.307677    -0.00350345 
43.406350    -0.00319818 
43.505023    -0.00285446 
43.603697    -0.00247703 
43.702372    -0.00207087 
43.801047    -0.00164115 
43.899721    -0.00119309 
43.998396    -0.00073191 
44.097069    -0.00026272 
44.195741    0.00020957 
44.294412    0.00068021 
44.393080    0.00114476 
44.491746    0.00159903 
44.590410    0.00203915 
44.689070    0.00246154 
44.787727    0.00286296 
44.886380    0.00324045 
44.985030    0.00359136 
45.083677    0.00391334 
45.182320    0.00420431 
45.280960    0.00446244 
45.379597    0.00468618 
45.478231    0.00487421 
45.576863    0.00502544 
45.675492    0.00513899 
45.774120    0.00521423 
45.872747    0.00525069 
45.971373    0.00524814 
46.069998    0.00520655 
46.168624    0.00512606 
46.267250    0.00500707 
46.365877    0.00485014 
46.464504    0.00465609 
46.563134    0.00442593 
46.661765    0.00416095 
46.760397    0.00386267 
46.859032    0.00353286 
46.957668    0.00317360 
47.056306    0.00278725 
47.154946    0.00237647 
47.253587    0.00194426 
47.352229    0.00149394 
47.450872    0.00102916 
47.549515    0.00055392 
47.648158    0.00007252 
47.746800    -0.00041041 
47.845442    -0.00088995 
47.944082    -0.00136095 
48.042720    -0.00181807 
48.141356    -0.00225586 
48.239990    -0.00266881 
48.338621    -0.00305150 
48.437250    -0.00339867 
48.535876    -0.00370535 
48.634500    -0.00396700 
48.733121    -0.00417961 
48.831741    -0.00433983 
48.930360    -0.00444505 
49.028977    -0.00449353 
49.127594    -0.00448440 
49.226210    -0.00441775 
49.324827    -0.00429456 
49.423445    -0.00411672 
49.522063    -0.00388694 
49.620683    -0.00360868 
49.719303    -0.00328604 
49.817925    -0.00292363 
49.916549    -0.00252648 
50.015173    -0.00209987 
50.113798    -0.00164926 
50.212423    -0.00118014 
50.311048    -0.00069798 
50.409672    -0.00020811 
50.508296    0.00028435 
50.606918    0.00077449 
50.705539    0.00125770 
50.804157    0.00172968 
50.902772    0.00218645 
51.001385    0.00262435 
51.099994    0.00304007 
51.198601    0.00343059 
51.297203    0.00379323 
51.395803    0.00412560 
51.494399    0.00442560 
51.592992    0.00469140 
51.691582    0.00492142 
51.790170    0.00511435 
51.888755    0.00526908 
51.987339    0.00538475 
52.085921    0.00546070 
52.184502    0.00549649 
52.283083    0.00549188 
52.381663    0.00544683 
52.480245    0.00536152 
52.578827    0.00523631 
52.677410    0.00507180 
52.775995    0.00486880 
52.874582    0.00462836 
52.973171    0.00435176 
53.071762    0.00404056 
53.170356    0.00369656 
53.268952    0.00332189 
53.367550    0.00291896 
53.466150    0.00249051 
53.564752    0.00203962 
53.663356    0.00156970 
53.761960    0.00108455 
53.860566    0.00058830 
53.959171    0.00008545 
54.057777    -0.00041918 
54.156381    -0.00092045 
54.254985    -0.00141294 
54.353586    -0.00189103 
54.452186    -0.00234897 
54.550784    -0.00278094 
54.649379    -0.00318119 
54.747971    -0.00354414 
54.846561    -0.00386451 
54.945149    -0.00413746 
55.043735    -0.00435872 
55.142319    -0.00452474 
55.240902    -0.00463276 
55.339484    -0.00468094 
55.438065    -0.00466840 
55.536647    -0.00459526 
55.635229    -0.00446263 
55.733812    -0.00427258 
55.832396    -0.00402805 
55.930982    -0.00373279 
56.029570    -0.00339120 
56.128159    -0.00300824 
56.226749    -0.00258926 
56.325341    -0.00213991 
56.423933    -0.00166596 
56.522526    -0.00117322 
56.621119    -0.00066745 
56.719712    -0.00015422 
56.818304    0.00036108 
56.916894    0.00087337 
57.015482    0.00137786 
57.114068    0.00187010 
57.212652    0.00234599 
57.311232    0.00280178 
57.409809    0.00323406 
57.508382    0.00363978 
57.606952    0.00401619 
57.705518    0.00436087 
57.804081    0.00467168 
57.902641    0.00494679 
58.001198    0.00518460 
58.099752    0.00538378 
58.198303    0.00554322 
58.296853    0.00566206 
58.395402    0.00573963 
58.493949    0.00577550 
58.592497    0.00576941 
58.691044    0.00572133 
58.789592    0.00563143 
58.888142    0.00550009 
58.986692    0.00532790 
59.085245    0.00511568 
59.183800    0.00486448 
59.282358    0.00457561 
59.380918    0.00425063 
59.479481    0.00389140 
59.578047    0.00350006 
59.676615    0.00307908 
59.775186    0.00263128 
59.873759    0.00215980 
59.972334    0.00166819 
60.070911    0.00116036 
60.169488    0.00064061 
60.268065    0.00011362 
60.366643    -0.00041556 
60.465220    -0.00094154 
60.563795    -0.00145862 
60.662370    -0.00196087 
60.760942    -0.00244219 
60.859512    -0.00289639 
60.958079    -0.00331735 
61.056644    -0.00369910 
61.155206    -0.00403600 
61.253766    -0.00432286 
61.352323    -0.00455509 
61.450879    -0.00472889 
61.549434    -0.00484129 
61.647988    -0.00489033 
61.746541    -0.00487508 
61.845095    -0.00479571 
61.943650    -0.00465344 
62.042206    -0.00445053 
62.140763    -0.00419018 
62.239322    -0.00387647 
62.337883    -0.00351413 
62.436445    -0.00310852 
62.535009    -0.00266537 
62.633575    -0.00219073 
62.732141    -0.00169073 
62.830708    -0.00117156 
62.929275    -0.00063929 
63.027841    -0.00009980 
63.126407    0.00044127 
63.224970    0.00097860 
63.323531    0.00150720 
63.422090    0.00202246 
63.520645    0.00252014 
63.619196    0.00299638 
63.717744    0.00344768 
63.816288    0.00387091 
63.914828    0.00426329 
64.013364    0.00462233 
64.111896    0.00494589 
64.210424    0.00523209 
64.308949    0.00547932 
64.407471    0.00568625 
64.505991    0.00585175 
64.604508    0.00597495 
64.703025    0.00605519 
64.801540    0.00609374 
64.900055    0.00608695 
64.998571    0.00603644 
65.097088    0.00594237 
65.195607    0.00580512 
65.294128    0.00562527 
65.392652    0.00540365 
65.491179    0.00514129 
65.589709    0.00483952 
65.688243    0.00449991 
65.786781    0.00412433 
65.885322    0.00371497 
65.983867    0.00327433 
66.082416    0.00280528 
66.180967    0.00231108 
66.279521    0.00179537 
66.378077    0.00126218 
66.476634    0.00071599 
66.575192    0.00016169 
66.673750    -0.00039544 
66.772307    -0.00094973 
66.870862    -0.00149516 
66.969415    -0.00202543 
67.067966    -0.00253405 
67.166513    -0.00301442 
67.265056    -0.00345996 
67.363595    -0.00386426 
67.462131    -0.00422123 
67.560662    -0.00452526 
67.659189    -0.00477138 
67.757712    -0.00495546 
67.856232    -0.00507428 
67.954749    -0.00512571 
68.053265    -0.00510876 
68.151778    -0.00502361 
68.250290    -0.00487161 
68.348802    -0.00465372 
68.447313    -0.00437648 
68.545825    -0.00404281 
68.644336    -0.00365786 
68.742848    -0.00322740 
68.841361    -0.00275763 
68.939873    -0.00225502 
69.038386    -0.00172615 
69.136897    -0.00117842 
69.235408    -0.00061647 
69.333918    -0.00004748 
69.432427    0.00052260 
69.530934    0.00108820 
69.629438    0.00164411 
69.727940    0.00218555 
69.826439    0.00270811 
69.924935    0.00320780 
70.023428    0.00368105 
70.121918    0.00412463 
70.220404    0.00453570 
70.318888    0.00491173 
70.417370    0.00525053 
70.515849    0.00555020 
70.614326    0.00580911 
70.712802    0.00602590 
70.811277    0.00619943 
70.909751    0.00632883 
71.008226    0.00641339 
71.106702    0.00645267 
71.205178    0.00644640 
71.303657    0.00639451 
71.402138    0.00629717 
71.500622    0.00615472 
71.599110    0.00596774 
71.697601    0.00573703 
71.796096    0.00546363 
71.894595    0.00514886 
71.993099    0.00479429 
72.091607    0.00440179 
72.190119    0.00397357 
72.288635    0.00351216 
72.387154    0.00302050 
72.485677    0.00250190 
72.584202    0.00196009 
72.682729    0.00139925 
72.781258    0.00082401 
72.879787    0.00023945 
72.978316    -0.00034889 
73.076845    -0.00093504 
73.175372    -0.00151266 
73.273896    -0.00207505 
73.372419    -0.00261529 
73.470938    -0.00312629 
73.569454    -0.00360098 
73.667966    -0.00403241 
73.766475    -0.00441396 
73.864981    -0.00473951 
73.963484    -0.00500361 
74.061984    -0.00520170 
74.160483    -0.00533024 
74.258980    -0.00538684 
74.357477    -0.00537038 
74.455974    -0.00528101 
74.554471    -0.00512018 
74.652970    -0.00489058 
74.751470    -0.00459600 
74.849973    -0.00424124 
74.948477    -0.00383192 
75.046984    -0.00337429 
75.145492    -0.00287507 
75.244002    -0.00234123 
75.342513    -0.00177987 
75.441025    -0.00119803 
75.539537    -0.00060260 
75.638048    -0.00000019 
75.736557    0.00060290 
75.835064    0.00120080 
75.933569    0.00178803 
76.032070    0.00235958 
76.130567    0.00291088 
76.229060    0.00343777 
76.327548    0.00393656 
76.426032    0.00440392 
76.524510    0.00483693 
76.622984    0.00523301 
76.721453    0.00558992 
76.819918    0.00590573 
76.918378    0.00617877 
77.016835    0.00640767 
77.115288    0.00659126 
77.213740    0.00672865 
77.312189    0.00681914 
77.410637    0.00686225 
77.509085    0.00685770 
77.607533    0.00680541 
77.705982    0.00670552 
77.804433    0.00655836 
77.902886    0.00636450 
78.001342    0.00612471 
78.099801    0.00584003 
78.198263    0.00551174 
78.296730    0.00514142 
78.395200    0.00473093 
78.493674    0.00428249 
78.592153    0.00379867 
78.690635    0.00328243 
78.789120    0.00273715 
78.887609    0.00216664 
78.986099    0.00157522 
79.084592    0.00096766 
79.183085    0.00034927 
79.281579    -0.00027417 
79.380072    -0.00089639 
79.478564    -0.00151065 
79.577054    -0.00210986 
79.675541    -0.00268658 
79.774026    -0.00323321 
79.872507    -0.00374208 
79.970984    -0.00420564 
80.069459    -0.00461664 
80.167929    -0.00496835 
80.266397    -0.00525476 
80.364863    -0.00547078 
80.463326    -0.00561246 
80.561788    -0.00567709 
80.660250    -0.00566335 
80.758712    -0.00557134 
80.857175    -0.00540260 
80.955639    -0.00516002 
81.054106    -0.00484774 
81.152574    -0.00447096 
81.251045    -0.00403581 
81.349518    -0.00354910 
81.447993    -0.00301810 
81.546469    -0.00245038 
81.644947    -0.00185359 
81.743425    -0.00123529 
81.841903    -0.00060287 
81.940379    0.00003663 
82.038854    0.00067652 
82.137326    0.00131060 
82.235795    0.00193311 
82.334260    0.00253879 
82.432720    0.00312287 
82.531175    0.00368104 
82.629624    0.00420947 
82.728068    0.00470472 
82.826506    0.00516380 
82.924939    0.00558405 
83.023365    0.00596317 
83.121787    0.00629918 
83.220204    0.00659037 
83.318617    0.00683532 
83.417026    0.00703285 
83.515432    0.00718200 
83.613836    0.00728205 
83.712239    0.00733246 
83.810641    0.00733292 
83.909043    0.00728331 
84.007446    0.00718370 
84.105851    0.00703439 
84.204258    0.00683587 
84.302669    0.00658887 
84.401083    0.00629438 
84.499501    0.00595362 
84.597924    0.00556811 
84.696351    0.00513970 
84.794783    0.00467057 
84.893219    0.00416326 
84.991660    0.00362076 
85.090105    0.00304646 
85.188553    0.00244427 
85.287004    0.00181858 
85.385458    0.00117434 
85.483912    0.00051704 
85.582368    -0.00014725 
85.680823    -0.00081193 
85.779276    -0.00146985 
85.877728    -0.00211340 
85.976177    -0.00273459 
86.074623    -0.00332516 
86.173065    -0.00387671 
86.271503    -0.00438093 
86.369937    -0.00482978 
86.468368    -0.00521573 
86.566795    -0.00553200 
86.665219    -0.00577282 
86.763640    -0.00593362 
86.862060    -0.00601124 
86.960480    -0.00600407 
87.058899    -0.00591208 
87.157320    -0.00573685 
87.255742    -0.00548149 
87.354166    -0.00515053 
87.452592    -0.00474970 
87.551021    -0.00428572 
87.649452    -0.00376607 
87.747885    -0.00319877 
87.846321    -0.00259209 
87.944757    -0.00195438 
88.043193    -0.00129388 
88.141629    -0.00061857 
88.240064    0.00006395 
88.338496    0.00074654 
88.436925    0.00142255 
88.535350    0.00208591 
88.633771    0.00273106 
88.732186    0.00335300 
88.830595    0.00394725 
88.928997    0.00450983 
89.027393    0.00503721 
89.125783    0.00552630 
89.224166    0.00597440 
89.322542    0.00637916 
89.420913    0.00673858 
89.519278    0.00705095 
89.617637    0.00731481 
89.715993    0.00752897 
89.814345    0.00769248 
89.912695    0.00780459 
90.011043    0.00786558 
90.109390    0.00787347 
90.207737    0.00782890 
90.306085    0.00773192 
90.404435    0.00758276 
90.502787    0.00738187 
90.601143    0.00712991 
90.699504    0.00682777 
90.797868    0.00647661 
90.896238    0.00607786 
90.994613    0.00563329 
91.092994    0.00514498 
91.191380    0.00461541 
91.289771    0.00404748 
91.388167    0.00344454 
91.486567    0.00281048 
91.584970    0.00214970 
91.683377    0.00146721 
91.781785    0.00076861 
91.880194    0.00006015 
91.978603    -0.00065127 
92.077012    -0.00135817 
92.175418    -0.00205247 
92.273821    -0.00272559 
92.372221    -0.00336859 
92.470617    -0.00397229 
92.569009    -0.00452748 
92.667395    -0.00502516 
92.765778    -0.00545680 
92.864156    -0.00581460 
92.962531    -0.00609181 
93.060903    -0.00628301 
93.159273    -0.00638426 
93.257641    -0.00639272 
93.356010    -0.00630928 
93.454380    -0.00613474 
93.552751    -0.00587229 
93.651124    -0.00552672 
93.749499    -0.00510424 
93.847878    -0.00461220 
93.946259    -0.00405881 
94.044642    -0.00345289 
94.143027    -0.00280354 
94.241413    -0.00212037 
94.339799    -0.00141153 
94.438185    -0.00068625 
94.536568    0.00004718 
94.634949    0.00078098 
94.733326    0.00150797 
94.831699    0.00222157 
94.930065    0.00291584 
95.028426    0.00358542 
95.126779    0.00422555 
95.225125    0.00483201 
95.323463    0.00540109 
95.421793    0.00592954 
95.520115    0.00641453 
95.618430    0.00685363 
95.716738    0.00724474 
95.815039    0.00758609 
95.913334    0.00787619 
96.011624    0.00811379 
96.109910    0.00829789 
96.208193    0.00842771 
96.306473    0.00850267 
96.404752    0.00852239 
96.503032    0.00848666 
96.601312    0.00839548 
96.699594    0.00824904 
96.797880    0.00804773 
96.896169    0.00779215 
96.994463    0.00748314 
97.092762    0.00712177 
97.191067    0.00670942 
97.289379    0.00624775 
97.387697    0.00573878 
97.486021    0.00518491 
97.584351    0.00458898 
97.682688    0.00395430 
97.781029    0.00328470 
97.879376    0.00258460 
97.977726    0.00185904 
98.076079    0.00111373 
98.174433    0.00035508 
98.272788    -0.00040977 
98.371143    -0.00117298 
98.469495    -0.00192600 
98.567845    -0.00265969 
98.666192    -0.00336435 
98.764534    -0.00402997 
98.862870    -0.00464635 
98.961202    -0.00520340 
99.059529    -0.00569144 
99.157851    -0.00610147 
99.256168    -0.00642559 
99.354482    -0.00665724 
99.452793    -0.00679156 
99.551103    -0.00682556 
99.649412    -0.00675832 
99.747722    -0.00659016 
99.846034    -0.00632586 
99.944347    -0.00596968 
100.042664    -0.00552827 
100.140983    -0.00500965 
100.239305    -0.00442353 
100.337630    -0.00377817 
100.435956    -0.00308437 
100.534284    -0.00235226 
100.632612    -0.00159180 
100.730939    -0.00081259 
100.829264    -0.00002370 
100.927586    0.00076640 
101.025903    0.00154992 
101.124214    0.00231977 
101.222519    0.00306957 
101.320816    0.00379360 
101.419105    0.00448680 
101.517385    0.00514470 
101.615656    0.00576339 
101.713918    0.00633945 
101.812170    0.00686994 
101.910414    0.00735230 
102.008649    0.00778434 
102.106876    0.00816420 
102.205095    0.00849030 
102.303309    0.00876134 
102.401517    0.00897622 
102.499721    0.00913408 
102.597922    0.00923425 
102.696122    0.00927624 
102.794321    0.00925976 
102.892521    0.00918468 
102.990723    0.00905106 
103.088928    0.00885913 
103.187137    0.00860935 
103.285352    0.00830238 
103.383573    0.00793912 
103.481801    0.00752073 
103.580036    0.00704869 
103.678280    0.00652480 
103.776530    0.00595125 
103.874789    0.00533067 
103.973055    0.00466615 
104.071328    0.00396135 
104.169607    0.00322055 
104.267892    0.00244867 
104.366181    0.00165139 
104.464472    0.00083516 
104.562766    0.00000727 
104.661059    -0.00082416 
104.759351    -0.00165015 
104.857641    -0.00246091 
104.955928    -0.00324596 
105.054209    -0.00399422 
105.152486    -0.00469427 
105.250756    -0.00533454 
105.349020    -0.00590374 
105.447279    -0.00639114 
105.545532    -0.00678704 
105.643780    -0.00708315 
105.742025    -0.00727297 
105.840268    -0.00735215 
105.938509    -0.00731863 
106.036751    -0.00717285 
106.134994    -0.00691763 
106.233239    -0.00655809 
106.331486    -0.00610132 
106.429738    -0.00555611 
106.527992    -0.00493249 
106.626249    -0.00424136 
106.724508    -0.00349408 
106.822769    -0.00270213 
106.921030    -0.00187678 
107.019290    -0.00102886 
107.117547    -0.00016862 
107.215801    0.00069447 
107.314049    0.00155169 
107.412290    0.00239518 
107.510523    0.00321786 
107.608747    0.00401349 
107.706961    0.00477652 
107.805165    0.00550210 
107.903358    0.00618603 
108.001539    0.00682465 
108.099709    0.00741479 
108.197868    0.00795375 
108.296017    0.00843922 
108.394155    0.00886922 
108.492285    0.00924209 
108.590407    0.00955645 
108.688523    0.00981113 
108.786633    0.01000520 
108.884739    0.01013793 
108.982843    0.01020875 
109.080946    0.01021770 
109.179049    0.01016374 
109.277155    0.01004722 
109.375264    0.00986827 
109.473378    0.00962721 
109.571499    0.00932455 
109.669627    0.00896103 
109.767763    0.00853763 
109.865909    0.00805563 
109.964063    0.00751661 
110.062228    0.00692254 
110.160403    0.00627579 
110.258587    0.00557886 
110.356781    0.00483595 
110.454983    0.00405071 
110.553192    0.00322789 
110.651408    0.00237302 
110.749629    0.00149247 
110.847853    0.00059357 
110.946079    -0.00031540 
111.044305    -0.00122496 
111.142529    -0.00212519 
111.240749    -0.00300462 
111.338966    -0.00385116 
111.437176    -0.00465207 
111.535380    -0.00539422 
111.633577    -0.00606444 
111.731766    -0.00664995 
111.829949    -0.00713885 
111.928126    -0.00752039 
112.026298    -0.00778631 
112.124467    -0.00793013 
112.222633    -0.00794819 
112.320799    -0.00783972 
112.418965    -0.00760687 
112.517134    -0.00725457 
112.615305    -0.00679027 
112.713479    -0.00622349 
112.811657    -0.00556544 
112.909838    -0.00482838 
113.008022    -0.00402525 
113.106207    -0.00316914 
113.204393    -0.00227292 
113.302577    -0.00134896 
113.400758    -0.00040890 
113.498935    0.00053651 
113.597105    0.00147746 
113.695267    0.00240513 
113.793420    0.00331168 
113.891561    0.00419017 
113.989691    0.00503456 
114.087808    0.00583955 
114.185911    0.00660061 
114.284000    0.00731380 
114.382076    0.00797606 
114.480139    0.00858396 
114.578188    0.00913532 
114.676225    0.00962807 
114.774251    0.01006046 
114.872267    0.01043104 
114.970275    0.01073857 
115.068275    0.01098206 
115.166270    0.01116068 
115.264262    0.01127379 
115.362252    0.01132092 
115.460242    0.01130173 
115.558234    0.01121605 
115.656229    0.01106384 
115.754231    0.01084525 
115.852239    0.01056058 
115.950256    0.01021034 
116.048283    0.00979525 
116.146321    0.00931627 
116.244371    0.00877468 
116.342433    0.00817206 
116.440507    0.00751040 
116.538595    0.00679215 
116.636694    0.00602026 
116.734806    0.00519832 
116.832928    0.00433061 
116.931059    0.00342220 
117.029198    0.00247907 
117.127344    0.00150819 
117.225494    0.00051763 
117.323646    -0.00048338 
117.421798    -0.00148437 
117.519948    -0.00247367 
117.618094    -0.00343842 
117.716234    -0.00436473 
117.814368    -0.00523787 
117.912493    -0.00604263 
118.010610    -0.00676376 
118.108718    -0.00738649 
118.206819    -0.00789714 
118.304912    -0.00828383 
118.403000    -0.00853704 
118.501083    -0.00865020 
118.599165    -0.00861970 
118.697246    -0.00844653 
118.795327    -0.00813415 
118.893412    -0.00768960 
118.991499    -0.00712276 
119.089590    -0.00644577 
119.187685    -0.00567271 
119.285782    -0.00481766 
119.383882    -0.00389611 
119.481981    -0.00292304 
119.580080    -0.00191291 
119.678174    -0.00087934 
119.776264    0.00016512 
119.874346    0.00120905 
119.972418    0.00224222 
120.070479    0.00325559 
120.168526    0.00424123 
120.266559    0.00519223 
120.364576    0.00610265 
120.462576    0.00696738 
120.560559    0.00778204 
120.658524    0.00854291 
120.756473    0.00924683 
120.854405    0.00989113 
120.952321    0.01047354 
121.050222    0.01099215 
121.148110    0.01144536 
121.245986    0.01183180 
121.343853    0.01215034 
121.441711    0.01240004 
121.539564    0.01258011 
121.637413    0.01268993 
121.735262    0.01272900 
121.833111    0.01269696 
121.930964    0.01259357 
122.028822    0.01241873 
122.126689    0.01217248 
122.224565    0.01185502 
122.322453    0.01146672 
122.420354    0.01100815 
122.518269    0.01048015 
122.616201    0.00988380 
122.714148    0.00922054 
122.812113    0.00849223 
122.910094    0.00770115 
123.008091    0.00685019 
123.106104    0.00594287 
123.204131    0.00498348 
123.302172    0.00397722 
123.400223    0.00293029 
123.498283    0.00185007 
123.596349    0.00074524 
123.694418    -0.00037413 
123.792489    -0.00149643 
123.890557    -0.00260849 
123.988621    -0.00369561 
124.086679    -0.00474164 
124.184728    -0.00572928 
124.282767    -0.00664041 
124.380795    -0.00745665 
124.478813    -0.00816007 
124.576820    -0.00873398 
124.674818    -0.00916382 
124.772808    -0.00943801 
124.870793    -0.00954870 
124.968775    -0.00949228 
125.066756    -0.00926964 
125.164738    -0.00888610 
125.262721    -0.00835100 
125.360708    -0.00767709 
125.458699    -0.00687974 
125.556693    -0.00597603 
125.654688    -0.00498393 
125.752685    -0.00392153 
125.850680    -0.00280644 
125.948671    -0.00165532 
126.046656    -0.00048355 
126.144632    0.00069490 
126.242596    0.00186761 
126.340546    0.00302362 
126.438480    0.00415339 
126.536395    0.00524872 
126.634290    0.00630257 
126.732163    0.00730895 
126.830015    0.00826281 
126.927844    0.00915987 
127.025650    0.00999652 
127.123435    0.01076975 
127.221198    0.01147701 
127.318941    0.01211617 
127.416666    0.01268542 
127.514374    0.01318325 
127.612068    0.01360838 
127.709750    0.01395991 
127.807423    0.01423654 
127.905089    0.01443767 
128.002752    0.01456264 
128.100414    0.01461093 
128.198079    0.01458207 
128.295749    0.01447574 
128.393428    0.01429169 
128.491118    0.01402982 
128.588821    0.01369012 
128.686541    0.01327277 
128.784279    0.01277810 
128.882037    0.01220666 
128.979817    0.01155926 
129.077619    0.01083703 
129.175444    0.01004147 
129.273293    0.00917456 
129.371164    0.00823883 
129.469058    0.00723747 
129.566972    0.00617450 
129.664904    0.00505489 
129.762853    0.00388472 
129.860815    0.00267142 
129.958788    0.00142390 
130.056767    0.00015281 
130.154749    -0.00112935 
130.252731    -0.00240804 
130.350708    -0.00366662 
130.448678    -0.00488640 
130.546637    -0.00604687 
130.644583    -0.00712603 
130.742515    -0.00810106 
130.840432    -0.00894919 
130.938335    -0.00964876 
131.036224    -0.01018045 
131.134102    -0.01052854 
131.231971    -0.01068189 
131.329835    -0.01063534 
131.427695    -0.01038933 
131.525554    -0.00995031 
131.623414    -0.00933014 
131.721277    -0.00854512 
131.819142    -0.00761484 
131.917009    -0.00656094 
132.014877    -0.00540599 
132.112743    -0.00417210 
132.210605    -0.00288073 
132.308459    -0.00155174 
132.406302    -0.00020313 
132.504131    0.00114911 
132.601943    0.00249097 
132.699733    0.00381038 
132.797500    0.00509702 
132.895241    0.00634216 
132.992953    0.00753847 
133.090637    0.00867982 
133.188290    0.00976110 
133.285913    0.01077807 
133.383506    0.01172720 
133.481069    0.01260555 
133.578605    0.01341070 
