0.000000    0.60199614 
0.078662    0.60196572 
0.157325    0.60192107 
0.235989    0.60187261 
0.314659    0.60181454 
0.393339    0.60174534 
0.472036    0.60166783 
0.550757    0.60158750 
0.629513    0.60151354 
0.708315    0.60145662 
0.787174    0.60142683 
0.866105    0.60143264 
0.945123    0.60147931 
1.024244    0.60156819 
1.103486    0.60169578 
1.182868    0.60185420 
1.262410    0.60203078 
1.342136    0.60220773 
1.422068    0.60236454 
1.502232    0.60247567 
1.582654    0.60251015 
1.663364    0.60243862 
1.744390    0.60223047 
1.825763    0.60185364 
1.907517    0.60127573 
1.989684    0.60046526 
2.072299    0.59939264 
2.155396    0.59803209 
2.239011    0.59635973 
2.323180    0.59435587 
2.407937    0.59200531 
2.493318    0.58929899 
2.579357    0.58623283 
2.666086    0.58280410 
2.753538    0.57901316 
2.841742    0.57487373 
2.930727    0.57041208 
3.020516    0.56565198 
3.111135    0.56061216 
3.202601    0.55531602 
3.294932    0.54979397 
3.388142    0.54407957 
3.482242    0.53820681 
3.577236    0.53221113 
3.673130    0.52612799 
3.769922    0.51999214 
3.867608    0.51384146 
3.966180    0.50771663 
4.065626    0.50165642 
4.165931    0.49569381 
4.267075    0.48985974 
4.369035    0.48419039 
4.471782    0.47872645 
4.575284    0.47351054 
4.679502    0.46859135 
4.784391    0.46402726 
4.889900    0.45988616 
4.995969    0.45624390 
5.102528    0.45317930 
5.209501    0.45076331 
5.316806    0.44904919 
5.424353    0.44807495 
5.532050    0.44787874 
5.639797    0.44851480 
5.747483    0.45006180 
5.854988    0.45262502 
5.962176    0.45633614 
6.068893    0.46135186 
6.174963    0.46785352 
6.280185    0.47604831 
6.384327    0.48616862 
6.487123    0.49846102 
6.588269    0.51315312 
6.687427    0.53037940 
6.784233    0.55003626 
6.878317    0.57153096 
6.969346    0.59341974 
7.057085    0.61305282 
7.141459    0.62658661 
7.222593    0.62987876 
7.300784    0.62030757 
7.376396    0.59838959 
7.449641    0.56770230 
7.520778    0.53282770 
7.589811    0.49804963 
7.656756    0.46622691 
7.721490    0.43822944 
7.783938    0.41433636 
7.844054    0.39428317 
7.901831    0.37761038 
7.957282    0.36384251 
8.010437    0.35256360 
8.061334    0.34342623 
8.110011    0.33614928 
8.156506    0.33050724 
8.200852    0.32629818 
8.243072    0.32336295 
8.283176    0.32156852 
8.321166    0.32079747 
8.357031    0.32093866 
8.390754    0.32187248 
8.422310    0.32345436 
8.451632    0.32525014 
8.478743    0.32748905 
8.503628    0.32963410 
8.526280    0.33124424 
8.546708    0.33172988 
8.564938    0.33038905 
8.581010    0.32634600 
8.595011    0.31902499 
8.607046    0.30772105 
8.617251    0.29221141 
8.625785    0.27263361 
8.632825    0.24960548 
8.638558    0.22406912 
8.643171    0.19715567 
8.646844    0.16997477 
8.649740    0.14350999 
8.652006    0.11855741 
8.653768    0.09570381 
8.655129    0.07533845 
8.656177    0.05767645 
8.656980    0.04278642 
8.657595    0.03061490 
8.658065    0.02100679 
8.658424    0.01372409 
8.658697    0.00846365 
8.658908    0.00488102 
8.659092    0.00260788 
8.659196    0.00123866 
8.659209    0.00050392 
8.659449    0.00023192 
8.662755    0.00017172 
8.670764    0.00018478 
8.682734    0.00022934 
8.697203    0.00029814 
8.713284    0.00040561 
8.730744    0.00049769 
8.749193    0.00055460 
8.768384    0.00059311 
8.788179    0.00062186 
8.808477    0.00064461 
8.829200    0.00066324 
8.850277    0.00067898 
8.871644    0.00069265 
8.893241    0.00070480 
8.915011    0.00071581 
8.936895    0.00072597 
8.958837    0.00073551 
8.980780    0.00074467 
9.002670    0.00075362 
9.024458    0.00076252 
9.046103    0.00077148 
9.067580    0.00078046 
9.088879    0.00078940 
9.110012    0.00079805 
9.131007    0.00080620 
9.151904    0.00081366 
9.172753    0.00082024 
9.193601    0.00082590 
9.214494    0.00083059 
9.235470    0.00083439 
9.256558    0.00083737 
9.277781    0.00083965 
9.299151    0.00084137 
9.320675    0.00084269 
9.342352    0.00084371 
9.364177    0.00084451 
9.386137    0.00084517 
9.408219    0.00084579 
9.430402    0.00084648 
9.452664    0.00084734 
9.474978    0.00084845 
9.497315    0.00084991 
9.519647    0.00085177 
9.541941    0.00085411 
9.564173    0.00085688 
9.586319    0.00086004 
9.608363    0.00086346 
9.630298    0.00086707 
9.652119    0.00087070 
9.673827    0.00087429 
9.695429    0.00087775 
9.716931    0.00088102 
9.738341    0.00088405 
9.759668    0.00088685 
9.780919    0.00088941 
9.802101    0.00089175 
9.823220    0.00089389 
9.844279    0.00089586 
9.865282    0.00089768 
9.886230    0.00089939 
9.907123    0.00090102 
9.927959    0.00090256 
9.948737    0.00090405 
9.969454    0.00090551 
9.990107    0.00090694 
10.010694    0.00090837 
10.031211    0.00090979 
