0.000000    0.00000000 
0.400000    0.04722552 
0.800000    0.08505573 
1.200000    0.10977054 
1.600000    0.12135043 
2.000000    0.12201813 
2.400000    0.11451141 
2.800000    0.10114206 
3.200000    0.08354964 
3.600000    0.06262325 
4.000000    0.03856901 
4.400000    0.01140073 
4.800000    -0.01736675 
5.200000    -0.04077372 
5.600000    -0.04561080 
6.000000    -0.02811616 
6.400000    -0.00049979 
6.800000    0.02672934 
7.200000    0.04977363 
7.600000    0.06757641 
8.000000    0.07972967 
8.400000    0.08609388 
8.800000    0.08685146 
9.200000    0.08247259 
9.600000    0.07352475 
10.000000    0.06047474 
10.400000    0.04359550 
10.800000    0.02308236 
11.200000    -0.00032255 
11.600000    -0.02357559 
12.000000    -0.03891194 
12.400000    -0.03733305 
12.800000    -0.02012582 
13.200000    0.00293893 
13.600000    0.02480547 
14.000000    0.04283123 
14.400000    0.05631578 
14.800000    0.06512494 
15.200000    0.06931931 
15.600000    0.06908970 
16.000000    0.06469279 
16.400000    0.05635846 
16.800000    0.04423795 
17.200000    0.02846910 
17.600000    0.00949346 
18.000000    -0.01106473 
18.400000    -0.02875189 
18.800000    -0.03608956 
19.200000    -0.02875619 
19.600000    -0.01133576 
20.000000    0.00858024 
20.400000    0.02649227 
20.800000    0.04075261 
21.200000    0.05094243 
21.600000    0.05703787 
22.000000    0.05913162 
22.400000    0.05735369 
22.800000    0.05183734 
23.200000    0.04269492 
23.600000    0.03004078 
24.000000    0.01417102 
24.400000    -0.00387148 
24.800000    -0.02112837 
25.200000    -0.03188105 
25.600000    -0.03064867 
26.000000    -0.01826181 
26.400000    -0.00087178 
26.800000    0.01621481 
27.200000    0.03049431 
27.600000    0.04117845 
28.000000    0.04815081 
28.400000    0.05147893 
28.800000    0.05123983 
29.200000    0.04748051 
29.600000    0.04023354 
30.000000    0.02957446 
30.400000    0.01577572 
30.800000    -0.00028985 
31.200000    -0.01632137 
31.600000    -0.02782600 
32.000000    -0.02972750 
32.400000    -0.02109625 
32.800000    -0.00628758 
33.200000    0.00959197 
33.600000    0.02355684 
34.000000    0.03441423 
34.400000    0.04182616 
34.800000    0.04576365 
35.200000    0.04628281 
35.600000    0.04345056 
36.000000    0.03733098 
36.400000    0.02801686 
36.800000    0.01575443 
37.200000    0.00128378 
37.600000    -0.01348133 
38.000000    -0.02479129 
38.400000    -0.02810266 
38.800000    -0.02180854 
39.200000    -0.00903410 
39.600000    0.00558591 
40.000000    0.01892417 
40.400000    0.02956801 
40.800000    0.03704492 
41.200000    0.04125746 
41.600000    0.04222517 
42.000000    0.03999267 
42.400000    0.03461051 
42.800000    0.02616827 
43.200000    0.01491815 
43.600000    0.00158116 
44.000000    -0.01208436 
44.400000    -0.02276525 
44.800000    -0.02644694 
45.200000    -0.02144422 
45.600000    -0.01015405 
46.000000    0.00332799 
46.400000    0.01595999 
46.800000    0.02622724 
47.200000    0.03355266 
47.600000    0.03777662 
48.000000    0.03889205 
48.400000    0.03693614 
48.800000    0.03196122 
49.200000    0.02406742 
49.600000    0.01352748 
50.000000    0.00107431 
50.400000    -0.01160479 
50.800000    -0.02147567 
51.200000    -0.02496711 
51.600000    -0.02054730 
52.000000    -0.01023743 
52.400000    0.00230636 
52.800000    0.01421301 
53.200000    0.02396223 
53.600000    0.03093564 
54.000000    0.03494844 
54.400000    0.03598582 
54.800000    0.03408561 
55.200000    0.02930590 
55.600000    0.02176207 
56.000000    0.01175719 
56.400000    0.00005937 
56.800000    -0.01166534 
57.200000    -0.02058968 
57.600000    -0.02356512 
58.000000    -0.01934540 
58.400000    -0.00975866 
58.800000    0.00194179 
59.200000    0.01313364 
59.600000    0.02236239 
60.000000    0.02898856 
60.400000    0.03278244 
60.800000    0.03368714 
61.200000    0.03171423 
61.600000    0.02692039 
62.000000    0.01945244 
62.400000    0.00968359 
62.800000    -0.00151543 
63.200000    -0.01239808 
63.600000    -0.02023030 
64.000000    -0.02226277 
64.400000    -0.01771165 
64.800000    -0.00847746 
65.200000    0.00246645 
65.600000    0.01278879 
66.000000    0.02120277 
66.400000    0.02714793 
66.800000    0.03043111 
67.200000    0.03101126 
67.600000    0.02890422 
68.000000    0.02416724 
68.400000    0.01695291 
68.800000    0.00765306 
69.200000    -0.00283664 
69.600000    -0.01279002 
70.000000    -0.01964549 
70.400000    -0.02100123 
70.800000    -0.01633515 
71.200000    -0.00746646 
71.600000    0.00290294 
72.000000    0.01264355 
72.400000    0.02054383 
72.800000    0.02604643 
73.200000    0.02894046 
73.600000    0.02917293 
74.000000    0.02676522 
74.400000    0.02180359 
74.800000    0.01449910 
75.200000    0.00533721 
75.600000    -0.00466722 
76.000000    -0.01371289 
76.400000    -0.01936867 
76.800000    -0.01966060 
77.200000    -0.01451369 
77.600000    -0.00582132 
78.000000    0.00395767 
78.400000    0.01295848 
78.800000    0.02012428 
79.200000    0.02496110 
79.600000    0.02727759 
80.000000    0.02702950 
80.400000    0.02425416 
80.800000    0.01907177 
81.200000    0.01175374 
81.600000    0.00287650 
82.000000    -0.00644504 
82.400000    -0.01439258 
82.800000    -0.01875933 
83.200000    -0.01804718 
83.600000    -0.01256365 
84.000000    -0.00418193 
84.400000    0.00492023 
84.800000    0.01314186 
85.200000    0.01957448 
85.600000    0.02378282 
86.000000    0.02558740 
86.400000    0.02493795 
86.800000    0.02186799 
87.200000    0.01651371 
87.600000    0.00919870 
88.000000    0.00059454 
88.400000    -0.00807394 
88.800000    -0.01496777 
89.200000    -0.01810140 
89.600000    -0.01642180 
90.000000    -0.01057995 
90.400000    -0.00244253 
90.800000    0.00604074 
91.200000    0.01349462 
91.600000    0.01915279 
92.000000    0.02265534 
92.400000    0.02386317 
92.800000    0.02275148 
93.200000    0.01937558 
93.600000    0.01389977 
94.000000    0.00669355 
94.400000    -0.00150381 
94.800000    -0.00940946 
95.200000    -0.01523267 
95.600000    -0.01724543 
96.000000    -0.01477762 
96.400000    -0.00870413 
96.800000    -0.00082715 
97.200000    0.00710585 
97.600000    0.01389309 
98.000000    0.01886828 
98.400000    0.02172060 
98.800000    0.02233857 
99.200000    0.02072317 
99.600000    0.01696590 
100.000000    0.01128779 
100.400000    0.00414246 
100.800000    -0.00362882 
101.200000    -0.01068018 
101.600000    -0.01531627 
102.000000    -0.01614303 
102.400000    -0.01290770 
102.800000    -0.00668045 
103.200000    0.00084180 
103.600000    0.00813753 
104.000000    0.01419058 
104.400000    0.01844137 
104.800000    0.02062989 
105.200000    0.02066977 
105.600000    0.01858388 
106.000000    0.01449842 
106.400000    0.00869355 
106.800000    0.00170978 
107.200000    -0.00551895 
107.600000    -0.01162227 
108.000000    -0.01506272 
108.400000    -0.01480866 
108.800000    -0.01096913 
109.200000    -0.00472400 
109.600000    0.00237191 
110.000000    0.00901243 
110.400000    0.01434544 
110.800000    0.01790294 
111.200000    0.01946774 
111.600000    0.01897476 
112.000000    0.01646740 
112.400000    0.01210707 
112.800000    0.00623493 
113.200000    -0.00052189 
113.600000    -0.00714808 
114.000000    -0.01227969 
114.400000    -0.01457191 
114.800000    -0.01334747 
115.200000    -0.00901642 
115.600000    -0.00281764 
116.000000    0.00383540 
116.400000    0.00982443 
116.800000    0.01443964 
117.200000    0.01729758 
117.600000    0.01822786 
118.000000    0.01719668 
118.400000    0.01428048 
118.800000    0.00968872 
119.200000    0.00383259 
119.600000    -0.00257787 
120.000000    -0.00847657 
120.400000    -0.01256787 
120.800000    -0.01375714 
121.200000    -0.01171189 
121.600000    -0.00706473 
122.000000    -0.00104176 
122.400000    0.00510483 
122.800000    0.01043095 
123.200000    0.01434990 
123.600000    0.01654935 
124.000000    0.01689815 
124.400000    0.01539020 
124.800000    0.01213404 
125.200000    0.00738735 
125.600000    0.00162965 
126.000000    -0.00435676 
126.400000    -0.00948246 
126.800000    -0.01255745 
127.200000    -0.01274875 
127.600000    -0.01002413 
128.000000    -0.00517227 
128.400000    0.00062308 
128.800000    0.00625631 
129.200000    0.01092960 
129.600000    0.01416053 
130.000000    0.01570291 
130.400000    0.01547095 
130.800000    0.01349913 
131.200000    0.00994347 
131.600000    0.00512217 
132.000000    -0.00041686 
132.400000    -0.00584363 
132.800000    -0.01010093 
133.200000    -0.01216913 
133.600000    -0.01149551 
134.000000    -0.00829057 
134.400000    -0.00341201 
134.800000    0.00205043 
135.200000    0.00714245 
135.600000    0.01119356 
136.000000    0.01380259 
136.400000    0.01476989 
136.800000    0.01404054 
137.200000    0.01168087 
137.600000    0.00789163 
138.000000    0.00305294 
138.400000    -0.00221853 
138.800000    -0.00705406 
139.200000    -0.01045002 
139.600000    -0.01157433 
140.000000    -0.01014067 
140.400000    -0.00656025 
140.800000    -0.00172717 
141.200000    0.00336522 
141.600000    0.00789987 
142.000000    0.01132211 
142.400000    0.01330968 
142.800000    0.01371386 
143.200000    0.01251763 
143.600000    0.00982543 
144.000000    0.00588530 
144.400000    0.00113441 
144.800000    -0.00376019 
145.200000    -0.00792715 
145.600000    -0.01046019 
146.000000    -0.01073415 
146.400000    -0.00869630 
146.800000    -0.00489318 
147.200000    -0.00020734 
147.600000    0.00447321 
148.000000    0.00845353 
148.400000    0.01127610 
148.800000    0.01268493 
149.200000    0.01257688 
149.600000    0.01097265 
150.000000    0.00801698 
150.400000    0.00400609 
150.800000    -0.00057140 
151.200000    -0.00501611 
151.600000    -0.00848514 
152.000000    -0.01019856 
152.400000    -0.00973660 
152.800000    -0.00723760 
153.200000    -0.00332980 
153.600000    0.00114383 
154.000000    0.00539749 
154.400000    0.00884107 
154.800000    0.01109782 
155.200000    0.01196843 
155.600000    0.01139244 
156.000000    0.00943008 
156.400000    0.00627013 
156.800000    0.00225872 
157.200000    -0.00207029 
157.600000    -0.00600464 
158.000000    -0.00876015 
158.400000    -0.00970602 
158.800000    -0.00861883 
159.200000    -0.00578691 
159.600000    -0.00187676 
160.000000    0.00232818 
160.400000    0.00614114 
160.800000    0.00906406 
161.200000    0.01078884 
161.600000    0.01116491 
162.000000    0.01017083 
162.400000    0.00790600 
162.800000    0.00460420 
163.200000    0.00066016 
163.600000    -0.00335550 
164.000000    -0.00673688 
164.400000    -0.00878305 
164.800000    -0.00902407 
165.200000    -0.00741618 
165.600000    -0.00436116 
166.000000    -0.00053334 
166.400000    0.00335367 
166.800000    0.00670796 
167.200000    0.00911582 
167.600000    0.01033258 
168.000000    0.01025441 
168.400000    0.00889871 
168.800000    0.00640339 
169.200000    0.00304353 
169.600000    -0.00074759 
170.000000    -0.00438194 
170.400000    -0.00718636 
170.800000    -0.00856369 
171.200000    -0.00820057 
171.600000    -0.00619872 
172.000000    -0.00303006 
172.400000    0.00064939 
172.800000    0.00419795 
173.200000    0.00710664 
173.600000    0.00903221 
174.000000    0.00978356 
174.400000    0.00929899 
174.800000    0.00763399 
175.200000    0.00496580 
175.600000    0.00160981 
176.000000    -0.00196898 
176.400000    -0.00518036 
176.800000    -0.00740433 
177.200000    -0.00816039 
177.600000    -0.00728296 
178.000000    -0.00498992 
178.400000    -0.00179210 
178.800000    0.00168902 
179.200000    0.00488342 
179.600000    0.00735677 
180.000000    0.00882736 
180.400000    0.00915153 
180.800000    0.00830648 
181.200000    0.00638461 
181.600000    0.00360140 
182.000000    0.00030895 
182.400000    -0.00300511 
182.800000    -0.00576401 
183.200000    -0.00741744 
183.600000    -0.00760714 
184.000000    -0.00630123 
184.400000    -0.00380654 
184.800000    -0.00064948 
185.200000    0.00259236 
185.600000    0.00541847 
186.000000    0.00746297 
186.400000    0.00850060 
186.800000    0.00843263 
187.200000    0.00727448 
187.600000    0.00515463 
188.000000    0.00232359 
188.400000    -0.00083819 
188.800000    -0.00383556 
189.200000    -0.00612442 
189.600000    -0.00723825 
190.000000    -0.00693773 
190.400000    -0.00530111 
190.800000    -0.00269326 
191.200000    0.00036511 
191.600000    0.00334524 
192.000000    0.00580956 
192.400000    0.00745041 
192.800000    0.00809039 
193.200000    0.00767052 
193.600000    0.00624259 
194.000000    0.00397117 
194.400000    0.00114108 
194.800000    -0.00184333 
195.200000    -0.00448975 
195.600000    -0.00630100 
196.000000    -0.00690442 
196.400000    -0.00617632 
196.800000    -0.00428782 
197.200000    -0.00164044 
197.600000    0.00126542 
198.000000    0.00395486 
198.400000    0.00605220 
198.800000    0.00730491 
199.200000    0.00758036 
199.600000    0.00685644 
200.000000    0.00521772 
200.400000    0.00285937 
200.800000    0.00009186 
201.200000    -0.00266897 
201.600000    -0.00494801 
202.000000    -0.00630524 
202.400000    -0.00645976 
202.800000    -0.00538588 
203.200000    -0.00332228 
203.600000    -0.00068767 
204.000000    0.00204389 
204.400000    0.00444617 
204.800000    0.00619572 
205.200000    0.00708671 
205.600000    0.00702652 
206.000000    0.00602892 
206.400000    0.00421268 
206.800000    0.00180496 
207.200000    -0.00085964 
207.600000    -0.00336083 
208.000000    -0.00525267 
208.400000    -0.00616415 
208.800000    -0.00590950 
209.200000    -0.00455189 
209.600000    -0.00238039 
210.000000    0.00018507 
210.400000    0.00270585 
210.800000    0.00480666 
211.200000    0.00621460 
211.600000    0.00676733 
212.000000    0.00640875 
212.400000    0.00518476 
212.800000    0.00324391 
213.200000    0.00083937 
213.600000    -0.00167843 
214.000000    -0.00389502 
214.400000    -0.00540296 
214.800000    -0.00590302 
215.200000    -0.00529667 
215.600000    -0.00371946 
216.000000    -0.00149430 
216.400000    0.00096691 
216.800000    0.00326166 
217.200000    0.00506149 
217.600000    0.00613939 
218.000000    0.00637370 
218.400000    0.00574410 
218.800000    0.00432904 
219.200000    0.00230647 
219.600000    -0.00004770 
220.000000    -0.00237515 
220.400000    -0.00427923 
220.800000    -0.00540302 
221.200000    -0.00552400 
221.600000    -0.00462405 
222.000000    -0.00289500 
222.400000    -0.00067629 
222.800000    0.00163958 
223.200000    0.00369003 
223.600000    0.00519188 
224.000000    0.00596015 
224.400000    0.00590965 
224.800000    0.00505201 
225.200000    0.00349438 
225.600000    0.00143937 
226.000000    -0.00082097 
226.400000    -0.00292926 
226.800000    -0.00451584 
227.200000    -0.00527938 
227.600000    -0.00507057 
228.000000    -0.00393910 
228.400000    -0.00211686 
228.800000    0.00005276 
229.200000    0.00220198 
229.600000    0.00400714 
230.000000    0.00522630 
230.400000    0.00571192 
230.800000    0.00541137 
231.200000    0.00436494 
231.600000    0.00270520 
232.000000    0.00065519 
232.400000    -0.00148278 
232.800000    -0.00335919 
233.200000    -0.00463714 
233.600000    -0.00507172 
234.000000    -0.00458016 
234.400000    -0.00326757 
234.800000    -0.00139340 
235.200000    0.00070247 
235.600000    0.00267800 
236.000000    0.00424530 
236.400000    0.00519902 
236.800000    0.00542499 
237.200000    0.00490034 
237.600000    0.00369221 
238.000000    0.00195711 
238.400000    -0.00006364 
238.800000    -0.00206100 
239.200000    -0.00369799 
239.600000    -0.00467438 
240.000000    -0.00480199 
240.400000    -0.00405978 
240.800000    -0.00260008 
241.200000    -0.00070226 
241.600000    0.00130134 
242.000000    0.00309462 
242.400000    0.00442348 
242.800000    0.00511699 
243.200000    0.00509318 
243.600000    0.00435881 
244.000000    0.00300842 
244.400000    0.00122248 
244.800000    -0.00074104 
245.200000    -0.00257078 
245.600000    -0.00394902 
246.000000    -0.00461897 
246.400000    -0.00445240 
246.800000    -0.00348751 
247.200000    -0.00191685 
247.600000    -0.00003179 
248.000000    0.00184871 
248.400000    0.00343766 
248.800000    0.00451600 
249.200000    0.00494783 
249.600000    0.00468390 
250.000000    0.00376106 
250.400000    0.00230085 
250.800000    0.00050532 
251.200000    -0.00135656 
251.600000    -0.00298004 
252.000000    -0.00407725 
252.400000    -0.00444283 
252.800000    -0.00400977 
253.200000    -0.00286876 
253.600000    -0.00124096 
254.000000    0.00058181 
254.400000    0.00230208 
254.800000    0.00366598 
255.200000    0.00449054 
255.600000    0.00467429 
256.000000    0.00419912 
256.400000    0.00312935 
256.800000    0.00160929 
257.200000    -0.00014411 
257.600000    -0.00186015 
258.000000    -0.00325134 
258.400000    -0.00406817 
258.800000    -0.00415901 
259.200000    -0.00351158 
259.600000    -0.00225603 
260.000000    -0.00062772 
260.400000    0.00109183 
260.800000    0.00263178 
261.200000    0.00377170 
261.600000    0.00436220 
262.000000    0.00433226 
262.400000    0.00369026 
262.800000    0.00252264 
263.200000    0.00098998 
263.600000    -0.00068346 
264.000000    -0.00223333 
264.400000    -0.00339570 
264.800000    -0.00396100 
265.200000    -0.00382575 
265.600000    -0.00302077 
266.000000    -0.00170193 
266.400000    -0.00010814 
266.800000    0.00149420 
267.200000    0.00286021 
267.600000    0.00379872 
268.000000    0.00418831 
268.400000    0.00398281 
268.800000    0.00321192 
269.200000    0.00197952 
269.600000    0.00045818 
270.000000    -0.00112447 
270.400000    -0.00251315 
270.800000    -0.00346783 
271.200000    -0.00381543 
271.600000    -0.00349341 
272.000000    -0.00256661 
272.400000    -0.00120906 
272.800000    0.00034053 
273.200000    0.00183040 
273.600000    0.00303821 
274.000000    0.00379759 
274.400000    0.00401084 
274.800000    0.00365316 
275.200000    0.00277301 
275.600000    0.00148970 
276.000000    -0.00001377 
276.400000    -0.00150746 
276.800000    -0.00274539 
277.200000    -0.00351015 
277.600000    -0.00366179 
278.000000    -0.00317379 
278.400000    -0.00214015 
278.800000    -0.00075003 
279.200000    0.00075811 
279.600000    0.00214476 
280.000000    0.00320654 
280.400000    0.00379840 
280.800000    0.00384393 
281.200000    0.00333867 
281.600000    0.00235006 
282.000000    0.00101415 
282.400000    -0.00047390 
282.800000    -0.00188033 
283.200000    -0.00296762 
283.600000    -0.00354095 
284.000000    -0.00349414 
284.400000    -0.00283754 
284.800000    -0.00169517 
285.200000    -0.00027238 
285.600000    0.00119148 
286.000000    0.00246823 
286.400000    0.00337329 
286.800000    0.00378399 
287.200000    0.00364752 
287.600000    0.00298317 
288.000000    0.00188122 
288.400000    0.00049771 
288.800000    -0.00095862 
289.200000    -0.00225184 
289.600000    -0.00315808 
290.000000    -0.00351266 
290.400000    -0.00325060 
290.800000    -0.00242376 
291.200000    -0.00118680 
291.600000    0.00024177 
292.000000    0.00162685 
292.400000    0.00275745 
292.800000    0.00347357 
293.200000    0.00368013 
293.600000    0.00335234 
294.000000    0.00253627 
294.400000    0.00134596 
294.800000    -0.00004474 
295.200000    -0.00141975 
295.600000    -0.00255096 
296.000000    -0.00323995 
296.400000    -0.00336209 
296.800000    -0.00289778 
297.200000    -0.00193722 
297.600000    -0.00065659 
298.000000    0.00072381 
298.400000    0.00198349 
298.800000    0.00293612 
299.200000    0.00345048 
299.600000    0.00346036 
300.000000    0.00296778 
300.400000    0.00204201 
300.800000    0.00081485 
301.200000    -0.00053054 
301.600000    -0.00178086 
302.000000    -0.00272570 
302.400000    -0.00319866 
302.800000    -0.00311554 
303.200000    -0.00249538 
303.600000    -0.00145508 
304.000000    -0.00018008 
304.400000    0.00111679 
304.800000    0.00223422 
305.200000    0.00301079 
305.600000    0.00334134 
306.000000    0.00318431 
306.400000    0.00256359 
306.800000    0.00156650 
307.200000    0.00033729 
307.600000    -0.00093679 
308.000000    -0.00204977 
308.400000    -0.00281168 
308.800000    -0.00308769 
309.200000    -0.00282980 
309.600000    -0.00208874 
310.000000    -0.00100080 
310.400000    0.00024470 
310.800000    0.00144474 
311.200000    0.00241686 
311.600000    0.00302282 
312.000000    0.00318155 
312.400000    0.00287454 
312.800000    0.00214640 
313.200000    0.00110132 
313.600000    -0.00010585 
314.000000    -0.00128675 
314.400000    -0.00224685 
314.800000    -0.00282071 
315.200000    -0.00290759 
315.600000    -0.00249532 
316.000000    -0.00166290 
316.400000    -0.00056068 
316.800000    0.00062375 
317.200000    0.00170190 
317.600000    0.00251372 
318.000000    0.00294645 
318.400000    0.00294428 
318.800000    0.00251154 
319.200000    0.00171148 
319.600000    0.00066072 
320.000000    -0.00048225 
320.400000    -0.00153677 
320.800000    -0.00232840 
321.200000    -0.00272193 
321.600000    -0.00265084 
322.000000    -0.00213256 
322.400000    -0.00126358 
322.800000    -0.00019642 
323.200000    0.00089285 
323.600000    0.00183612 
324.000000    0.00249724 
324.400000    0.00278675 
324.800000    0.00266894 
325.200000    0.00216357 
325.600000    0.00134353 
326.000000    0.00032828 
326.400000    -0.00072887 
326.800000    -0.00166089 
327.200000    -0.00231420 
327.600000    -0.00257820 
328.000000    -0.00240924 
328.400000    -0.00184028 
328.800000    -0.00097286 
329.200000    0.00004589 
329.600000    0.00105263 
330.000000    0.00189527 
330.400000    0.00245357 
330.800000    0.00265171 
331.200000    0.00246450 
331.600000    0.00191884 
332.000000    0.00109147 
332.400000    0.00010211 
332.800000    -0.00089949 
333.200000    -0.00175393 
333.600000    -0.00231883 
334.000000    -0.00249688 
334.400000    -0.00225719 
334.800000    -0.00164244 
335.200000    -0.00075908 
335.600000    0.00024582 
336.000000    0.00121288 
336.400000    0.00199642 
336.800000    0.00248362 
337.200000    0.00260650 
337.600000    0.00234781 
338.000000    0.00174254 
338.400000    0.00087540 
338.800000    -0.00012679 
339.200000    -0.00110946 
339.600000    -0.00191253 
340.000000    -0.00239863 
340.400000    -0.00248133 
340.800000    -0.00214486 
341.200000    -0.00144811 
341.600000    -0.00051116 
342.000000    0.00051031 
342.400000    0.00145434 
342.800000    0.00217828 
343.200000    0.00257701 
343.600000    0.00259380 
344.000000    0.00222540 
344.400000    0.00152259 
344.800000    0.00058623 
345.200000    -0.00044265 
345.600000    -0.00140039 
346.000000    -0.00212635 
346.400000    -0.00249327 
346.800000    -0.00243482 
347.200000    -0.00196132 
347.600000    -0.00115732 
348.000000    -0.00016222 
348.400000    0.00085890 
348.800000    0.00174516 
349.200000    0.00236384 
349.600000    0.00262616 
350.000000    0.00249576 
350.400000    0.00199163 
350.800000    0.00118643 
351.200000    0.00019980 
351.600000    -0.00081507 
352.000000    -0.00169275 
352.400000    -0.00228380 
352.800000    -0.00248469 
353.200000    -0.00226085 
353.600000    -0.00165463 
354.000000    -0.00077497 
354.400000    0.00022706 
354.800000    0.00118837 
355.200000    0.00196124 
355.600000    0.00243333 
356.000000    0.00253959 
356.400000    0.00226764 
356.800000    0.00165813 
357.200000    0.00080077 
357.600000    -0.00017502 
358.000000    -0.00111604 
358.400000    -0.00186831 
358.800000    -0.00230460 
359.200000    -0.00235044 
359.600000    -0.00200046 
360.000000    -0.00131922 
360.400000    -0.00042607 
360.800000    0.00053017 
361.200000    0.00139879 
361.600000    0.00205038 
362.000000    0.00239283 
362.400000    0.00238025 
362.800000    0.00201649 
363.200000    0.00135426 
363.600000    0.00049015 
364.000000    -0.00044569 
364.400000    -0.00130624 
364.800000    -0.00195050 
365.200000    -0.00226935 
365.600000    -0.00220814 
366.000000    -0.00177874 
366.400000    -0.00105675 
366.800000    -0.00016477 
367.200000    0.00075225 
367.600000    0.00155235 
368.000000    0.00211730 
368.400000    0.00236668 
368.800000    0.00226579 
369.200000    0.00182866 
369.600000    0.00111693 
370.000000    0.00023430 
370.400000    -0.00068484 
370.800000    -0.00149350 
371.200000    -0.00205623 
371.600000    -0.00227514 
372.000000    -0.00211099 
372.400000    -0.00159229 
372.800000    -0.00080897 
373.200000    0.00010704 
373.600000    0.00100757 
374.000000    0.00175331 
374.400000    0.00223349 
374.800000    0.00237872 
375.200000    0.00216792 
375.600000    0.00163033 
376.000000    0.00084315 
376.400000    -0.00007594 
376.800000    -0.00098292 
377.200000    -0.00172849 
377.600000    -0.00218454 
378.000000    -0.00227017 
378.400000    -0.00196982 
378.800000    -0.00133702 
379.200000    -0.00048215 
379.600000    0.00045096 
380.000000    0.00131227 
380.400000    0.00196964 
380.800000    0.00232628 
381.200000    0.00233130 
381.600000    0.00198442 
382.000000    0.00133591 
382.400000    0.00048183 
382.800000    -0.00044641 
383.200000    -0.00129953 
383.600000    -0.00193429 
384.000000    -0.00224049 
384.400000    -0.00216436 
384.800000    -0.00172070 
385.200000    -0.00098931 
385.600000    -0.00009711 
386.000000    0.00080786 
386.400000    0.00158270 
386.800000    0.00211089 
387.200000    0.00231639 
387.600000    0.00217118 
388.000000    0.00169756 
388.400000    0.00096574 
388.800000    0.00008663 
389.200000    -0.00080164 
389.600000    -0.00155370 
390.000000    -0.00204205 
390.400000    -0.00218222 
390.800000    -0.00195110 
391.200000    -0.00139193 
391.600000    -0.00060429 
392.000000    0.00027743 
392.400000    0.00110991 
392.800000    0.00176453 
393.200000    0.00214495 
393.600000    0.00219791 
394.000000    0.00191804 
394.400000    0.00134793 
394.800000    0.00057362 
395.200000    -0.00028521 
395.600000    -0.00109119 
396.000000    -0.00171080 
396.400000    -0.00203883 
396.800000    -0.00201984 
397.200000    -0.00166007 
397.600000    -0.00102572 
398.000000    -0.00022806 
398.400000    0.00059941 
398.800000    0.00132509 
399.200000    0.00183937 
399.600000    0.00206853 
400.000000    0.00198239 
400.400000    0.00159667 
400.800000    0.00097076 
401.200000    0.00020093 
401.600000    -0.00059182 
402.000000    -0.00127931 
402.400000    -0.00174770 
402.800000    -0.00191900 
403.200000    -0.00176702 
403.600000    -0.00132254 
404.000000    -0.00066600 
404.400000    0.00008980 
404.800000    0.00082153 
405.200000    0.00141604 
405.600000    0.00178641 
406.000000    0.00188208 
406.400000    0.00169357 
406.800000    0.00125245 
407.200000    0.00062722 
407.600000    -0.00008527 
408.000000    -0.00077295 
408.400000    -0.00132564 
408.800000    -0.00165404 
409.200000    -0.00170638 
409.600000    -0.00147848 
410.000000    -0.00101387 
410.400000    -0.00039402 
410.800000    0.00027818 
411.200000    0.00089692 
411.600000    0.00137004 
412.000000    0.00163111 
412.400000    0.00164663 
412.800000    0.00141874 
413.200000    0.00098403 
413.600000    0.00040873 
414.000000    -0.00021967 
414.400000    -0.00080446 
414.800000    -0.00125441 
415.200000    -0.00149907 
415.600000    -0.00150146 
416.000000    -0.00126473 
416.400000    -0.00083096 
416.800000    -0.00027246 
417.200000    0.00032193 
417.600000    0.00086185 
418.000000    0.00126876 
418.400000    0.00148601 
418.800000    0.00148499 
419.200000    0.00126777 
419.600000    0.00086643 
420.000000    0.00033940 
420.400000    -0.00023559 
420.800000    -0.00077172 
421.200000    -0.00118592 
421.600000    -0.00141256 
422.000000    -0.00141526 
422.400000    -0.00119379 
422.800000    -0.00078411 
423.200000    -0.00025161 
423.600000    0.00032075 
424.000000    0.00084610 
424.400000    0.00124666 
424.800000    0.00146408 
425.200000    0.00146649 
425.600000    0.00125225 
426.000000    0.00085049 
426.400000    0.00031830 
426.800000    -0.00026577 
427.200000    -0.00081194 
427.600000    -0.00123282 
428.000000    -0.00145833 
428.400000    -0.00144903 
428.800000    -0.00120428 
429.200000    -0.00076277 
429.600000    -0.00019532 
430.000000    0.00040803 
430.400000    0.00095334 
430.800000    0.00135716 
431.200000    0.00155815 
431.600000    0.00152483 
432.000000    0.00125974 
432.400000    0.00079962 
432.800000    0.00021182 
433.200000    -0.00041380 
433.600000    -0.00097740 
434.000000    -0.00138524 
434.400000    -0.00156684 
434.800000    -0.00148904 
435.200000    -0.00116327 
435.600000    -0.00064351 
436.000000    -0.00001565 
436.400000    0.00061854 
436.800000    0.00115884 
437.200000    0.00152176 
437.600000    0.00165189 
438.000000    0.00152875 
438.400000    0.00116938 
438.800000    0.00062671 
439.200000    -0.00001652 
439.600000    -0.00065858 
440.000000    -0.00119416 
440.400000    -0.00153249 
440.800000    -0.00161471 
441.200000    -0.00142608 
441.600000    -0.00099915 
442.000000    -0.00040696 
442.400000    0.00025157 
442.800000    0.00086980 
443.200000    0.00135096 
443.600000    0.00162198 
444.000000    0.00164277 
444.400000    0.00141073 
444.800000    0.00096094 
445.200000    0.00036203 
445.600000    -0.00029241 
446.000000    -0.00089715 
446.400000    -0.00135217 
446.800000    -0.00158072 
447.200000    -0.00154429 
447.600000    -0.00125049 
448.000000    -0.00075121 
448.400000    -0.00013177 
448.800000    0.00050565 
449.200000    0.00105989 
449.600000    0.00144638 
450.000000    0.00160839 
450.400000    0.00152358 
450.800000    0.00120619 
451.200000    0.00070504 
451.600000    0.00009746 
452.000000    -0.00052099 
452.400000    -0.00105076 
452.800000    -0.00140490 
453.200000    -0.00152497 
453.600000    -0.00139237 
454.000000    -0.00103187 
454.400000    -0.00050617 
454.800000    0.00009673 
455.200000    0.00067978 
455.600000    0.00115287 
456.000000    0.00144579 
456.400000    0.00151697 
456.800000    0.00135800 
457.200000    0.00099412 
457.600000    0.00048095 
458.000000    -0.00010259 
458.400000    -0.00066507 
458.800000    -0.00111655 
459.200000    -0.00138378 
459.600000    -0.00142359 
460.000000    -0.00123113 
460.400000    -0.00084058 
460.800000    -0.00031801 
461.200000    0.00025127 
461.600000    0.00077771 
462.000000    0.00118156 
462.400000    0.00140382 
462.800000    0.00141338 
463.200000    0.00121032 
463.600000    0.00082562 
464.000000    0.00031728 
464.400000    -0.00023700 
464.800000    -0.00075070 
465.200000    -0.00114189 
465.600000    -0.00134719 
466.000000    -0.00133343 
466.400000    -0.00110403 
466.800000    -0.00069808 
467.200000    -0.00018267 
467.600000    0.00035952 
468.000000    0.00084430 
468.400000    0.00119871 
468.800000    0.00137091 
469.200000    0.00133645 
469.600000    0.00110097 
470.000000    0.00069945 
470.400000    0.00019202 
470.800000    -0.00034374 
471.200000    -0.00082384 
471.600000    -0.00117113 
472.000000    -0.00132877 
472.400000    -0.00127082 
472.800000    -0.00100729 
473.200000    -0.00058216 
473.600000    -0.00006490 
474.000000    0.00046212 
474.400000    0.00091731 
474.800000    0.00123207 
475.200000    0.00135998 
475.600000    0.00128245 
476.000000    0.00101091 
476.400000    0.00058549 
476.800000    0.00007014 
477.200000    -0.00045568 
477.600000    -0.00090866 
478.000000    -0.00121519 
478.400000    -0.00132447 
478.800000    -0.00121822 
479.200000    -0.00091426 
479.600000    -0.00046307 
480.000000    0.00006187 
480.400000    0.00057721 
480.800000    0.00100330 
481.200000    0.00127590 
481.600000    0.00135467 
482.000000    0.00122807 
482.400000    0.00091469 
482.800000    0.00046114 
483.200000    -0.00006377 
483.600000    -0.00057829 
484.000000    -0.00100008 
484.400000    -0.00126000 
484.800000    -0.00131471 
485.200000    -0.00115505 
485.600000    -0.00080786 
486.000000    -0.00033067 
486.400000    0.00019910 
486.800000    0.00069775 
487.200000    0.00108862 
487.600000    0.00131306 
488.000000    0.00133798 
488.400000    0.00115978 
488.800000    0.00080478 
489.200000    0.00032609 
489.600000    -0.00020312 
490.000000    -0.00069983 
490.400000    -0.00108402 
490.800000    -0.00129242 
491.200000    -0.00129023 
491.600000    -0.00107786 
492.000000    -0.00069090 
492.400000    -0.00019308 
492.800000    0.00033545 
493.200000    0.00081189 
493.600000    0.00116355 
494.000000    0.00133797 
494.400000    0.00130949 
494.800000    0.00108225 
495.200000    0.00068973 
495.600000    0.00019075 
496.000000    -0.00033809 
496.400000    -0.00081338 
496.800000    -0.00115811 
497.200000    -0.00131519 
497.600000    -0.00125815 
498.000000    -0.00099638 
498.400000    -0.00057327 
498.800000    -0.00005789 
499.200000    0.00046752 
499.600000    0.00092129 
500.000000    0.00123455 
500.400000    0.00136055 
500.800000    0.00128044 
501.200000    0.00100556 
501.600000    0.00057614 
502.000000    0.00005660 
502.400000    -0.00047290 
502.800000    -0.00092814 
503.200000    -0.00123462 
503.600000    -0.00134084 
504.000000    -0.00122831 
504.400000    -0.00091522 
504.800000    -0.00045304 
505.200000    0.00008329 
505.600000    0.00060867 
506.000000    0.00104166 
506.400000    0.00131646 
506.800000    0.00139164 
507.200000    0.00125525 
507.600000    0.00092641 
508.000000    0.00045328 
508.400000    -0.00009269 
508.800000    -0.00062625 
509.200000    -0.00106128 
509.600000    -0.00132527 
510.000000    -0.00137281 
510.400000    -0.00119467 
510.800000    -0.00081979 
511.200000    -0.00030975 
511.600000    0.00025278 
512.000000    0.00077858 
512.400000    0.00118602 
512.800000    0.00141285 
513.200000    0.00142426 
513.600000    0.00121726 
514.000000    0.00082132 
514.400000    0.00029513 
514.800000    -0.00028052 
515.200000    -0.00081403 
515.600000    -0.00121747 
516.000000    -0.00142210 
516.400000    -0.00139171 
516.800000    -0.00113011 
517.200000    -0.00068061 
517.600000    -0.00011753 
518.000000    0.00046764 
518.400000    0.00098203 
518.800000    0.00134571 
519.200000    0.00150287 
519.600000    0.00142890 
520.000000    0.00113351 
520.400000    0.00065990 
520.800000    0.00007983 
521.200000    -0.00051565 
521.600000    -0.00102963 
522.000000    -0.00137555 
522.400000    -0.00149330 
522.800000    -0.00136137 
523.200000    -0.00100146 
523.600000    -0.00047420 
524.000000    0.00013274 
524.400000    0.00072082 
524.800000    0.00119700 
525.200000    0.00148760 
525.600000    0.00154807 
526.000000    0.00136853 
526.400000    0.00097503 
526.800000    0.00042677 
527.200000    -0.00019113 
527.600000    -0.00077943 
528.000000    -0.00124035 
528.400000    -0.00149493 
528.800000    -0.00149846 
529.200000    -0.00124975 
529.600000    -0.00079148 
530.000000    -0.00020151 
530.400000    0.00042224 
530.800000    0.00097918 
531.200000    0.00138205 
531.600000    0.00156917 
532.000000    0.00151218 
532.400000    0.00121943 
532.800000    0.00073509 
533.200000    0.00013385 
533.600000    -0.00048879 
534.000000    -0.00103077 
534.400000    -0.00140063 
534.800000    -0.00153458 
535.200000    -0.00140935 
535.600000    -0.00104712 
536.000000    -0.00051076 
536.400000    0.00010881 
536.800000    0.00070977 
537.200000    0.00119651 
537.600000    0.00149397 
538.000000    0.00155752 
538.400000    0.00137820 
538.800000    0.00098368 
539.200000    0.00043490 
539.600000    -0.00018169 
540.000000    -0.00076633 
540.400000    -0.00122187 
540.800000    -0.00147102 
541.200000    -0.00147136 
541.600000    -0.00122390 
542.000000    -0.00077280 
542.400000    -0.00019604 
542.800000    0.00040979 
543.200000    0.00094676 
543.600000    0.00133113 
544.000000    0.00150498 
544.400000    0.00144341 
544.800000    0.00115713 
545.200000    0.00069100 
545.600000    0.00011825 
546.000000    -0.00046947 
546.400000    -0.00097601 
546.800000    -0.00131688 
547.200000    -0.00143489 
547.600000    -0.00131132 
548.000000    -0.00096957 
548.400000    -0.00047001 
548.800000    0.00010225 
549.200000    0.00065319 
549.600000    0.00109569 
550.000000    0.00136244 
550.400000    0.00141470 
550.800000    0.00124671 
551.200000    0.00088595 
551.600000    0.00038942 
552.000000    -0.00016403 
552.400000    -0.00068511 
552.800000    -0.00108842 
553.200000    -0.00130734 
553.600000    -0.00130649 
554.000000    -0.00108852 
554.400000    -0.00069317 
554.800000    -0.00018901 
555.200000    0.00033983 
555.600000    0.00080848 
556.000000    0.00114466 
556.400000    0.00129880 
556.800000    0.00125004 
557.200000    0.00100832 
557.600000    0.00061269 
558.000000    0.00012592 
558.400000    -0.00037436 
558.800000    -0.00080746 
559.200000    -0.00110300 
559.600000    -0.00121336 
560.000000    -0.00112250 
560.400000    -0.00084872 
560.800000    -0.00044059 
561.200000    0.00003270 
561.600000    0.00049401 
562.000000    0.00087111 
562.400000    0.00110742 
562.800000    0.00116948 
563.200000    0.00105076 
563.600000    0.00077192 
564.000000    0.00037772 
564.400000    -0.00006933 
564.800000    -0.00049814 
565.200000    -0.00084018 
565.600000    -0.00104092 
566.000000    -0.00106952 
566.400000    -0.00092416 
566.800000    -0.00063200 
567.200000    -0.00024353 
567.600000    0.00017700 
568.000000    0.00056275 
568.400000    0.00085491 
568.800000    0.00101101 
569.200000    0.00101025 
569.600000    0.00085568 
570.000000    0.00057320 
570.400000    0.00020775 
570.800000    -0.00018322 
571.200000    -0.00053830 
571.600000    -0.00080185 
572.000000    -0.00093322 
572.400000    -0.00091361 
572.800000    -0.00074917 
573.200000    -0.00046931 
573.600000    -0.00012098 
574.000000    0.00023985 
574.400000    0.00055746 
574.800000    0.00078483 
575.200000    0.00089001 
575.600000    0.00085994 
576.000000    0.00070167 
576.400000    0.00044089 
576.800000    0.00011820 
577.200000    -0.00021677 
577.600000    -0.00051265 
578.000000    -0.00072435 
578.400000    -0.00082019 
578.800000    -0.00078711 
579.200000    -0.00063256 
579.600000    -0.00038284 
580.000000    -0.00007819 
580.400000    0.00023408 
580.800000    0.00050713 
581.200000    0.00070136 
581.600000    0.00078972 
582.000000    0.00076093 
582.400000    0.00062061 
582.800000    0.00039025 
583.200000    0.00010431 
583.600000    -0.00019460 
584.000000    -0.00046168 
584.400000    -0.00065668 
584.800000    -0.00075020 
585.200000    -0.00072838 
585.600000    -0.00059520 
586.000000    -0.00037168 
586.400000    -0.00009229 
586.800000    0.00020065 
587.200000    0.00046356 
587.600000    0.00065785 
588.000000    0.00075528 
588.400000    0.00074158 
588.800000    0.00061836 
589.200000    0.00040296 
589.600000    0.00012640 
590.000000    -0.00017063 
590.400000    -0.00044336 
590.800000    -0.00064966 
591.200000    -0.00075674 
591.600000    -0.00074676 
592.000000    -0.00062011 
592.400000    -0.00039559 
592.800000    -0.00010735 
593.200000    0.00020058 
593.600000    0.00048122 
594.000000    0.00069178 
594.400000    0.00079981 
594.800000    0.00078786 
595.200000    0.00065601 
595.600000    0.00042228 
596.000000    0.00012061 
596.400000    -0.00020356 
596.800000    -0.00049969 
597.200000    -0.00072009 
597.600000    -0.00082789 
598.000000    -0.00080379 
598.400000    -0.00064988 
598.800000    -0.00038954 
599.200000    -0.00006362 
599.600000    0.00027651 
600.000000    0.00057734 
600.400000    0.00079155 
600.800000    0.00088507 
601.200000    0.00084206 
601.600000    0.00066734 
602.000000    0.00038613 
602.400000    0.00004093 
602.800000    -0.00031430 
603.200000    -0.00062229 
603.600000    -0.00083188 
604.000000    -0.00090709 
604.400000    -0.00083393 
604.800000    -0.00062327 
605.200000    -0.00030904 
605.600000    0.00005782 
606.000000    0.00041825 
606.400000    0.00071478 
606.800000    0.00090046 
607.200000    0.00094578 
607.600000    0.00084283 
608.000000    0.00060655 
608.400000    0.00027293 
608.800000    -0.00010588 
609.200000    -0.00046917 
609.600000    -0.00075732 
610.000000    -0.00092201 
610.400000    -0.00093503 
610.800000    -0.00079371 
611.200000    -0.00052147 
611.600000    -0.00016343 
612.000000    0.00022175 
612.400000    0.00057206 
612.800000    0.00083210 
613.200000    0.00096137 
613.600000    0.00093992 
614.000000    0.00077104 
614.400000    0.00048077 
614.800000    0.00011442 
615.200000    -0.00026990 
615.600000    -0.00061013 
616.000000    -0.00085040 
616.400000    -0.00095086 
616.800000    -0.00089489 
617.200000    -0.00069227 
617.600000    -0.00037718 
618.000000    -0.00000180 
618.400000    0.00037301 
618.800000    0.00068786 
619.200000    0.00089398 
619.600000    0.00096015 
620.000000    0.00087679 
620.400000    0.00065712 
620.800000    0.00033529 
621.200000    -0.00003835 
621.600000    -0.00040457 
622.000000    -0.00070448 
622.400000    -0.00088925 
622.800000    -0.00092874 
623.200000    -0.00081692 
623.600000    -0.00057291 
624.000000    -0.00023732 
624.400000    0.00013521 
624.800000    0.00048536 
625.200000    0.00075865 
625.600000    0.00091343 
626.000000    0.00092664 
626.400000    0.00079669 
626.800000    0.00054361 
627.200000    0.00020632 
627.600000    -0.00016269 
628.000000    -0.00050511 
628.400000    -0.00076591 
628.800000    -0.00090264 
629.200000    -0.00089291 
629.600000    -0.00073849 
630.000000    -0.00046497 
630.400000    -0.00011702 
630.800000    0.00024946 
631.200000    0.00057671 
631.600000    0.00081407 
632.000000    0.00092530 
632.400000    0.00089348 
632.800000    0.00072333 
633.200000    0.00044052 
633.600000    0.00008841 
634.000000    -0.00027800 
634.400000    -0.00060029 
634.800000    -0.00082601 
635.200000    -0.00091776 
635.600000    -0.00086001 
636.000000    -0.00066205 
636.400000    -0.00035635 
636.800000    0.00000732 
637.200000    0.00037060 
637.600000    0.00067605 
638.000000    0.00087607 
638.400000    0.00093966 
638.800000    0.00085679 
639.200000    0.00063972 
639.600000    0.00032155 
640.000000    -0.00004822 
640.400000    -0.00041082 
640.800000    -0.00070734 
641.200000    -0.00088862 
641.600000    -0.00092407 
642.000000    -0.00080744 
642.400000    -0.00055806 
642.800000    -0.00021729 
643.200000    0.00015901 
643.600000    0.00051013 
644.000000    0.00078041 
644.400000    0.00092759 
644.800000    0.00092886 
645.200000    0.00078396 
645.600000    0.00051524 
646.000000    0.00016470 
646.400000    -0.00021197 
646.800000    -0.00055379 
647.200000    -0.00080441 
647.600000    -0.00092200 
648.000000    -0.00088686 
648.400000    -0.00070521 
648.800000    -0.00040794 
649.200000    -0.00004479 
649.600000    0.00032462 
650.000000    0.00064092 
650.400000    0.00085436 
650.800000    0.00093206 
651.200000    0.00086253 
651.600000    0.00065711 
652.000000    0.00034834 
652.400000    -0.00001464 
652.800000    -0.00037338 
653.200000    -0.00066932 
653.600000    -0.00085370 
654.000000    -0.00089620 
654.400000    -0.00079052 
654.800000    -0.00055539 
655.200000    -0.00023096 
655.600000    0.00012874 
656.000000    0.00046529 
656.400000    0.00072540 
656.800000    0.00086901 
657.200000    0.00087483 
657.600000    0.00074309 
658.000000    0.00049527 
658.400000    0.00017101 
658.800000    -0.00017776 
659.200000    -0.00049472 
659.600000    -0.00072837 
660.000000    -0.00084077 
660.400000    -0.00081430 
660.800000    -0.00065476 
661.200000    -0.00039005 
661.600000    -0.00006481 
662.000000    0.00026762 
662.400000    0.00055419 
662.800000    0.00075049 
663.200000    0.00082716 
663.600000    0.00077373 
664.000000    0.00059984 
664.400000    0.00033366 
664.800000    0.00001770 
665.200000    -0.00029751 
665.600000    -0.00056135 
666.000000    -0.00073144 
666.400000    -0.00078090 
666.800000    -0.00070297 
667.200000    -0.00051207 
667.600000    -0.00024090 
668.000000    0.00006563 
668.400000    0.00035817 
668.800000    0.00059096 
669.200000    0.00072870 
669.600000    0.00075150 
670.000000    0.00065733 
670.400000    0.00046206 
670.800000    0.00019699 
671.200000    -0.00009575 
671.600000    -0.00036965 
672.000000    -0.00058114 
672.400000    -0.00069681 
672.800000    -0.00069902 
673.200000    -0.00058888 
673.600000    -0.00038581 
674.000000    -0.00012380 
674.400000    0.00015457 
674.800000    0.00040532 
675.200000    0.00058995 
675.600000    0.00068103 
676.000000    0.00066594 
676.400000    0.00054833 
676.800000    0.00034736 
677.200000    0.00009487 
677.600000    -0.00016938 
678.000000    -0.00040378 
678.400000    -0.00057145 
678.800000    -0.00064631 
679.200000    -0.00061739 
679.600000    -0.00049059 
680.000000    -0.00028744 
680.400000    -0.00004122 
680.800000    0.00020883 
681.200000    0.00042382 
681.600000    0.00057115 
682.000000    0.00062917 
682.400000    0.00059006 
682.800000    0.00046071 
683.200000    0.00026163 
683.600000    0.00002392 
684.000000    -0.00021529 
684.400000    -0.00041854 
684.800000    -0.00055395 
685.200000    -0.00060048 
685.600000    -0.00055138 
686.000000    -0.00041531 
686.400000    -0.00021469 
686.800000    0.00001819 
687.200000    0.00024662 
687.600000    0.00043521 
688.000000    0.00055534 
688.400000    0.00058916 
688.800000    0.00053207 
689.200000    0.00039325 
689.600000    0.00019434 
690.000000    -0.00003368 
690.400000    -0.00025512 
690.800000    -0.00043504 
691.200000    -0.00054492 
691.600000    -0.00056738 
692.000000    -0.00049919 
692.400000    -0.00035176 
692.800000    -0.00014913 
693.200000    0.00007616 
693.600000    0.00028844 
694.000000    0.00045461 
694.400000    0.00054914 
694.800000    0.00055776 
695.200000    0.00047950 
695.600000    0.00032676 
696.000000    0.00012353 
696.400000    -0.00009814 
696.800000    -0.00030304 
697.200000    -0.00045840 
697.600000    -0.00053927 
698.000000    -0.00053284 
698.400000    -0.00044059 
698.800000    -0.00027805 
699.200000    -0.00007196 
699.600000    0.00014429 
700.000000    0.00033623 
700.400000    0.00047377 
700.800000    0.00053580 
701.200000    0.00051320 
701.600000    0.00041010 
702.000000    0.00024322 
702.400000    0.00003928 
702.800000    -0.00016904 
703.200000    -0.00034829 
703.600000    -0.00046972 
704.000000    -0.00051406 
704.400000    -0.00047485 
704.800000    -0.00035939 
705.200000    -0.00018740 
705.600000    0.00001260 
706.000000    0.00020816 
706.400000    0.00036828 
706.800000    0.00046823 
707.200000    0.00049321 
707.600000    0.00044039 
708.000000    0.00031912 
708.400000    0.00014938 
708.800000    -0.00004137 
709.200000    -0.00022251 
709.600000    -0.00036518 
710.000000    -0.00044703 
710.400000    -0.00045583 
710.800000    -0.00039148 
711.200000    -0.00026573 
711.600000    -0.00009999 
712.000000    0.00007849 
712.400000    0.00024125 
712.800000    0.00036313 
713.200000    0.00042606 
713.600000    0.00042156 
714.000000    0.00035177 
714.400000    0.00022884 
714.800000    0.00007293 
715.200000    -0.00009100 
715.600000    -0.00023715 
716.000000    -0.00034290 
716.400000    -0.00039247 
716.800000    -0.00037931 
717.200000    -0.00030697 
717.600000    -0.00018829 
718.000000    -0.00004298 
718.400000    0.00010573 
718.800000    0.00023483 
719.200000    0.00032509 
719.600000    0.00036377 
720.000000    0.00034627 
720.400000    0.00027658 
720.800000    0.00016641 
721.200000    0.00003339 
721.600000    -0.00010178 
722.000000    -0.00021840 
722.400000    -0.00029901 
722.800000    -0.00033200 
723.200000    -0.00031335 
723.600000    -0.00024707 
724.000000    -0.00014438 
724.400000    -0.00002177 
724.800000    0.00010174 
725.200000    0.00020751 
725.600000    0.00028007 
726.000000    0.00030925 
726.400000    0.00029155 
726.800000    0.00023048 
727.200000    0.00013589 
727.600000    0.00002250 
728.000000    -0.00009237 
728.400000    -0.00019133 
728.800000    -0.00025962 
729.200000    -0.00028732 
729.600000    -0.00027081 
730.000000    -0.00021330 
730.400000    -0.00012420 
730.800000    -0.00001756 
731.200000    0.00009020 
731.600000    0.00018279 
732.000000    0.00024654 
732.400000    0.00027230 
732.800000    0.00025675 
733.200000    0.00020279 
733.600000    0.00011905 
734.000000    0.00001853 
734.400000    -0.00008333 
734.800000    -0.00017101 
735.200000    -0.00023130 
735.600000    -0.00025535 
736.000000    -0.00024000 
736.400000    -0.00018822 
736.800000    -0.00010853 
737.200000    -0.00001361 
737.600000    0.00008183 
738.000000    0.00016330 
738.400000    0.00021874 
738.800000    0.00024030 
739.200000    0.00022537 
739.600000    0.00017688 
740.000000    0.00010276 
740.400000    0.00001466 
740.800000    -0.00007387 
741.200000    -0.00014944 
741.600000    -0.00020088 
742.000000    -0.00022093 
742.400000    -0.00020729 
742.800000    -0.00016282 
743.200000    -0.00009499 
743.600000    -0.00001457 
744.000000    0.00006613 
744.400000    0.00013516 
744.800000    0.00018268 
745.200000    0.00020234 
745.600000    0.00019204 
746.000000    0.00015411 
746.400000    0.00009480 
746.800000    0.00002327 
747.200000    -0.00004983 
747.600000    -0.00011392 
748.000000    -0.00016004 
748.400000    -0.00018205 
748.800000    -0.00017747 
749.200000    -0.00014768 
749.600000    -0.00009759 
750.000000    -0.00003480 
750.400000    0.00003161 
750.800000    0.00009231 
751.200000    0.00013910 
751.600000    0.00016588 
752.000000    0.00016942 
752.400000    0.00014967 
752.800000    0.00010966 
753.200000    0.00005507 
753.600000    -0.00000658 
754.000000    -0.00006693 
754.400000    -0.00011784 
754.800000    -0.00015247 
755.200000    -0.00016616 
755.600000    -0.00015703 
756.000000    -0.00012623 
756.400000    -0.00007782 
756.800000    -0.00001821 
757.200000    0.00004464 
757.600000    0.00010224 
758.000000    0.00014669 
758.400000    0.00017166 
758.800000    0.00017333 
759.200000    0.00015090 
759.600000    0.00010680 
760.000000    0.00004654 
760.400000    -0.00002196 
760.800000    -0.00008929 
761.200000    -0.00014582 
761.600000    -0.00018305 
762.000000    -0.00019488 
762.400000    -0.00017865 
762.800000    -0.00013565 
763.200000    -0.00007117 
763.600000    0.00000614 
764.000000    0.00008540 
764.400000    0.00015499 
764.800000    0.00020423 
765.200000    0.00022500 
765.600000    0.00021303 
766.000000    0.00016871 
766.400000    0.00009731 
766.800000    0.00000844 
767.200000    -0.00008517 
767.600000    -0.00016938 
768.000000    -0.00023080 
768.400000    -0.00025894 
768.800000    -0.00024800 
769.200000    -0.00019805 
769.600000    -0.00011532 
770.000000    -0.00001142 
770.400000    0.00009828 
770.800000    0.00019690 
771.200000    0.00026868 
771.600000    0.00030139 
772.000000    0.00028840 
772.400000    0.00022993 
772.800000    0.00013329 
773.200000    0.00001216 
773.600000    -0.00011527 
774.000000    -0.00022894 
774.400000    -0.00031007 
774.800000    -0.00034432 
775.200000    -0.00032441 
775.600000    -0.00025160 
776.000000    -0.00013581 
776.400000    0.00000571 
776.800000    0.00015107 
777.200000    0.00027712 
777.600000    0.00036312 
778.000000    0.00039407 
778.400000    0.00036325 
778.800000    0.00027351 
779.200000    0.00013722 
779.600000    -0.00002528 
780.000000    -0.00018854 
780.400000    -0.00032597 
780.800000    -0.00041415 
781.200000    -0.00043701 
781.600000    -0.00038883 
782.000000    -0.00027555 
782.400000    -0.00011407 
782.800000    0.00007037 
783.200000    0.00024829 
783.600000    0.00039073 
784.000000    0.00047386 
784.400000    0.00048287 
784.800000    0.00041441 
785.200000    0.00027746 
785.600000    0.00009236 
786.000000    -0.00011208 
786.400000    -0.00030283 
786.800000    -0.00044800 
787.200000    -0.00052232 
787.600000    -0.00051173 
788.000000    -0.00041614 
788.400000    -0.00024980 
788.800000    -0.00003895 
789.200000    0.00018249 
789.600000    0.00037854 
790.000000    0.00051701 
790.400000    0.00057460 
790.800000    0.00054060 
791.200000    0.00041877 
791.600000    0.00022704 
792.000000    -0.00000485 
792.400000    -0.00023976 
792.800000    -0.00043893 
793.200000    -0.00056855 
793.600000    -0.00060571 
794.000000    -0.00054271 
794.400000    -0.00038871 
794.800000    -0.00016826 
795.200000    0.00008290 
795.600000    0.00032390 
796.000000    0.00051549 
796.400000    0.00062630 
796.800000    0.00063767 
797.200000    0.00054662 
797.600000    0.00036642 
798.000000    0.00012492 
798.400000    -0.00013950 
798.800000    -0.00038374 
799.200000    -0.00056710 
799.600000    -0.00065823 
800.000000    -0.00064089 
800.400000    -0.00051704 
800.800000    -0.00030663 
801.200000    -0.00004406 
801.600000    0.00022780 
802.000000    0.00046480 
802.400000    0.00062870 
802.800000    0.00069299 
803.200000    0.00064689 
803.600000    0.00049702 
804.000000    0.00026649 
804.400000    -0.00000830 
804.800000    -0.00028313 
805.200000    -0.00051293 
805.600000    -0.00065939 
806.000000    -0.00069763 
806.400000    -0.00062084 
806.800000    -0.00044152 
807.200000    -0.00018925 
807.600000    0.00009459 
808.000000    0.00036398 
808.400000    0.00057577 
808.800000    0.00069643 
809.200000    0.00070695 
809.600000    0.00060556 
810.000000    0.00040798 
810.400000    0.00014519 
810.800000    -0.00014107 
811.200000    -0.00040472 
811.600000    -0.00060275 
812.000000    -0.00070252 
812.400000    -0.00068751 
812.800000    -0.00056031 
813.200000    -0.00034208 
813.600000    -0.00006869 
814.000000    0.00021558 
814.400000    0.00046546 
814.800000    0.00064181 
815.200000    0.00071743 
815.600000    0.00068090 
816.000000    0.00053805 
816.400000    0.00031110 
816.800000    0.00003549 
817.200000    -0.00024536 
817.600000    -0.00048666 
818.000000    -0.00064959 
818.400000    -0.00070776 
818.800000    -0.00065189 
819.200000    -0.00049134 
819.600000    -0.00025240 
820.000000    0.00002642 
820.400000    0.00030093 
820.800000    0.00052836 
821.200000    0.00067384 
821.600000    0.00071537 
822.000000    0.00064680 
822.400000    0.00047858 
822.800000    0.00023630 
823.200000    -0.00004284 
823.600000    -0.00031547 
824.000000    -0.00053862 
824.400000    -0.00067666 
824.800000    -0.00070727 
825.200000    -0.00062534 
825.600000    -0.00044389 
826.000000    -0.00019174 
826.400000    0.00009139 
826.800000    0.00036144 
827.200000    0.00057686 
827.600000    0.00070474 
828.000000    0.00072547 
828.400000    0.00063541 
828.800000    0.00044747 
829.200000    0.00018944 
829.600000    -0.00009966 
830.000000    -0.00037515 
830.400000    -0.00059351 
830.800000    -0.00071939 
831.200000    -0.00073170 
831.600000    -0.00062745 
832.000000    -0.00042239 
832.400000    -0.00014844 
832.800000    0.00015167 
833.200000    0.00043131 
833.600000    0.00064718 
834.000000    0.00076570 
834.400000    0.00076783 
834.800000    0.00065182 
835.200000    0.00043371 
835.600000    0.00014550 
836.000000    -0.00016910 
836.400000    -0.00046088 
836.800000    -0.00068277 
837.200000    -0.00079771 
837.600000    -0.00078533 
838.000000    -0.00064583 
838.400000    -0.00040028 
838.800000    -0.00008708 
839.200000    0.00024447 
839.600000    0.00054225 
840.000000    0.00075939 
840.400000    0.00086129 
840.800000    0.00083065 
841.200000    0.00067011 
841.600000    0.00040227 
842.000000    0.00006707 
842.400000    -0.00028364 
842.800000    -0.00059367 
843.200000    -0.00081166 
843.600000    -0.00089999 
844.000000    -0.00084190 
844.400000    -0.00064491 
844.800000    -0.00033980 
845.200000    0.00002479 
845.600000    0.00039065 
846.000000    0.00069959 
846.400000    0.00090244 
846.800000    0.00096632 
847.200000    0.00087943 
847.600000    0.00065295 
848.000000    0.00032000 
848.400000    -0.00006850 
848.800000    -0.00045102 
849.200000    -0.00076484 
849.600000    -0.00095672 
850.000000    -0.00099263 
850.400000    -0.00086441 
850.800000    -0.00059166 
851.200000    -0.00021833 
851.600000    0.00019517 
852.000000    0.00058236 
852.400000    0.00088147 
852.800000    0.00104478 
853.200000    0.00104548 
853.600000    0.00088153 
854.000000    0.00057627 
854.400000    0.00017571 
