0.000000    0.00000000 
0.400000    0.03792741 
0.800000    0.06974127 
1.200000    0.09302019 
1.600000    0.10709619 
2.000000    0.11247067 
2.400000    0.11033440 
2.800000    0.10205155 
3.200000    0.08879705 
3.600000    0.07133307 
4.000000    0.04994936 
4.400000    0.02461961 
4.800000    -0.00415531 
5.200000    -0.03240554 
5.600000    -0.04811572 
6.000000    -0.03914538 
6.400000    -0.01235424 
6.800000    0.01810147 
7.200000    0.04550107 
7.600000    0.06783962 
8.000000    0.08432913 
8.400000    0.09453904 
8.800000    0.09843140 
9.200000    0.09639754 
9.600000    0.08909412 
10.000000    0.07718870 
10.400000    0.06115632 
10.800000    0.04119536 
11.200000    0.01742477 
11.600000    -0.00910969 
12.000000    -0.03358819 
12.400000    -0.04476112 
12.800000    -0.03435400 
13.200000    -0.00987352 
13.600000    0.01706343 
14.000000    0.04095635 
14.400000    0.06016884 
14.800000    0.07420317 
15.200000    0.08287684 
15.600000    0.08623278 
16.000000    0.08453268 
16.400000    0.07816571 
16.800000    0.06751077 
17.200000    0.05282030 
17.600000    0.03420524 
18.000000    0.01191542 
18.400000    -0.01255946 
18.800000    -0.03388814 
19.200000    -0.04178955 
19.600000    -0.03062362 
20.000000    -0.00788310 
20.400000    0.01658366 
20.800000    0.03807915 
21.200000    0.05517094 
21.600000    0.06748845 
22.000000    0.07496044 
22.400000    0.07766344 
22.800000    0.07579354 
23.200000    0.06960615 
23.600000    0.05932792 
24.000000    0.04509446 
24.400000    0.02700318 
24.800000    0.00551603 
25.200000    -0.01725107 
25.600000    -0.03516913 
26.000000    -0.03888726 
26.400000    -0.02580368 
26.800000    -0.00392399 
27.200000    0.01855563 
27.600000    0.03794421 
28.000000    0.05313455 
28.400000    0.06386587 
28.800000    0.07010871 
29.200000    0.07192958 
29.600000    0.06946444 
30.000000    0.06287660 
30.400000    0.05230061 
30.800000    0.03781958 
31.200000    0.01959096 
31.600000    -0.00158092 
32.000000    -0.02270525 
32.400000    -0.03668953 
32.800000    -0.03551313 
33.200000    -0.01989481 
33.600000    0.00172552 
34.000000    0.02270720 
34.400000    0.04031834 
34.800000    0.05376336 
35.200000    0.06287282 
35.600000    0.06766250 
36.000000    0.06822543 
36.400000    0.06469160 
36.800000    0.05718114 
37.200000    0.04576684 
37.600000    0.03050454 
38.000000    0.01168430 
38.400000    -0.00933434 
38.800000    -0.02833052 
39.200000    -0.03736648 
39.600000    -0.03079223 
40.000000    -0.01272229 
40.400000    0.00859719 
40.800000    0.02813168 
41.200000    0.04402664 
41.600000    0.05577218 
42.000000    0.06327516 
42.400000    0.06657202 
42.800000    0.06575516 
43.200000    0.06093325 
43.600000    0.05218929 
44.000000    0.03956474 
44.400000    0.02315072 
44.800000    0.00350377 
45.200000    -0.01717775 
45.600000    -0.03317777 
46.000000    -0.03639242 
46.400000    -0.02462789 
46.800000    -0.00464878 
47.200000    0.01621951 
47.600000    0.03439064 
48.000000    0.04868201 
48.400000    0.05879429 
48.800000    0.06469252 
49.200000    0.06643141 
49.600000    0.06410452 
50.000000    0.05780360 
50.400000    0.04758242 
50.800000    0.03346909 
51.200000    0.01564916 
51.600000    -0.00487213 
52.000000    -0.02468387 
52.400000    -0.03650440 
52.800000    -0.03333309 
53.200000    -0.01709848 
53.600000    0.00406280 
54.000000    0.02425216 
54.400000    0.04108520 
54.800000    0.05385547 
55.200000    0.06240054 
55.600000    0.06672052 
56.000000    0.06688136 
56.400000    0.06297522 
56.800000    0.05507689 
57.200000    0.04321472 
57.600000    0.02742324 
58.000000    0.00806231 
58.400000    -0.01317385 
58.800000    -0.03128141 
59.200000    -0.03777942 
59.600000    -0.02829842 
60.000000    -0.00859461 
60.400000    0.01316388 
60.800000    0.03258393 
61.200000    0.04814944 
61.600000    0.05944984 
62.000000    0.06640980 
62.400000    0.06907177 
62.800000    0.06753756 
63.200000    0.06192154 
63.600000    0.05229922 
64.000000    0.03868915 
64.400000    0.02116669 
64.800000    0.00037907 
65.200000    -0.02100756 
65.600000    -0.03620912 
66.000000    -0.03662444 
66.400000    -0.02173825 
66.800000    0.00018369 
67.200000    0.02198936 
67.600000    0.04059798 
68.000000    0.05505154 
68.400000    0.06508702 
68.800000    0.07065528 
69.200000    0.07181032 
69.600000    0.06866873 
70.000000    0.06135336 
70.400000    0.04993635 
70.800000    0.03443667 
71.200000    0.01501877 
71.600000    -0.00721724 
72.000000    -0.02825474 
72.400000    -0.03945385 
72.800000    -0.03344499 
73.200000    -0.01406427 
73.600000    0.00928826 
74.000000    0.03086511 
74.400000    0.04860138 
74.800000    0.06189858 
75.200000    0.07059006 
75.600000    0.07466806 
76.000000    0.07422971 
76.400000    0.06943047 
76.800000    0.06041247 
77.200000    0.04724447 
77.600000    0.02994773 
78.000000    0.00881600 
78.400000    -0.01443715 
78.800000    -0.03419459 
79.200000    -0.04049489 
79.600000    -0.02866976 
80.000000    -0.00618403 
80.400000    0.01781351 
80.800000    0.03895723 
81.200000    0.05585599 
81.600000    0.06809826 
82.000000    0.07555833 
82.400000    0.07825795 
82.800000    0.07633548 
83.200000    0.06998300 
83.600000    0.05935937 
84.000000    0.04452925 
84.400000    0.02552709 
84.800000    0.00283362 
85.200000    -0.02104408 
85.600000    -0.03873026 
86.000000    -0.03975110 
86.400000    -0.02303412 
86.800000    0.00151928 
87.200000    0.02572367 
87.600000    0.04633448 
88.000000    0.06238285 
88.400000    0.07355901 
88.800000    0.07977454 
89.200000    0.08110056 
89.600000    0.07773290 
90.000000    0.06990582 
90.400000    0.05779203 
90.800000    0.04144747 
91.200000    0.02093047 
91.600000    -0.00302198 
92.000000    -0.02693032 
92.400000    -0.04171120 
92.800000    -0.03747682 
93.200000    -0.01699652 
93.600000    0.00872012 
94.000000    0.03274641 
94.400000    0.05267247 
94.800000    0.06778155 
95.200000    0.07782424 
95.600000    0.08275815 
96.000000    0.08271959 
96.400000    0.07796779 
96.800000    0.06877541 
97.200000    0.05532155 
97.600000    0.03765383 
98.000000    0.01588651 
98.400000    -0.00887312 
98.800000    -0.03198659 
99.200000    -0.04300702 
99.600000    -0.03389331 
100.000000    -0.01087041 
100.400000    0.01514269 
100.800000    0.03853322 
101.200000    0.05750770 
101.600000    0.07151688 
102.000000    0.08036393 
102.400000    0.08405455 
102.800000    0.08277674 
103.200000    0.07682515 
103.600000    0.06648096 
104.000000    0.05190923 
104.400000    0.03315163 
104.800000    0.01043034 
105.200000    -0.01462725 
105.600000    -0.03607472 
106.000000    -0.04271751 
106.400000    -0.02938036 
106.800000    -0.00486873 
107.200000    0.02079138 
107.600000    0.04317787 
108.000000    0.06094995 
108.400000    0.07368593 
108.800000    0.08124859 
109.200000    0.08369683 
109.600000    0.08125867 
110.000000    0.07424075 
110.400000    0.06290865 
110.800000    0.04739982 
111.200000    0.02776489 
111.600000    0.00441643 
112.000000    -0.02030011 
112.400000    -0.03906209 
112.800000    -0.04086210 
113.200000    -0.02409127 
113.600000    0.00098146 
114.000000    0.02572595 
114.400000    0.04675833 
114.800000    0.06308692 
115.200000    0.07440197 
115.600000    0.08062940 
116.000000    0.08187283 
116.400000    0.07837574 
116.800000    0.07042622 
117.200000    0.05824870 
117.600000    0.04194431 
118.000000    0.02160314 
118.400000    -0.00205291 
118.800000    -0.02572689 
119.200000    -0.04080715 
119.600000    -0.03759420 
120.000000    -0.01820187 
120.400000    0.00674372 
120.800000    0.03019832 
121.200000    0.04964525 
121.600000    0.06436788 
122.000000    0.07415714 
122.400000    0.07900087 
122.800000    0.07903852 
123.200000    0.07451230 
123.600000    0.06567427 
124.000000    0.05269674 
124.400000    0.03565221 
124.800000    0.01472738 
125.200000    -0.00887791 
125.600000    -0.03066979 
126.000000    -0.04111051 
126.400000    -0.03301622 
126.800000    -0.01181445 
127.200000    0.01247824 
127.600000    0.03439583 
128.000000    0.05212743 
128.400000    0.06517263 
128.800000    0.07340510 
129.200000    0.07686021 
129.600000    0.07569522 
130.000000    0.07013334 
130.400000    0.06037925 
130.800000    0.04655360 
131.200000    0.02872793 
131.600000    0.00728272 
132.000000    -0.01586840 
132.400000    -0.03481913 
132.800000    -0.03982199 
133.200000    -0.02725195 
133.600000    -0.00496801 
134.000000    0.01830663 
134.400000    0.03854066 
134.800000    0.05448623 
135.200000    0.06581563 
135.600000    0.07247178 
136.000000    0.07452627 
136.400000    0.07214078 
136.800000    0.06550771 
137.200000    0.05477850 
137.600000    0.04002915 
138.000000    0.02137254 
138.400000    -0.00048255 
138.800000    -0.02263006 
139.200000    -0.03771138 
139.600000    -0.03687426 
140.000000    -0.02055434 
140.400000    0.00217897 
140.800000    0.02423711 
141.200000    0.04277576 
141.600000    0.05696734 
142.000000    0.06661109 
142.400000    0.07170167 
142.800000    0.07233614 
143.200000    0.06867336 
143.600000    0.06087362 
144.000000    0.04904162 
144.400000    0.03323199 
144.800000    0.01367162 
145.200000    -0.00840682 
145.600000    -0.02879461 
146.000000    -0.03895404 
146.400000    -0.03229096 
146.800000    -0.01310516 
147.200000    0.00954669 
147.600000    0.03026575 
148.000000    0.04713307 
148.400000    0.05962272 
148.800000    0.06762402 
149.200000    0.07116892 
149.600000    0.07037036 
150.000000    0.06537780 
150.400000    0.05631849 
150.800000    0.04325863 
151.200000    0.02626396 
151.600000    0.00577848 
152.000000    -0.01618647 
152.400000    -0.03386613 
152.800000    -0.03827611 
153.200000    -0.02630460 
153.600000    -0.00517102 
154.000000    0.01701757 
154.400000    0.03637151 
154.800000    0.05164352 
155.200000    0.06251073 
155.600000    0.06892324 
156.000000    0.07094069 
156.400000    0.06868695 
156.800000    0.06230013 
157.200000    0.05187744 
157.600000    0.03745993 
158.000000    0.01917119 
158.400000    -0.00218376 
158.800000    -0.02350608 
159.200000    -0.03740201 
159.600000    -0.03563416 
160.000000    -0.01923127 
160.400000    0.00303542 
160.800000    0.02451463 
161.200000    0.04253170 
161.600000    0.05629775 
162.000000    0.06561887 
162.400000    0.07048644 
162.800000    0.07098357 
163.200000    0.06724385 
163.600000    0.05939504 
164.000000    0.04750930 
164.400000    0.03162089 
164.800000    0.01197650 
165.200000    -0.01006495 
165.600000    -0.02999029 
166.000000    -0.03905028 
166.400000    -0.03120358 
166.800000    -0.01143149 
167.200000    0.01131057 
167.600000    0.03193426 
168.000000    0.04866474 
168.400000    0.06100794 
168.800000    0.06884901 
169.200000    0.07221086 
169.600000    0.07119970 
170.000000    0.06595850 
170.400000    0.05660478 
170.800000    0.04318943 
171.200000    0.02576144 
171.600000    0.00477514 
172.000000    -0.01762017 
172.400000    -0.03523643 
172.800000    -0.03869309 
173.200000    -0.02539157 
173.600000    -0.00328781 
174.000000    0.01947399 
174.400000    0.03919286 
174.800000    0.05470978 
175.200000    0.06570794 
175.600000    0.07212182 
176.000000    0.07400507 
176.400000    0.07149118 
176.800000    0.06473525 
177.200000    0.05384633 
177.600000    0.03885970 
178.000000    0.01986798 
178.400000    -0.00235712 
178.800000    -0.02460629 
179.200000    -0.03893027 
179.600000    -0.03645259 
180.000000    -0.01865635 
180.400000    0.00489205 
180.800000    0.02736941 
181.200000    0.04616974 
181.600000    0.06052926 
182.000000    0.07023311 
182.400000    0.07525274 
182.800000    0.07567792 
183.200000    0.07167471 
183.600000    0.06341247 
184.000000    0.05099259 
184.400000    0.03444141 
184.800000    0.01393311 
185.200000    -0.00930658 
185.600000    -0.03074137 
186.000000    -0.04087330 
186.400000    -0.03265065 
186.800000    -0.01146283 
187.200000    0.01282467 
187.600000    0.03481114 
188.000000    0.05268332 
188.400000    0.06591662 
188.800000    0.07435551 
189.200000    0.07800703 
189.600000    0.07700330 
190.000000    0.07154527 
190.400000    0.06181557 
190.800000    0.04790693 
191.200000    0.02984655 
191.600000    0.00794271 
192.000000    -0.01595795 
192.400000    -0.03577587 
192.800000    -0.04104222 
193.200000    -0.02769837 
193.600000    -0.00418604 
194.000000    0.02029097 
194.400000    0.04161393 
194.800000    0.05851266 
195.200000    0.07060557 
195.600000    0.07778026 
196.000000    0.08008517 
196.400000    0.07769838 
196.800000    0.07085231 
197.200000    0.05973603 
197.600000    0.04442973 
198.000000    0.02497535 
198.400000    0.00188685 
198.800000    -0.02217522 
199.200000    -0.03949451 
199.600000    -0.03955769 
200.000000    -0.02200348 
200.400000    0.00288994 
200.800000    0.02711842 
201.200000    0.04760676 
201.600000    0.06344554 
202.000000    0.07434438 
202.400000    0.08023347 
202.800000    0.08120956 
203.200000    0.07749534 
203.600000    0.06934618 
204.000000    0.05694786 
204.400000    0.04036608 
204.800000    0.01968365 
205.200000    -0.00427635 
205.600000    -0.02782391 
206.000000    -0.04172060 
206.400000    -0.03659419 
206.800000    -0.01587711 
207.200000    0.00957243 
207.600000    0.03315640 
208.000000    0.05260738 
208.400000    0.06725971 
208.800000    0.07689260 
209.200000    0.08148274 
209.600000    0.08117387 
210.000000    0.07622057 
210.400000    0.06688369 
210.800000    0.05333177 
211.200000    0.03561762 
211.600000    0.01390921 
212.000000    -0.01051695 
212.400000    -0.03272608 
212.800000    -0.04235560 
213.200000    -0.03239256 
213.600000    -0.00954807 
214.000000    0.01577895 
214.400000    0.03837365 
214.800000    0.05657960 
215.200000    0.06990679 
215.600000    0.07819918 
216.000000    0.08148332 
216.400000    0.07994198 
216.800000    0.07384303 
217.200000    0.06343250 
217.600000    0.04884879 
218.000000    0.03014201 
218.400000    0.00763528 
218.800000    -0.01675060 
219.200000    -0.03666942 
219.600000    -0.04136918 
220.000000    -0.02718899 
220.400000    -0.00314923 
220.800000    0.02152111 
221.200000    0.04284492 
221.600000    0.05962575 
222.000000    0.07150938 
222.400000    0.07840288 
222.800000    0.08038016 
223.200000    0.07764964 
223.600000    0.07047305 
224.000000    0.05906442 
224.400000    0.04352674 
224.800000    0.02393480 
225.200000    0.00087616 
225.600000    -0.02284020 
226.000000    -0.03941398 
226.400000    -0.03877605 
226.800000    -0.02116318 
227.200000    0.00328033 
227.600000    0.02687983 
228.000000    0.04670679 
228.400000    0.06191479 
228.800000    0.07226130 
229.200000    0.07771323 
229.600000    0.07838408 
230.000000    0.07449193 
230.400000    0.06627493 
230.800000    0.05390336 
231.200000    0.03745003 
231.600000    0.01706490 
232.000000    -0.00624122 
232.400000    -0.02849744 
232.800000    -0.04066776 
233.200000    -0.03466516 
233.600000    -0.01451444 
234.000000    0.00968895 
234.400000    0.03192272 
234.800000    0.05010420 
235.200000    0.06365255 
235.600000    0.07241718 
236.000000    0.07641661 
236.400000    0.07579144 
236.800000    0.07075342 
237.200000    0.06150390 
237.600000    0.04816509 
238.000000    0.03079832 
238.400000    0.00970876 
238.800000    -0.01345760 
239.200000    -0.03332608 
239.600000    -0.04022446 
240.000000    -0.02925998 
240.400000    -0.00745770 
240.800000    0.01604718 
241.200000    0.03676058 
241.600000    0.05324886 
242.000000    0.06512751 
242.400000    0.07231745 
242.800000    0.07487658 
243.200000    0.07295936 
243.600000    0.06675935 
244.000000    0.05643509 
244.400000    0.04206643 
244.800000    0.02373977 
245.200000    0.00203494 
245.600000    -0.02049826 
246.000000    -0.03695377 
246.400000    -0.03802626 
246.800000    -0.02280406 
247.200000    -0.00010968 
247.600000    0.02241123 
248.000000    0.04155321 
248.400000    0.05636128 
248.800000    0.06659226 
249.200000    0.07222118 
249.600000    0.07333541 
250.000000    0.07009459 
250.400000    0.06266897 
250.800000    0.05117584 
251.200000    0.03566900 
251.600000    0.01631978 
252.000000    -0.00584353 
252.400000    -0.02705051 
252.800000    -0.03899161 
253.200000    -0.03407939 
253.600000    -0.01549989 
254.000000    0.00744538 
254.400000    0.02878857 
254.800000    0.04634149 
255.200000    0.05948985 
255.600000    0.06809091 
256.000000    0.07216192 
256.400000    0.07181322 
256.800000    0.06720395 
257.200000    0.05847893 
257.600000    0.04571925 
258.000000    0.02897861 
258.400000    0.00860233 
258.800000    -0.01369742 
259.200000    -0.03263526 
259.600000    -0.03907807 
260.000000    -0.02855701 
260.400000    -0.00763896 
260.800000    0.01503277 
261.200000    0.03507662 
261.600000    0.05105409 
262.000000    0.06258192 
262.400000    0.06958718 
262.800000    0.07212045 
263.200000    0.07030897 
263.600000    0.06430595 
264.000000    0.05422892 
264.400000    0.04013023 
264.800000    0.02210032 
265.200000    0.00078092 
265.600000    -0.02114897 
266.000000    -0.03674943 
266.400000    -0.03713974 
266.800000    -0.02187162 
267.200000    0.00043970 
267.600000    0.02249304 
268.000000    0.04121824 
268.400000    0.05569152 
268.800000    0.06567704 
269.200000    0.07114913 
269.600000    0.07218491 
270.000000    0.06892371 
270.400000    0.06150922 
270.800000    0.05003205 
271.200000    0.03452760 
271.600000    0.01517365 
272.000000    -0.00693243 
272.400000    -0.02784233 
272.800000    -0.03909819 
273.200000    -0.03342436 
273.600000    -0.01446437 
274.000000    0.00852872 
274.400000    0.02980189 
274.800000    0.04727041 
275.200000    0.06034346 
275.600000    0.06887470 
276.000000    0.07287248 
276.400000    0.07243863 
276.800000    0.06772379 
277.200000    0.05886248 
277.600000    0.04592183 
278.000000    0.02893766 
278.400000    0.00824335 
278.800000    -0.01440591 
279.200000    -0.03350712 
279.600000    -0.03958290 
280.000000    -0.02827440 
280.400000    -0.00663358 
280.800000    0.01655436 
281.200000    0.03698511 
281.600000    0.05326833 
282.000000    0.06501821 
282.400000    0.07214362 
282.800000    0.07468462 
283.200000    0.07277220 
283.600000    0.06657206 
284.000000    0.05621279 
284.400000    0.04174423 
284.800000    0.02322807 
285.200000    0.00124885 
285.600000    -0.02152637 
286.000000    -0.03785001 
286.400000    -0.03816732 
286.800000    -0.02199919 
287.200000    0.00139218 
287.600000    0.02439156 
288.000000    0.04390692 
288.400000    0.05901426 
288.800000    0.06945191 
289.200000    0.07517061 
289.600000    0.07624820 
290.000000    0.07285045 
290.400000    0.06515983 
290.800000    0.05329888 
291.200000    0.03730552 
291.600000    0.01730172 
292.000000    -0.00574981 
292.400000    -0.02799443 
292.800000    -0.04051223 
293.200000    -0.03498654 
293.600000    -0.01503859 
294.000000    0.00926186 
294.400000    0.03175413 
294.800000    0.05026933 
295.200000    0.06418064 
295.600000    0.07330325 
296.000000    0.07762722 
296.400000    0.07727227 
296.800000    0.07243751 
297.200000    0.06331636 
297.600000    0.05001989 
298.000000    0.03257982 
298.400000    0.01122482 
298.800000    -0.01254885 
299.200000    -0.03346045 
299.600000    -0.04135743 
300.000000    -0.03046082 
300.400000    -0.00787391 
300.800000    0.01668367 
301.200000    0.03844825 
301.600000    0.05590211 
302.000000    0.06860147 
302.400000    0.07641467 
302.800000    0.07937282 
303.200000    0.07763822 
303.600000    0.07143749 
304.000000    0.06096672 
304.400000    0.04632091 
304.800000    0.02753834 
305.200000    0.00502172 
305.600000    -0.01901105 
306.000000    -0.03770146 
306.400000    -0.04046692 
306.800000    -0.02500997 
307.200000    -0.00079568 
307.600000    0.02352854 
308.000000    0.04438482 
308.400000    0.06070082 
308.800000    0.07215076 
309.200000    0.07864948 
309.600000    0.08027256 
310.000000    0.07722146 
310.400000    0.06974032 
310.800000    0.05801734 
311.200000    0.04212813 
311.600000    0.02213972 
312.000000    -0.00127844 
312.400000    -0.02497584 
312.800000    -0.04053345 
313.200000    -0.03802795 
313.600000    -0.01899971 
314.000000    0.00599766 
314.400000    0.02971335 
314.800000    0.04950705 
315.200000    0.06460893 
315.600000    0.07477642 
316.000000    0.07996933 
316.400000    0.08030582 
316.800000    0.07601582 
317.200000    0.06734641 
317.600000    0.05446586 
318.000000    0.03743067 
318.400000    0.01637266 
318.800000    -0.00764533 
319.200000    -0.03031388 
319.600000    -0.04188856 
320.000000    -0.03428874 
320.400000    -0.01264998 
320.800000    0.01249191 
321.200000    0.03532432 
321.600000    0.05392222 
322.000000    0.06772567 
322.400000    0.07655872 
322.800000    0.08042736 
323.200000    0.07948919 
323.600000    0.07399222 
324.000000    0.06417431 
324.400000    0.05017662 
324.800000    0.03204781 
325.200000    0.01004924 
325.600000    -0.01417357 
326.000000    -0.03491080 
326.400000    -0.04163936 
326.800000    -0.02931786 
327.200000    -0.00597162 
327.600000    0.01875488 
328.000000    0.04040775 
328.400000    0.05761155 
328.800000    0.06996553 
329.200000    0.07735887 
329.600000    0.07984750 
330.000000    0.07762286 
330.400000    0.07093753 
330.800000    0.06000635 
331.200000    0.04493864 
331.600000    0.02580030 
332.000000    0.00308819 
332.400000    -0.02071288 
332.800000    -0.03835767 
333.200000    -0.03957617 
333.600000    -0.02326147 
334.000000    0.00086066 
334.400000    0.02463839 
334.800000    0.04480859 
335.200000    0.06041431 
335.600000    0.07118383 
336.000000    0.07707044 
336.400000    0.07817472 
336.800000    0.07470528 
337.200000    0.06689817 
337.600000    0.05492858 
338.000000    0.03887390 
338.400000    0.01886133 
338.800000    -0.00422730 
339.200000    -0.02679149 
339.600000    -0.04020672 
340.000000    -0.03581434 
340.400000    -0.01652920 
340.800000    0.00757578 
341.200000    0.03004513 
341.600000    0.04856850 
342.000000    0.06249576 
342.400000    0.07165630 
342.800000    0.07605686 
343.200000    0.07582746 
343.600000    0.07117377 
344.000000    0.06229758 
344.400000    0.04932589 
344.800000    0.03231775 
345.200000    0.01153208 
345.600000    -0.01156943 
346.000000    -0.03202057 
346.400000    -0.04032432 
346.800000    -0.03070654 
347.200000    -0.00941759 
347.600000    0.01416893 
348.000000    0.03518831 
348.400000    0.05204863 
348.800000    0.06431819 
349.200000    0.07190128 
349.600000    0.07484480 
350.000000    0.07329543 
350.400000    0.06744489 
350.800000    0.05745560 
351.200000    0.04341198 
351.600000    0.02538834 
352.000000    0.00388571 
352.400000    -0.01879355 
352.800000    -0.03613312 
353.200000    -0.03865936 
353.600000    -0.02444765 
354.000000    -0.00196173 
354.400000    0.02077946 
354.800000    0.04027943 
355.200000    0.05547697 
355.600000    0.06609726 
356.000000    0.07210279 
356.400000    0.07357346 
356.800000    0.07066647 
357.200000    0.06355573 
357.600000    0.05236594 
358.000000    0.03715368 
358.400000    0.01806301 
358.800000    -0.00400143 
359.200000    -0.02558385 
359.600000    -0.03867224 
360.000000    -0.03514741 
360.400000    -0.01726644 
360.800000    0.00567243 
361.200000    0.02730948 
361.600000    0.04524286 
362.000000    0.05878879 
362.400000    0.06778334 
362.800000    0.07223396 
363.200000    0.07224536 
363.600000    0.06797644 
364.000000    0.05957721 
364.400000    0.04713514 
364.800000    0.03069804 
365.200000    0.01055378 
365.600000    -0.01178392 
366.000000    -0.03142091 
366.400000    -0.03931462 
366.800000    -0.03008406 
367.200000    -0.00958773 
367.600000    0.01325888 
368.000000    0.03369696 
368.400000    0.05012592 
368.800000    0.06211165 
369.200000    0.06956221 
369.600000    0.07251682 
370.000000    0.07109684 
370.400000    0.06545663 
370.800000    0.05572008 
371.200000    0.04194328 
371.600000    0.02419494 
372.000000    0.00300942 
372.400000    -0.01923375 
372.800000    -0.03599651 
373.200000    -0.03807088 
373.600000    -0.02383464 
374.000000    -0.00160672 
374.400000    0.02083628 
374.800000    0.04008948 
375.200000    0.05510784 
375.600000    0.06561556 
376.000000    0.07156869 
376.400000    0.07303465 
376.800000    0.07015215 
377.200000    0.06307304 
377.600000    0.05189968 
378.000000    0.03666960 
378.400000    0.01751841 
378.800000    -0.00462484 
379.200000    -0.02619640 
379.600000    -0.03899911 
380.000000    -0.03494534 
380.400000    -0.01661472 
380.800000    0.00658293 
381.200000    0.02837620 
381.600000    0.04642667 
382.000000    0.06006116 
382.400000    0.06910460 
382.800000    0.07355230 
383.200000    0.07350329 
383.600000    0.06911640 
384.000000    0.06054239 
384.400000    0.04786492 
384.800000    0.03111868 
385.200000    0.01057181 
385.600000    -0.01224992 
386.000000    -0.03227427 
386.400000    -0.04004350 
386.800000    -0.03009359 
387.200000    -0.00877873 
387.600000    0.01471014 
388.000000    0.03563574 
388.400000    0.05243742 
388.800000    0.06467881 
389.200000    0.07225151 
389.600000    0.07518887 
390.000000    0.07362406 
390.400000    0.06773439 
390.800000    0.05766614 
391.200000    0.04348474 
391.600000    0.02524371 
392.000000    0.00343584 
392.400000    -0.01956743 
392.800000    -0.03697499 
393.200000    -0.03899610 
393.600000    -0.02396052 
394.000000    -0.00078218 
394.400000    0.02246386 
394.800000    0.04236107 
395.200000    0.05787612 
395.600000    0.06871906 
396.000000    0.07483134 
396.400000    0.07628573 
396.800000    0.07324823 
397.200000    0.06590862 
397.600000    0.05440228 
398.000000    0.03877780 
398.400000    0.01913917 
398.800000    -0.00367628 
399.200000    -0.02619013 
399.600000    -0.03994084 
400.000000    -0.03610290 
400.400000    -0.01713981 
400.800000    0.00696347 
401.200000    0.02961174 
401.600000    0.04839935 
402.000000    0.06263157 
402.400000    0.07210960 
402.800000    0.07681651 
403.200000    0.07686302 
403.600000    0.07244137 
404.000000    0.06374443 
404.400000    0.05088932 
404.800000    0.03391193 
405.200000    0.01300820 
405.600000    -0.01050089 
406.000000    -0.03180699 
406.400000    -0.04114193 
406.800000    -0.03189544 
407.200000    -0.01014616 
407.600000    0.01425284 
408.000000    0.03614371 
408.400000    0.05383617 
408.800000    0.06684436 
409.200000    0.07502710 
409.600000    0.07840390 
410.000000    0.07712038 
410.400000    0.07138873 
410.800000    0.06139824 
411.200000    0.04724471 
411.600000    0.02896238 
412.000000    0.00689588 
412.400000    -0.01698284 
412.800000    -0.03635503 
413.200000    -0.04076622 
413.600000    -0.02677478 
414.000000    -0.00313291 
414.400000    0.02117957 
414.800000    0.04223978 
415.200000    0.05885068 
415.600000    0.07065615 
416.000000    0.07755796 
416.400000    0.07961457 
416.800000    0.07700865 
417.200000    0.06997120 
417.600000    0.05868606 
418.000000    0.04323029 
418.400000    0.02365972 
418.800000    0.00055803 
419.200000    -0.02322250 
419.600000    -0.03974072 
420.000000    -0.03881150 
420.400000    -0.02082274 
420.800000    0.00392967 
421.200000    0.02778526 
421.600000    0.04784658 
422.000000    0.06326310 
422.400000    0.07377086 
422.800000    0.07931757 
423.200000    0.08000854 
423.600000    0.07606373 
424.000000    0.06772699 
424.400000    0.05517026 
424.800000    0.03845523 
425.200000    0.01769910 
425.600000    -0.00613467 
426.000000    -0.02903533 
426.400000    -0.04158353 
426.800000    -0.03521206 
427.200000    -0.01421661 
427.600000    0.01083306 
428.000000    0.03379863 
428.400000    0.05259983 
428.800000    0.06663518 
429.200000    0.07571953 
429.600000    0.07985287 
430.000000    0.07918564 
430.400000    0.07396093 
430.800000    0.06441651 
431.200000    0.05069822 
431.600000    0.03285835 
432.000000    0.01113747 
432.400000    -0.01293408 
432.800000    -0.03394999 
433.200000    -0.04159237 
433.600000    -0.03024912 
434.000000    -0.00736902 
434.400000    0.01727736 
434.800000    0.03900568 
435.200000    0.05634823 
435.600000    0.06888396 
436.000000    0.07649766 
436.400000    0.07923833 
436.800000    0.07728714 
437.200000    0.07088781 
437.600000    0.06025081 
438.000000    0.04548535 
438.400000    0.02665299 
438.800000    0.00420933 
439.200000    -0.01952354 
439.600000    -0.03762718 
440.000000    -0.03984231 
440.400000    -0.02435243 
440.800000    -0.00052957 
441.200000    0.02326173 
441.600000    0.04356837 
442.000000    0.05936663 
442.400000    0.07036751 
442.800000    0.07651526 
443.200000    0.07789891 
443.600000    0.07471512 
444.000000    0.06719155 
444.400000    0.05549981 
444.800000    0.03971502 
445.200000    0.01994808 
445.600000    -0.00299510 
446.000000    -0.02573040 
446.400000    -0.03988767 
446.800000    -0.03648637 
447.200000    -0.01773753 
447.600000    0.00632967 
448.000000    0.02898448 
448.400000    0.04776391 
448.800000    0.06196723 
449.200000    0.07140581 
449.600000    0.07607508 
450.000000    0.07609636 
450.400000    0.07167109 
450.800000    0.06300179 
451.200000    0.05021864 
451.600000    0.03337863 
452.000000    0.01271133 
452.400000    -0.01042916 
452.800000    -0.03129923 
453.200000    -0.04046445 
453.600000    -0.03160095 
454.000000    -0.01051885 
454.400000    0.01322386 
454.800000    0.03451991 
455.200000    0.05167605 
455.600000    0.06422778 
456.000000    0.07206617 
456.400000    0.07523138 
456.800000    0.07386900 
457.200000    0.06817532 
457.600000    0.05832085 
458.000000    0.04439683 
458.400000    0.02647215 
458.800000    0.00500294 
459.200000    -0.01784264 
459.600000    -0.03574270 
460.000000    -0.03909171 
460.400000    -0.02538643 
460.800000    -0.00292442 
461.200000    0.02002950 
461.600000    0.03980344 
462.000000    0.05527385 
462.400000    0.06614591 
462.800000    0.07237368 
463.200000    0.07403382 
463.600000    0.07128560 
464.000000    0.06430965 
464.400000    0.05323914 
464.800000    0.03813498 
465.200000    0.01912700 
465.600000    -0.00294715 
466.000000    -0.02479568 
466.400000    -0.03854844 
466.800000    -0.03577558 
467.200000    -0.01822586 
467.600000    0.00477687 
468.000000    0.02663479 
468.400000    0.04482126 
468.800000    0.05861178 
469.200000    0.06782915 
469.600000    0.07247529 
470.000000    0.07265381 
470.400000    0.06852720 
470.800000    0.06025265 
471.200000    0.04792540 
471.600000    0.03159461 
472.000000    0.01152526 
472.400000    -0.01085607 
472.800000    -0.03083215 
473.200000    -0.03941139 
473.600000    -0.03079685 
474.000000    -0.01050273 
474.400000    0.01242524 
474.800000    0.03304011 
475.200000    0.04966057 
475.600000    0.06182908 
476.000000    0.06944768 
476.400000    0.07255442 
476.800000    0.07127237 
477.200000    0.06576052 
477.600000    0.05614966 
478.000000    0.04250260 
478.400000    0.02488754 
478.800000    0.00381009 
479.200000    -0.01845382 
479.600000    -0.03555167 
480.000000    -0.03826029 
480.400000    -0.02453886 
480.800000    -0.00249638 
481.200000    0.01995721 
481.600000    0.03928990 
482.000000    0.05440963 
482.400000    0.06503068 
482.800000    0.07110874 
483.200000    0.07271131 
483.600000    0.06997681 
484.000000    0.06305784 
484.400000    0.05205933 
484.800000    0.03702208 
485.200000    0.01807746 
485.600000    -0.00388625 
486.000000    -0.02544561 
486.400000    -0.03862012 
486.800000    -0.03522829 
487.200000    -0.01740178 
487.600000    0.00558337 
488.000000    0.02732824 
488.400000    0.04540154 
488.800000    0.05910132 
489.200000    0.06824872 
489.600000    0.07283815 
490.000000    0.07296426 
490.400000    0.06877942 
490.800000    0.06042899 
491.200000    0.04799420 
491.600000    0.03150832 
492.000000    0.01122501 
492.400000    -0.01140360 
492.800000    -0.03151229 
493.200000    -0.03984255 
493.600000    -0.03062943 
494.000000    -0.00976197 
494.400000    0.01357652 
494.800000    0.03449933 
495.200000    0.05136950 
495.600000    0.06373005 
496.000000    0.07146764 
496.400000    0.07460933 
496.800000    0.07327815 
497.200000    0.06764093 
497.600000    0.05783616 
498.000000    0.04392458 
498.400000    0.02595126 
498.800000    0.00437035 
499.200000    -0.01858099 
499.600000    -0.03636900 
500.000000    -0.03920712 
500.400000    -0.02485177 
500.800000    -0.00190852 
501.200000    0.02137984 
501.600000    0.04143169 
502.000000    0.05715013 
502.400000    0.06822521 
502.800000    0.07458726 
503.200000    0.07629766 
503.600000    0.07351201 
504.000000    0.06641333 
504.400000    0.05513388 
504.800000    0.03971853 
505.200000    0.02025176 
505.600000    -0.00250502 
506.000000    -0.02526768 
506.400000    -0.03976462 
506.800000    -0.03681106 
507.200000    -0.01823572 
507.600000    0.00595570 
508.000000    0.02888672 
508.400000    0.04800623 
508.800000    0.06256886 
509.200000    0.07235351 
509.600000    0.07732892 
510.000000    0.07759794 
510.400000    0.07335272 
510.800000    0.06479216 
511.200000    0.05204090 
511.600000    0.03513459 
512.000000    0.01423995 
512.400000    -0.00942401 
512.800000    -0.03123999 
513.200000    -0.04143228 
513.600000    -0.03280727 
514.000000    -0.01108678 
514.400000    0.01361398 
514.800000    0.03588632 
515.200000    0.05394493 
515.600000    0.06726972 
516.000000    0.07570217 
516.400000    0.07925481 
516.800000    0.07807770 
517.200000    0.07239684 
517.600000    0.06241950 
518.000000    0.04825708 
518.400000    0.02994747 
518.800000    0.00780761 
519.200000    -0.01628208 
519.600000    -0.03613144 
520.000000    -0.04116003 
520.400000    -0.02747606 
520.800000    -0.00375744 
521.200000    0.02078222 
521.600000    0.04208097 
522.000000    0.05889772 
522.400000    0.07086263 
522.800000    0.07787357 
523.200000    0.07999259 
523.600000    0.07741294 
524.000000    0.07038065 
524.400000    0.05909558 
524.800000    0.04364847 
525.200000    0.02410141 
525.600000    0.00102387 
526.000000    -0.02279686 
526.400000    -0.03953503 
526.800000    -0.03897503 
527.200000    -0.02125792 
527.600000    0.00338945 
528.000000    0.02721622 
528.400000    0.04726717 
528.800000    0.06267893 
529.200000    0.07319133 
529.600000    0.07875804 
530.000000    0.07948793 
530.400000    0.07560232 
530.800000    0.06734597 
531.200000    0.05489338 
531.600000    0.03831213 
532.000000    0.01772809 
532.400000    -0.00589711 
532.800000    -0.02861945 
533.200000    -0.04121174 
533.600000    -0.03519175 
534.000000    -0.01460760 
534.400000    0.01013374 
534.800000    0.03287468 
535.200000    0.05150582 
535.600000    0.06542595 
536.000000    0.07446055 
536.400000    0.07861455 
536.800000    0.07803269 
537.200000    0.07294518 
537.600000    0.06357603 
538.000000    0.05006241 
538.400000    0.03245761 
538.800000    0.01101339 
539.200000    -0.01273896 
539.600000    -0.03348706 
540.000000    -0.04116541 
540.400000    -0.03021992 
540.800000    -0.00779836 
541.200000    0.01649008 
541.600000    0.03795010 
542.000000    0.05509575 
542.400000    0.06751013 
542.800000    0.07508645 
543.200000    0.07787264 
543.600000    0.07603685 
544.000000    0.06980323 
544.400000    0.05936357 
544.800000    0.04481580 
545.200000    0.02622249 
545.600000    0.00405264 
546.000000    -0.01937077 
546.400000    -0.03723244 
546.800000    -0.03949883 
547.200000    -0.02434180 
547.600000    -0.00088094 
548.000000    0.02262446 
548.400000    0.04271561 
548.800000    0.05836111 
549.200000    0.06927606 
549.600000    0.07540804 
550.000000    0.07684071 
550.400000    0.07375661 
550.800000    0.06636549 
551.200000    0.05482309 
551.600000    0.03919562 
552.000000    0.01959625 
552.400000    -0.00315480 
552.800000    -0.02566746 
553.200000    -0.03964664 
553.600000    -0.03625925 
554.000000    -0.01769039 
554.400000    0.00617638 
554.800000    0.02866890 
555.200000    0.04732752 
555.600000    0.06145033 
556.000000    0.07084979 
556.400000    0.07551989 
556.800000    0.07557538 
557.200000    0.07120696 
557.600000    0.06260512 
558.000000    0.04988965 
558.400000    0.03311129 
558.800000    0.01250052 
559.200000    -0.01057625 
559.600000    -0.03135427 
560.000000    -0.04040666 
560.400000    -0.03147397 
560.800000    -0.01038842 
561.200000    0.01333244 
561.600000    0.03460973 
562.000000    0.05175698 
562.400000    0.06430832 
562.800000    0.07215133 
563.200000    0.07532228 
563.600000    0.07396281 
564.000000    0.06826524 
564.400000    0.05839588 
564.800000    0.04444123 
565.200000    0.02646479 
565.600000    0.00491942 
566.000000    -0.01801362 
566.400000    -0.03594977 
566.800000    -0.03919636 
567.200000    -0.02529346 
567.600000    -0.00265369 
568.000000    0.02043267 
568.400000    0.04030949 
568.800000    0.05585927 
569.200000    0.06678310 
569.600000    0.07302961 
570.000000    0.07467380 
570.400000    0.07187751 
570.800000    0.06482594 
571.200000    0.05365569 
571.600000    0.03842711 
572.000000    0.01926400 
572.400000    -0.00300161 
572.800000    -0.02504895 
573.200000    -0.03887927 
573.600000    -0.03593099 
574.000000    -0.01807104 
574.400000    0.00520499 
574.800000    0.02726858 
575.200000    0.04560877 
575.600000    0.05950550 
576.000000    0.06877706 
576.400000    0.07342256 
576.800000    0.07354933 
577.200000    0.06932910 
577.600000    0.06092966 
578.000000    0.04845377 
578.400000    0.03195129 
578.800000    0.01167994 
579.200000    -0.01093729 
579.600000    -0.03113034 
580.000000    -0.03974274 
580.400000    -0.03089711 
580.800000    -0.01028707 
581.200000    0.01290122 
581.600000    0.03370986 
582.000000    0.05047079 
582.400000    0.06272845 
582.800000    0.07038204 
583.200000    0.07347054 
583.600000    0.07212431 
584.000000    0.06651379 
584.400000    0.05678107 
584.800000    0.04299593 
585.200000    0.02522551 
585.600000    0.00396533 
586.000000    -0.01851336 
586.400000    -0.03579923 
586.800000    -0.03851945 
587.200000    -0.02460768 
587.600000    -0.00232647 
588.000000    0.02032680 
588.400000    0.03981361 
588.800000    0.05504654 
589.200000    0.06573895 
589.600000    0.07184484 
590.000000    0.07343421 
590.400000    0.07065280 
590.800000    0.06366302 
591.200000    0.05257864 
591.600000    0.03744480 
592.000000    0.01838891 
592.400000    -0.00371540 
592.800000    -0.02545610 
593.200000    -0.03880061 
593.600000    -0.03543891 
594.000000    -0.01749211 
594.400000    0.00565452 
594.800000    0.02754295 
595.200000    0.04573125 
595.600000    0.05951568 
596.000000    0.06871521 
596.400000    0.07332379 
596.800000    0.07343932 
597.200000    0.06922072 
597.600000    0.06082126 
598.000000    0.04832893 
598.400000    0.03178018 
598.800000    0.01142529 
599.200000    -0.01129519 
599.600000    -0.03152287 
600.000000    -0.03995634 
600.400000    -0.03075564 
600.800000    -0.00982535 
601.200000    0.01358895 
601.600000    0.03457276 
602.000000    0.05148363 
602.400000    0.06386399 
602.800000    0.07160128 
603.200000    0.07472516 
603.600000    0.07336318 
604.000000    0.06768776 
604.400000    0.05784313 
604.800000    0.04389548 
605.200000    0.02589557 
605.600000    0.00430541 
606.000000    -0.01862568 
606.400000    -0.03635775 
606.800000    -0.03913967 
607.200000    -0.02478378 
607.600000    -0.00189246 
608.000000    0.02131967 
608.400000    0.04128497 
608.800000    0.05691325 
609.200000    0.06790120 
609.600000    0.07418590 
610.000000    0.07583388 
610.400000    0.07300332 
610.800000    0.06587771 
611.200000    0.05458954 
611.600000    0.03918698 
612.000000    0.01976725 
612.400000    -0.00287580 
612.800000    -0.02540894 
613.200000    -0.03958736 
613.600000    -0.03645147 
614.000000    -0.01796905 
614.400000    0.00598378 
614.800000    0.02864927 
615.200000    0.04751632 
615.600000    0.06185643 
616.000000    0.07146268 
616.400000    0.07631370 
616.800000    0.07651427 
617.200000    0.07225052 
617.600000    0.06371131 
618.000000    0.05101288 
618.400000    0.03419185 
618.800000    0.01343826 
619.200000    -0.00996642 
619.600000    -0.03133315 
620.000000    -0.04101666 
620.400000    -0.03222257 
620.800000    -0.01073626 
621.200000    0.01358245 
621.600000    0.03547112 
622.000000    0.05318772 
622.400000    0.06623297 
622.800000    0.07446420 
623.200000    0.07790032 
623.600000    0.07668476 
624.000000    0.07102699 
624.400000    0.06111462 
624.800000    0.04704432 
625.200000    0.02885491 
625.600000    0.00689827 
626.000000    -0.01685590 
626.400000    -0.03614079 
626.800000    -0.04060831 
627.200000    -0.02680571 
627.600000    -0.00335857 
628.000000    0.02079643 
628.400000    0.04172381 
628.800000    0.05821957 
629.200000    0.06993196 
629.600000    0.07676974 
630.000000    0.07879482 
630.400000    0.07618806 
630.800000    0.06917510 
631.200000    0.05793440 
631.600000    0.04254198 
632.000000    0.02306402 
632.400000    0.00011693 
632.800000    -0.02339315 
633.200000    -0.03954467 
633.600000    -0.03839967 
634.000000    -0.02051954 
634.400000    0.00395393 
634.800000    0.02750621 
635.200000    0.04728505 
635.600000    0.06245681 
636.000000    0.07277248 
636.400000    0.07819017 
636.800000    0.07881595 
637.200000    0.07486085 
637.600000    0.06655448 
638.000000    0.05405555 
638.400000    0.03742152 
638.800000    0.01678759 
639.200000    -0.00682083 
639.600000    -0.02929333 
640.000000    -0.04126491 
640.400000    -0.03457757 
640.800000    -0.01371492 
641.200000    0.01099331 
641.600000    0.03359110 
642.000000    0.05205631 
642.400000    0.06580978 
642.800000    0.07468146 
643.200000    0.07867785 
643.600000    0.07794396 
644.000000    0.07270726 
644.400000    0.06318575 
644.800000    0.04950853 
645.200000    0.03172430 
645.600000    0.01010235 
646.000000    -0.01373291 
646.400000    -0.03423377 
646.800000    -0.04118434 
647.200000    -0.02947319 
647.600000    -0.00668976 
648.000000    0.01765815 
648.400000    0.03905810 
648.800000    0.05609729 
649.200000    0.06837386 
649.600000    0.07578268 
650.000000    0.07837512 
650.400000    0.07632539 
650.800000    0.06986268 
651.200000    0.05918016 
651.600000    0.04437348 
652.000000    0.02550633 
652.400000    0.00308054 
652.800000    -0.02044004 
653.200000    -0.03794035 
653.600000    -0.03933301 
654.000000    -0.02339207 
654.400000    0.00041163 
654.800000    0.02397977 
655.200000    0.04401848 
655.600000    0.05955411 
656.000000    0.07031267 
656.400000    0.07624505 
656.800000    0.07744248 
657.200000    0.07409804 
657.600000    0.06643033 
658.000000    0.05459936 
658.400000    0.03867216 
658.800000    0.01877108 
659.200000    -0.00422417 
659.600000    -0.02672305 
660.000000    -0.04012967 
660.400000    -0.03579053 
660.800000    -0.01656172 
661.200000    0.00752267 
661.600000    0.03000247 
662.000000    0.04855505 
662.400000    0.06252121 
662.800000    0.07172340 
663.200000    0.07616233 
663.600000    0.07596278 
664.000000    0.07132601 
664.400000    0.06244984 
664.800000    0.04945703 
665.200000    0.03240125 
665.600000    0.01153506 
666.000000    -0.01167854 
666.400000    -0.03223012 
666.800000    -0.04051144 
667.200000    -0.03071248 
667.600000    -0.00920630 
668.000000    0.01455883 
668.400000    0.03571983 
668.800000    0.05269125 
669.200000    0.06503735 
669.600000    0.07265586 
670.000000    0.07559129 
670.400000    0.07399369 
670.800000    0.06806139 
671.200000    0.05796298 
671.600000    0.04378502 
672.000000    0.02559744 
672.400000    0.00389297 
672.800000    -0.01901317 
673.200000    -0.03649973 
673.600000    -0.03891480 
674.000000    -0.02437845 
674.400000    -0.00156945 
674.800000    0.02142003 
675.200000    0.04110824 
675.600000    0.05644380 
676.000000    0.06714807 
676.400000    0.07317846 
676.800000    0.07461611 
677.200000    0.07162642 
677.600000    0.06439443 
678.000000    0.05305383 
678.400000    0.03766331 
678.800000    0.01835876 
679.200000    -0.00396859 
679.600000    -0.02583923 
680.000000    -0.03908611 
680.400000    -0.03540108 
680.800000    -0.01715776 
681.200000    0.00612720 
681.600000    0.02803707 
682.000000    0.04617946 
682.400000    0.05987348 
682.800000    0.06894952 
683.200000    0.07341196 
683.600000    0.07337055 
684.000000    0.06899612 
684.400000    0.06045244 
684.800000    0.04783706 
685.200000    0.03119911 
685.600000    0.01081638 
686.000000    -0.01180741 
686.400000    -0.03172612 
686.800000    -0.03970519 
687.200000    -0.03024780 
687.600000    -0.00940242 
688.000000    0.01374553 
688.400000    0.03441132 
688.800000    0.05100294 
689.200000    0.06308700 
689.600000    0.07056897 
690.000000    0.07349064 
690.400000    0.07198345 
690.800000    0.06621640 
691.200000    0.05632783 
691.600000    0.04238367 
692.000000    0.02445509 
692.400000    0.00307309 
692.800000    -0.01937244 
693.200000    -0.03626589 
693.600000    -0.03827170 
694.000000    -0.02380957 
694.400000    -0.00136445 
694.800000    0.02122786 
695.200000    0.04057269 
695.600000    0.05563605 
696.000000    0.06614572 
696.400000    0.07206081 
696.800000    0.07345544 
697.200000    0.07047842 
697.600000    0.06329270 
698.000000    0.05201039 
698.400000    0.03667642 
698.800000    0.01743312 
699.200000    -0.00477725 
699.600000    -0.02635707 
700.000000    -0.03906735 
700.400000    -0.03486562 
700.800000    -0.01644731 
701.200000    0.00675417 
701.600000    0.02850277 
702.000000    0.04648500 
702.400000    0.06003933 
702.800000    0.06899795 
703.200000    0.07336248 
703.600000    0.07323732 
704.000000    0.06878521 
704.400000    0.06015952 
704.800000    0.04744658 
705.200000    0.03068733 
705.600000    0.01016721 
706.000000    -0.01254871 
706.400000    -0.03234417 
706.800000    -0.03983323 
707.200000    -0.02977026 
707.600000    -0.00855613 
708.000000    0.01473890 
708.400000    0.03545488 
708.800000    0.05205812 
709.200000    0.06412553 
709.600000    0.07155867 
710.000000    0.07439644 
710.400000    0.07277158 
710.800000    0.06685613 
711.200000    0.05678966 
711.600000    0.04263450 
712.000000    0.02445314 
712.400000    0.00277455 
712.800000    -0.01995488 
713.200000    -0.03690809 
713.600000    -0.03852523 
714.000000    -0.02344815 
714.400000    -0.00050914 
714.800000    0.02241768 
715.200000    0.04200283 
715.600000    0.05724034 
716.000000    0.06785499 
716.400000    0.07379775 
716.800000    0.07514280 
717.200000    0.07204856 
717.600000    0.06469157 
718.000000    0.05319395 
718.400000    0.03759929 
718.800000    0.01802978 
719.200000    -0.00460738 
719.600000    -0.02669772 
720.000000    -0.03975290 
720.400000    -0.03536606 
720.800000    -0.01636985 
721.200000    0.00743780 
721.600000    0.02970396 
722.000000    0.04811662 
722.400000    0.06201107 
722.800000    0.07120416 
723.200000    0.07568755 
723.600000    0.07557100 
724.000000    0.07103610 
724.400000    0.06225957 
724.800000    0.04934398 
725.200000    0.03232483 
725.600000    0.01143959 
726.000000    -0.01185103 
726.400000    -0.03248805 
726.800000    -0.04072834 
727.200000    -0.03070398 
727.600000    -0.00891302 
728.000000    0.01511842 
728.400000    0.03653062 
728.800000    0.05374149 
729.200000    0.06630170 
729.600000    0.07409006 
730.000000    0.07713752 
730.400000    0.07558991 
730.800000    0.06964808 
731.200000    0.05948374 
731.600000    0.04517874 
732.000000    0.02677796 
732.400000    0.00471243 
732.800000    -0.01878786 
733.200000    -0.03702782 
733.600000    -0.03983417 
734.000000    -0.02494257 
734.400000    -0.00138418 
734.800000    0.02239480 
735.200000    0.04281390 
735.600000    0.05879138 
736.000000    0.07001403 
736.400000    0.07640880 
736.800000    0.07804700 
737.200000    0.07510819 
737.600000    0.06780581 
738.000000    0.05629984 
738.400000    0.04065182 
738.800000    0.02094353 
739.200000    -0.00209294 
739.600000    -0.02521151 
740.000000    -0.04007115 
740.400000    -0.03723477 
740.800000    -0.01847332 
741.200000    0.00599855 
741.600000    0.02918097 
742.000000    0.04849967 
742.400000    0.06320663 
742.800000    0.07307866 
743.200000    0.07808638 
743.600000    0.07834199 
744.000000    0.07405352 
744.400000    0.06543832 
744.800000    0.05263787 
745.200000    0.03569830 
745.600000    0.01478209 
746.000000    -0.00893017 
746.400000    -0.03091513 
746.800000    -0.04145575 
747.200000    -0.03316861 
747.600000    -0.01158240 
748.000000    0.01312335 
748.400000    0.03544218 
748.800000    0.05355281 
749.200000    0.06693019 
749.600000    0.07541820 
750.000000    0.07903183 
750.400000    0.07792283 
750.800000    0.07231959 
751.200000    0.06243335 
751.600000    0.04838136 
752.000000    0.03020730 
752.400000    0.00822384 
752.800000    -0.01573890 
753.200000    -0.03564716 
753.600000    -0.04106291 
754.000000    -0.02786899 
754.400000    -0.00446360 
754.800000    0.01991930 
755.200000    0.04113355 
755.600000    0.05790666 
756.000000    0.06986839 
756.400000    0.07692111 
756.800000    0.07912551 
757.200000    0.07666747 
757.600000    0.06978383 
758.000000    0.05866788 
758.400000    0.04340953 
758.800000    0.02407621 
759.200000    0.00123916 
759.600000    -0.02236082 
760.000000    -0.03907241 
760.400000    -0.03883707 
760.800000    -0.02157957 
761.200000    0.00271996 
761.600000    0.02631276 
762.000000    0.04619500 
762.400000    0.06148889 
762.800000    0.07193943 
763.200000    0.07750487 
763.600000    0.07828971 
764.000000    0.07450304 
764.400000    0.06637511 
764.800000    0.05406945 
765.200000    0.03765205 
765.600000    0.01726262 
766.000000    -0.00610578 
766.400000    -0.02849667 
766.800000    -0.04081945 
767.200000    -0.03484286 
767.600000    -0.01456586 
768.000000    0.00982062 
768.400000    0.03223859 
768.800000    0.05058655 
769.200000    0.06427034 
769.600000    0.07312719 
770.000000    0.07716878 
770.400000    0.07653611 
770.800000    0.07144647 
771.200000    0.06210781 
771.600000    0.04864580 
772.000000    0.03111844 
772.400000    0.00982033 
772.800000    -0.01360348 
773.200000    -0.03369908 
773.600000    -0.04058258 
774.000000    -0.02930147 
774.400000    -0.00711517 
774.800000    0.01670137 
775.200000    0.03765218 
775.600000    0.05431376 
776.000000    0.06629669 
776.400000    0.07351458 
776.800000    0.07602613 
777.200000    0.07399621 
777.600000    0.06763367 
778.000000    0.05711100 
778.400000    0.04251544 
778.800000    0.02393200 
779.200000    0.00193781 
779.600000    -0.02087983 
780.000000    -0.03744998 
780.400000    -0.03827221 
780.800000    -0.02259156 
781.200000    0.00048679 
781.600000    0.02326469 
782.000000    0.04257430 
782.400000    0.05747950 
782.800000    0.06773772 
783.200000    0.07332376 
783.600000    0.07433218 
784.000000    0.07093665 
784.400000    0.06332327 
784.800000    0.05162181 
785.200000    0.03589200 
785.600000    0.01630590 
786.000000    -0.00609684 
786.400000    -0.02747315 
786.800000    -0.03934548 
787.200000    -0.03408858 
787.600000    -0.01514031 
788.000000    0.00804349 
788.400000    0.02951940 
788.800000    0.04714000 
789.200000    0.06030599 
789.600000    0.06887748 
790.000000    0.07287510 
790.400000    0.07241701 
790.800000    0.06767309 
791.200000    0.05879839 
791.600000    0.04588110 
792.000000    0.02897835 
792.400000    0.00844028 
792.800000    -0.01399428 
793.200000    -0.03295406 
793.600000    -0.03920976 
794.000000    -0.02839498 
794.400000    -0.00726823 
794.800000    0.01550052 
795.200000    0.03557596 
795.600000    0.05154754 
796.000000    0.06304084 
796.400000    0.06998601 
796.800000    0.07243736 
797.200000    0.07052772 
797.600000    0.06441623 
798.000000    0.05422532 
798.400000    0.04001085 
798.800000    0.02186819 
799.200000    0.00045622 
799.600000    -0.02149229 
800.000000    -0.03694665 
800.400000    -0.03704599 
800.800000    -0.02154737 
801.200000    0.00084113 
801.600000    0.02287536 
802.000000    0.04153834 
802.400000    0.05592752 
802.800000    0.06581448 
803.200000    0.07117809 
803.600000    0.07209999 
804.000000    0.06872342 
804.400000    0.06119478 
804.800000    0.04960655 
805.200000    0.03399837 
805.600000    0.01456445 
806.000000    -0.00754557 
806.400000    -0.02827209 
806.800000    -0.03909514 
807.200000    -0.03298526 
807.600000    -0.01387323 
808.000000    0.00903927 
808.400000    0.03013670 
808.800000    0.04740033 
809.200000    0.06026262 
809.600000    0.06858857 
810.000000    0.07239480 
810.400000    0.07178846 
810.800000    0.06692159 
811.200000    0.05792726 
811.600000    0.04487221 
812.000000    0.02780284 
812.400000    0.00709806 
812.800000    -0.01536358 
813.200000    -0.03390073 
813.600000    -0.03915035 
814.000000    -0.02734069 
814.400000    -0.00573818 
814.800000    0.01713347 
815.200000    0.03717211 
815.600000    0.05306225 
816.000000    0.06444683 
816.400000    0.07125172 
816.800000    0.07352704 
817.200000    0.07140499 
817.600000    0.06504436 
818.000000    0.05456359 
818.400000    0.04000855 
818.800000    0.02146363 
819.200000    -0.00039278 
819.600000    -0.02267462 
820.000000    -0.03795355 
820.400000    -0.03715505 
820.800000    -0.02060947 
821.200000    0.00248596 
821.600000    0.02494189 
822.000000    0.04388042 
822.400000    0.05844875 
822.800000    0.06841601 
823.200000    0.07375077 
823.600000    0.07453584 
824.000000    0.07092776 
824.400000    0.06308967 
824.800000    0.05112379 
825.200000    0.03506228 
825.600000    0.01506940 
826.000000    -0.00773165 
826.400000    -0.02916060 
826.800000    -0.04020503 
827.200000    -0.03344538 
827.600000    -0.01328943 
828.000000    0.01054904 
828.400000    0.03238478 
828.800000    0.05024011 
829.200000    0.06354985 
829.600000    0.07215750 
830.000000    0.07606718 
830.400000    0.07539673 
830.800000    0.07032737 
831.200000    0.06102525 
831.600000    0.04757625 
832.000000    0.03001055 
832.400000    0.00863007 
832.800000    -0.01481496 
833.200000    -0.03459074 
833.600000    -0.04062054 
834.000000    -0.02841639 
834.400000    -0.00570801 
834.800000    0.01834072 
835.200000    0.03943112 
835.600000    0.05621007 
836.000000    0.06828555 
836.400000    0.07554989 
836.800000    0.07804521 
837.200000    0.07592929 
837.600000    0.06940881 
838.000000    0.05865135 
838.400000    0.04372750 
838.800000    0.02468486 
839.200000    0.00204739 
839.600000    -0.02157629 
840.000000    -0.03873095 
840.400000    -0.03921146 
840.800000    -0.02237794 
841.200000    0.00192685 
841.600000    0.02574796 
842.000000    0.04594311 
842.400000    0.06157886 
842.800000    0.07237100 
843.200000    0.07825529 
843.600000    0.07931939 
844.000000    0.07576339 
844.400000    0.06781533 
844.800000    0.05563833 
845.200000    0.03928908 
845.600000    0.01886550 
846.000000    -0.00475964 
846.400000    -0.02784147 
846.800000    -0.04126360 
847.200000    -0.03603123 
847.600000    -0.01562434 
848.000000    0.00938941 
848.400000    0.03255912 
848.800000    0.05164529 
849.200000    0.06599493 
849.600000    0.07540229 
850.000000    0.07985174 
850.400000    0.07948042 
850.800000    0.07452351 
851.200000    0.06521699 
851.600000    0.05170802 
852.000000    0.03404429 
852.400000    0.01243040 
852.800000    -0.01172852 
853.200000    -0.03327139 
853.600000    -0.04188866 
854.000000    -0.03128222 
854.400000    -0.00849211 
854.800000    0.01643326 
855.200000    0.03854717 
855.600000    0.05628144 
856.000000    0.06917747 
856.400000    0.07709923 
856.800000    0.08008428 
857.200000    0.07831288 
857.600000    0.07203722 
858.000000    0.06148068 
858.400000    0.04676240 
858.800000    0.02793753 
859.200000    0.00541029 
859.600000    -0.01863720 
860.000000    -0.03744411 
860.400000    -0.04048485 
860.800000    -0.02531550 
861.200000    -0.00129164 
861.600000    0.02289314 
862.000000    0.04361126 
862.400000    0.05978082 
862.800000    0.07108767 
863.200000    0.07746268 
863.600000    0.07899339 
864.000000    0.07588705 
864.400000    0.06838966 
864.800000    0.05669200 
865.200000    0.04088076 
865.600000    0.02105652 
866.000000    -0.00203521 
866.400000    -0.02514546 
866.800000    -0.03997061 
867.200000    -0.03716263 
867.600000    -0.01852437 
868.000000    0.00576932 
868.400000    0.02874111 
868.800000    0.04782586 
869.200000    0.06229155 
869.600000    0.07193717 
870.000000    0.07675422 
870.400000    0.07686880 
870.800000    0.07249497 
871.200000    0.06385184 
871.600000    0.05108513 
872.000000    0.03425907 
872.400000    0.01358764 
872.800000    -0.00964474 
873.200000    -0.03083733 
873.600000    -0.04059052 
874.000000    -0.03221922 
874.400000    -0.01125740 
874.800000    0.01259685 
875.200000    0.03406986 
875.600000    0.05140396 
876.000000    0.06411776 
876.400000    0.07209850 
876.800000    0.07538663 
877.200000    0.07413117 
877.600000    0.06853503 
878.000000    0.05877729 
878.400000    0.04495720 
878.800000    0.02714470 
879.200000    0.00577142 
879.600000    -0.01708823 
880.000000    -0.03529233 
880.400000    -0.03924643 
880.800000    -0.02604841 
881.200000    -0.00376939 
881.600000    0.01919951 
882.000000    0.03905898 
882.400000    0.05463846 
882.800000    0.06563294 
883.200000    0.07199512 
883.600000    0.07380040 
884.000000    0.07120636 
884.400000    0.06439319 
884.800000    0.05349562 
885.200000    0.03857652 
885.600000    0.01975966 
886.000000    -0.00215953 
886.400000    -0.02402631 
886.800000    -0.03817705 
887.200000    -0.03607937 
887.600000    -0.01902024 
888.000000    0.00381087 
888.400000    0.02567191 
888.800000    0.04393116 
889.200000    0.05782895 
889.600000    0.06718037 
890.000000    0.07198433 
890.400000    0.07233971 
890.800000    0.06840355 
891.200000    0.06032909 
891.600000    0.04820996 
892.000000    0.03209315 
892.400000    0.01222717 
892.800000    -0.01003198 
893.200000    -0.03014650 
893.600000    -0.03927416 
894.000000    -0.03132261 
894.400000    -0.01138987 
894.800000    0.01146491 
895.200000    0.03214000 
895.600000    0.04887358 
896.000000    0.06118296 
896.400000    0.06896260 
896.800000    0.07224505 
897.200000    0.07114705 
897.600000    0.06582217 
898.000000    0.05639793 
898.400000    0.04293537 
898.800000    0.02549646 
899.200000    0.00455632 
899.600000    -0.01770794 
900.000000    -0.03511875 
900.400000    -0.03843564 
900.800000    -0.02520276 
901.200000    -0.00331178 
901.600000    0.01919714 
902.000000    0.03866161 
902.400000    0.05393665 
902.800000    0.06471934 
903.200000    0.07095776 
903.600000    0.07271386 
904.000000    0.07012215 
904.400000    0.06333367 
904.800000    0.05245367 
905.200000    0.03752248 
905.600000    0.01866214 
906.000000    -0.00327781 
906.400000    -0.02497023 
906.800000    -0.03852309 
907.200000    -0.03557801 
907.600000    -0.01795942 
908.000000    0.00505303 
908.400000    0.02692155 
908.800000    0.04513804 
909.200000    0.05897327 
909.600000    0.06823832 
910.000000    0.07292302 
910.400000    0.07312075 
910.800000    0.06898552 
911.200000    0.06066644 
911.600000    0.04824899 
912.000000    0.03176881 
912.400000    0.01147574 
912.800000    -0.01119582 
913.200000    -0.03141154 
913.600000    -0.03990151 
914.000000    -0.03079642 
914.400000    -0.00993480 
914.800000    0.01344741 
915.200000    0.03441624 
915.600000    0.05131599 
916.000000    0.06368388 
916.400000    0.07140596 
916.800000    0.07451187 
917.200000    0.07312930 
917.600000    0.06743046 
918.000000    0.05755919 
918.400000    0.04358207 
918.800000    0.02555422 
919.200000    0.00395482 
919.600000    -0.01892069 
920.000000    -0.03646821 
920.400000    -0.03898406 
920.800000    -0.02447225 
921.200000    -0.00158537 
921.600000    0.02154166 
922.000000    0.04139428 
922.400000    0.05690000 
