0.000000    0.00000000 
0.400000    0.04769711 
0.800000    0.08728585 
1.200000    0.11418214 
1.600000    0.12837600 
2.000000    0.13202760 
2.400000    0.12810881 
2.800000    0.11926648 
3.200000    0.10756594 
3.600000    0.09446423 
4.000000    0.08086191 
4.400000    0.06723538 
4.800000    0.05380783 
5.200000    0.04064535 
5.600000    0.02764729 
6.000000    0.01451798 
6.400000    0.00097208 
6.800000    -0.01214785 
7.200000    -0.01988803 
7.600000    -0.01571767 
8.000000    -0.00380762 
8.400000    0.00914504 
8.800000    0.02117562 
9.200000    0.03218314 
9.600000    0.04225309 
10.000000    0.05128018 
10.400000    0.05896805 
10.800000    0.06493503 
11.200000    0.06882877 
11.600000    0.07042276 
12.000000    0.06966746 
12.400000    0.06669686 
12.800000    0.06181110 
13.200000    0.05541006 
13.600000    0.04790094 
14.000000    0.03960622 
14.400000    0.03068944 
14.800000    0.02113852 
15.200000    0.01081936 
15.600000    -0.00029042 
16.000000    -0.01116828 
16.400000    -0.01777637 
16.800000    -0.01505261 
17.200000    -0.00528857 
17.600000    0.00621090 
18.000000    0.01734676 
18.400000    0.02783552 
18.800000    0.03773712 
19.200000    0.04702055 
19.600000    0.05548547 
20.000000    0.06278479 
20.400000    0.06848643 
20.800000    0.07217662 
21.200000    0.07357111 
21.600000    0.07257746 
22.000000    0.06929210 
22.400000    0.06395114 
22.800000    0.05686289 
23.200000    0.04832681 
23.600000    0.03854130 
24.000000    0.02750845 
24.400000    0.01498008 
24.800000    0.00062600 
25.200000    -0.01459297 
25.600000    -0.02318506 
26.000000    -0.01500468 
26.400000    0.00228531 
26.800000    0.02107042 
27.200000    0.04022802 
27.600000    0.05963217 
28.000000    0.07850793 
28.400000    0.09520297 
28.800000    0.10745115 
29.200000    0.11329121 
29.600000    0.11207326 
30.000000    0.10465448 
30.400000    0.09277432 
30.800000    0.07822999 
31.200000    0.06237288 
31.600000    0.04600359 
32.000000    0.02939926 
32.400000    0.01235903 
32.800000    -0.00533394 
33.200000    -0.02087008 
33.600000    -0.02233312 
34.000000    -0.00774126 
34.400000    0.01051964 
34.800000    0.02853006 
35.200000    0.04615904 
35.600000    0.06320633 
36.000000    0.07876023 
36.400000    0.09123144 
36.800000    0.09877906 
37.200000    0.10017979 
37.600000    0.09554524 
38.000000    0.08624767 
38.400000    0.07414825 
38.800000    0.06086894 
39.200000    0.04747031 
39.600000    0.03445232 
40.000000    0.02188586 
40.400000    0.00961217 
40.800000    -0.00234663 
41.200000    -0.01266106 
41.600000    -0.01722837 
42.000000    -0.01307596 
42.400000    -0.00400118 
42.800000    0.00553361 
43.200000    0.01400345 
43.600000    0.02130578 
44.000000    0.02768980 
44.400000    0.03343506 
44.800000    0.03875043 
45.200000    0.04373476 
45.600000    0.04835579 
46.000000    0.05245544 
46.400000    0.05577822 
46.800000    0.05801979 
47.200000    0.05889034 
47.600000    0.05817069 
48.000000    0.05574730 
48.400000    0.05161906 
48.800000    0.04586323 
49.200000    0.03855584 
49.600000    0.02969959 
50.000000    0.01918421 
50.400000    0.00680170 
50.800000    -0.00726435 
51.200000    -0.01970795 
51.600000    -0.02040319 
52.000000    -0.00744358 
52.400000    0.00981185 
52.800000    0.02768674 
53.200000    0.04566166 
53.600000    0.06313447 
54.000000    0.07892489 
54.400000    0.09152271 
54.800000    0.09957777 
55.200000    0.10244773 
55.600000    0.10033337 
56.000000    0.09403390 
56.400000    0.08456858 
56.800000    0.07288291 
57.200000    0.05969943 
57.600000    0.04546801 
58.000000    0.03031999 
58.400000    0.01404431 
58.800000    -0.00362487 
59.200000    -0.02037279 
59.600000    -0.02369402 
60.000000    -0.00858596 
60.400000    0.01155349 
60.800000    0.03220254 
61.200000    0.05320161 
61.600000    0.07405148 
62.000000    0.09315043 
62.400000    0.10786421 
62.800000    0.11533441 
63.200000    0.11412829 
63.600000    0.10519683 
64.000000    0.09113148 
64.400000    0.07464247 
64.800000    0.05763811 
65.200000    0.04109872 
65.600000    0.02529353 
66.000000    0.01004840 
66.400000    -0.00466382 
66.800000    -0.01670199 
67.200000    -0.01941694 
67.600000    -0.01095149 
68.000000    0.00116698 
68.400000    0.01246372 
68.800000    0.02211920 
69.200000    0.03023509 
69.600000    0.03699406 
70.000000    0.04251340 
70.400000    0.04687248 
70.800000    0.05013241 
71.200000    0.05233094 
71.600000    0.05350697 
72.000000    0.05369539 
72.400000    0.05291726 
72.800000    0.05118709 
73.200000    0.04850995 
73.600000    0.04487689 
74.000000    0.04026488 
74.400000    0.03464029 
74.800000    0.02791677 
75.200000    0.01990508 
75.600000    0.01038356 
76.000000    -0.00067611 
76.400000    -0.01215238 
76.800000    -0.01915271 
77.200000    -0.01519952 
77.600000    -0.00326788 
78.000000    0.01063067 
78.400000    0.02450772 
78.800000    0.03805294 
79.200000    0.05102089 
79.600000    0.06290406 
80.000000    0.07299451 
80.400000    0.08056467 
80.800000    0.08506859 
81.200000    0.08625840 
81.600000    0.08420135 
82.000000    0.07920908 
82.400000    0.07172590 
82.800000    0.06221810 
83.200000    0.05108223 
83.600000    0.03855114 
84.000000    0.02461139 
84.400000    0.00899073 
84.800000    -0.00832492 
85.200000    -0.02309531 
85.600000    -0.02104814 
86.000000    -0.00343001 
86.400000    0.01755665 
86.800000    0.03940502 
87.200000    0.06196374 
87.600000    0.08419930 
88.000000    0.10377299 
88.400000    0.11738618 
88.800000    0.12221386 
89.200000    0.11774965 
89.600000    0.10595766 
90.000000    0.08982346 
90.400000    0.07188273 
90.800000    0.05367619 
91.200000    0.03586885 
91.600000    0.01848296 
92.000000    0.00121785 
92.400000    -0.01497362 
92.800000    -0.02279931 
93.200000    -0.01456917 
93.600000    0.00069287 
94.000000    0.01569254 
94.400000    0.02923941 
94.800000    0.04133146 
95.200000    0.05183949 
95.600000    0.06039819 
96.000000    0.06654595 
96.400000    0.06994274 
96.800000    0.07049951 
97.200000    0.06845016 
97.600000    0.06429138 
98.000000    0.05861862 
98.400000    0.05198940 
98.800000    0.04482712 
99.200000    0.03737795 
99.600000    0.02971642 
100.000000    0.02178561 
100.400000    0.01343496 
100.800000    0.00448483 
101.200000    -0.00485041 
101.600000    -0.01290176 
102.000000    -0.01587585 
102.400000    -0.01154561 
102.800000    -0.00282795 
103.200000    0.00685748 
103.600000    0.01623223 
104.000000    0.02514799 
104.400000    0.03371749 
104.800000    0.04200058 
105.200000    0.04990555 
105.600000    0.05716386 
106.000000    0.06335848 
106.400000    0.06799922 
106.800000    0.07062880 
107.200000    0.07092581 
107.600000    0.06876675 
108.000000    0.06422710 
108.400000    0.05752622 
108.800000    0.04893370 
109.200000    0.03865377 
109.600000    0.02672144 
110.000000    0.01295347 
110.400000    -0.00282711 
110.800000    -0.01865394 
111.200000    -0.02363106 
111.600000    -0.01047156 
112.000000    0.00923401 
112.400000    0.03013262 
112.800000    0.05173746 
113.200000    0.07329912 
113.600000    0.09294456 
114.000000    0.10797674 
114.400000    0.11588413 
114.800000    0.11576120 
115.200000    0.10862090 
115.600000    0.09653580 
116.000000    0.08157683 
116.400000    0.06524788 
116.800000    0.04841341 
117.200000    0.03140016 
117.600000    0.01406203 
118.000000    -0.00385180 
118.400000    -0.02000557 
118.800000    -0.02297407 
119.200000    -0.00910455 
119.600000    0.00898524 
120.000000    0.02669012 
120.400000    0.04374454 
120.800000    0.05993435 
121.200000    0.07440054 
121.600000    0.08570985 
122.000000    0.09232641 
122.400000    0.09334109 
122.800000    0.08898086 
123.200000    0.08049108 
123.600000    0.06949128 
124.000000    0.05739131 
124.400000    0.04513355 
124.800000    0.03317996 
125.200000    0.02161730 
125.600000    0.01032860 
126.000000    -0.00067315 
126.400000    -0.01044194 
126.800000    -0.01589177 
127.200000    -0.01385125 
127.600000    -0.00636171 
128.000000    0.00239044 
128.400000    0.01045193 
128.800000    0.01748924 
129.200000    0.02367737 
129.600000    0.02927942 
130.000000    0.03450771 
130.400000    0.03947413 
130.800000    0.04416985 
131.200000    0.04845716 
131.600000    0.05208429 
132.000000    0.05472858 
132.400000    0.05606370 
132.800000    0.05582351 
133.200000    0.05384363 
133.600000    0.05007524 
134.000000    0.04455879 
134.400000    0.03735059 
134.800000    0.02844459 
135.200000    0.01772147 
135.600000    0.00498604 
136.000000    -0.00937202 
136.400000    -0.02101911 
136.800000    -0.01919338 
137.200000    -0.00475426 
137.600000    0.01294781 
138.000000    0.03103072 
138.400000    0.04898720 
138.800000    0.06601118 
139.200000    0.08075554 
139.600000    0.09170764 
140.000000    0.09776941 
140.400000    0.09869086 
140.800000    0.09499625 
141.200000    0.08762647 
141.600000    0.07757033 
142.000000    0.06564501 
142.400000    0.05242173 
142.800000    0.03820117 
143.200000    0.02297082 
143.600000    0.00643666 
144.000000    -0.01117568 
144.400000    -0.02411286 
144.800000    -0.01871181 
145.200000    -0.00064983 
145.600000    0.01940860 
146.000000    0.03978790 
146.400000    0.06037899 
146.800000    0.08023712 
147.200000    0.09729209 
147.600000    0.10872441 
148.000000    0.11222103 
148.400000    0.10746158 
148.800000    0.09624685 
149.200000    0.08125994 
149.600000    0.06478546 
150.000000    0.04822093 
150.400000    0.03215578 
150.800000    0.01660319 
151.200000    0.00136933 
151.600000    -0.01266461 
152.000000    -0.02028779 
152.400000    -0.01539604 
152.800000    -0.00339568 
153.200000    0.00892055 
153.600000    0.01973018 
154.000000    0.02896758 
154.400000    0.03678698 
154.800000    0.04326165 
155.200000    0.04838242 
155.600000    0.05211669 
156.000000    0.05443032 
156.400000    0.05532283 
156.800000    0.05485521 
157.200000    0.05313155 
157.600000    0.05028456 
158.000000    0.04645064 
158.400000    0.04173234 
158.800000    0.03617548 
159.200000    0.02976559 
159.600000    0.02241809 
160.000000    0.01394536 
160.400000    0.00417525 
160.800000    -0.00650829 
161.200000    -0.01563902 
161.600000    -0.01752254 
162.000000    -0.01007367 
162.400000    0.00161881 
162.800000    0.01383591 
163.200000    0.02565234 
163.600000    0.03695301 
164.000000    0.04760137 
164.400000    0.05726861 
164.800000    0.06546385 
165.200000    0.07165091 
165.600000    0.07538197 
166.000000    0.07639979 
166.400000    0.07467941 
166.800000    0.07039778 
167.200000    0.06385464 
167.600000    0.05538340 
168.000000    0.04526587 
168.400000    0.03364189 
168.800000    0.02043212 
169.200000    0.00536403 
169.600000    -0.01123045 
170.000000    -0.02365407 
170.400000    -0.01858846 
170.800000    -0.00074451 
171.200000    0.01963741 
171.600000    0.04077173 
172.000000    0.06234838 
172.400000    0.08311231 
172.800000    0.10068683 
173.200000    0.11215758 
173.600000    0.11549496 
174.000000    0.11075771 
174.400000    0.09980213 
174.800000    0.08506619 
175.200000    0.06855280 
175.600000    0.05148700 
176.000000    0.03440187 
176.400000    0.01727452 
176.800000    -0.00018710 
177.200000    -0.01670219 
177.600000    -0.02346934 
178.000000    -0.01305568 
178.400000    0.00373005 
178.800000    0.02026717 
179.200000    0.03577960 
179.600000    0.05019086 
180.000000    0.06301901 
180.400000    0.07334378 
180.800000    0.08010445 
181.200000    0.08256921 
181.600000    0.08068787 
182.000000    0.07513954 
182.400000    0.06701644 
182.800000    0.05741311 
183.200000    0.04717746 
183.600000    0.03681938 
184.000000    0.02653232 
184.400000    0.01627862 
184.800000    0.00596460 
185.200000    -0.00416615 
185.600000    -0.01258260 
186.000000    -0.01574906 
186.400000    -0.01173565 
186.800000    -0.00365909 
187.200000    0.00498335 
187.600000    0.01289018 
188.000000    0.01993003 
188.400000    0.02629984 
188.800000    0.03221712 
189.200000    0.03781093 
189.600000    0.04308819 
190.000000    0.04791995 
190.400000    0.05205184 
190.800000    0.05514785 
191.200000    0.05686206 
191.600000    0.05691397 
192.000000    0.05513459 
192.400000    0.05147613 
192.800000    0.04598769 
193.200000    0.03874965 
193.600000    0.02978877 
194.000000    0.01901159 
194.400000    0.00622031 
194.800000    -0.00831934 
195.200000    -0.02072295 
195.600000    -0.02001797 
196.000000    -0.00579016 
196.400000    0.01215886 
196.800000    0.03058302 
197.200000    0.04894154 
197.600000    0.06639982 
198.000000    0.08151874 
198.400000    0.09265183 
198.800000    0.09859754 
199.200000    0.09910503 
199.600000    0.09478786 
200.000000    0.08671118 
200.400000    0.07597058 
200.800000    0.06344302 
201.200000    0.04971070 
201.600000    0.03504481 
202.000000    0.01937278 
202.400000    0.00238742 
202.800000    -0.01510747 
203.200000    -0.02475997 
203.600000    -0.01499100 
204.000000    0.00392631 
204.400000    0.02383931 
204.800000    0.04390090 
205.200000    0.06385938 
205.600000    0.08251680 
206.000000    0.09764941 
206.400000    0.10660447 
206.800000    0.10767275 
207.200000    0.10119792 
207.600000    0.08924911 
208.000000    0.07433035 
208.400000    0.05837904 
208.800000    0.04249515 
209.200000    0.02707183 
209.600000    0.01202670 
210.000000    -0.00270491 
210.400000    -0.01542574 
210.800000    -0.01985018 
211.200000    -0.01249389 
211.600000    -0.00038926 
212.000000    0.01122307 
212.400000    0.02121212 
212.800000    0.02961609 
213.200000    0.03659290 
213.600000    0.04222746 
214.000000    0.04655363 
214.400000    0.04959392 
214.800000    0.05136288 
215.200000    0.05189686 
215.600000    0.05125936 
216.000000    0.04952348 
216.400000    0.04676888 
216.800000    0.04306724 
217.200000    0.03845775 
217.600000    0.03293178 
218.000000    0.02643270 
218.400000    0.01883928 
218.800000    0.00996102 
219.200000    -0.00022838 
219.600000    -0.01072705 
220.000000    -0.01758643 
220.400000    -0.01530324 
220.800000    -0.00542299 
221.200000    0.00670048 
221.600000    0.01873851 
222.000000    0.03025377 
222.400000    0.04114380 
222.800000    0.05118282 
223.200000    0.05996998 
223.600000    0.06700567 
224.000000    0.07182243 
224.400000    0.07409532 
224.800000    0.07370436 
225.200000    0.07073280 
225.600000    0.06541005 
226.000000    0.05802754 
226.400000    0.04885927 
226.800000    0.03808286 
227.200000    0.02569741 
227.600000    0.01148364 
228.000000    -0.00468688 
228.400000    -0.02020234 
228.800000    -0.02295789 
229.200000    -0.00825403 
229.600000    0.01174842 
230.000000    0.03269496 
230.400000    0.05417606 
230.800000    0.07528090 
231.200000    0.09396251 
231.600000    0.10741921 
232.000000    0.11326122 
232.400000    0.11093442 
232.800000    0.10184294 
233.200000    0.08831468 
233.600000    0.07247892 
234.000000    0.05574916 
234.400000    0.03882204 
234.800000    0.02181266 
235.200000    0.00443805 
235.600000    -0.01283066 
236.000000    -0.02357335 
236.400000    -0.01690156 
236.800000    -0.00047864 
237.200000    0.01653639 
237.600000    0.03256694 
238.000000    0.04750824 
238.400000    0.06091857 
238.800000    0.07188488 
239.200000    0.07928519 
239.600000    0.08229088 
240.000000    0.08077631 
240.400000    0.07539267 
240.800000    0.06726375 
241.200000    0.05753773 
241.600000    0.04710865 
242.000000    0.03652015 
242.400000    0.02598632 
242.800000    0.01548074 
243.200000    0.00493079 
243.600000    -0.00530746 
244.000000    -0.01340702 
244.400000    -0.01567542 
244.800000    -0.01084032 
245.200000    -0.00251507 
245.600000    0.00599482 
246.000000    0.01359124 
246.400000    0.02021571 
246.800000    0.02607664 
247.200000    0.03139370 
247.600000    0.03630776 
248.000000    0.04085298 
248.400000    0.04494893 
248.800000    0.04840739 
249.200000    0.05096099 
249.600000    0.05231781 
250.000000    0.05222276 
250.400000    0.05049693 
250.800000    0.04704797 
251.200000    0.04185625 
251.600000    0.03492432 
252.000000    0.02620473 
252.400000    0.01555513 
252.800000    0.00281719 
253.200000    -0.01132059 
253.600000    -0.02153724 
254.000000    -0.01754284 
254.400000    -0.00253696 
254.800000    0.01492340 
255.200000    0.03251460 
255.600000    0.04968275 
256.000000    0.06554841 
256.400000    0.07882691 
256.800000    0.08822056 
257.200000    0.09293227 
257.600000    0.09292731 
258.000000    0.08877175 
258.400000    0.08131618 
258.800000    0.07141243 
259.200000    0.05974237 
259.600000    0.04675622 
260.000000    0.03263836 
260.400000    0.01726304 
260.800000    0.00034036 
261.200000    -0.01690730 
261.600000    -0.02470616 
262.000000    -0.01298029 
262.400000    0.00654168 
262.800000    0.02693284 
263.200000    0.04758296 
263.600000    0.06803016 
264.000000    0.08673829 
264.400000    0.10116696 
264.800000    0.10860848 
265.200000    0.10775274 
265.600000    0.09952356 
266.000000    0.08632908 
266.400000    0.07066227 
266.800000    0.05426833 
267.200000    0.03803432 
267.600000    0.02217856 
268.000000    0.00652168 
268.400000    -0.00867392 
268.800000    -0.01970832 
269.200000    -0.01849390 
269.600000    -0.00695228 
270.000000    0.00635668 
270.400000    0.01832833 
270.800000    0.02861838 
271.200000    0.03730110 
271.600000    0.04438017 
272.000000    0.04976416 
272.400000    0.05336596 
272.800000    0.05516652 
273.200000    0.05523334 
273.600000    0.05374233 
274.000000    0.05092956 
274.400000    0.04703650 
274.800000    0.04227354 
275.200000    0.03678178 
275.600000    0.03060936 
276.000000    0.02370992 
276.400000    0.01596786 
276.800000    0.00724284 
277.200000    -0.00237068 
277.600000    -0.01159166 
278.000000    -0.01656440 
278.400000    -0.01346637 
278.800000    -0.00451025 
279.200000    0.00602337 
279.600000    0.01628654 
280.000000    0.02592994 
280.400000    0.03495192 
280.800000    0.04330086 
281.200000    0.05078973 
281.600000    0.05710910 
282.000000    0.06189086 
282.400000    0.06479357 
282.800000    0.06557908 
283.200000    0.06415409 
283.600000    0.06056470 
284.000000    0.05495009 
284.400000    0.04747811 
284.800000    0.03827186 
285.200000    0.02733198 
285.600000    0.01448127 
286.000000    -0.00048516 
286.400000    -0.01622371 
286.800000    -0.02378015 
287.200000    -0.01335829 
287.600000    0.00536175 
288.000000    0.02545335 
288.400000    0.04594799 
288.800000    0.06612194 
289.200000    0.08433003 
289.600000    0.09827784 
290.000000    0.10586969 
290.400000    0.10632051 
290.800000    0.10041341 
291.200000    0.08984735 
291.600000    0.07639656 
292.000000    0.06140240 
292.400000    0.04565075 
292.800000    0.02942551 
293.200000    0.01256432 
293.600000    -0.00512097 
294.000000    -0.02083099 
294.400000    -0.02247508 
294.800000    -0.00776808 
295.200000    0.01068145 
295.600000    0.02878971 
296.000000    0.04626174 
296.400000    0.06264612 
296.800000    0.07677388 
297.200000    0.08696297 
297.600000    0.09169686 
298.000000    0.09045612 
298.400000    0.08400433 
298.800000    0.07393324 
299.200000    0.06189678 
299.600000    0.04913153 
300.000000    0.03634064 
300.400000    0.02376673 
300.800000    0.01135465 
301.200000    -0.00087563 
301.600000    -0.01175733 
302.000000    -0.01732132 
302.400000    -0.01392569 
302.800000    -0.00491440 
303.200000    0.00480668 
303.600000    0.01336032 
304.000000    0.02051365 
304.400000    0.02645926 
304.800000    0.03142199 
305.200000    0.03558211 
305.600000    0.03905358 
306.000000    0.04187255 
306.400000    0.04400983 
306.800000    0.04538298 
307.200000    0.04586573 
307.600000    0.04531755 
308.000000    0.04361173 
308.400000    0.04064440 
308.800000    0.03632936 
309.200000    0.03058589 
309.600000    0.02330079 
310.000000    0.01429563 
310.400000    0.00344163 
310.800000    -0.00869398 
311.200000    -0.01847301 
311.600000    -0.01802435 
312.000000    -0.00699538 
312.400000    0.00742345 
312.800000    0.02193869 
313.200000    0.03586360 
313.600000    0.04880478 
314.000000    0.06017659 
314.400000    0.06928377 
314.800000    0.07552099 
315.200000    0.07856132 
315.600000    0.07839825 
316.000000    0.07528145 
316.400000    0.06960565 
316.800000    0.06179787 
317.200000    0.05222221 
317.600000    0.04111363 
318.000000    0.02851528 
318.400000    0.01423298 
318.800000    -0.00195893 
319.200000    -0.01828998 
319.600000    -0.02400671 
320.000000    -0.01107494 
320.400000    0.00861471 
320.800000    0.02926987 
321.200000    0.05031611 
321.600000    0.07100045 
322.000000    0.08946619 
322.400000    0.10302994 
322.800000    0.10922558 
323.200000    0.10728467 
323.600000    0.09848547 
324.000000    0.08518055 
324.400000    0.06958309 
324.800000    0.05316614 
325.200000    0.03663517 
325.600000    0.02008993 
326.000000    0.00327106 
326.400000    -0.01318899 
326.800000    -0.02289789 
327.200000    -0.01630586 
327.600000    -0.00083419 
328.000000    0.01503866 
328.400000    0.02967729 
328.800000    0.04294251 
329.200000    0.05450805 
329.600000    0.06373276 
330.000000    0.06986893 
330.400000    0.07241990 
330.800000    0.07137119 
331.200000    0.06721061 
331.600000    0.06073920 
332.000000    0.05278544 
332.400000    0.04401642 
332.800000    0.03485737 
333.200000    0.02548803 
333.600000    0.01589702 
334.000000    0.00602443 
334.400000    -0.00385848 
334.800000    -0.01224493 
335.200000    -0.01565215 
335.600000    -0.01192072 
336.000000    -0.00391012 
336.400000    0.00481149 
336.800000    0.01281897 
337.200000    0.01990923 
337.600000    0.02622301 
338.000000    0.03192568 
338.400000    0.03710184 
338.800000    0.04173051 
339.200000    0.04568943 
339.600000    0.04877468 
340.000000    0.05073885 
340.400000    0.05134260 
340.800000    0.05040179 
341.200000    0.04780783 
341.600000    0.04351749 
342.000000    0.03752194 
342.400000    0.02979052 
342.800000    0.02020935 
343.200000    0.00858834 
343.600000    -0.00497769 
344.000000    -0.01796891 
344.400000    -0.02117427 
344.800000    -0.01000592 
345.200000    0.00664107 
345.600000    0.02390266 
346.000000    0.04085882 
346.400000    0.05684771 
346.800000    0.07079371 
347.200000    0.08145247 
347.600000    0.08784614 
348.000000    0.08964902 
348.400000    0.08718549 
348.800000    0.08117575 
349.200000    0.07244754 
349.600000    0.06173032 
350.000000    0.04954393 
350.400000    0.03615171 
350.800000    0.02151586 
351.200000    0.00534074 
351.600000    -0.01201545 
352.000000    -0.02425529 
352.400000    -0.01793320 
352.800000    0.00037218 
353.200000    0.02049749 
353.600000    0.04084307 
354.000000    0.06106078 
354.400000    0.07989566 
354.800000    0.09507561 
355.200000    0.10397408 
355.600000    0.10499813 
356.000000    0.09861355 
356.400000    0.08689115 
356.800000    0.07223626 
357.200000    0.05646317 
357.600000    0.04057054 
358.000000    0.02487769 
358.400000    0.00925507 
358.800000    -0.00623696 
359.200000    -0.01875163 
359.600000    -0.01991732 
360.000000    -0.00903622 
360.400000    0.00480956 
360.800000    0.01758784 
361.200000    0.02872043 
361.600000    0.03819393 
362.000000    0.04592199 
362.400000    0.05171532 
362.800000    0.05539917 
363.200000    0.05692368 
363.600000    0.05638871 
364.000000    0.05405306 
364.400000    0.05026391 
364.800000    0.04536581 
365.200000    0.03964152 
365.600000    0.03327039 
366.000000    0.02631164 
366.400000    0.01871521 
366.800000    0.01037871 
367.200000    0.00130163 
367.600000    -0.00788501 
368.000000    -0.01469440 
368.400000    -0.01508148 
368.800000    -0.00867578 
369.200000    0.00065128 
369.600000    0.01016474 
370.000000    0.01906317 
370.400000    0.02728197 
370.800000    0.03486738 
371.200000    0.04178044 
371.600000    0.04786374 
372.000000    0.05286246 
372.400000    0.05647359 
372.800000    0.05841336 
373.200000    0.05847844 
373.600000    0.05657841 
374.000000    0.05272784 
374.400000    0.04700560 
374.800000    0.03949448 
375.200000    0.03020659 
375.600000    0.01901954 
376.000000    0.00570593 
376.400000    -0.00941291 
376.800000    -0.02179178 
377.200000    -0.01952619 
377.600000    -0.00392655 
378.000000    0.01485906 
378.400000    0.03400321 
378.800000    0.05288198 
379.200000    0.07038069 
379.600000    0.08479114 
380.000000    0.09434788 
380.400000    0.09801245 
380.800000    0.09592025 
381.200000    0.08909433 
381.600000    0.07887676 
382.000000    0.06646955 
382.400000    0.05271715 
382.800000    0.03806581 
383.200000    0.02256667 
383.600000    0.00594000 
384.000000    -0.01152964 
384.400000    -0.02393129 
384.800000    -0.01827296 
385.200000    -0.00069223 
385.600000    0.01845415 
386.000000    0.03736027 
386.400000    0.05574309 
386.800000    0.07264238 
387.200000    0.08627722 
387.600000    0.09456821 
388.000000    0.09617790 
388.400000    0.09132830 
388.800000    0.08159219 
389.200000    0.06897204 
389.600000    0.05510209 
390.000000    0.04097410 
390.400000    0.02698754 
390.800000    0.01312521 
391.200000    -0.00066176 
391.600000    -0.01313990 
392.000000    -0.01921019 
392.400000    -0.01419710 
392.800000    -0.00313306 
393.200000    0.00821302 
393.600000    0.01813325 
394.000000    0.02648183 
394.400000    0.03338350 
394.800000    0.03892740 
395.200000    0.04314326 
395.600000    0.04604153 
396.000000    0.04762505 
396.400000    0.04791837 
396.800000    0.04698485 
397.200000    0.04490601 
397.600000    0.04176518 
398.000000    0.03762984 
398.400000    0.03252866 
398.800000    0.02643426 
399.200000    0.01926114 
399.600000    0.01088401 
400.000000    0.00127166 
400.400000    -0.00884298 
400.800000    -0.01630424 
401.200000    -0.01587733 
401.600000    -0.00759333 
402.000000    0.00356752 
