0.000000    0.00000000 
0.097366    0.00039100 
0.194731    0.00077853 
0.292097    0.00115951 
0.389462    0.00153131 
0.486828    0.00189171 
0.584194    0.00223880 
0.681560    0.00257101 
0.778927    0.00288701 
0.876295    0.00318572 
0.973664    0.00346624 
1.071034    0.00372783 
1.168406    0.00396991 
1.265780    0.00419198 
1.363156    0.00439366 
1.460535    0.00457463 
1.557917    0.00473465 
1.655304    0.00487350 
1.752694    0.00499104 
1.850090    0.00508712 
1.947490    0.00516166 
2.044897    0.00521456 
2.142310    0.00524576 
2.239730    0.00525520 
2.337157    0.00524286 
2.434593    0.00520870 
2.532037    0.00515271 
2.629490    0.00507489 
2.726953    0.00497527 
2.824427    0.00485388 
2.921910    0.00471079 
3.019405    0.00454611 
3.116911    0.00435998 
3.214429    0.00415260 
3.311960    0.00392424 
3.409502    0.00367526 
3.507058    0.00340610 
3.604626    0.00311734 
3.702207    0.00280971 
3.799802    0.00248412 
3.897410    0.00214169 
3.995031    0.00178379 
4.092666    0.00141209 
4.190314    0.00102861 
4.287974    0.00063576 
4.385648    0.00023638 
4.483335    -0.00016619 
4.581035    -0.00056811 
4.678747    -0.00096497 
4.776472    -0.00135184 
4.874209    -0.00172328 
4.971958    -0.00207344 
5.069719    -0.00239615 
5.167493    -0.00268514 
5.265280    -0.00293427 
5.363079    -0.00313780 
5.460892    -0.00329071 
5.558717    -0.00338902 
5.656557    -0.00343001 
5.754411    -0.00341244 
5.852279    -0.00333662 
5.950162    -0.00320442 
6.048061    -0.00301909 
6.145975    -0.00278505 
6.243905    -0.00250763 
6.341850    -0.00219272 
6.439811    -0.00184651 
6.537787    -0.00147520 
6.635779    -0.00108479 
6.733786    -0.00068094 
6.831807    -0.00026885 
6.929843    0.00014680 
7.027894    0.00056188 
7.125958    0.00097276 
7.224036    0.00137633 
7.322127    0.00176992 
7.420231    0.00215129 
7.518348    0.00251854 
7.616478    0.00287010 
7.714621    0.00320468 
7.812776    0.00352120 
7.910943    0.00381877 
8.009123    0.00409669 
8.107316    0.00435436 
8.205521    0.00459131 
8.303739    0.00480714 
8.401970    0.00500153 
8.500213    0.00517423 
8.598470    0.00532501 
8.696740    0.00545368 
8.795024    0.00556009 
8.893322    0.00564410 
8.991634    0.00570557 
9.089960    0.00574440 
9.188301    0.00576047 
9.286657    0.00575369 
9.385028    0.00572396 
9.483415    0.00567118 
9.581817    0.00559528 
9.680235    0.00549619 
9.778670    0.00537383 
9.877121    0.00522819 
9.975588    0.00505923 
10.074072    0.00486699 
10.172573    0.00465152 
10.271090    0.00441296 
10.369625    0.00415151 
10.468176    0.00386746 
10.566744    0.00356123 
10.665329    0.00323338 
10.763930    0.00288466 
10.862547    0.00251603 
10.961179    0.00212874 
11.059828    0.00172434 
11.158491    0.00130478 
11.257169    0.00087245 
11.355861    0.00043027 
11.454566    -0.00001825 
11.553285    -0.00046896 
11.652016    -0.00091698 
11.750759    -0.00135670 
11.849513    -0.00178179 
11.948278    -0.00218524 
12.047054    -0.00255953 
12.145841    -0.00289681 
12.244637    -0.00318924 
12.343444    -0.00342934 
12.442260    -0.00361044 
12.541087    -0.00372714 
12.639925    -0.00378590 
12.738774    -0.00376856 
12.837634    -0.00368116 
12.936504    -0.00352597 
13.035386    -0.00330716 
13.134279    -0.00303043 
13.233183    -0.00270259 
13.332097    -0.00233115 
13.431022    -0.00192384 
13.529957    -0.00148828 
13.628901    -0.00103175 
13.727853    -0.00056092 
13.826814    -0.00008183 
13.925782    0.00040020 
14.024757    0.00088055 
14.123739    0.00135530 
14.222726    0.00182108 
14.321717    0.00227512 
14.420714    0.00271509 
14.519714    0.00313910 
14.618718    0.00354560 
14.717726    0.00393331 
14.816736    0.00430124 
14.915749    0.00464856 
15.014765    0.00497462 
15.113783    0.00527889 
15.212803    0.00556096 
15.311826    0.00582048 
15.410852    0.00605716 
15.509880    0.00627077 
15.608910    0.00646109 
15.707944    0.00662793 
15.806980    0.00677801 
15.906020    0.00689816 
16.005063    0.00699429 
16.104110    0.00706620 
16.203161    0.00711367 
16.302217    0.00713650 
16.401277    0.00713450 
16.500343    0.00710749 
16.599414    0.00705523 
16.698490    0.00697750 
16.797573    0.00687404 
16.896662    0.00674460 
16.995758    0.00658891 
17.094861    0.00640670 
17.193971    0.00619775 
17.293088    0.00596183 
17.392213    0.00570326 
17.491345    0.00541307 
17.590484    0.00509550 
17.689632    0.00475057 
17.788786    0.00437841 
17.887948    0.00397933 
17.987117    0.00355379 
18.086293    0.00310255 
18.185474    0.00262668 
18.284662    0.00212767 
18.383854    0.00160752 
18.483051    0.00106886 
18.582252    0.00051508 
18.681456    -0.00004955 
18.780661    -0.00061967 
18.879868    -0.00118872 
18.979075    -0.00174884 
19.078282    -0.00229079 
19.177488    -0.00280404 
19.276692    -0.00327691 
19.375895    -0.00369701 
19.475095    -0.00405179 
19.574293    -0.00432936 
19.673490    -0.00451940 
19.772685    -0.00461448 
19.871879    -0.00460897 
19.971072    -0.00450325 
20.070265    -0.00429999 
20.169458    -0.00400569 
20.268651    -0.00362955 
20.367845    -0.00318257 
20.467037    -0.00267666 
20.566229    -0.00212378 
20.665419    -0.00153534 
20.764606    -0.00092174 
20.863790    -0.00029219 
20.962969    0.00034541 
21.062143    0.00098443 
21.161311    0.00161938 
21.260471    0.00224580 
21.359624    0.00286011 
21.458767    0.00345946 
21.557901    0.00404160 
21.657024    0.00460477 
21.756137    0.00514759 
21.855239    0.00566898 
21.954330    0.00616811 
22.053409    0.00664431 
22.152476    0.00709705 
22.251532    0.00752590 
22.350576    0.00793051 
22.449609    0.00831056 
22.548631    0.00866577 
22.647643    0.00899588 
22.746644    0.00930062 
22.845635    0.00957972 
22.944618    0.00983290 
23.043592    0.01005987 
23.142558    0.01026032 
23.241518    0.01043392 
23.340472    0.01058224 
23.439420    0.01070115 
23.538364    0.01079206 
23.637305    0.01085454 
23.736243    0.01088812 
23.835181    0.01089231 
