0.000000    0.00000000 
0.398548    0.00817918 
0.795746    0.01524271 
1.191058    0.02091685 
1.584221    0.02537831 
1.975182    0.02880795 
2.364073    0.03124776 
2.751178    0.03265281 
3.136893    0.03296166 
3.521670    0.03212543 
3.905975    0.03005738 
4.290228    0.02656212 
4.674685    0.02129114 
5.059259    0.01374225 
5.443263    0.00349090 
5.825193    -0.00892149 
6.203011    -0.02210018 
6.574637    -0.03557576 
6.938372    -0.04901560 
7.293609    -0.06145843 
7.641610    -0.07156577 
7.985611    -0.07806464 
8.329981    -0.08009723 
8.678866    -0.07736157 
9.035058    -0.07005706 
9.399454    -0.05869321 
9.771013    -0.04381830 
10.146831    -0.02570074 
10.521883    -0.00389785 
10.888316    0.02156671 
11.235435    0.05024782 
11.549426    0.08296649 
11.816850    0.11866807 
12.040427    0.15239956 
12.249097    0.17733183 
12.485592    0.18638655 
12.783746    0.16530018 
13.119684    0.10713669 
13.443118    0.04148828 
13.746306    -0.00797385 
14.026031    -0.04767307 
14.282896    -0.08083443 
14.521109    -0.10901365 
14.751345    -0.13101407 
14.988112    -0.14548163 
15.248114    -0.14952256 
15.544946    -0.13796601 
15.875376    -0.10691493 
16.216677    -0.06370157 
16.552976    -0.02426137 
16.885026    0.00368044 
17.218335    0.02000139 
17.557532    0.02679645 
17.905148    0.02627387 
18.261314    0.02021723 
18.624341    0.01028176 
18.991657    -0.00154794 
19.360763    -0.01211658 
19.730373    -0.01870346 
20.101247    -0.02009889 
20.475491    -0.01608633 
20.853701    -0.00695683 
21.233189    0.00609252 
21.610459    0.01950894 
21.983757    0.03040705 
22.351462    0.03882349 
22.710284    0.04743609 
23.055582    0.06020225 
23.384097    0.07850677 
23.700600    0.09756133 
24.021694    0.10842170 
24.366296    0.10282751 
24.737460    0.07823084 
25.118474    0.04178841 
25.490327    0.00300868 
25.839967    -0.03419450 
26.157213    -0.07002411 
26.430126    -0.10677090 
26.649214    -0.14467594 
26.829786    -0.17822580 
27.010791    -0.20165132 
27.239612    -0.21708496 
27.554394    -0.17694738 
27.878615    -0.09046932 
28.180072    -0.02157514 
28.456947    0.02811206 
28.706669    0.06906679 
28.937664    0.10143994 
29.165713    0.12467557 
29.412538    0.13354890 
29.690659    0.12989964 
30.001903    0.11068597 
30.335552    0.08246320 
30.679936    0.05435464 
31.028362    0.03188295 
31.379686    0.01722494 
31.734910    0.01009291 
32.094618    0.00895601 
32.459102    0.01138664 
32.828035    0.01439060 
33.200228    0.01571486 
33.574739    0.01413259 
33.951835    0.00892550 
34.331266    -0.00005189 
34.710392    -0.01136132 
35.086693    -0.02221675 
35.460079    -0.03127443 
35.830028    -0.03932816 
36.195031    -0.04679566 
36.555782    -0.05307516 
36.914408    -0.05831394 
37.272957    -0.06234824 
37.634719    -0.06339669 
38.003816    -0.05955347 
38.382098    -0.05015097 
38.767067    -0.03573220 
39.153853    -0.01757556 
39.538450    0.00294723 
39.916693    0.02380504 
40.283938    0.04426487 
40.636676    0.06447151 
40.973940    0.08331110 
41.300881    0.09738485 
41.628870    0.10253371 
41.968585    0.09630594 
42.323213    0.07944974 
42.688289    0.05667339 
43.058401    0.03347578 
43.430572    0.01212930 
43.801899    -0.00777756 
44.168590    -0.02578413 
44.527274    -0.04236802 
44.875605    -0.05830612 
45.212859    -0.07370318 
45.540692    -0.08783817 
45.864016    -0.09875048 
46.192020    -0.10250172 
46.534596    -0.09470577 
46.893557    -0.07518722 
47.261592    -0.04981488 
47.631061    -0.02502949 
47.998049    -0.00292979 
48.360778    0.01634953 
48.718663    0.03290827 
49.070919    0.04825324 
49.415499    0.06338572 
49.750634    0.07813865 
50.078215    0.09071893 
50.405656    0.09786500 
50.743051    0.09595481 
51.096167    0.08302396 
51.461796    0.06116340 
51.831966    0.03607771 
52.201035    0.01237128 
52.566778    -0.00862042 
52.928495    -0.02595743 
53.285949    -0.04034410 
53.639321    -0.05248313 
53.989781    -0.06230597 
54.339624    -0.06920010 
54.691756    -0.07224794 
55.048878    -0.07049353 
55.412718    -0.06341070 
55.783408    -0.05179933 
56.159492    -0.03798667 
56.538838    -0.02429950 
56.919519    -0.01166451 
57.300202    -0.00023779 
57.680449    0.00924317 
58.060581    0.01645001 
58.440895    0.02207577 
58.821103    0.02698185 
59.200253    0.03182698 
59.577215    0.03708061 
59.951436    0.04291541 
60.323219    0.04900923 
60.693457    0.05456745 
61.063388    0.05851546 
61.434614    0.05970837 
61.808942    0.05724660 
62.187842    0.05074990 
62.571920    0.04032868 
62.960408    0.02626282 
63.350447    0.00842899 
63.736350    -0.01313496 
64.110227    -0.03713946 
64.463146    -0.06385514 
64.787128    -0.09222929 
65.081938    -0.11823390 
65.362065    -0.13587624 
65.651788    -0.13963767 
65.970382    -0.12533386 
66.317323    -0.09369200 
66.675334    -0.05351418 
67.028020    -0.01385053 
67.365529    0.02235126 
67.682163    0.05462344 
67.975255    0.08393479 
68.246355    0.11001038 
68.503247    0.13158656 
68.762258    0.14581226 
69.047364    0.14621410 
69.373731    0.12306387 
69.722747    0.07743263 
70.067646    0.03081494 
70.405371    -0.00268054 
70.741592    -0.02320811 
71.081364    -0.03383202 
71.428108    -0.03719055 
71.783197    -0.03540642 
72.146256    -0.03058501 
72.515788    -0.02458441 
72.889747    -0.01877304 
73.266262    -0.01409233 
73.644249    -0.01137706 
74.023200    -0.01136739 
74.402366    -0.01436087 
74.780501    -0.02016129 
75.156406    -0.02834332 
75.529502    -0.03807678 
75.900498    -0.04747790 
76.272032    -0.05369553 
76.647892    -0.05410908 
77.030748    -0.04746698 
77.420412    -0.03420763 
77.813430    -0.01555751 
78.203011    0.00784973 
78.580012    0.03423694 
78.935237    0.06291569 
79.263531    0.09099514 
79.572266    0.11139384 
79.878871    0.11870625 
80.197202    0.11344709 
80.532482    0.09987655 
80.884861    0.08083749 
81.250174    0.05631059 
81.619571    0.02714202 
81.982341    -0.00454089 
82.328808    -0.03611495 
82.652112    -0.06655274 
82.948549    -0.09554245 
83.220018    -0.12184761 
83.479080    -0.14246756 
83.751412    -0.15107764 
84.063376    -0.13695973 
84.409130    -0.09459597 
84.756320    -0.04316651 
85.094896    -0.00351125 
85.429209    0.02285440 
85.763633    0.03925984 
86.102055    0.04811452 
86.447267    0.05096145 
86.800199    0.04982259 
87.160263    0.04687953 
87.525964    0.04377888 
87.895630    0.04139562 
88.268047    0.04005477 
88.642479    0.03978159 
89.018437    0.04032570 
89.395635    0.04111770 
89.774154    0.04130978 
90.154756    0.03991289 
90.538570    0.03611418 
90.926065    0.02948077 
91.316333    0.01973307 
91.707195    0.00657135 
92.095985    -0.00922249 
92.480286    -0.02560170 
92.857175    -0.04233903 
93.223533    -0.05869443 
93.579289    -0.07225803 
93.928340    -0.08120807 
94.276271    -0.08496686 
94.628589    -0.08312258 
94.989477    -0.07524861 
95.360296    -0.06156868 
95.739001    -0.04328403 
96.121337    -0.02206788 
96.502247    0.00095918 
96.876081    0.02420933 
97.237366    0.04702489 
97.581413    0.06997861 
97.905194    0.09270380 
98.211348    0.11270610 
98.513548    0.12448698 
98.832217    0.12099658 
99.177097    0.09822982 
99.537388    0.06294303 
99.899541    0.02833230 
100.258745    -0.00026134 
100.613544    -0.02310624 
100.963409    -0.04118594 
101.308646    -0.05574055 
101.650269    -0.06736086 
101.989801    -0.07645479 
102.329474    -0.08289436 
102.672691    -0.08543784 
103.023627    -0.08198354 
103.384784    -0.07142908 
103.754876    -0.05555821 
104.130459    -0.03802649 
104.508691    -0.02147254 
104.887782    -0.00637335 
105.266399    0.00720318 
105.643673    0.01859446 
106.018890    0.02840157 
106.391044    0.03764556 
106.759355    0.04671379 
107.124106    0.05534641 
107.486568    0.06291152 
107.848716    0.06819835 
108.213399    0.06940051 
108.583572    0.06522225 
108.960536    0.05587398 
109.343243    0.04273522 
109.729193    0.02740671 
110.115603    0.01088409 
110.499832    -0.00622704 
110.879780    -0.02236073 
111.254063    -0.03751852 
111.621191    -0.05249560 
111.979665    -0.06712164 
112.330034    -0.07968595 
112.676983    -0.08723709 
113.028078    -0.08695352 
113.389002    -0.07787583 
113.760019    -0.06177972 
114.137424    -0.04216915 
114.517220    -0.02203270 
114.896605    -0.00238399 
115.273312    0.01611159 
115.645091    0.03308015 
116.009276    0.04967929 
116.363012    0.06641152 
116.704855    0.08253831 
117.037907    0.09544635 
117.371598    0.10080743 
117.717022    0.09469697 
118.078082    0.07692305 
118.449600    0.05250896 
118.824573    0.02766339 
119.198675    0.00495326 
119.569354    -0.01519691 
119.934944    -0.03248641 
120.294056    -0.04819966 
120.645445    -0.06305771 
120.988729    -0.07686765 
121.325991    -0.08819596 
121.663472    -0.09403162 
122.009916    -0.09079583 
122.370362    -0.07710542 
122.742203    -0.05602008 
123.119191    -0.03303985 
123.496551    -0.01161586 
123.871597    0.00745604 
124.243059    0.02321934 
124.610540    0.03636826 
124.973879    0.04795135 
125.333177    0.05826380 
125.689367    0.06686646 
126.044850    0.07261951 
126.403412    0.07390383 
126.768712    0.06940133 
127.142148    0.05925234 
127.522319    0.04540320 
127.906533    0.03033825 
128.292273    0.01544595 
128.677502    0.00090189 
129.060651    -0.01251300 
129.440846    -0.02418830 
129.817623    -0.03486591 
130.190491    -0.04525871 
130.558909    -0.05547983 
130.922966    -0.06480687 
131.284397    -0.07163136 
131.646814    -0.07397812 
132.014243    -0.07049926 
132.388855    -0.06126593 
132.770036    -0.04772500 
133.155375    -0.03178335 
133.542023    -0.01460785 
133.927017    0.00364278 
134.307181    0.02189750 
134.679233    0.04014492 
135.039455    0.05924290 
135.384507    0.07882400 
135.714880    0.09644435 
136.039141    0.10742577 
136.371794    0.10666120 
136.722724    0.09182635 
137.089393    0.06634410 
137.462372    0.03747277 
137.834037    0.00999300 
138.199826    -0.01494444 
138.557217    -0.03660466 
138.904759    -0.05616398 
139.241587    -0.07425379 
139.568373    -0.09042432 
139.889870    -0.10250132 
140.216669    -0.10612845 
140.559895    -0.09669598 
140.920736    -0.07429600 
141.290579    -0.04622906 
141.661959    -0.02028118 
142.032030    0.00120824 
142.400268    0.01768025 
142.767267    0.02952864 
143.133735    0.03827759 
143.500040    0.04504202 
143.866319    0.05042775 
144.232855    0.05455736 
144.600406    0.05716780 
144.970181    0.05775609 
145.343480    0.05578547 
145.721199    0.05106518 
146.103480    0.04402452 
146.489747    0.03544506 
146.878986    0.02588182 
147.269959    0.01532764 
147.661157    0.00343792 
148.050737    -0.00929016 
148.436946    -0.02171962 
148.818361    -0.03395305 
149.193569    -0.04644935 
149.561345    -0.05896221 
149.921815    -0.07025185 
150.277674    -0.07838463 
150.634066    -0.08132637 
150.996603    -0.07760237 
151.368495    -0.06697346 
151.748976    -0.05072422 
152.134232    -0.03098795 
152.519361    -0.00927686 
152.899229    0.01359279 
153.268807    0.03628155 
153.622928    0.05959529 
153.956467    0.08378034 
154.268098    0.10691052 
154.567766    0.12373839 
154.877090    0.12683554 
155.213615    0.11026331 
155.572823    0.07668247 
155.937611    0.03884840 
156.297967    0.00570212 
156.650700    -0.02146836 
156.995658    -0.04304210 
157.334054    -0.06049112 
157.667798    -0.07442611 
157.999521    -0.08484262 
158.333146    -0.09090015 
158.674190    -0.09059080 
159.027376    -0.08181622 
159.392603    -0.06517470 
159.765408    -0.04501545 
160.141625    -0.02607928 
160.519303    -0.01021610 
160.897718    0.00258090 
161.276635    0.01202423 
161.656051    0.01864051 
162.035834    0.02366346 
162.415495    0.02814430 
162.794385    0.03269905 
163.172135    0.03762489 
163.548682    0.04301727 
163.924110    0.04849734 
164.299012    0.05301001 
164.674838    0.05528625 
165.053488    0.05437399 
165.436496    0.04973511 
165.824342    0.04131802 
166.216141    0.02955407 
166.609702    0.01484874 
167.001733    -0.00268881 
167.388244    -0.02162512 
167.765027    -0.04130846 
168.127823    -0.06183565 
168.474486    -0.08145951 
168.808786    -0.09654395 
169.141246    -0.10301728 
169.483699    -0.09838774 
169.841834    -0.08307933 
170.212926    -0.06040063 
170.589809    -0.03457285 
170.965444    -0.00826866 
171.334202    0.01736163 
171.691787    0.04126499 
172.034635    0.06433780 
172.360205    0.08666681 
172.669853    0.10672285 
172.974117    0.12013842 
173.292226    0.11982928 
173.636797    0.10022880 
173.999316    0.06602773 
174.364654    0.03100773 
174.726901    0.00256043 
175.085567    -0.01888874 
175.441997    -0.03410248 
175.797896    -0.04487941 
176.154537    -0.05249201 
176.512651    -0.05782235 
176.872686    -0.06132380 
177.235218    -0.06288524 
177.601217    -0.06193465 
177.971849    -0.05792995 
178.347806    -0.05098412 
178.728834    -0.04200731 
179.113927    -0.03212454 
179.501862    -0.02195968 
179.891471    -0.01140229 
180.281506    -0.00018881 
180.670477    0.01101658 
181.056868    0.02147651 
181.439532    0.03137445 
181.817851    0.04107932 
182.191539    0.05067263 
182.560863    0.05952038 
182.927406    0.06624419 
183.294248    0.06931929 
183.665036    0.06756649 
184.042430    0.06045682 
184.426804    0.04842064 
184.816095    0.03269877 
185.206719    0.01442907 
185.594463    -0.00584186 
185.975043    -0.02647967 
186.344207    -0.04748397 
186.697524    -0.06931848 
187.032669    -0.09052573 
187.354717    -0.10694991 
187.678297    -0.11272320 
188.018741    -0.10342516 
188.379084    -0.08002218 
188.750155    -0.04989391 
189.122222    -0.02036362 
189.489730    0.00628839 
189.849847    0.02919614 
190.201242    0.04915407 
190.543235    0.06716067 
190.876195    0.08318195 
191.203218    0.09588460 
191.532242    0.10194918 
191.873794    0.09695743 
192.232261    0.07934425 
192.602015    0.05412364 
192.975544    0.02911417 
193.349226    0.00795978 
193.721922    -0.00905532 
194.093612    -0.02162717 
194.464695    -0.03097721 
194.835367    -0.03852106 
195.205444    -0.04514143 
195.574603    -0.05112781 
195.942950    -0.05619109 
196.311518    -0.05956753 
196.682249    -0.06020831 
197.057263    -0.05724364 
197.437782    -0.05058441 
197.823591    -0.04101095 
198.213398    -0.02956582 
198.605430    -0.01681686 
198.997586    -0.00272383 
199.387379    0.01194723 
199.772483    0.02598720 
200.151205    0.03960305 
200.522491    0.05294907 
200.886315    0.06528811 
201.244783    0.07482183 
201.602639    0.07924986 
201.965616    0.07687452 
202.337395    0.06752752 
202.717798    0.05272235 
203.103655    0.03476369 
203.490820    0.01534944 
203.875258    -0.00494733 
204.253408    -0.02470758 
204.622202    -0.04398512 
204.978507    -0.06356339 
205.320227    -0.08281146 
205.650121    -0.09880076 
205.979160    -0.10629349 
206.321486    -0.10023987 
206.682264    -0.08016269 
207.054568    -0.05243513 
207.429482    -0.02477471 
207.801916    -0.00006116 
208.169415    0.02097621 
208.531058    0.03855112 
208.886430    0.05405346 
209.235379    0.06805714 
209.578803    0.08011974 
209.920302    0.08832413 
210.266716    0.08940356 
210.624417    0.08075539 
210.994015    0.06345367 
211.371035    0.04237803 
211.750976    0.02208223 
212.131196    0.00396408 
212.510177    -0.01152316 
212.887216    -0.02390384 
213.261956    -0.03429114 
213.633948    -0.04373531 
214.002800    -0.05254027 
214.368774    -0.06023690 
214.733418    -0.06568933 
215.099667    -0.06735488 
215.470826    -0.06399088 
215.848778    -0.05558592 
216.233079    -0.04350539 
216.621713    -0.02952533 
217.012250    -0.01468411 
217.402239    0.00081369 
217.789229    0.01589738 
218.171163    0.02994763 
218.546476    0.04357866 
218.914215    0.05688071 
219.274734    0.06889842 
219.630971    0.07751333 
219.988588    0.08011542 
220.353400    0.07505963 
220.727851    0.06287416 
221.110165    0.04605287 
221.496505    0.02735733 
221.883008    0.00814269 
222.266225    -0.01100393 
222.643330    -0.02890965 
223.011911    -0.04633649 
223.369629    -0.06389487 
223.715480    -0.08071894 
224.052996    -0.09381770 
224.392048    -0.09848307 
224.743543    -0.09091122 
225.110335    -0.07181217 
225.486587    -0.04697983 
225.865364    -0.02226024 
226.242288    0.00040422 
226.614776    0.02019728 
226.981473    0.03717666 
227.341453    0.05263815 
227.694090    0.06706129 
228.040059    0.07975030 
228.383252    0.08837702 
228.731165    0.08935019 
229.090550    0.08011736 
229.461849    0.06211572 
229.840297    0.04044503 
230.221185    0.01951241 
230.601634    0.00056664 
230.979930    -0.01562079 
231.355278    -0.02882192 
231.727224    -0.04025313 
232.095355    -0.05069474 
232.459665    -0.06007507 
232.821324    -0.06743445 
233.183213    -0.07110156 
233.549260    -0.06936911 
233.922365    -0.06166864 
234.302741    -0.04927677 
234.688405    -0.03451493 
235.076771    -0.01913828 
235.465453    -0.00362344 
235.852291    0.01131511 
236.235532    0.02474473 
236.613795    0.03729292 
236.986050    0.04948695 
237.352011    0.06098479 
237.713048    0.07042111 
238.072983    0.07557539 
238.437110    0.07435942 
238.809294    0.06618154 
239.189816    0.05248717 
239.576087    0.03579850 
239.964673    0.01803825 
240.352274    -0.00025799 
240.735806    -0.01806081 
241.112669    -0.03492590 
241.480435    -0.05179976 
241.837081    -0.06870925 
242.182977    -0.08396004 
242.523856    -0.09385671 
242.870167    -0.09402840 
243.229982    -0.08240807 
243.602756    -0.06166083 
243.982231    -0.03752309 
244.362575    -0.01402062 
244.739872    0.00787369 
245.111573    0.02710727 
245.476041    0.04441050 
245.831948    0.06076005 
246.178779    0.07601850 
246.518818    0.08843077 
246.859207    0.09433199 
247.209490    0.08970309 
247.573985    0.07373311 
247.948719    0.05092351 
248.327387    0.02746252 
248.705987    0.00622389 
249.082412    -0.01211436 
249.455799    -0.02686080 
249.825910    -0.03911238 
250.192598    -0.04985480 
250.555962    -0.05929252 
250.917022    -0.06675017 
251.278323    -0.07075630 
251.643498    -0.06963656 
252.015432    -0.06264555 
252.394573    -0.05083944 
252.779220    -0.03653220 
253.167022    -0.02166713 
253.555829    -0.00685613 
253.943721    0.00746177 
254.329132    0.02019550 
254.710862    0.03167681 
255.087949    0.04264656 
255.459868    0.05318365 
255.827042    0.06254850 
256.191595    0.06915494 
256.557438    0.07104826 
256.928685    0.06697902 
257.307379    0.05722982 
257.692711    0.04342011 
258.082099    0.02742325 
258.472455    0.01020399 
258.860503    -0.00785972 
259.243051    -0.02543990 
259.617193    -0.04285749 
259.980155    -0.06065323 
260.330518    -0.07787671 
260.671342    -0.09151053 
261.011997    -0.09704381 
261.363461    -0.09090947 
261.729808    -0.07347865 
262.106452    -0.04961632 
262.486410    -0.02472573 
262.864480    -0.00100470 
263.237134    0.02054690 
263.602164    0.03968764 
263.957930    0.05757772 
264.303444    0.07443520 
264.640145    0.08895566 
264.974691    0.09767025 
265.318030    0.09584713 
265.677145    0.08115127 
266.048810    0.05739251 
266.425443    0.03199899 
266.802190    0.00925335 
267.176900    -0.01006349 
267.548932    -0.02522853 
267.918391    -0.03728382 
268.285442    -0.04737906 
268.650293    -0.05597998 
269.013683    -0.06278849 
269.377422    -0.06677286 
269.744248    -0.06658458 
270.116640    -0.06139956 
270.495452    -0.05172949 
270.879734    -0.03931694 
271.267699    -0.02595429 
271.657511    -0.01241130 
272.047404    0.00120177 
272.435728    0.01390951 
272.821137    0.02524652 
273.202554    0.03587847 
273.579227    0.04620231 
273.950977    0.05593635 
274.318776    0.06399705 
274.685375    0.06863889 
275.054761    0.06823148 
275.430255    0.06216276 
275.812814    0.05113645 
276.200965    0.03669634 
276.591912    0.02024258 
276.982329    0.00221921 
277.368548    -0.01645885 
277.747060    -0.03489019 
278.114442    -0.05378776 
278.467889    -0.07286445 
278.808113    -0.08974308 
279.142956    -0.09990413 
279.485298    -0.09862727 
279.843608    -0.08429415 
280.215672    -0.06063101 
280.593624    -0.03410491 
280.970873    -0.00858268 
281.343104    0.01491079 
281.707710    0.03552498 
282.063030    0.05435727 
282.408037    0.07192289 
282.743625    0.08740249 
283.075389    0.09791805 
283.414160    0.09872381 
283.768841    0.08632394 
284.137915    0.06315566 
284.513352    0.03695689 
284.889496    0.01337456 
285.264069    -0.00646919 
285.636502    -0.02184338 
286.007087    -0.03354238 
286.376184    -0.04289247 
286.744027    -0.05064091 
287.111018    -0.05688209 
287.478188    -0.06105877 
287.847313    -0.06221335 
288.220379    -0.05950163 
288.598659    -0.05282097 
288.982159    -0.04310194 
289.369867    -0.03176070 
289.760337    -0.01973692 
290.151992    -0.00712893 
290.543115    0.00578580 
290.932020    0.01788027 
291.317292    0.02908644 
291.697842    0.03994544 
292.073001    0.05052816 
292.442918    0.06014379 
292.809388    0.06727578 
293.176083    0.07009507 
293.547204    0.06734198 
293.925369    0.05891580 
294.310463    0.04588482 
294.700164    0.02984918 
295.091095    0.01186356 
295.479328    -0.00765383 
295.860802    -0.02723647 
296.231603    -0.04710118 
296.587944    -0.06760023 
296.928362    -0.08715197 
297.258389    -0.10155966 
297.591629    -0.10520194 
297.940896    -0.09442406 
298.307360    -0.07125701 
298.682599    -0.04294543 
299.058397    -0.01542611 
299.429731    0.00970945 
299.793802    0.03143956 
300.149199    0.05063461 
300.495221    0.06808324 
300.832585    0.08342656 
301.165562    0.09461049 
301.503334    0.09758338 
301.855247    0.08843175 
302.222173    0.06791693 
302.597150    0.04273312 
302.974064    0.01932972 
303.350318    -0.00047478 
303.725146    -0.01606125 
304.098725    -0.02758128 
304.471414    -0.03642908 
304.843383    -0.04364824 
305.214714    -0.04969740 
305.585770    -0.05442990 
305.957491    -0.05723791 
306.331322    -0.05732697 
306.708770    -0.05408880 
307.090780    -0.04757745 
307.477322    -0.03859463 
307.867519    -0.02808854 
308.260014    -0.01648535 
308.653138    -0.00368261 
309.044888    0.00970839 
309.433258    0.02251986 
309.816591    0.03487117 
310.193677    0.04702852 
310.564049    0.05851109 
310.928910    0.06790091 
311.291837    0.07319987 
311.657821    0.07271195 
312.030863    0.06583748 
312.411986    0.05337344 
312.799216    0.03708072 
313.188974    0.01857983 
313.577108    -0.00153861 
313.959298    -0.02198167 
314.331506    -0.04231360 
314.689745    -0.06324027 
315.031444    -0.08389232 
315.360013    -0.10073187 
315.688225    -0.10788661 
316.031350    -0.10025444 
316.393698    -0.07814215 
316.767011    -0.04890334 
317.141953    -0.02020344 
317.513192    0.00556520 
317.878074    0.02746837 
318.235585    0.04614395 
318.585421    0.06263664 
318.928206    0.07698193 
319.266898    0.08789106 
319.608240    0.09232849 
319.960423    0.08673532 
320.326371    0.07056717 
320.701645    0.04844923 
321.080503    0.02644372 
321.459864    0.00721473 
321.838455    -0.00878609 
322.215936    -0.02094684 
322.592394    -0.03021842 
322.967856    -0.03782773 
323.342215    -0.04446815 
323.715510    -0.05020383 
324.088306    -0.05456879 
324.461807    -0.05676801 
324.837685    -0.05591517 
325.217526    -0.05152657 
325.602078    -0.04395398 
325.990952    -0.03409386 
326.382927    -0.02266903 
326.776317    -0.00980476 
327.168999    0.00435353 
327.558593    0.01848329 
327.942976    0.03212986 
328.320489    0.04561115 
328.690259    0.05852354 
329.053232    0.06940111 
329.413164    0.07601191 
329.775764    0.07632830 
330.145854    0.06956486 
330.524839    0.05663135 
330.910611    0.03961327 
331.299308    0.02047548 
331.686653    -0.00001532 
332.068360    -0.02065832 
332.440572    -0.04088291 
332.799563    -0.06148580 
333.142777    -0.08185896 
333.472981    -0.09883948 
333.802055    -0.10670043 
334.145234    -0.10002018 
334.507555    -0.07858754 
334.881142    -0.04963356 
335.256680    -0.02119562 
335.629003    0.00411574 
335.995685    0.02541376 
336.355956    0.04323130 
336.709694    0.05872607 
337.057453    0.07211653 
337.401539    0.08244517 
337.747287    0.08723023 
338.101653    0.08338049 
338.468050    0.07002733 
338.843724    0.05056497 
339.223800    0.03020757 
339.605130    0.01181121 
339.986147    -0.00417110 
340.366095    -0.01695106 
340.744745    -0.02689348 
341.121945    -0.03520088 
341.497455    -0.04264874 
341.871206    -0.04934048 
342.243708    -0.05478038 
342.616244    -0.05805835 
342.990764    -0.05808808 
343.369278    -0.05416776 
343.752885    -0.04654589 
344.141287    -0.03620193 
344.533126    -0.02406130 
344.926492    -0.01042963 
345.319042    0.00449636 
345.708209    0.01934248 
346.091716    0.03369796 
346.467769    0.04787968 
346.835540    0.06132634 
347.196413    0.07229817 
347.554946    0.07828017 
347.917466    0.07717006 
348.288576    0.06850862 
348.668737    0.05382671 
349.054992    0.03567622 
349.443194    0.01600330 
349.829153    -0.00454230 
350.208959    -0.02456926 
350.579225    -0.04408232 
350.936781    -0.06378022 
351.280035    -0.08276748 
351.612998    -0.09762303 
351.947700    -0.10276805 
352.297181    -0.09368105 
352.663746    -0.07154814 
353.039413    -0.04384356 
353.416289    -0.01727251 
353.790044    0.00639897 
354.158602    0.02626203 
354.521245    0.04301975 
354.877741    0.05776227 
355.228512    0.07061055 
355.575809    0.08044612 
355.924852    0.08470500 
356.282169    0.08050705 
356.650741    0.06734219 
357.027955    0.04858337 
357.409354    0.02896940 
357.791938    0.01097530 
358.174040    -0.00495594 
358.554749    -0.01794036 
358.933682    -0.02835596 
359.310557    -0.03733669 
359.685104    -0.04549858 
360.057425    -0.05272274 
360.428416    -0.05825138 
360.799912    -0.06091503 
361.174325    -0.05955596 
361.553655    -0.05376574 
361.938492    -0.04428118 
362.327923    -0.03240398 
362.720156    -0.01905244 
363.112993    -0.00439137 
363.503928    0.01089243 
363.890538    0.02554074 
364.270779    0.03980928 
364.643175    0.05378604 
365.007657    0.06642839 
365.366948    0.07553635 
365.726762    0.07849736 
366.093159    0.07373014 
366.468918    0.06177521 
366.852544    0.04500881 
367.240232    0.02603159 
367.627876    0.00611113 
368.011567    -0.01393917 
368.387970    -0.03295405 
368.754155    -0.05171083 
369.107745    -0.07032474 
369.449245    -0.08696809 
369.785715    -0.09738377 
370.129631    -0.09642825 
370.489407    -0.08197848 
370.862430    -0.05811280 
371.240821    -0.03211076 
371.618780    -0.00800544 
371.993085    0.01335155 
372.362207    0.03123207 
372.725471    0.04679271 
373.082541    0.06080782 
373.434040    0.07295262 
373.783034    0.08146981 
374.135590    0.08337121 
374.497705    0.07626939 
374.870564    0.06098748 
375.250569    0.04169861 
375.633584    0.02251199 
376.016992    0.00487997 
376.399181    -0.01063795 
376.779280    -0.02331179 
377.156815    -0.03402446 
377.531388    -0.04368818 
377.902884    -0.05244563 
378.272027    -0.05961783 
378.640764    -0.06389662 
379.011969    -0.06381439 
379.388255    -0.05858793 
379.770610    -0.04883968 
380.158158    -0.03622954 
380.548969    -0.02221818 
380.940771    -0.00726781 
381.331134    0.00815304 
381.717801    0.02270727 
382.098918    0.03654256 
382.473076    0.05002567 
382.839910    0.06248957 
383.201308    0.07210222 
383.562046    0.07634007 
383.927975    0.07330267 
384.302534    0.06305042 
384.685107    0.04767645 
385.072476    0.02983144 
385.460897    0.01103213 
385.846785    -0.00817766 
386.226977    -0.02641777 
386.598808    -0.04406762 
386.959935    -0.06164427 
387.309699    -0.07808089 
387.652192    -0.09016372 
387.997270    -0.09327840 
388.354613    -0.08433649 
388.725750    -0.06503254 
389.104960    -0.04122373 
389.486077    -0.01778162 
389.865057    0.00395984 
390.239430    0.02295520 
390.607870    0.03950085 
390.969459    0.05469017 
391.323926    0.06858236 
391.673130    0.07977909 
392.022598    0.08527899 
392.379825    0.08180949 
392.748703    0.06868797 
393.126817    0.04938295 
393.509300    0.02884929 
393.892591    0.00967025 
394.274541    -0.00758359 
394.653948    -0.02192965 
395.030237    -0.03399131 
395.402991    -0.04478574 
395.772088    -0.05453313 
396.138363    -0.06250513 
396.504171    -0.06717753 
396.872973    -0.06684776 
397.247662    -0.06070644 
397.628954    -0.04966420 
398.015485    -0.03584982 
398.405050    -0.02105015 
398.795363    -0.00578881 
399.184165    0.00938137 
399.569540    0.02327643 
399.949993    0.03626408 
400.324402    0.04879197 
400.692550    0.06031637 
401.056121    0.06921943 
401.419250    0.07320969 
401.787081    0.07048309 
402.162786    0.06101415 
402.546014    0.04668692 
402.934023    0.02993584 
403.323460    0.01216493 
403.711010    -0.00618401 
404.093648    -0.02373685 
404.468838    -0.04062004 
404.834369    -0.05740664 
405.189394    -0.07323512 
405.537008    -0.08530759 
405.885513    -0.08949228 
406.244027    -0.08277862 
406.615409    -0.06610797 
406.995552    -0.04426161 
407.378730    -0.02184521 
407.760638    -0.00044854 
408.138303    0.01895186 
408.509897    0.03605393 
408.874094    0.05196900 
409.230131    0.06689019 
409.579327    0.07947739 
409.927078    0.08660199 
410.281690    0.08456817 
410.648380    0.07212166 
411.025316    0.05252068 
411.407244    0.03111938 
411.790054    0.01098851 
412.171245    -0.00722474 
412.549414    -0.02251342 
412.923892    -0.03548364 
413.294211    -0.04716452 
413.660267    -0.05771447 
414.023150    -0.06622137 
414.385855    -0.07083861 
414.752589    -0.06959915 
415.126405    -0.06180263 
415.507406    -0.04888483 
415.893474    -0.03352271 
416.282037    -0.01767252 
416.670746    -0.00181520 
417.057492    0.01318836 
417.440696    0.02654147 
417.819177    0.03893787 
418.192158    0.05071022 
418.559868    0.06116475 
418.924420    0.06861907 
419.289955    0.07092517 
419.660919    0.06666860 
420.039470    0.05629619 
420.424670    0.04190739 
420.813838    0.02571917 
421.203959    0.00871962 
421.592051    -0.00861192 
421.975485    -0.02494485 
422.352091    -0.04062602 
422.720081    -0.05609665 
423.079050    -0.07040388 
423.432059    -0.08091749 
423.786297    -0.08408206 
424.149266    -0.07759141 
424.523371    -0.06250510 
424.905471    -0.04278786 
425.290783    -0.02213461 
425.675286    -0.00183344 
426.055825    0.01719885 
426.430167    0.03440065 
426.796527    0.05079496 
427.153686    0.06652532 
427.502710    0.08006761 
427.849275    0.08798632 
428.202479    0.08629791 
428.568228    0.07363852 
428.944754    0.05339855 
429.326436    0.03116302 
429.708743    0.01010171 
430.088813    -0.00906784 
430.465011    -0.02532338 
430.836507    -0.03942774 
431.202747    -0.05228799 
431.563822    -0.06378075 
431.921619    -0.07251157 
432.280539    -0.07603799 
432.645819    -0.07217299 
433.019992    -0.06088770 
433.401571    -0.04485962 
433.787317    -0.02748539 
434.174389    -0.01050102 
434.560555    0.00564204 
434.944165    0.01979196 
435.324174    0.03215332 
435.699816    0.04357803 
436.070804    0.05411149 
436.438039    0.06278634 
436.804230    0.06783259 
437.173358    0.06741448 
437.548684    0.06082826 
437.930938    0.04921384 
438.318522    0.03479083 
438.708907    0.01926037 
439.099445    0.00306684 
439.487536    -0.01298326 
439.870994    -0.02789469 
440.248034    -0.04227306 
440.617375    -0.05626493 
440.979293    -0.06868011 
441.337160    -0.07699661 
441.697277    -0.07831098 
442.065401    -0.07120215 
442.442998    -0.05703845 
442.827420    -0.03908470 
443.214701    -0.02004954 
443.601161    -0.00077026 
443.983581    0.01775847 
444.359436    0.03498273 
444.726558    0.05181349 
445.083493    0.06814402 
445.431598    0.08201678 
445.777476    0.08954629 
446.130936    0.08670657 
446.497541    0.07266228 
446.874761    0.05142325 
447.256647    0.02859390 
447.638521    0.00693100 
448.017303    -0.01281274 
448.391200    -0.02975915 
448.759179    -0.04490606 
449.120588    -0.05890024 
449.475937    -0.07114035 
449.828508    -0.07947726 
450.184622    -0.08075409 
450.550085    -0.07291878 
450.925716    -0.05732814 
451.307951    -0.03821224 
451.692806    -0.01921050 
452.077520    -0.00143325 
452.460239    0.01426389 
452.839948    0.02735651 
453.216064    0.03882778 
453.588234    0.04927054 
453.956794    0.05832215 
454.323510    0.06468871 
454.691633    0.06660780 
455.064598    0.06282433 
455.444099    0.05361363 
455.829469    0.04079847 
456.218712    0.02643483 
456.609551    0.01148073 
456.999679    -0.00381871 
457.386963    -0.01824097 
457.769715    -0.03156735 
458.146598    -0.04443835 
458.516944    -0.05665568 
458.881722    -0.06684951 
459.244458    -0.07272731 
459.610429    -0.07209893 
459.983752    -0.06433335 
460.365060    -0.05094475 
460.752039    -0.03449532 
461.141337    -0.01680336 
461.529529    0.00166381 
461.913349    0.01973699 
462.290021    0.03703845 
462.657073    0.05430315 
463.013081    0.07098017 
463.360263    0.08449139 
463.706549    0.09055127 
464.061988    0.08550360 
464.430862    0.06955233 
464.809526    0.04740975 
465.191892    0.02429725 
465.573290    0.00226834 
465.950514    -0.01775829 
466.321650    -0.03528887 
466.685443    -0.05141508 
467.041250    -0.06638081 
467.390476    -0.07889486 
467.738535    -0.08584620 
468.093658    -0.08353897 
468.460855    -0.07079919 
468.838104    -0.05106005 
469.220181    -0.02976093 
469.603133    -0.00990218 
469.984615    0.00784215 
470.363409    0.02246982 
470.739043    0.03462997 
471.111252    0.04533195 
471.480087    0.05476927 
471.846599    0.06215987 
472.213358    0.06595134 
472.583777    0.06458800 
472.960288    0.05760542 
473.343056    0.04621992 
473.730509    0.03258611 
474.120575    0.01826842 
474.511185    0.00361927 
474.900308    -0.01067003 
475.286272    -0.02358433 
475.667797    -0.03559485 
476.043994    -0.04710163 
476.414847    -0.05756011 
476.781990    -0.06547095 
477.149022    -0.06881087 
477.520268    -0.06607441 
477.898414    -0.05732704 
478.283286    -0.04419159 
478.672643    -0.02865695 
479.063481    -0.01179274 
479.452538    0.00606166 
479.836632    0.02352408 
480.212970    0.04062653 
480.579130    0.05779093 
480.934323    0.07386068 
481.282181    0.08566819 
481.631572    0.08897491 
481.991432    0.08115513 
482.363926    0.06373700 
482.744645    0.04164755 
483.127904    0.01908908 
483.509272    -0.00267067 
483.885530    -0.02249903 
484.254575    -0.04040845 
484.614823    -0.05736785 
484.965702    -0.07311891 
485.309911    -0.08550092 
485.655296    -0.09042309 
486.011248    -0.08408647 
486.380754    -0.06682890 
486.759095    -0.04408416 
487.140389    -0.02154693 
487.521034    -0.00117693 
487.899101    0.01619036 
488.273869    0.03025575 
488.645128    0.04219527 
489.012855    0.05266071 
489.377681    0.06134455 
489.741704    0.06693263 
490.108444    0.06762150 
490.481146    0.06230894 
490.860763    0.05167090 
491.245900    0.03794440 
491.634349    0.02334203 
492.024069    0.00873738 
492.413188    -0.00551364 
492.800143    -0.01825685 
493.183817    -0.02954881 
493.563387    -0.04009270 
493.938530    -0.04991614 
494.309937    -0.05818713 
494.679753    -0.06339899 
495.051327    -0.06393695 
495.427803    -0.05903628 
495.810500    -0.04935305 
496.198578    -0.03645395 
496.589873    -0.02169172 
496.981647    -0.00547026 
497.370818    0.01159086 
497.754428    0.02821691 
498.129857    0.04478925 
498.495115    0.06120916 
498.850573    0.07566774 
499.201282    0.08470888 
499.556026    0.08474686 
499.921596    0.07456343 
500.298226    0.05664994 
500.681421    0.03539379 
501.066089    0.01371882 
501.447979    -0.00758498 
501.823787    -0.02722473 
502.191062    -0.04566076 
502.547828    -0.06354775 
502.893890    -0.07993319 
503.233981    -0.09154451 
503.578621    -0.09342355 
503.937133    -0.08234877 
504.309305    -0.06086821 
504.688263    -0.03603786 
505.068231    -0.01282874 
505.446040    0.00768458 
505.820228    0.02454035 
506.190409    0.03846127 
506.556535    0.05049774 
506.918969    0.06080517 
507.279340    0.06843261 
507.641169    0.07145690 
508.008665    0.06806807 
508.383978    0.05818921 
508.766036    0.04400234 
509.152237    0.02843242 
509.540245    0.01313979 
509.928223    -0.00151100 
510.314709    -0.01452078 
510.698742    -0.02555586 
511.079646    -0.03542573 
511.457019    -0.04455756 
511.831134    -0.05258497 
512.203328    -0.05846426 
512.576021    -0.06079662 
512.952022    -0.05848443 
513.333241    -0.05149718 
513.719852    -0.04091032 
514.110536    -0.02805819 
514.503156    -0.01362887 
514.895079    0.00224461 
515.283436    0.01830907 
515.665640    0.03397020 
516.039520    0.04959785 
516.404040    0.06442894 
516.761137    0.07613524 
517.116828    0.08145699 
517.478657    0.07797892 
517.850747    0.06592124 
518.231836    0.04817839 
518.617710    0.02813643 
519.003892    0.00746498 
519.386324    -0.01311266 
519.761672    -0.03242684 
520.127139    -0.05125500 
520.480572    -0.06973382 
520.822830    -0.08595521 
521.161358    -0.09548308 
521.508450    -0.09313079 
521.871289    -0.07730287 
522.246184    -0.05296286 
522.625510    -0.02748549 
523.004116    -0.00424643 
523.379196    0.01593636 
523.749592    0.03256779 
524.114964    0.04683311 
524.475364    0.05933720 
524.831861    0.06956835 
525.187726    0.07568436 
525.548214    0.07514342 
525.917430    0.06666297 
526.295293    0.05193152 
526.678674    0.03466557 
527.064454    0.01772377 
527.450511    0.00189552 
527.835387    -0.01203134 
528.218253    -0.02344288 
528.598627    -0.03316837 
528.976172    -0.04191727 
529.350985    -0.04964404 
529.724055    -0.05558714 
530.097337    -0.05856732 
530.473247    -0.05747351 
530.853683    -0.05194843 
531.239205    -0.04274696 
531.629003    -0.03116690 
532.021413    -0.01807488 
532.414270    -0.00358231 
532.805058    0.01156600 
533.191397    0.02615068 
533.571317    0.04041866 
533.943515    0.05427275 
534.308363    0.06635169 
534.669196    0.07420486 
535.031904    0.07533241 
535.401800    0.06871674 
535.780514    0.05559756 
536.165956    0.03860030 
536.554391    0.01989569 
536.941848    0.00017352 
537.324468    -0.01946420 
537.698909    -0.03843138 
538.062141    -0.05746497 
538.412416    -0.07587745 
538.752734    -0.09053977 
539.093359    -0.09622794 
539.446218    -0.08869520 
539.814509    -0.06893282 
540.192100    -0.04353574 
540.571910    -0.01856838 
540.949440    0.00425492 
541.322115    0.02391579 
541.688787    0.04074853 
542.048928    0.05578843 
542.402817    0.06900475 
542.752956    0.07887643 
543.105191    0.08237909 
543.466230    0.07669112 
543.838325    0.06213012 
544.218229    0.04284274 
544.601514    0.02336624 
544.985280    0.00551170 
545.367851    -0.01008362 
545.748439    -0.02260475 
546.126762    -0.03285940 
546.502646    -0.04175968 
546.876171    -0.04949309 
547.248193    -0.05545772 
547.620585    -0.05853888 
547.995697    -0.05765040 
548.375322    -0.05237790 
548.759940    -0.04340285 
549.148789    -0.03211181 
549.540405    -0.01956448 
549.932942    -0.00596401 
550.324265    0.00818938 
550.712351    0.02159495 
551.095584    0.03429907 
551.472861    0.04655515 
551.844080    0.05767654 
552.210986    0.06600477 
552.577494    0.06945103 
552.948238    0.06660283 
553.326060    0.05763904 
553.710787    0.04418043 
554.100035    0.02813605 
554.490516    0.01049514 
554.878570    -0.00833546 
555.260590    -0.02692251 
555.633290    -0.04549609 
555.993857    -0.06420102 
556.342103    -0.08117037 
556.684077    -0.09218065 
557.031348    -0.09234731 
557.392564    -0.07974514 
557.766709    -0.05793526 
558.147111    -0.03327906 
558.527824    -0.00948549 
558.904761    0.01256566 
559.275387    0.03187232 
559.638201    0.04936259 
559.992363    0.06554579 
560.338912    0.07942391 
560.683107    0.08796516 
561.034017    0.08696645 
561.397988    0.07443348 
561.773204    0.05370042 
562.153685    0.03109188 
562.535030    0.01035066 
562.914944    -0.00773460 
563.292475    -0.02222129 
563.667484    -0.03379975 
564.040018    -0.04353564 
564.410298    -0.05177588 
564.779248    -0.05801530 
565.148914    -0.06107607 
565.521924    -0.05977301 
565.900120    -0.05375232 
566.283665    -0.04391986 
566.671425    -0.03196222 
567.061840    -0.01919032 
567.453246    -0.00591741 
567.843864    0.00737606 
568.232100    0.01951561 
568.616748    0.03059097 
568.996991    0.04106823 
569.372671    0.05071161 
569.744746    0.05848868 
570.115646    0.06282198 
570.488817    0.06228879 
570.867153    0.05648303 
571.251595    0.04622778 
571.641025    0.03291998 
572.033049    0.01756981 
572.424575    0.00038586 
572.812085    -0.01755339 
573.192218    -0.03538506 
573.561928    -0.05350281 
573.919544    -0.07093581 
574.267726    -0.08458154 
574.615135    -0.09001803 
574.971868    -0.08412909 
575.341781    -0.06780734 
575.721209    -0.04574796 
576.104137    -0.02253413 
576.485514    0.00019483 
576.861484    0.02135198 
577.229414    0.04063311 
577.587344    0.05897565 
577.934553    0.07604115 
578.274277    0.08934186 
578.615904    0.09414643 
578.970105    0.08617659 
579.339127    0.06631132 
579.716612    0.04137436 
580.096133    0.01764107 
580.474262    -0.00318499 
580.849496    -0.02021256 
581.221583    -0.03372589 
581.590683    -0.04493337 
581.957132    -0.05434668 
582.321936    -0.06156677 
582.687402    -0.06530426 
583.056734    -0.06405562 
583.432238    -0.05729734 
583.813948    -0.04618071 
584.200204    -0.03289193 
584.589074    -0.01916081 
584.978874    -0.00548343 
585.368037    0.00761151 
585.755292    0.01906920 
586.139741    0.02913442 
586.520769    0.03841889 
586.898267    0.04691140 
587.272970    0.05390977 
587.646643    0.05819850 
588.021888    0.05848770 
588.401203    0.05417007 
588.785796    0.04571680 
589.175188    0.03422927 
589.567636    0.02061345 
589.960615    0.00507074 
590.351017    -0.01174579 
590.735716    -0.02846172 
591.111949    -0.04525130 
591.477824    -0.06168544 
591.834246    -0.07558683 
592.186873    -0.08341704 
592.544292    -0.08206283 
592.912331    -0.07104595 
593.290630    -0.05315385 
593.674828    -0.03232659 
594.060010    -0.01085943 
594.441797    0.01054039 
594.816626    0.03056319 
595.181657    0.04983279 
595.534693    0.06865949 
595.876323    0.08536400 
596.213690    0.09560695 
596.559339    0.09391961 
596.921067    0.07824668 
597.295246    0.05354652 
597.673980    0.02770643 
598.052108    0.00440701 
598.426997    -0.01555221 
598.797713    -0.03170007 
599.164169    -0.04522469 
599.526624    -0.05679114 
599.886127    -0.06605050 
600.245464    -0.07147973 
600.608996    -0.07095253 
600.980189    -0.06340711 
601.359149    -0.05024104 
601.743374    -0.03456334 
602.130171    -0.01888059 
602.517597    -0.00395573 
602.904200    0.00954526 
603.289041    0.02076288 
603.671548    0.03027046 
604.051324    0.03879753 
604.428366    0.04640919 
604.803457    0.05249353 
605.178245    0.05600656 
605.554914    0.05584912 
605.935432    0.05148602 
606.320715    0.04338157 
606.710335    0.03260339 
607.102843    0.01996510 
607.496109    0.00559549 
607.887479    -0.00992697 
608.274290    -0.02518562 
608.654294    -0.04021175 
609.025990    -0.05482191 
609.389772    -0.06747148 
609.749362    -0.07548381 
610.111162    -0.07625801 
610.480667    -0.06890419 
610.859262    -0.05494628 
611.244502    -0.03723256 
611.632410    -0.01793923 
612.018835    0.00229038 
612.399835    0.02219380 
612.772062    0.04146644 
613.132564    0.06074223 
613.480160    0.07896475 
613.819280    0.09245765 
614.161476    0.09570267 
614.517760    0.08507152 
614.888748    0.06308844 
615.267214    0.03719703 
615.646649    0.01267571 
616.023174    -0.00934974 
616.394760    -0.02790195 
616.760631    -0.04378531 
617.120575    -0.05782900 
617.475360    -0.06972366 
617.828112    -0.07767115 
618.184705    -0.07872961 
618.550526    -0.07089366 
618.926181    -0.05555204 
619.308128    -0.03697237 
619.692613    -0.01877021 
620.077241    -0.00204076 
620.460572    0.01242498 
620.841928    0.02405052 
621.221015    0.03372716 
621.597652    0.04219734 
621.972032    0.04945794 
622.345210    0.05478085 
622.719151    0.05706180 
623.096061    0.05535039 
623.477433    0.04943811 
623.863499    0.04014365 
624.253398    0.02875424 
624.645618    0.01604709 
625.038195    0.00210841 
625.428874    -0.01217506 
625.815616    -0.02568093 
626.196846    -0.03865193 
626.571695    -0.05099130 
626.940710    -0.06153089 
627.306676    -0.06824611 
627.674247    -0.06912649 
628.047675    -0.06338354 
628.428520    -0.05199072 
628.815429    -0.03696700 
629.205440    -0.01997697 
629.595009    -0.00151469 
629.980373    0.01741079 
630.358116    0.03592616 
630.725170    0.05460018 
631.079764    0.07264624 
631.424676    0.08689676 
631.769403    0.09239760 
632.124931    0.08543182 
632.494612    0.06712654 
632.873459    0.04333310 
633.255005    0.01935871 
633.634573    -0.00322946 
634.009035    -0.02334301 
634.376627    -0.04109048 
634.736293    -0.05740437 
635.088101    -0.07200025 
635.435180    -0.08277720 
635.784959    -0.08592155 
636.145289    -0.07829132 
636.517718    -0.06099840 
636.897606    -0.03947650 
637.279963    -0.01861049 
637.661831    0.00015610 
638.041658    0.01594180 
638.418927    0.02852903 
638.793539    0.03901819 
639.165541    0.04803959 
639.535484    0.05537533 
639.905019    0.05999515 
640.276783    0.06056223 
640.653181    0.05629304 
641.035073    0.04762249 
641.421674    0.03608173 
641.811436    0.02326334 
642.202656    0.00981383 
642.593485    -0.00399383 
642.982140    -0.01692840 
643.367238    -0.02866937 
643.747821    -0.03970446 
644.123604    -0.04989029 
644.495477    -0.05821140 
644.865892    -0.06303521 
645.238406    -0.06281752 
645.616063    -0.05705713 
645.999885    -0.04663776 
646.388773    -0.03313692 
646.780340    -0.01771150 
647.171535    -0.00062518 
647.558955    0.01704534 
647.939470    0.03439789 
648.310376    0.05182794 
648.670295    0.06845663 
649.021763    0.08136960 
649.372684    0.08639763 
649.732195    0.08065043 
650.103804    0.06507477 
650.484299    0.04412196 
650.868311    0.02203811 
651.251203    0.00029730 
651.629301    -0.02004862 
652.000064    -0.03857851 
652.361621    -0.05619694 
652.713258    -0.07258691 
653.057853    -0.08534258 
653.403848    -0.09000845 
653.760932    -0.08272089 
654.131539    -0.06438740 
654.510414    -0.04110648 
654.891722    -0.01850138 
655.271977    0.00181738 
655.649337    0.01892436 
656.023170    0.03284764 
656.393346    0.04471487 
656.760049    0.05493647 
657.124364    0.06290067 
657.489003    0.06701726 
657.857727    0.06553491 
658.233138    0.05794240 
658.615089    0.04570001 
659.001542    0.03132486 
659.390263    0.01661994 
659.779362    0.00205687 
660.167174    -0.01152866 
660.552471    -0.02330143 
660.934411    -0.03381734 
661.312507    -0.04350701 
661.687028    -0.05198527 
662.059420    -0.05813289 
662.432286    -0.06047880 
662.808547    -0.05792051 
663.190067    -0.05050561 
663.576887    -0.03943379 
663.967578    -0.02611812 
664.359895    -0.01121486 
664.751060    0.00502042 
665.138174    0.02115260 
665.518754    0.03685594 
665.890918    0.05231858 
666.254372    0.06635370 
666.612229    0.07623609 
666.971175    0.07875117 
667.337782    0.07224767 
667.714157    0.05806955 
668.097811    0.03965622 
668.484584    0.01990471 
668.870403    -0.00027191 
669.251619    -0.01975509 
669.625381    -0.03804262 
669.989388    -0.05589783 
670.342626    -0.07272981 
670.688190    -0.08568396 
671.035101    -0.09002173 
671.393209    -0.08212602 
671.764681    -0.06340652 
672.144211    -0.04002231 
672.525971    -0.01718850 
672.906197    0.00372194 
673.282652    0.02168562 
673.654327    0.03690020 
674.020782    0.05037934 
674.382222    0.06216963 
674.740544    0.07099551 
675.100168    0.07439340 
675.466333    0.07015159 
675.841347    0.05844379 
676.223405    0.04225551 
676.609178    0.02506778 
676.995983    0.00849754 
677.381879    -0.00692228 
677.765563    -0.02007754 
678.146295    -0.03129050 
678.523600    -0.04134614 
678.897465    -0.05027535 
679.268928    -0.05722322 
679.640350    -0.06076203 
680.014709    -0.05956742 
680.394163    -0.05327051 
680.779055    -0.04287259 
681.168193    -0.03006120 
681.559658    -0.01595846 
681.951157    -0.00079580 
682.340207    0.01439438 
682.724680    0.02866469 
683.102968    0.04239901 
683.474328    0.05531863 
683.839886    0.06586874 
684.203498    0.07158191 
684.570622    0.07030641 
684.945145    0.06171674 
685.327311    0.04768169 
685.714640    0.03087073 
686.103766    0.01289441 
686.491175    -0.00579207 
686.873601    -0.02379036 
687.248396    -0.04110420 
687.613467    -0.05814171 
687.968588    -0.07363337 
688.318114    -0.08417451 
688.671104    -0.08543583 
689.035241    -0.07534193 
689.410812    -0.05655328 
689.792870    -0.03455975 
690.176446    -0.01297954 
690.557904    0.00735153 
690.934765    0.02526301 
691.305568    0.04122404 
691.669428    0.05597610 
692.026655    0.06896639 
692.380461    0.07793834 
692.737403    0.07949586 
693.103588    0.07150427 
693.479835    0.05558912 
693.862451    0.03628926 
694.247410    0.01722172 
694.631930    -0.00061742 
695.014169    -0.01625525 
695.393151    -0.02937352 
695.768342    -0.04092091 
696.139570    -0.05124804 
696.507632    -0.05966915 
696.874992    -0.06458418 
697.245310    -0.06423684 
697.621485    -0.05791188 
698.003992    -0.04667857 
698.391250    -0.03275716 
698.781040    -0.01789925 
699.171150    -0.00259440 
699.559402    0.01229954 
699.944033    0.02578075 
700.323780    0.03831733 
700.697989    0.05004068 
701.067304    0.05998446 
701.434382    0.06625242 
701.803484    0.06682044 
702.178351    0.06082806 
702.560104    0.04934571 
702.947285    0.03462985 
703.337269    0.01846031 
703.727101    0.00133142 
704.113756    -0.01574848 
704.494695    -0.03188326 
704.867924    -0.04760771 
705.232459    -0.06249843 
705.590062    -0.07438879 
705.946596    -0.07980533 
706.309542    -0.07595483 
706.682626    -0.06311955 
707.064033    -0.04483420 
707.449583    -0.02499631 
707.835379    -0.00523510 
708.218130    0.01369519 
708.595404    0.03079861 
708.965462    0.04685557 
709.327290    0.06201898 
709.682053    0.07475117 
710.035039    0.08170479 
710.394212    0.07931677 
710.764317    0.06689147 
711.143627    0.04799852 
711.527494    0.02754098 
711.912066    0.00793932 
712.294638    -0.01014380 
712.673499    -0.02566515 
713.047698    -0.03932303 
713.416715    -0.05176129 
713.780989    -0.06247958 
714.143033    -0.06968656 
714.507520    -0.07093206 
714.878824    -0.06477065 
715.258026    -0.05223853 
715.643001    -0.03633225 
716.030784    -0.01970362 
716.418841    -0.00323637 
716.805040    0.01225604 
717.187843    0.02584854 
717.566223    0.03816720 
717.939643    0.04953412 
718.308685    0.05918168 
718.675820    0.06535784 
719.045072    0.06606588 
719.420006    0.06033500 
719.801661    0.04912204 
720.188588    0.03472510 
720.578332    0.01906479 
720.968278    0.00271901 
721.355798    -0.01342704 
721.738731    -0.02834276 
722.115482    -0.04252384 
722.485248    -0.05588010 
722.849098    -0.06691664 
723.211055    -0.07298629 
723.576953    -0.07161350 
723.950799    -0.06236008 
724.332471    -0.04743965 
724.719114    -0.03003570 
725.107385    -0.01199793 
725.494107    0.00617326 
725.876521    0.02314452 
726.252561    0.03901887 
726.620727    0.05430419 
726.980980    0.06807450 
727.336677    0.07761884 
727.694823    0.07936046 
728.061858    0.07137553 
728.438843    0.05549102 
728.822287    0.03608443 
729.208051    0.01645421 
729.592827    -0.00254873 
729.974061    -0.01981399 
730.350071    -0.03519754 
730.719719    -0.04953588 
731.082747    -0.06259396 
731.441182    -0.07258075 
731.800280    -0.07647386 
732.166214    -0.07181605 
732.541550    -0.05902454 
732.924145    -0.04154818 
733.310237    -0.02305852 
733.696697    -0.00503056 
734.081101    0.01180518 
734.461796    0.02646779 
734.837745    0.03965275 
735.208394    0.05177750 
735.574358    0.06207101 
735.938422    0.06858070 
736.305234    0.06899429 
736.678733    0.06223655 
737.059633    0.04959398 
737.445836    0.03391642 
737.834528    0.01745857 
738.223117    0.00087909 
738.609288    -0.01481797 
738.991320    -0.02887956 
739.368038    -0.04194211 
739.738972    -0.05399721 
740.105241    -0.06378695 
740.470320    -0.06906760 
740.839058    -0.06772671 
741.214810    -0.05934775 
741.597574    -0.04578037 
741.985019    -0.02978423 
742.374294    -0.01303644 
742.762599    0.00402142 
743.147391    0.02009358 
743.526753    0.03496906 
743.899328    0.04919069 
744.264902    0.06212677 
744.625838    0.07163161 
744.987566    0.07471740 
745.355893    0.06943617 
745.732997    0.05666503 
746.116903    0.03967088 
746.504143    0.02150606 
746.891469    0.00322411 
747.275988    -0.01435117 
747.655482    -0.03032363 
748.028321    -0.04541186 
748.393629    -0.05962828 
748.752637    -0.07138310 
749.110166    -0.07758802 
749.473137    -0.07523063 
749.845692    -0.06389870 
750.226636    -0.04665182 
750.612089    -0.02756291 
750.998457    -0.00868794 
751.382855    0.00935969 
751.763160    0.02540763 
752.137967    0.03998567 
752.506408    0.05360221 
752.868914    0.06544992 
753.228625    0.07324009 
753.591288    0.07405552 
753.961885    0.06642902 
754.341095    0.05197147 
754.726021    0.03434146 
755.113202    0.01633653 
755.499807    -0.00125729 
755.883592    -0.01733299 
756.263069    -0.03149330 
756.637286    -0.04450404 
757.006020    -0.05628821 
757.370742    -0.06548429 
757.735300    -0.06976539 
758.104554    -0.06710765 
758.481287    -0.05743314 
758.864770    -0.04299195 
759.252331    -0.02668401 
759.641193    -0.01003281 
760.028831    0.00645002 
760.413148    0.02145593 
760.792693    0.03507435 
761.166556    0.04781734 
761.534885    0.05909684 
761.899905    0.06708541 
762.266062    0.06938104 
762.637894    0.06451030 
763.017166    0.05323780 
763.402467    0.03816563 
763.791061    0.02174434 
764.180158    0.00484295 
764.567059    -0.01183706 
764.949536    -0.02716929 
765.325924    -0.04166347 
765.695239    -0.05542436 
766.058263    -0.06710234 
766.418885    -0.07398711 
766.783241    -0.07328491 
767.155825    -0.06422303 
767.536651    -0.04901354 
767.922673    -0.03116908 
768.310425    -0.01284420 
768.696772    0.00543208 
769.079041    0.02239040 
769.455252    0.03809728 
769.823984    0.05312776 
770.185167    0.06669096 
770.541896    0.07626036 
770.900803    0.07836355 
771.268230    0.07095760 
771.645449    0.05559237 
772.029142    0.03648640 
772.415208    0.01701907 
772.800383    -0.00185073 
773.182170    -0.01900497 
773.558958    -0.03418513 
773.929726    -0.04819693 
774.294332    -0.06082773 
774.654764    -0.07039109 
775.015909    -0.07407997 
775.383435    -0.06964371 
775.759747    -0.05748467 
776.142959    -0.04078652 
776.529620    -0.02298018 
776.916775    -0.00549919 
777.302082    0.01092444 
777.683921    0.02522901 
778.061310    0.03800305 
778.433776    0.04966470 
778.801929    0.05950944 
779.168298    0.06575539 
779.537030    0.06632675 
779.911712    0.06026670 
780.293197    0.04869151 
780.679827    0.03410104 
781.069126    0.01852199 
781.458662    0.00254636 
781.846100    -0.01296383 
782.229583    -0.02704197 
782.607781    -0.04020690 
782.980040    -0.05250623 
783.347229    -0.06274134 
783.712602    -0.06868202 
784.081030    -0.06813069 
784.456208    -0.06047856 
784.838543    -0.04737130 
785.225888    -0.03149830 
785.615350    -0.01461568 
786.003962    0.00285463 
786.388881    0.01967501 
786.767825    0.03549242 
787.139068    0.05083197 
787.502191    0.06493914 
787.859893    0.07531972 
788.218641    0.07848588 
788.585183    0.07221635 
788.961586    0.05770273 
789.345019    0.03890297 
789.731334    0.01926862 
790.116953    -0.00013218 
790.498931    -0.01825817 
790.875188    -0.03463284 
791.244280    -0.05004144 
791.605791    -0.06418585 
791.961966    -0.07503768 
792.318843    -0.07916140 
792.683413    -0.07380134 
793.058219    -0.05960007 
793.440421    -0.04066269 
793.825749    -0.02108087 
794.210907    -0.00232906 
794.593525    0.01469919 
794.972172    0.02931757 
795.346049    0.04237261 
795.714928    0.05411440 
796.079910    0.06356480 
796.444273    0.06864128 
796.812648    0.06721055 
797.188178    0.05877483 
797.570618    0.04521727 
797.957523    0.02947221 
798.346238    0.01339505 
798.734459    -0.00251775 
799.120252    -0.01708681 
799.502287    -0.02996288 
799.879716    -0.04179104 
800.252382    -0.05245605 
800.621566    -0.06075561 
800.990399    -0.06477710 
801.362819    -0.06289987 
801.741374    -0.05497562 
802.125996    -0.04260979 
802.514809    -0.02799139 
802.905386    -0.01235022 
803.295114    0.00398057 
803.681437    0.01968398 
804.062310    0.03444326 
804.436274    0.04866251 
804.803133    0.06156169 
805.165351    0.07090512 
805.528360    0.07377801 
805.897815    0.06842232 
806.275815    0.05579549 
806.660479    0.03899673 
807.048381    0.02082668 
807.436119    0.00220899 
807.820505    -0.01594586 
808.198985    -0.03280078 
808.569609    -0.04902548 
808.931475    -0.06429198 
809.286606    -0.07639080 
809.641466    -0.08154146 
810.004011    -0.07662112 
810.377480    -0.06212614 
810.758981    -0.04237525 
811.143816    -0.02178843 
811.528261    -0.00196379 
811.909563    0.01618922 
812.285983    0.03205284 
812.656478    0.04650048 
813.020765    0.05959192 
813.380448    0.06991810 
813.740111    0.07472678 
814.105706    0.07142389 
814.480316    0.05992239 
814.862374    0.04328257 
815.248310    0.02528278 
815.635074    0.00773721 
816.020377    -0.00870159 
816.402680    -0.02288807 
816.781114    -0.03527301 
817.155244    -0.04644694 
817.525459    -0.05600122 
817.893725    -0.06249858 
818.263560    -0.06407208 
818.638401    -0.05960168 
819.019574    -0.04968890 
819.406005    -0.03639067 
819.795554    -0.02171878 
820.185963    -0.00643445 
820.574959    0.00888107 
820.960574    0.02295070 
821.341374    0.03597335 
821.716530    0.04820209 
822.086456    0.05877391 
822.453653    0.06577447 
822.822456    0.06704093 
823.196870    0.06153330 
823.578232    0.05023896 
823.965140    0.03550215 
824.354972    0.01926336 
824.744809    0.00208027 
825.131622    -0.01512430 
825.512812    -0.03138917 
825.886348    -0.04721182 
826.251281    -0.06214374 
826.609500    -0.07395313 
826.967005    -0.07909592 
827.331205    -0.07480396 
827.705479    -0.06154062 
828.087693    -0.04302775 
828.473610    -0.02314772 
828.859410    -0.00338929 
829.241892    0.01540079 
829.618717    0.03238641 
829.988250    0.04834168 
830.349791    0.06317041 
830.705175    0.07501387 
831.060308    0.08036498 
831.422774    0.07603308 
831.795930    0.06218263 
832.177124    0.04293174 
832.561811    0.02282994 
832.946498    0.00368150 
833.328756    -0.01368525 
833.707156    -0.02849165 
834.080949    -0.04158052 
834.449925    -0.05329520 
834.815100    -0.06277499 
835.179579    -0.06803254 
835.547882    -0.06693444 
835.923217    -0.05887692 
836.305478    -0.04561804 
836.692287    -0.03006485 
837.081012    -0.01415232 
837.469402    0.00158945 
837.855577    0.01602437 
838.238256    0.02868955 
838.616632    0.04022308 
838.990538    0.05059817 
839.361111    0.05875156 
839.731187    0.06292756 
840.104421    0.06157339 
840.483347    0.05441919 
840.868133    0.04282916 
841.257161    0.02883077 
841.648162    0.01365913 
842.038608    -0.00237796 
842.425926    -0.01802322 
842.808014    -0.03272450 
843.183377    -0.04686585 
843.551723    -0.05975629 
843.915261    -0.06928706 
844.279090    -0.07264445 
844.648776    -0.06802853 
845.026703    -0.05618005 
845.411360    -0.03996787 
845.799509    -0.02214495 
846.187781    -0.00370018 
846.572911    0.01455073 
846.952200    0.03159735 
847.323568    0.04804219 
847.685972    0.06359801 
848.041282    0.07607048 
848.395926    0.08163152 
848.758053    0.07704553 
849.131164    0.06270357 
849.512470    0.04292480 
849.897222    0.02222192 
850.281624    0.00225673 
850.662848    -0.01608080 
851.039087    -0.03215074 
851.409243    -0.04681922 
851.773022    -0.06012001 
852.132114    -0.07057268 
852.491308    -0.07531576 
852.856738    -0.07169728 
853.231411    -0.05973277 
853.613530    -0.04268614 
853.999385    -0.02443057 
854.385893    -0.00673102 
854.770785    0.00972167 
855.152590    0.02384365 
855.530493    0.03618261 
855.904126    0.04727870 
856.273998    0.05663943 
856.642243    0.06275519 
857.012472    0.06376643 
857.387999    0.05868438 
857.769863    0.04829463 
858.156776    0.03474274 
858.546533    0.01997080 
858.936882    0.00464654 
859.325598    -0.01050560 
859.710827    -0.02429919 
860.091260    -0.03704552 
860.466243    -0.04888907 
860.836453    -0.05885328 
861.204604    -0.06501552 
861.574931    -0.06538072 
861.950997    -0.05919259 
862.333697    -0.04763418 
862.721480    -0.03299396 
863.111792    -0.01697203 
863.501790    -0.00000252 
863.888543    0.01682109 
864.269591    0.03272303 
864.643083    0.04815352 
865.008409    0.06245680 
865.367904    0.07326284 
865.727633    0.07717130 
866.094334    0.07189092 
866.470560    0.05834314 
866.853990    0.04021070 
867.240664    0.02091363 
867.626969    0.00159722 
868.009779    -0.01680093 
868.386764    -0.03358737 
868.756253    -0.04950040 
869.117646    -0.06423375 
869.473173    -0.07564925 
869.829182    -0.08009432 
870.193106    -0.07463512 
870.567601    -0.05998068 
870.949606    -0.04050934 
871.334639    -0.02048252 
871.719294    -0.00136135 
872.101142    0.01592613 
872.478737    0.03082428 
872.851267    0.04420288 
873.218589    0.05618050 
873.582115    0.06556096 
873.945645    0.07002483 
874.314126    0.06740464 
874.690376    0.05754411 
875.073485    0.04282656 
875.460589    0.02638580 
875.848935    0.00990045 
876.236257    -0.00606652 
876.620822    -0.02025850 
877.001532    -0.03276206 
877.377771    -0.04415275 
877.749749    -0.05406879 
878.119248    -0.06111766 
878.489674    -0.06343507 
878.864593    -0.05978664 
879.245688    -0.05055790 
879.632203    -0.03763029 
880.022083    -0.02299987 
880.412974    -0.00749974 
880.802392    0.00833693 
881.188091    0.02314772 
881.568391    0.03702607 
881.942326    0.05012797 
882.310436    0.06135815 
882.675766    0.06845936 
883.043375    0.06902938 
883.417515    0.06216645 
883.799069    0.04934721 
884.186006    0.03335757 
884.575324    0.01620416 
884.963932    -0.00160380 
885.348831    -0.01889188 
885.727607    -0.03515233 
886.098469    -0.05089372 
886.461013    -0.06532503 
886.818148    -0.07581787 
887.176690    -0.07871323 
887.543488    -0.07179628 
887.920246    -0.05656174 
888.303745    -0.03730582 
888.689759    -0.01751656 
889.074805    0.00182678 
889.456118    0.01962635 
889.831823    0.03562736 
890.200683    0.05058297 
890.562586    0.06406017 
890.920117    0.07393137 
891.279281    0.07687648 
891.646355    0.07057278 
892.023057    0.05612778 
892.406399    0.03763278 
892.792414    0.01872366 
893.178063    0.00057010 
893.561135    -0.01583720 
893.940302    -0.02996689 
894.314816    -0.04263449 
894.684566    -0.05393440 
895.050872    -0.06273646 
895.417143    -0.06695137 
895.787763    -0.06469002 
896.165352    -0.05579735 
896.549356    -0.04226895 
896.937361    -0.02680814 
897.326818    -0.01093684 
897.715430    0.00484288 
898.101271    0.01923641 
898.483016    0.03210977 
898.859877    0.04397168 
899.231999    0.05439254 
899.601226    0.06186923 
899.971175    0.06441322 
900.345671    0.06072421 
900.726531    0.05123520 
901.112965    0.03793360 
901.502796    0.02288068 
901.893512    0.00690840 
902.282455    -0.00941009 
902.667230    -0.02473026 
903.046030    -0.03923739 
903.417836    -0.05297547 
903.783421    -0.06458120 
904.146506    -0.07143596 
904.512881    -0.07093723 
904.886834    -0.06242616 
905.268558    -0.04796704 
905.655335    -0.03077253 
906.043858    -0.01281257 
906.430949    0.00541620 
906.813751    0.02261069 
907.190074    0.03876011 
907.558387    0.05428533 
907.918845    0.06808886 
908.275240    0.07724301 
908.634861    0.07811103 
909.003774    0.06906936 
909.382290    0.05244164 
909.766549    0.03278257 
910.152452    0.01311651 
910.536784    -0.00580845 
910.917155    -0.02278488 
911.292031    -0.03801706 
911.660499    -0.05213594 
912.022908    -0.06446951 
912.382303    -0.07277184 
912.744518    -0.07399457 
913.114768    -0.06648666 
913.493796    -0.05186724 
913.878560    -0.03401187 
914.265496    -0.01591269 
914.651833    0.00155660 
915.035517    0.01726712 
915.415304    0.03087222 
915.790496    0.04312312 
916.161113    0.05394354 
916.528687    0.06207372 
916.896696    0.06547340 
917.269224    0.06252179 
917.648436    0.05335059 
918.033597    0.03998695 
918.422411    0.02488064 
918.812449    0.00926340 
919.201416    -0.00634967 
919.587356    -0.02062795 
919.968908    -0.03355506 
920.345298    -0.04552295 
920.716845    -0.05589729 
921.085725    -0.06298827 
921.455843    -0.06476218 
921.830977    -0.06011002 
922.212589    -0.04978917 
922.599568    -0.03596376 
922.989591    -0.02058596 
923.380060    -0.00429399 
