0.000000    0.00000000 
0.400000    0.02656191 
0.800000    0.04763429 
1.200000    0.05944106 
1.600000    0.06028043 
2.000000    0.05042224 
2.400000    0.03187645 
2.800000    0.00812874 
3.200000    -0.01623191 
3.600000    -0.03619704 
4.000000    -0.04747287 
4.400000    -0.04780623 
4.800000    -0.03777236 
5.200000    -0.02042777 
5.600000    -0.00005746 
6.000000    0.01916595 
6.400000    0.03402079 
6.800000    0.04252080 
7.200000    0.04387379 
7.600000    0.03833347 
8.000000    0.02705526 
8.400000    0.01196789 
8.800000    -0.00439445 
9.200000    -0.01918684 
9.600000    -0.02973322 
10.000000    -0.03413319 
10.400000    -0.03177800 
10.800000    -0.02350594 
11.200000    -0.01129575 
11.600000    0.00233489 
12.000000    0.01493722 
12.400000    0.02455070 
12.800000    0.02990161 
13.200000    0.03044579 
13.600000    0.02633373 
14.000000    0.01834476 
14.400000    0.00779758 
14.800000    -0.00358680 
15.200000    -0.01390462 
15.600000    -0.02138403 
16.000000    -0.02474893 
16.400000    -0.02351915 
16.800000    -0.01811896 
17.200000    -0.00973888 
17.600000    -0.00001428 
18.000000    0.00934512 
18.400000    0.01685943 
18.800000    0.02146888 
19.200000    0.02262062 
19.600000    0.02028417 
20.000000    0.01492218 
20.400000    0.00742625 
20.800000    -0.00098875 
21.200000    -0.00894471 
21.600000    -0.01511657 
22.000000    -0.01847834 
22.400000    -0.01851732 
22.800000    -0.01534255 
23.200000    -0.00964283 
23.600000    -0.00251070 
24.000000    0.00480071 
24.400000    0.01111137 
24.800000    0.01548920 
25.200000    0.01735313 
25.600000    0.01651544 
26.000000    0.01318009 
26.400000    0.00790744 
26.800000    0.00154509 
27.200000    -0.00488126 
27.600000    -0.01031969 
28.000000    -0.01387272 
28.400000    -0.01497072 
28.800000    -0.01348818 
29.200000    -0.00976254 
29.600000    -0.00450870 
30.000000    0.00133984 
30.400000    0.00681266 
30.800000    0.01106248 
31.200000    0.01347971 
31.600000    0.01375768 
32.000000    0.01191488 
32.400000    0.00828118 
32.800000    0.00345122 
33.200000    -0.00179582 
33.600000    -0.00660957 
34.000000    -0.01020613 
34.400000    -0.01200812 
34.800000    -0.01175407 
35.200000    -0.00954542 
35.600000    -0.00581596 
36.000000    -0.00123453 
36.400000    0.00342848 
36.800000    0.00743552 
37.200000    0.01019127 
37.600000    0.01131611 
38.000000    0.01068354 
38.400000    0.00842619 
38.800000    0.00491399 
39.200000    0.00070528 
39.600000    -0.00352916 
40.000000    -0.00710634 
40.400000    -0.00944436 
40.800000    -0.01016825 
41.200000    -0.00918229 
41.600000    -0.00668764 
42.000000    -0.00313882 
42.400000    0.00084841 
42.800000    0.00461267 
43.200000    0.00755914 
43.600000    0.00924870 
44.000000    0.00945460 
44.400000    0.00818487 
44.800000    0.00567285 
45.200000    0.00233867 
45.600000    -0.00127471 
46.000000    -0.00458543 
46.400000    -0.00706668 
46.800000    -0.00833524 
47.200000    -0.00821637 
47.600000    -0.00676971 
48.000000    -0.00427027 
48.400000    -0.00115085 
48.800000    0.00207848 
49.200000    0.00491519 
49.600000    0.00693849 
50.000000    0.00786422 
50.400000    0.00757729 
50.800000    0.00614174 
51.200000    0.00378941 
51.600000    0.00088828 
52.000000    -0.00210842 
52.400000    -0.00472859 
52.800000    -0.00655570 
53.200000    -0.00729943 
53.600000    -0.00684760 
54.000000    -0.00528680 
54.400000    -0.00288597 
54.800000    -0.00004665 
55.200000    0.00276811 
55.600000    0.00511100 
56.000000    0.00662012 
56.400000    0.00707130 
56.800000    0.00640824 
57.200000    0.00474820 
57.600000    0.00236361 
58.000000    -0.00035909 
58.400000    -0.00297924 
58.800000    -0.00507311 
59.200000    -0.00630538 
59.600000    -0.00648691 
60.000000    -0.00560646 
60.400000    -0.00382907 
60.800000    -0.00146216 
61.200000    0.00110148 
61.600000    0.00345094 
62.000000    0.00522185 
62.400000    0.00614910 
62.800000    0.00610233 
63.200000    0.00510196 
63.600000    0.00331495 
64.000000    0.00103051 
64.400000    -0.00138283 
64.800000    -0.00353477 
65.200000    -0.00507760 
65.600000    -0.00576618 
66.000000    -0.00550089 
66.400000    -0.00434357 
66.800000    -0.00250286 
67.200000    -0.00029319 
67.600000    0.00192245 
68.000000    0.00379333 
68.400000    0.00503489 
68.800000    0.00546841 
69.200000    0.00504327 
69.600000    0.00384077 
70.000000    0.00206017 
70.400000    -0.00001162 
70.800000    -0.00204373 
71.200000    -0.00371322 
71.600000    -0.00475771 
72.000000    -0.00501901 
72.400000    -0.00446911 
72.800000    -0.00321267 
73.200000    -0.00146585 
73.600000    0.00048326 
74.000000    0.00232390 
74.400000    0.00377198 
74.800000    0.00461188 
75.200000    0.00472571 
75.600000    0.00410761 
76.000000    0.00286256 
76.400000    0.00119022 
76.800000    -0.00064467 
77.200000    -0.00235226 
77.600000    -0.00366298 
78.000000    -0.00437138 
78.400000    -0.00437044 
78.800000    -0.00366927 
79.200000    -0.00239040 
79.600000    -0.00074712 
80.000000    0.00099377 
80.400000    0.00255647 
80.800000    0.00369954 
81.200000    0.00425169 
81.600000    0.00413552 
82.000000    0.00337713 
82.400000    0.00210103 
82.800000    0.00051115 
83.200000    -0.00113992 
83.600000    -0.00258997 
84.000000    -0.00360902 
84.400000    -0.00403721 
84.800000    -0.00381158 
85.200000    -0.00297628 
85.600000    -0.00167397 
86.000000    -0.00012019 
86.400000    0.00143372 
86.800000    0.00274194 
87.200000    0.00360273 
87.600000    0.00388824 
88.000000    0.00356220 
88.400000    0.00268376 
88.800000    0.00139726 
89.200000    -0.00009043 
89.600000    -0.00154221 
90.000000    -0.00272838 
90.400000    -0.00346352 
90.800000    -0.00363655 
91.200000    -0.00322814 
91.600000    -0.00231233 
92.000000    -0.00104229 
92.400000    0.00037648 
92.800000    0.00171997 
93.200000    0.00278069 
93.600000    0.00339830 
94.000000    0.00348227 
94.400000    0.00302417 
94.800000    0.00209844 
95.200000    0.00085165 
95.600000    -0.00051902 
96.000000    -0.00179569 
96.400000    -0.00277441 
96.800000    -0.00329892 
97.200000    -0.00328732 
97.600000    -0.00274622 
98.000000    -0.00176918 
98.400000    -0.00051961 
98.800000    0.00079802 
99.200000    0.00197282 
99.600000    0.00282149 
100.000000    0.00321617 
100.400000    0.00310244 
100.800000    0.00250561 
101.200000    0.00152534 
101.600000    0.00031944 
102.000000    -0.00092061 
102.400000    -0.00199942 
102.800000    -0.00274831 
103.200000    -0.00305213 
103.600000    -0.00286757 
104.000000    -0.00222962 
104.400000    -0.00124495 
104.800000    -0.00007354 
105.200000    0.00109785 
105.600000    0.00208558 
106.000000    0.00273755 
106.400000    0.00295581 
106.800000    0.00271062 
107.200000    0.00204422 
107.600000    0.00106401 
108.000000    -0.00007393 
108.400000    -0.00118900 
108.800000    -0.00210452 
109.200000    -0.00267615 
109.600000    -0.00281539 
110.000000    -0.00250401 
110.400000    -0.00179649 
110.800000    -0.00081015 
111.200000    0.00029502 
111.600000    0.00134291 
112.000000    0.00216942 
112.400000    0.00264771 
112.800000    0.00270696 
113.200000    0.00234222 
113.600000    0.00161440 
114.000000    0.00064058 
114.400000    -0.00042422 
114.800000    -0.00141121 
115.200000    -0.00216452 
115.600000    -0.00256623 
116.000000    -0.00255546 
116.400000    -0.00213794 
116.800000    -0.00138445 
117.200000    -0.00041839 
117.600000    0.00060498 
118.000000    0.00152376 
118.400000    0.00219493 
118.800000    0.00251607 
119.200000    0.00244042 
119.600000    0.00198332 
120.000000    0.00121943 
120.400000    0.00027101 
120.800000    -0.00071104 
121.200000    -0.00157102 
121.600000    -0.00217322 
122.000000    -0.00242390 
122.400000    -0.00228637 
122.800000    -0.00178653 
123.200000    -0.00100783 
123.600000    -0.00007683 
124.000000    0.00085784 
124.400000    0.00164934 
124.800000    0.00217535 
125.200000    0.00235640 
125.600000    0.00216730 
126.000000    0.00164046 
126.400000    0.00086068 
126.800000    -0.00004790 
127.200000    -0.00094109 
127.600000    -0.00167732 
128.000000    -0.00214045 
128.400000    -0.00225862 
128.800000    -0.00201594 
129.200000    -0.00145466 
129.600000    -0.00066753 
130.000000    0.00021807 
130.400000    0.00106118 
130.800000    0.00172984 
131.200000    0.00212132 
131.600000    0.00217739 
132.000000    0.00189246 
132.400000    0.00131381 
132.800000    0.00053413 
133.200000    -0.00032291 
133.600000    -0.00112176 
134.000000    -0.00173637 
134.400000    -0.00207035 
134.800000    -0.00207252 
135.200000    -0.00174513 
135.600000    -0.00114315 
136.000000    -0.00036474 
136.400000    0.00046509 
136.800000    0.00121491 
137.200000    0.00176763 
137.600000    0.00203849 
138.000000    0.00198762 
138.400000    0.00162563 
138.800000    0.00101155 
139.200000    0.00024354 
139.600000    -0.00055642 
140.000000    -0.00126168 
140.400000    -0.00176105 
140.800000    -0.00197659 
141.200000    -0.00187622 
141.600000    -0.00147859 
142.000000    -0.00084964 
142.400000    -0.00009129 
142.800000    0.00067537 
143.200000    0.00132959 
143.600000    0.00176980 
144.000000    0.00192903 
144.400000    0.00178476 
144.800000    0.00136186 
145.200000    0.00072855 
145.600000    -0.00001433 
146.000000    -0.00074898 
146.400000    -0.00135925 
146.800000    -0.00174913 
147.200000    -0.00185817 
147.600000    -0.00167121 
148.000000    -0.00122045 
148.400000    -0.00057983 
148.800000    0.00014744 
149.200000    0.00084583 
149.600000    0.00140579 
150.000000    0.00174082 
150.400000    0.00180042 
150.800000    0.00157744 
151.200000    0.00110879 
151.600000    0.00046955 
152.000000    -0.00023872 
152.400000    -0.00090389 
152.800000    -0.00142092 
153.200000    -0.00170871 
153.600000    -0.00172308 
154.000000    -0.00146379 
154.400000    -0.00097429 
154.800000    -0.00033419 
155.200000    0.00035393 
155.600000    0.00098117 
156.000000    0.00144952 
156.400000    0.00168695 
156.800000    0.00165815 
157.200000    0.00136960 
157.600000    0.00086824 
158.000000    0.00023408 
158.400000    -0.00043227 
158.800000    -0.00102541 
159.200000    -0.00145186 
159.600000    -0.00164497 
160.000000    -0.00157563 
160.400000    -0.00125681 
160.800000    -0.00074110 
161.200000    -0.00011183 
161.600000    0.00053062 
162.000000    0.00108495 
162.400000    0.00146485 
162.800000    0.00161215 
163.200000    0.00150554 
163.600000    0.00116344 
164.000000    0.00064101 
164.400000    0.00002145 
164.800000    -0.00059702 
165.200000    -0.00111661 
165.600000    -0.00145558 
166.000000    -0.00156126 
166.400000    -0.00141850 
166.800000    -0.00105186 
167.200000    -0.00052130 
167.600000    0.00008786 
168.000000    0.00067888 
168.400000    0.00115894 
168.800000    0.00145366 
169.200000    0.00151832 
169.600000    0.00134445 
170.000000    0.00096084 
170.400000    0.00042892 
170.800000    -0.00016684 
171.200000    -0.00073217 
171.600000    -0.00117786 
172.000000    -0.00143396 
172.400000    -0.00146098 
172.800000    -0.00125618 
173.200000    -0.00085371 
173.600000    -0.00031885 
174.000000    0.00026279 
174.400000    0.00079915 
174.800000    0.00120624 
175.200000    0.00142118 
175.600000    0.00141166 
176.000000    0.00118067 
176.400000    0.00076581 
176.800000    0.00023331 
177.200000    -0.00033236 
177.600000    -0.00084171 
178.000000    -0.00121446 
178.400000    -0.00139232 
178.800000    -0.00134831 
179.200000    -0.00109093 
179.600000    -0.00066256 
180.000000    -0.00013230 
180.400000    0.00041535 
180.800000    0.00089404 
181.200000    0.00122912 
181.600000    0.00136912 
182.000000    0.00129344 
182.400000    0.00101529 
182.800000    0.00057945 
183.200000    0.00005522 
183.600000    -0.00047439 
184.000000    -0.00092571 
184.400000    -0.00122770 
184.800000    -0.00133330 
185.200000    -0.00122691 
185.600000    -0.00092676 
186.000000    -0.00048176 
186.400000    0.00003663 
186.800000    0.00054601 
187.200000    0.00096624 
187.600000    0.00123190 
188.000000    0.00130239 
188.400000    0.00116792 
188.800000    0.00085086 
189.200000    0.00040204 
189.600000    -0.00010719 
190.000000    -0.00059621 
190.400000    -0.00098785 
190.800000    -0.00122064 
191.200000    -0.00125863 
191.600000    -0.00109703 
192.000000    -0.00076279 
192.400000    -0.00031004 
192.800000    0.00018886 
193.200000    0.00065494 
193.600000    0.00101516 
194.000000    0.00121372 
194.400000    0.00122052 
194.800000    0.00103566 
195.200000    0.00068921 
195.600000    0.00023645 
196.000000    -0.00025080 
196.400000    -0.00069546 
196.800000    -0.00102741 
197.200000    -0.00119465 
197.600000    -0.00117161 
198.000000    -0.00096314 
198.400000    -0.00060352 
198.800000    -0.00015075 
199.200000    0.00032300 
199.600000    0.00074294 
200.000000    0.00104347 
200.400000    0.00117827 
200.800000    0.00112732 
201.200000    0.00089975 
201.600000    0.00053228 
202.000000    0.00008338 
202.400000    -0.00037589 
202.800000    -0.00077303 
203.200000    -0.00104562 
203.600000    -0.00115121 
204.000000    -0.00107405 
204.400000    -0.00082749 
204.800000    -0.00045164 
205.200000    -0.00000671 
205.600000    0.00043669 
206.000000    0.00080887 
206.400000    0.00105189 
206.800000    0.00112847 
207.200000    0.00102762 
207.600000    0.00076608 
208.000000    0.00038569 
208.400000    -0.00005324 
208.800000    -0.00048138 
209.200000    -0.00083123 
209.600000    -0.00104787 
210.000000    -0.00109768 
210.400000    -0.00097360 
210.800000    -0.00069622 
211.200000    -0.00031025 
211.600000    0.00012276 
212.000000    0.00053430 
212.400000    0.00085979 
212.800000    0.00104857 
213.200000    0.00107174 
213.600000    0.00092643 
214.000000    0.00063615 
214.400000    0.00024711 
214.800000    -0.00017905 
215.200000    -0.00057494 
215.600000    -0.00087801 
216.000000    -0.00104060 
216.400000    -0.00103747 
216.800000    -0.00086986 
217.200000    -0.00056517 
217.600000    -0.00017240 
218.000000    0.00024580 
218.400000    0.00062322 
218.800000    0.00090055 
219.200000    0.00103462 
219.600000    0.00100504 
220.000000    0.00081720 
220.400000    0.00050142 
220.800000    0.00010807 
221.200000    -0.00030035 
221.600000    -0.00065903 
222.000000    -0.00091125 
222.400000    -0.00101740 
222.800000    -0.00096135 
223.200000    -0.00075293 
223.600000    -0.00042622 
224.000000    -0.00003386 
224.400000    0.00036153 
224.800000    0.00069738 
225.200000    0.00092108 
225.600000    0.00099814 
226.000000    0.00091738 
226.400000    0.00069257 
226.800000    0.00036006 
227.200000    -0.00002698 
227.600000    -0.00040702 
228.000000    -0.00071993 
228.400000    -0.00091655 
228.800000    -0.00096654 
229.200000    -0.00086308 
229.600000    -0.00062384 
230.000000    -0.00028786 
230.400000    0.00009091 
230.800000    0.00045239 
231.200000    0.00073989 
231.600000    0.00090898 
232.000000    0.00093424 
232.400000    0.00081296 
232.800000    0.00056535 
233.200000    0.00023118 
233.600000    -0.00013652 
234.000000    -0.00047983 
234.400000    -0.00074508 
234.800000    -0.00089122 
235.200000    -0.00089625 
235.600000    -0.00076055 
236.000000    -0.00050661 
236.400000    -0.00017520 
236.800000    0.00018122 
237.200000    0.00050689 
237.600000    0.00075139 
238.000000    0.00087738 
238.400000    0.00086617 
238.800000    0.00072040 
239.200000    0.00046347 
239.600000    0.00013585 
240.000000    -0.00021123 
240.400000    -0.00052367 
240.800000    -0.00075295 
241.200000    -0.00086363 
241.600000    -0.00083888 
242.000000    -0.00068307 
242.400000    -0.00042099 
242.800000    -0.00009385 
243.200000    0.00024719 
243.600000    0.00054905 
244.000000    0.00076491 
244.400000    0.00086137 
244.800000    0.00082355 
245.200000    0.00065733 
245.600000    0.00038849 
246.000000    0.00005883 
246.400000    -0.00028023 
246.800000    -0.00057555 
247.200000    -0.00078061 
247.600000    -0.00086287 
248.000000    -0.00080902 
248.400000    -0.00062722 
248.800000    -0.00034585 
249.200000    -0.00000916 
249.600000    0.00032981 
250.000000    0.00061751 
250.400000    0.00080833 
250.800000    0.00087180 
251.200000    0.00079739 
251.600000    0.00059633 
252.000000    0.00030000 
252.400000    -0.00004487 
252.800000    -0.00038346 
253.200000    -0.00066151 
253.600000    -0.00083415 
254.000000    -0.00087322 
254.400000    -0.00077198 
254.800000    -0.00054639 
255.200000    -0.00023258 
255.600000    0.00011901 
256.000000    0.00045178 
256.400000    0.00071213 
256.800000    0.00085811 
257.200000    0.00086618 
257.600000    0.00073497 
258.000000    0.00048560 
258.400000    0.00015832 
258.800000    -0.00019390 
259.200000    -0.00051393 
259.600000    -0.00074984 
260.000000    -0.00086340 
260.400000    -0.00083647 
260.800000    -0.00067396 
261.200000    -0.00040296 
261.600000    -0.00006814 
262.000000    0.00027572 
262.400000    0.00057280 
262.800000    0.00077535 
263.200000    0.00085136 
263.600000    0.00078957 
264.000000    0.00060113 
264.400000    0.00031760 
264.800000    -0.00001430 
265.200000    -0.00034037 
265.600000    -0.00060786 
266.000000    -0.00077407 
266.400000    -0.00081330 
266.800000    -0.00072085 
267.200000    -0.00051355 
267.600000    -0.00022660 
268.000000    0.00009247 
268.400000    0.00039184 
268.800000    0.00062386 
269.200000    0.00075263 
269.600000    0.00075947 
270.000000    0.00064558 
270.400000    0.00043135 
270.800000    0.00015278 
271.200000    -0.00014459 
271.600000    -0.00041317 
272.000000    -0.00061098 
272.400000    -0.00070820 
272.800000    -0.00069176 
273.200000    -0.00056691 
273.600000    -0.00035593 
274.000000    -0.00009406 
274.400000    0.00017651 
274.800000    0.00041345 
275.200000    0.00058097 
275.600000    0.00065505 
276.000000    0.00062679 
276.400000    0.00050323 
276.800000    0.00030575 
277.200000    0.00006637 
277.600000    -0.00017748 
278.000000    -0.00038873 
278.400000    -0.00053635 
278.800000    -0.00059974 
279.200000    -0.00057156 
279.600000    -0.00045831 
280.000000    -0.00027895 
280.400000    -0.00006161 
280.800000    0.00016080 
281.200000    0.00035557 
281.600000    0.00049486 
282.000000    0.00055946 
282.400000    0.00054132 
282.800000    0.00044430 
283.200000    0.00028342 
283.600000    0.00008252 
284.000000    -0.00012913 
284.400000    -0.00032101 
284.800000    -0.00046552 
285.200000    -0.00054186 
285.600000    -0.00053892 
286.000000    -0.00045682 
286.400000    -0.00030700 
286.800000    -0.00011068 
287.200000    0.00010402 
287.600000    0.00030592 
288.000000    0.00046519 
288.400000    0.00055761 
288.800000    0.00056815 
289.200000    0.00049348 
289.600000    0.00034274 
290.000000    0.00013675 
290.400000    -0.00009472 
290.800000    -0.00031699 
291.200000    -0.00049561 
291.600000    -0.00060164 
292.000000    -0.00061644 
292.400000    -0.00053497 
292.800000    -0.00036722 
293.200000    -0.00013715 
293.600000    0.00012058 
294.000000    0.00036575 
294.400000    0.00055889 
294.800000    0.00066759 
295.200000    0.00067202 
295.600000    0.00056854 
296.000000    0.00037091 
296.400000    0.00010865 
296.800000    -0.00017724 
297.200000    -0.00044058 
297.600000    -0.00063760 
298.000000    -0.00073425 
298.400000    -0.00071228 
298.800000    -0.00057273 
299.200000    -0.00033627 
299.600000    -0.00004018 
300.000000    0.00026761 
300.400000    0.00053636 
300.800000    0.00072094 
301.200000    0.00078943 
301.600000    0.00072872 
302.000000    0.00054693 
302.400000    0.00027248 
302.800000    -0.00005030 
303.200000    -0.00036834 
303.600000    -0.00062856 
304.000000    -0.00078688 
304.400000    -0.00081581 
304.800000    -0.00070931 
305.200000    -0.00048406 
305.600000    -0.00017678 
306.000000    0.00016187 
306.400000    0.00047573 
306.800000    0.00071256 
307.200000    0.00083271 
307.600000    0.00081573 
308.000000    0.00066383 
308.400000    0.00040161 
308.800000    0.00007209 
309.200000    -0.00027028 
309.600000    -0.00056862 
310.000000    -0.00077315 
310.400000    -0.00084956 
310.800000    -0.00078488 
311.200000    -0.00058971 
311.600000    -0.00029648 
312.000000    0.00004608 
312.400000    0.00038107 
312.800000    0.00065292 
313.200000    0.00081662 
313.600000    0.00084513 
314.000000    0.00073376 
314.400000    0.00050099 
314.800000    0.00018547 
315.200000    -0.00016034 
315.600000    -0.00047879 
316.000000    -0.00071674 
316.400000    -0.00083447 
316.800000    -0.00081243 
317.200000    -0.00065463 
317.600000    -0.00038793 
318.000000    -0.00005741 
318.400000    0.00028125 
318.800000    0.00057128 
319.200000    0.00076432 
319.600000    0.00082851 
320.000000    0.00075374 
320.400000    0.00055330 
320.800000    0.00026159 
321.200000    -0.00007167 
321.600000    -0.00038992 
322.000000    -0.00063935 
322.400000    -0.00077820 
322.800000    -0.00078386 
323.200000    -0.00065677 
323.600000    -0.00042010 
324.000000    -0.00011558 
324.400000    0.00020398 
324.800000    0.00048395 
325.200000    0.00067733 
325.600000    0.00075267 
326.000000    0.00069923 
326.400000    0.00052853 
326.800000    0.00027199 
327.200000    -0.00002479 
327.600000    -0.00031013 
328.000000    -0.00053536 
328.400000    -0.00066332 
328.800000    -0.00067464 
329.200000    -0.00057073 
329.600000    -0.00037299 
330.000000    -0.00011850 
330.400000    0.00014705 
330.800000    0.00037768 
331.200000    0.00053517 
331.600000    0.00059547 
332.000000    0.00055236 
332.400000    0.00041778 
332.800000    0.00021905 
333.200000    -0.00000663 
333.600000    -0.00021915 
334.000000    -0.00038271 
334.400000    -0.00047198 
334.800000    -0.00047610 
335.200000    -0.00039975 
335.600000    -0.00026145 
336.000000    -0.00008934 
336.400000    0.00008454 
336.800000    0.00023027 
337.200000    0.00032527 
337.600000    0.00035778 
338.000000    0.00032812 
338.400000    0.00024752 
338.800000    0.00013517 
339.200000    0.00001382 
339.600000    -0.00009468 
340.000000    -0.00017344 
340.400000    -0.00021317 
340.800000    -0.00021299 
341.200000    -0.00017959 
341.600000    -0.00012481 
342.000000    -0.00006249 
342.400000    -0.00000530 
342.800000    0.00003787 
343.200000    0.00006327 
343.600000    0.00007222 
344.000000    0.00006992 
344.400000    0.00006327 
344.800000    0.00005852 
345.200000    0.00005927 
345.600000    0.00006533 
346.000000    0.00007281 
346.400000    0.00007530 
346.800000    0.00006596 
347.200000    0.00003987 
347.600000    -0.00000395 
348.000000    -0.00006136 
348.400000    -0.00012325 
348.800000    -0.00017700 
349.200000    -0.00020909 
349.600000    -0.00020825 
350.000000    -0.00016848 
350.400000    -0.00009124 
350.800000    0.00001388 
351.200000    0.00013017 
351.600000    0.00023656 
352.000000    0.00031150 
352.400000    0.00033738 
352.800000    0.00030441 
353.200000    0.00021336 
353.600000    0.00007624 
354.000000    -0.00008515 
354.400000    -0.00024275 
354.800000    -0.00036722 
355.200000    -0.00043357 
355.600000    -0.00042617 
356.000000    -0.00034227 
356.400000    -0.00019320 
356.800000    -0.00000282 
357.200000    0.00019637 
357.600000    0.00036899 
358.000000    0.00048320 
358.400000    0.00051663 
358.800000    0.00046077 
359.200000    0.00032287 
359.600000    0.00012501 
360.000000    -0.00009945 
360.400000    -0.00031173 
360.800000    -0.00047442 
361.200000    -0.00055821 
361.600000    -0.00054731 
362.000000    -0.00044236 
362.400000    -0.00026045 
362.800000    -0.00003216 
363.200000    0.00020377 
363.600000    0.00040719 
364.000000    0.00054351 
364.400000    0.00058954 
364.800000    0.00053741 
365.200000    0.00039577 
365.600000    0.00018825 
366.000000    -0.00005063 
366.400000    -0.00028129 
366.800000    -0.00046574 
367.200000    -0.00057386 
367.600000    -0.00058829 
368.000000    -0.00050712 
368.400000    -0.00034401 
368.800000    -0.00012570 
369.200000    0.00011251 
369.600000    0.00033252 
370.000000    0.00049952 
370.400000    0.00058736 
370.800000    0.00058247 
371.200000    0.00048578 
371.600000    0.00031247 
372.000000    0.00008947 
372.400000    -0.00014861 
372.800000    -0.00036478 
373.200000    -0.00052529 
373.600000    -0.00060478 
374.000000    -0.00059017 
374.400000    -0.00048277 
374.800000    -0.00029817 
375.200000    -0.00006409 
375.600000    0.00018378 
376.000000    0.00040702 
376.400000    0.00057031 
376.800000    0.00064687 
377.200000    0.00062276 
377.600000    0.00049935 
378.000000    0.00029363 
378.400000    0.00003605 
378.800000    -0.00023373 
379.200000    -0.00047277 
379.600000    -0.00064161 
380.000000    -0.00071080 
380.400000    -0.00066606 
380.800000    -0.00051124 
381.200000    -0.00026839 
381.600000    0.00002527 
382.000000    0.00032293 
382.400000    0.00057562 
382.800000    0.00074025 
383.200000    0.00078693 
383.600000    0.00070439 
384.000000    0.00050252 
384.400000    0.00021152 
384.800000    -0.00012246 
385.200000    -0.00044445 
385.600000    -0.00069976 
386.000000    -0.00084331 
386.400000    -0.00084776 
386.800000    -0.00070877 
387.200000    -0.00044645 
387.600000    -0.00010253 
388.000000    0.00026632 
388.400000    0.00059792 
388.800000    0.00083506 
389.200000    0.00093543 
389.600000    0.00087911 
390.000000    0.00067244 
390.400000    0.00034761 
390.800000    -0.00004228 
391.200000    -0.00043174 
391.600000    -0.00075395 
392.000000    -0.00095230 
392.400000    -0.00099048 
392.800000    -0.00085930 
393.200000    -0.00057871 
393.600000    -0.00019485 
394.000000    0.00022772 
394.400000    0.00061698 
394.800000    0.00090574 
395.200000    0.00104329 
395.600000    0.00100415 
396.000000    0.00079280 
396.400000    0.00044330 
396.800000    0.00001396 
397.200000    -0.00042231 
397.600000    -0.00079032 
398.000000    -0.00102565 
398.400000    -0.00108613 
398.800000    -0.00095951 
399.200000    -0.00066600 
399.600000    -0.00025503 
400.000000    0.00020323 
400.400000    0.00062996 
400.800000    0.00095129 
401.200000    0.00111108 
401.600000    0.00108062 
402.000000    0.00086375 
402.400000    0.00049655 
402.800000    0.00004145 
403.200000    -0.00042323 
403.600000    -0.00081670 
404.000000    -0.00106986 
404.400000    -0.00113765 
404.800000    -0.00100727 
405.200000    -0.00070071 
405.600000    -0.00027103 
406.000000    0.00020697 
406.400000    0.00064993 
406.800000    0.00098049 
407.200000    0.00114083 
407.600000    0.00110269 
408.000000    0.00087239 
408.400000    0.00048984 
408.800000    0.00002184 
409.200000    -0.00044952 
409.600000    -0.00084116 
410.000000    -0.00108390 
410.400000    -0.00113486 
410.800000    -0.00098531 
411.200000    -0.00066233 
411.600000    -0.00022378 
412.000000    0.00025213 
412.400000    0.00068101 
412.800000    0.00098729 
413.200000    0.00111757 
413.600000    0.00104989 
414.000000    0.00079745 
414.400000    0.00040614 
414.800000    -0.00005359 
415.200000    -0.00049937 
415.600000    -0.00085169 
416.000000    -0.00104830 
416.400000    -0.00105544 
416.800000    -0.00087389 
417.200000    -0.00053851 
417.600000    -0.00011152 
418.000000    0.00032921 
418.400000    0.00070446 
418.800000    0.00094801 
419.200000    0.00101828 
419.600000    0.00090545 
420.000000    0.00063271 
420.400000    0.00025173 
420.800000    -0.00016702 
421.200000    -0.00054722 
421.600000    -0.00082074 
422.000000    -0.00094002 
422.400000    -0.00088655 
422.800000    -0.00067380 
423.200000    -0.00034414 
423.600000    0.00003964 
424.000000    0.00040636 
424.400000    0.00068975 
424.800000    0.00084043 
425.200000    0.00083446 
425.600000    0.00067713 
426.000000    0.00040126 
426.400000    0.00006058 
426.800000    -0.00028060 
427.200000    -0.00055951 
427.600000    -0.00072657 
428.000000    -0.00075433 
428.400000    -0.00064208 
428.800000    -0.00041518 
429.200000    -0.00011961 
429.600000    0.00018738 
430.000000    0.00044833 
430.400000    0.00061634 
430.800000    0.00066345 
431.200000    0.00058523 
431.600000    0.00040088 
432.000000    0.00014884 
432.400000    -0.00012097 
432.800000    -0.00035698 
433.200000    -0.00051577 
433.600000    -0.00057013 
434.000000    -0.00051376 
434.400000    -0.00036178 
434.800000    -0.00014705 
435.200000    0.00008673 
435.600000    0.00029388 
436.000000    0.00043556 
436.400000    0.00048703 
436.800000    0.00044187 
437.200000    0.00031258 
437.600000    0.00012757 
438.000000    -0.00007491 
438.400000    -0.00025447 
438.800000    -0.00037662 
439.200000    -0.00041930 
439.600000    -0.00037687 
440.000000    -0.00026071 
440.400000    -0.00009645 
440.800000    0.00008157 
441.200000    0.00023736 
441.600000    0.00034045 
442.000000    0.00037174 
442.400000    0.00032694 
442.800000    0.00021706 
443.200000    0.00006581 
443.600000    -0.00009538 
444.000000    -0.00023381 
444.400000    -0.00032201 
444.800000    -0.00034315 
445.200000    -0.00029419 
445.600000    -0.00018617 
446.000000    -0.00004177 
446.400000    0.00010945 
446.800000    0.00023710 
447.200000    0.00031593 
447.600000    0.00033076 
448.000000    0.00027930 
448.400000    0.00017240 
448.800000    0.00003173 
449.200000    -0.00011464 
449.600000    -0.00023780 
450.000000    -0.00031370 
450.400000    -0.00032780 
450.800000    -0.00027778 
451.200000    -0.00017386 
451.600000    -0.00003659 
452.000000    0.00010725 
452.400000    0.00022996 
452.800000    0.00030821 
453.200000    0.00032746 
453.600000    0.00028457 
454.000000    0.00018824 
454.400000    0.00005718 
454.800000    -0.00008362 
455.200000    -0.00020765 
455.600000    -0.00029196 
456.000000    -0.00032137 
456.400000    -0.00029122 
456.800000    -0.00020799 
457.200000    -0.00008787 
457.600000    0.00004647 
458.000000    0.00017027 
458.400000    0.00026127 
458.800000    0.00030370 
459.200000    0.00029103 
459.600000    0.00022684 
460.000000    0.00012388 
460.400000    0.00000151 
460.800000    -0.00011802 
461.200000    -0.00021368 
461.600000    -0.00026937 
462.000000    -0.00027663 
462.400000    -0.00023587 
462.800000    -0.00015593 
463.200000    -0.00005210 
463.600000    0.00005678 
464.000000    0.00015190 
464.400000    0.00021769 
464.800000    0.00024438 
465.200000    0.00022934 
465.600000    0.00017718 
466.000000    0.00009846 
466.400000    0.00000760 
466.800000    -0.00007986 
467.200000    -0.00014990 
467.600000    -0.00019231 
468.000000    -0.00020207 
468.400000    -0.00017978 
468.800000    -0.00013112 
469.200000    -0.00006547 
469.600000    0.00000590 
470.000000    0.00007185 
470.400000    0.00012303 
470.800000    0.00015316 
471.200000    0.00015964 
471.600000    0.00014350 
472.000000    0.00010879 
472.400000    0.00006167 
472.800000    0.00000925 
473.200000    -0.00004143 
473.600000    -0.00008429 
474.000000    -0.00011475 
474.400000    -0.00013004 
474.800000    -0.00012917 
475.200000    -0.00011287 
475.600000    -0.00008329 
476.000000    -0.00004376 
476.400000    0.00000148 
476.800000    0.00004754 
477.200000    0.00008923 
477.600000    0.00012145 
478.000000    0.00013970 
478.400000    0.00014068 
478.800000    0.00012290 
479.200000    0.00008713 
479.600000    0.00003669 
480.000000    -0.00002261 
480.400000    -0.00008299 
480.800000    -0.00013563 
481.200000    -0.00017190 
481.600000    -0.00018481 
482.000000    -0.00017035 
482.400000    -0.00012845 
482.800000    -0.00006352 
483.200000    0.00001594 
483.600000    0.00009829 
484.000000    0.00017044 
484.400000    0.00021996 
484.800000    0.00023719 
485.200000    0.00021714 
485.600000    0.00016068 
486.000000    0.00007479 
486.400000    -0.00002815 
486.800000    -0.00013211 
487.200000    -0.00021992 
487.600000    -0.00027611 
488.000000    -0.00028964 
488.400000    -0.00025607 
488.800000    -0.00017865 
489.200000    -0.00006815 
489.600000    0.00005857 
490.000000    0.00018115 
490.400000    0.00027902 
490.800000    0.00033485 
491.200000    0.00033763 
491.600000    0.00028474 
492.000000    0.00018276 
492.400000    0.00004676 
492.800000    -0.00010197 
493.200000    -0.00023917 
493.600000    -0.00034161 
494.000000    -0.00039105 
494.400000    -0.00037745 
494.800000    -0.00030097 
495.200000    -0.00017225 
495.600000    -0.00001097 
496.000000    0.00015719 
496.400000    0.00030463 
496.800000    0.00040639 
497.200000    0.00044432 
497.600000    0.00041026 
498.000000    0.00030772 
498.400000    0.00015159 
498.800000    -0.00003398 
499.200000    -0.00021923 
499.600000    -0.00037360 
500.000000    -0.00047076 
500.400000    -0.00049307 
500.800000    -0.00043476 
501.200000    -0.00030326 
501.600000    -0.00011823 
502.000000    0.00009129 
502.400000    0.00029153 
502.800000    0.00044934 
503.200000    0.00053768 
503.600000    0.00054018 
504.000000    0.00045411 
504.400000    0.00029114 
504.800000    0.00007593 
505.200000    -0.00015759 
505.600000    -0.00037150 
506.000000    -0.00052997 
506.400000    -0.00060532 
506.800000    -0.00058280 
507.200000    -0.00046342 
507.600000    -0.00026425 
508.000000    -0.00001602 
508.400000    0.00024164 
508.800000    0.00046650 
509.200000    0.00062057 
509.600000    0.00067651 
510.000000    0.00062235 
510.400000    0.00046392 
510.800000    0.00022442 
511.200000    -0.00005883 
511.600000    -0.00034011 
512.000000    -0.00057261 
512.400000    -0.00071621 
512.800000    -0.00074441 
513.200000    -0.00064924 
513.600000    -0.00044315 
514.000000    -0.00015748 
514.400000    0.00016226 
514.800000    0.00046365 
515.200000    0.00069595 
515.600000    0.00081851 
516.000000    0.00080790 
516.400000    0.00066218 
516.800000    0.00040190 
517.200000    0.00006742 
517.600000    -0.00028724 
518.000000    -0.00060300 
518.400000    -0.00082554 
518.800000    -0.00091471 
519.200000    -0.00085184 
519.600000    -0.00064352 
520.000000    -0.00032123 
520.400000    0.00006345 
520.800000    0.00044713 
521.200000    0.00076504 
521.600000    0.00096195 
522.000000    0.00100166 
522.400000    0.00087351 
522.800000    0.00059489 
523.200000    0.00020908 
523.600000    -0.00022127 
524.000000    -0.00062417 
524.400000    -0.00093034 
524.800000    -0.00108516 
525.200000    -0.00105858 
525.600000    -0.00085094 
526.000000    -0.00049366 
526.400000    -0.00004446 
526.800000    0.00042202 
527.200000    0.00082677 
527.600000    0.00109969 
528.000000    0.00119168 
528.400000    0.00108332 
528.800000    0.00078875 
529.200000    0.00035413 
529.600000    -0.00014944 
530.000000    -0.00063730 
530.400000    -0.00102550 
530.800000    -0.00124531 
531.200000    -0.00125559 
531.600000    -0.00105059 
532.000000    -0.00066168 
532.400000    -0.00015248 
532.800000    0.00039170 
533.200000    0.00087832 
533.600000    0.00122330 
534.000000    0.00136548 
534.400000    0.00127728 
534.800000    0.00096986 
535.200000    0.00049200 
535.600000    -0.00007742 
536.000000    -0.00064224 
536.400000    -0.00110519 
536.800000    -0.00138477 
537.200000    -0.00142984 
537.600000    -0.00122919 
538.000000    -0.00081411 
538.400000    -0.00025342 
538.800000    0.00035818 
539.200000    0.00091628 
539.600000    0.00132467 
540.000000    0.00151175 
540.400000    0.00144291 
540.800000    0.00112674 
541.200000    0.00061419 
541.600000    -0.00000939 
542.000000    -0.00063823 
542.400000    -0.00116398 
542.800000    -0.00149453 
543.200000    -0.00157047 
543.600000    -0.00137599 
544.000000    -0.00094219 
544.400000    -0.00034199 
544.800000    0.00032246 
545.200000    0.00093740 
545.600000    0.00139700 
546.000000    0.00162147 
546.400000    0.00157060 
546.800000    0.00125084 
547.200000    0.00071460 
547.600000    0.00005195 
548.000000    -0.00062427 
548.400000    -0.00119755 
548.800000    -0.00156792 
549.200000    -0.00166973 
549.600000    -0.00148360 
550.000000    -0.00104021 
550.400000    -0.00041503 
550.800000    0.00028479 
551.200000    0.00093915 
551.600000    0.00143568 
552.000000    0.00168886 
552.400000    0.00165450 
552.800000    0.00133723 
553.200000    0.00078999 
553.600000    0.00010541 
554.000000    -0.00059955 
554.400000    -0.00120345 
554.800000    -0.00160147 
555.200000    -0.00172392 
555.600000    -0.00154879 
556.000000    -0.00110586 
556.400000    -0.00047144 
556.800000    0.00024513 
557.200000    0.00092064 
557.600000    0.00143931 
558.000000    0.00171246 
558.400000    0.00169335 
558.800000    0.00138501 
559.200000    0.00083975 
559.600000    0.00015054 
560.000000    -0.00056452 
560.400000    -0.00118233 
560.800000    -0.00159607 
561.200000    -0.00173406 
561.600000    -0.00157249 
562.000000    -0.00113969 
562.400000    -0.00051102 
562.800000    0.00020462 
563.200000    0.00088398 
563.600000    0.00141079 
564.000000    0.00169546 
564.400000    0.00169007 
564.800000    0.00139616 
565.200000    0.00086438 
565.600000    0.00018604 
566.000000    -0.00052230 
566.400000    -0.00113868 
566.800000    -0.00155688 
567.200000    -0.00170500 
567.600000    -0.00155823 
568.000000    -0.00114313 
568.400000    -0.00053267 
568.800000    0.00016687 
569.200000    0.00083476 
569.600000    0.00135672 
570.000000    0.00164432 
570.400000    0.00164970 
570.800000    0.00137325 
571.200000    0.00086342 
571.600000    0.00020837 
572.000000    -0.00047890 
572.400000    -0.00107993 
572.800000    -0.00149131 
573.200000    -0.00164274 
573.600000    -0.00150944 
574.000000    -0.00111630 
574.400000    -0.00053317 
574.800000    0.00013785 
575.200000    0.00078057 
575.600000    0.00128489 
576.000000    0.00156556 
576.400000    0.00157629 
576.800000    0.00131720 
577.200000    0.00083448 
577.600000    0.00021239 
578.000000    -0.00044120 
578.400000    -0.00101335 
578.800000    -0.00140563 
579.200000    -0.00155141 
579.600000    -0.00142739 
580.000000    -0.00105755 
580.400000    -0.00050838 
580.800000    0.00012326 
581.200000    0.00072750 
581.600000    0.00120064 
582.000000    0.00146282 
582.400000    0.00147129 
582.800000    0.00122719 
583.200000    0.00077493 
583.600000    0.00019433 
584.000000    -0.00041325 
584.400000    -0.00094243 
584.800000    -0.00130225 
585.200000    -0.00143201 
585.600000    -0.00131181 
586.000000    -0.00096564 
586.400000    -0.00045664 
586.800000    0.00012469 
587.200000    0.00067671 
587.600000    0.00110454 
588.000000    0.00133624 
588.400000    0.00133471 
588.800000    0.00110347 
589.200000    0.00068553 
589.600000    0.00015558 
590.000000    -0.00039317 
590.400000    -0.00086529 
590.800000    -0.00117982 
591.200000    -0.00128437 
591.600000    -0.00116406 
592.000000    -0.00084362 
592.400000    -0.00038231 
592.800000    0.00013715 
593.200000    0.00062361 
593.600000    0.00099351 
594.000000    0.00118515 
594.400000    0.00116883 
594.800000    0.00095125 
595.200000    0.00057374 
595.600000    0.00010459 
596.000000    -0.00037320 
596.400000    -0.00077650 
596.800000    -0.00103662 
597.200000    -0.00111117 
597.600000    -0.00099109 
598.000000    -0.00070158 
598.400000    -0.00029687 
598.800000    0.00015003 
599.200000    0.00056063 
599.600000    0.00086475 
600.000000    0.00101243 
600.400000    0.00098198 
600.800000    0.00078300 
601.200000    0.00045397 
601.600000    0.00005493 
602.000000    -0.00034331 
602.400000    -0.00067174 
602.800000    -0.00087515 
603.200000    -0.00092152 
603.600000    -0.00080705 
604.000000    -0.00055612 
604.400000    -0.00021613 
604.800000    0.00015143 
605.200000    0.00048227 
605.600000    0.00072041 
606.000000    0.00082767 
606.400000    0.00078957 
606.800000    0.00061709 
607.200000    0.00034398 
607.600000    0.00002032 
608.000000    -0.00029661 
608.400000    -0.00055243 
608.800000    -0.00070500 
609.200000    -0.00073138 
609.600000    -0.00063122 
610.000000    -0.00042605 
610.400000    -0.00015477 
610.800000    0.00013375 
611.200000    0.00038951 
611.600000    0.00056996 
612.000000    0.00064702 
612.400000    0.00061127 
612.800000    0.00047287 
613.200000    0.00025906 
613.600000    0.00000893 
614.000000    -0.00023364 
614.400000    -0.00042770 
614.800000    -0.00054202 
615.200000    -0.00056018 
615.600000    -0.00048271 
616.000000    -0.00032642 
616.400000    -0.00012079 
616.800000    0.00009754 
617.200000    0.00029129 
617.600000    0.00042884 
618.000000    0.00048929 
618.400000    0.00046549 
618.800000    0.00036467 
619.200000    0.00020662 
619.600000    0.00001988 
620.000000    -0.00016329 
620.400000    -0.00031249 
620.800000    -0.00040412 
621.200000    -0.00042509 
621.600000    -0.00037452 
622.000000    -0.00026344 
622.400000    -0.00011250 
622.800000    0.00005190 
623.200000    0.00020211 
623.600000    0.00031388 
624.000000    0.00037013 
624.400000    0.00036347 
624.800000    0.00029705 
625.200000    0.00018368 
625.600000    0.00004341 
626.000000    -0.00009994 
626.400000    -0.00022274 
626.800000    -0.00030539 
627.200000    -0.00033540 
627.600000    -0.00030921 
628.000000    -0.00023255 
628.400000    -0.00011925 
628.800000    0.00001121 
629.200000    0.00013699 
629.600000    0.00023749 
630.000000    0.00029666 
630.400000    0.00030550 
630.800000    0.00026343 
631.200000    0.00017822 
631.600000    0.00006462 
632.000000    -0.00005811 
632.400000    -0.00016942 
632.800000    -0.00025086 
633.200000    -0.00028910 
633.600000    -0.00027814 
634.000000    -0.00022028 
634.400000    -0.00012564 
634.800000    -0.00001050 
635.200000    0.00010549 
635.600000    0.00020265 
636.000000    0.00026453 
636.400000    0.00028074 
636.800000    0.00024867 
637.200000    0.00017398 
637.600000    0.00006962 
638.000000    -0.00004635 
638.400000    -0.00015382 
638.800000    -0.00023416 
639.200000    -0.00027340 
639.600000    -0.00026471 
640.000000    -0.00020966 
640.400000    -0.00011794 
640.800000    -0.00000568 
641.200000    0.00010733 
641.600000    0.00020116 
642.000000    0.00025922 
642.400000    0.00027125 
642.800000    0.00023512 
643.200000    0.00015724 
643.600000    0.00005150 
644.000000    -0.00006322 
644.400000    -0.00016640 
644.800000    -0.00023954 
645.200000    -0.00026951 
645.600000    -0.00025094 
646.000000    -0.00018724 
646.400000    -0.00008995 
646.800000    0.00002330 
647.200000    0.00013200 
647.600000    0.00021649 
648.000000    0.00026155 
648.400000    0.00025908 
648.800000    0.00020967 
649.200000    0.00012242 
649.600000    0.00001330 
650.000000    -0.00009774 
650.400000    -0.00019046 
650.800000    -0.00024800 
651.200000    -0.00026000 
651.600000    -0.00022446 
652.000000    -0.00014813 
652.400000    -0.00004522 
652.800000    0.00006529 
653.200000    0.00016310 
653.600000    0.00023040 
654.000000    0.00025507 
654.400000    0.00023288 
654.800000    0.00016826 
655.200000    0.00007338 
655.600000    -0.00003412 
656.000000    -0.00013438 
656.400000    -0.00020904 
656.800000    -0.00024460 
657.200000    -0.00023488 
657.600000    -0.00018214 
658.000000    -0.00009652 
658.400000    0.00000586 
658.800000    0.00010596 
659.200000    0.00018540 
659.600000    0.00022981 
660.000000    0.00023147 
660.400000    0.00019060 
660.800000    0.00011528 
661.200000    0.00001983 
661.600000    -0.00007790 
662.000000    -0.00015986 
662.400000    -0.00021117 
662.800000    -0.00022282 
663.200000    -0.00019327 
663.600000    -0.00012862 
664.000000    -0.00004137 
664.400000    0.00005199 
664.800000    0.00013415 
665.200000    0.00019014 
665.600000    0.00021009 
666.000000    0.00019099 
666.400000    0.00013708 
666.800000    0.00005896 
667.200000    -0.00002848 
667.600000    -0.00010888 
668.000000    -0.00016752 
668.400000    -0.00019397 
668.800000    -0.00018399 
669.200000    -0.00014022 
669.600000    -0.00007147 
670.000000    0.00000894 
670.400000    0.00008584 
670.800000    0.00014503 
671.200000    0.00017594 
671.600000    0.00017347 
672.000000    0.00013887 
672.400000    0.00007933 
672.800000    0.00000655 
673.200000    -0.00006559 
673.600000    -0.00012363 
674.000000    -0.00015708 
674.400000    -0.00016029 
674.800000    -0.00013343 
675.200000    -0.00008231 
675.600000    -0.00001716 
676.000000    0.00004941 
676.400000    0.00010483 
676.800000    0.00013897 
677.200000    0.00014595 
677.600000    0.00012519 
678.000000    0.00008136 
678.400000    0.00002338 
678.800000    -0.00003736 
679.200000    -0.00008923 
679.600000    -0.00012261 
680.000000    -0.00013161 
680.400000    -0.00011519 
680.800000    -0.00007717 
681.200000    -0.00002544 
681.600000    0.00002970 
682.000000    0.00007755 
682.400000    0.00010907 
682.800000    0.00011861 
683.200000    0.00010489 
683.600000    0.00007118 
684.000000    0.00002453 
684.400000    -0.00002567 
684.800000    -0.00006954 
685.200000    -0.00009867 
685.600000    -0.00010771 
686.000000    -0.00009535 
686.400000    -0.00006451 
686.800000    -0.00002166 
687.200000    0.00002450 
687.600000    0.00006482 
688.000000    0.00009147 
688.400000    0.00009946 
688.800000    0.00008756 
689.200000    0.00005851 
689.600000    0.00001835 
690.000000    -0.00002478 
690.400000    -0.00006228 
690.800000    -0.00008681 
691.200000    -0.00009371 
691.600000    -0.00008189 
692.000000    -0.00005395 
692.400000    -0.00001565 
692.800000    0.00002527 
693.200000    0.00006071 
693.600000    0.00008372 
694.000000    0.00008993 
694.400000    0.00007832 
694.800000    0.00005139 
695.200000    0.00001464 
695.600000    -0.00002461 
696.000000    -0.00005863 
696.400000    -0.00008082 
696.800000    -0.00008699 
697.200000    -0.00007615 
697.600000    -0.00005063 
698.000000    -0.00001560 
698.400000    0.00002201 
698.800000    0.00005489 
699.200000    0.00007677 
699.600000    0.00008361 
700.000000    0.00007435 
700.400000    0.00005107 
700.800000    0.00001849 
701.200000    -0.00001699 
701.600000    -0.00004855 
702.000000    -0.00007029 
702.400000    -0.00007831 
702.800000    -0.00007147 
703.200000    -0.00005145 
703.600000    -0.00002240 
704.000000    0.00000994 
704.400000    0.00003942 
704.800000    0.00006063 
705.200000    0.00006994 
705.600000    0.00006609 
706.000000    0.00005034 
706.400000    0.00002613 
706.800000    -0.00000169 
707.200000    -0.00002782 
707.600000    -0.00004758 
708.000000    -0.00005772 
708.400000    -0.00005696 
708.800000    -0.00004616 
709.200000    -0.00002795 
709.600000    -0.00000616 
710.000000    0.00001500 
710.400000    0.00003180 
710.800000    0.00004162 
711.200000    0.00004339 
711.600000    0.00003763 
712.000000    0.00002620 
712.400000    0.00001180 
712.800000    -0.00000265 
713.200000    -0.00001461 
713.600000    -0.00002240 
714.000000    -0.00002538 
714.400000    -0.00002397 
714.800000    -0.00001939 
715.200000    -0.00001323 
715.600000    -0.00000702 
716.000000    -0.00000189 
716.400000    0.00000168 
716.800000    0.00000385 
717.200000    0.00000525 
717.600000    0.00000669 
718.000000    0.00000881 
718.400000    0.00001179 
718.800000    0.00001524 
719.200000    0.00001819 
719.600000    0.00001936 
720.000000    0.00001753 
720.400000    0.00001192 
720.800000    0.00000251 
721.200000    -0.00000970 
721.600000    -0.00002283 
722.000000    -0.00003436 
722.400000    -0.00004160 
722.800000    -0.00004233 
723.200000    -0.00003534 
723.600000    -0.00002081 
724.000000    -0.00000051 
724.400000    0.00002241 
724.800000    0.00004389 
725.200000    0.00005970 
725.600000    0.00006626 
726.000000    0.00006143 
726.400000    0.00004504 
726.800000    0.00001911 
727.200000    -0.00001239 
727.600000    -0.00004410 
728.000000    -0.00007027 
728.400000    -0.00008572 
728.800000    -0.00008696 
729.200000    -0.00007284 
729.600000    -0.00004498 
730.000000    -0.00000758 
730.400000    0.00003322 
730.800000    0.00007034 
731.200000    0.00009703 
731.600000    0.00010808 
732.000000    0.00010086 
732.400000    0.00007584 
732.800000    0.00003664 
733.200000    -0.00001046 
733.600000    -0.00005759 
734.000000    -0.00009661 
734.400000    -0.00012051 
734.800000    -0.00012469 
735.200000    -0.00010780 
735.600000    -0.00007209 
736.000000    -0.00002308 
736.400000    0.00003129 
736.800000    0.00008200 
737.200000    0.00012041 
737.600000    0.00013976 
738.000000    0.00013635 
738.400000    0.00011020 
738.800000    0.00006509 
739.200000    0.00000808 
739.600000    -0.00005170 
740.000000    -0.00010446 
740.400000    -0.00014137 
740.800000    -0.00015601 
741.200000    -0.00014549 
741.600000    -0.00011096 
742.000000    -0.00005752 
742.400000    0.00000660 
742.800000    0.00007126 
743.200000    0.00012601 
743.600000    0.00016179 
744.000000    0.00017237 
744.400000    0.00015542 
744.800000    0.00011298 
745.200000    0.00005117 
745.600000    -0.00002059 
746.000000    -0.00009107 
746.400000    -0.00014894 
746.800000    -0.00018454 
747.200000    -0.00019150 
747.600000    -0.00016784 
748.000000    -0.00011640 
748.400000    -0.00004458 
748.800000    0.00003676 
749.200000    0.00011486 
749.600000    0.00017706 
750.000000    0.00021279 
750.400000    0.00021537 
750.800000    0.00018321 
751.200000    0.00012025 
751.600000    0.00003553 
752.000000    -0.00005801 
752.400000    -0.00014553 
752.800000    -0.00021255 
753.200000    -0.00024736 
753.600000    -0.00024304 
754.000000    -0.00019879 
754.400000    -0.00012030 
754.800000    -0.00001912 
755.200000    0.00008901 
755.600000    0.00018660 
756.000000    0.00025718 
756.400000    0.00028808 
756.800000    0.00027266 
757.200000    0.00021166 
757.600000    0.00011340 
758.000000    -0.00000730 
758.400000    -0.00013128 
758.800000    -0.00023807 
759.200000    -0.00030924 
759.600000    -0.00033156 
760.000000    -0.00029947 
760.400000    -0.00021631 
760.800000    -0.00009407 
761.200000    0.00004824 
761.600000    0.00018756 
762.000000    0.00030049 
762.400000    0.00036722 
762.800000    0.00037493 
763.200000    0.00032027 
763.600000    0.00021019 
764.000000    0.00006120 
764.400000    -0.00010305 
764.800000    -0.00025549 
765.200000    -0.00037008 
765.600000    -0.00042626 
766.000000    -0.00041261 
766.400000    -0.00032914 
766.800000    -0.00018767 
767.200000    -0.00001017 
767.600000    0.00017461 
768.000000    0.00033579 
768.400000    0.00044554 
768.800000    0.00048381 
769.200000    0.00044198 
769.600000    0.00032463 
770.000000    0.00014922 
770.400000    -0.00005647 
770.800000    -0.00025866 
771.200000    -0.00042312 
771.600000    -0.00052092 
772.000000    -0.00053360 
772.400000    -0.00045654 
772.800000    -0.00030026 
773.200000    -0.00008897 
773.600000    0.00014315 
774.000000    0.00035749 
774.400000    0.00051741 
774.800000    0.00059451 
775.200000    0.00057357 
775.600000    0.00045548 
776.000000    0.00025754 
776.400000    0.00001103 
776.800000    -0.00024370 
777.200000    -0.00046377 
777.600000    -0.00061097 
778.000000    -0.00065846 
778.400000    -0.00059565 
778.800000    -0.00043044 
779.200000    -0.00018833 
779.600000    0.00009152 
780.000000    0.00036264 
780.400000    0.00057899 
780.800000    0.00070274 
781.200000    0.00071082 
781.600000    0.00059914 
782.000000    0.00038374 
782.400000    0.00009857 
782.800000    -0.00020971 
783.200000    -0.00048937 
783.600000    -0.00069223 
784.000000    -0.00078206 
784.400000    -0.00074105 
784.800000    -0.00057333 
785.200000    -0.00030474 
785.600000    0.00002118 
786.000000    0.00035029 
786.400000    0.00062686 
786.800000    0.00080303 
787.200000    0.00084699 
787.600000    0.00074864 
788.000000    0.00052175 
788.400000    0.00020215 
788.800000    -0.00015784 
789.200000    -0.00049784 
789.600000    -0.00075959 
790.000000    -0.00089697 
790.400000    -0.00088420 
790.800000    -0.00072072 
791.200000    -0.00043175 
791.600000    -0.00006439 
792.000000    0.00032018 
792.400000    0.00065696 
792.800000    0.00088806 
793.200000    0.00097265 
793.600000    0.00089402 
794.000000    0.00066284 
794.400000    0.00031579 
794.800000    -0.00009012 
795.200000    -0.00048683 
795.600000    -0.00080659 
796.000000    -0.00099367 
796.400000    -0.00101413 
796.800000    -0.00086211 
797.200000    -0.00056123 
797.600000    -0.00016088 
798.000000    0.00027202 
798.400000    0.00066430 
798.800000    0.00094896 
799.200000    0.00107652 
799.600000    0.00102355 
800.000000    0.00079684 
800.400000    0.00043269 
800.800000    -0.00000879 
801.200000    -0.00045352 
801.600000    -0.00082584 
802.000000    -0.00106144 
802.400000    -0.00111866 
802.800000    -0.00098600 
803.200000    -0.00068436 
803.600000    -0.00026374 
804.000000    0.00020524 
804.400000    0.00064333 
804.800000    0.00097613 
805.200000    0.00114662 
805.600000    0.00112488 
806.000000    0.00091320 
806.400000    0.00054594 
806.800000    0.00008409 
807.200000    -0.00039481 
807.600000    -0.00080957 
808.000000    -0.00108926 
808.400000    -0.00118549 
808.800000    -0.00108097 
809.200000    -0.00079262 
809.600000    -0.00036883 
810.000000    0.00011893 
810.400000    0.00058827 
810.800000    0.00095998 
811.200000    0.00117127 
811.600000    0.00118631 
812.000000    0.00100220 
812.400000    0.00064945 
812.800000    0.00018706 
813.200000    -0.00030731 
813.600000    -0.00075026 
814.000000    -0.00106687 
814.400000    -0.00120349 
814.800000    -0.00113701 
815.200000    -0.00087890 
815.600000    -0.00047309 
816.000000    0.00001164 
816.400000    0.00049360 
816.800000    0.00089200 
817.200000    0.00114055 
817.600000    0.00119831 
818.000000    0.00105633 
818.400000    0.00073896 
818.800000    0.00029971 
819.200000    -0.00018770 
819.600000    -0.00064163 
820.000000    -0.00098627 
820.400000    -0.00116443 
820.800000    -0.00114718 
821.200000    -0.00093866 
821.600000    -0.00057507 
822.000000    -0.00011824 
822.400000    0.00035511 
822.800000    0.00076640 
823.200000    0.00104824 
823.600000    0.00115535 
824.000000    0.00107169 
824.400000    0.00081268 
824.800000    0.00042242 
825.200000    -0.00003378 
825.600000    -0.00048029 
826.000000    -0.00084368 
826.400000    -0.00106488 
826.800000    -0.00110894 
827.200000    -0.00097054 
827.600000    -0.00067454 
828.000000    -0.00027139 
828.400000    0.00017170 
828.800000    0.00058209 
829.200000    0.00089363 
829.600000    0.00105724 
830.000000    0.00104844 
830.400000    0.00087084 
830.800000    0.00055510 
831.200000    0.00015370 
831.600000    -0.00026777 
832.000000    -0.00064127 
832.400000    -0.00090729 
832.800000    -0.00102439 
833.200000    -0.00097566 
833.600000    -0.00077112 
834.000000    -0.00044557 
834.400000    -0.00005262 
834.800000    0.00034436 
835.200000    0.00068244 
835.600000    0.00090902 
836.000000    0.00098986 
836.400000    0.00091403 
836.800000    0.00069519 
837.200000    0.00036916 
837.600000    -0.00001191 
838.000000    -0.00038780 
838.400000    -0.00069962 
838.800000    -0.00089907 
839.200000    -0.00095582 
839.600000    -0.00086215 
840.000000    -0.00063391 
840.400000    -0.00030772 
840.800000    0.00006494 
841.200000    0.00042589 
841.600000    0.00071931 
842.000000    0.00090019 
842.400000    0.00094103 
842.800000    0.00083593 
843.200000    0.00060129 
843.600000    0.00027335 
844.000000    -0.00009729 
844.400000    -0.00045335 
844.800000    -0.00073958 
845.200000    -0.00091128 
845.600000    -0.00094130 
846.000000    -0.00082435 
846.400000    -0.00057791 
846.800000    -0.00023965 
847.200000    0.00013837 
847.600000    0.00049765 
848.000000    0.00078223 
848.400000    0.00094728 
848.800000    0.00096603 
849.200000    0.00083400 
849.600000    0.00057000 
850.000000    0.00021359 
850.400000    -0.00018064 
850.800000    -0.00055126 
851.200000    -0.00083946 
851.600000    -0.00099843 
852.000000    -0.00100101 
852.400000    -0.00084440 
852.800000    -0.00055110 
853.200000    -0.00016567 
853.600000    0.00025202 
854.000000    0.00063608 
854.400000    0.00092494 
854.800000    0.00107113 
855.200000    0.00104899 
855.600000    0.00085909 
856.000000    0.00052868 
856.400000    0.00010804 
856.800000    -0.00033700 
857.200000    -0.00073520 
857.600000    -0.00102133 
858.000000    -0.00114690 
858.400000    -0.00108858 
858.800000    -0.00085255 
859.200000    -0.00047408 
859.600000    -0.00001223 
860.000000    0.00045944 
860.400000    0.00086464 
860.800000    0.00113663 
861.200000    0.00122909 
861.600000    0.00112393 
862.000000    0.00083470 
862.400000    0.00040504 
862.800000    -0.00009763 
863.200000    -0.00059255 
863.600000    -0.00099848 
864.000000    -0.00124717 
864.400000    -0.00129496 
864.800000    -0.00113065 
865.200000    -0.00077791 
865.600000    -0.00029191 
866.000000    0.00024947 
866.400000    0.00075827 
866.800000    0.00115072 
867.200000    0.00136099 
867.600000    0.00135203 
868.000000    0.00112196 
868.400000    0.00070495 
868.800000    0.00016638 
869.200000    -0.00040720 
869.600000    -0.00092182 
870.000000    -0.00129152 
870.400000    -0.00145288 
870.800000    -0.00137615 
871.200000    -0.00107076 
871.600000    -0.00058431 
872.000000    0.00000504 
872.400000    0.00060134 
872.800000    0.00110657 
873.200000    0.00143671 
873.600000    0.00153550 
874.000000    0.00138381 
874.400000    0.00100320 
874.800000    0.00045302 
875.200000    -0.00017853 
875.600000    -0.00078834 
876.000000    -0.00127516 
876.400000    -0.00155656 
876.800000    -0.00158312 
877.200000    -0.00134734 
877.600000    -0.00088541 
878.000000    -0.00027152 
878.400000    0.00039434 
878.800000    0.00100286 
879.200000    0.00145334 
879.600000    0.00167019 
880.000000    0.00161530 
880.400000    0.00129456 
880.800000    0.00075742 
881.200000    0.00008958 
881.600000    -0.00060037 
882.000000    -0.00119845 
882.400000    -0.00160419 
882.800000    -0.00174776 
883.200000    -0.00160230 
883.600000    -0.00118900 
884.000000    -0.00057397 
884.400000    0.00014262 
884.800000    0.00084318 
885.200000    0.00141208 
885.600000    0.00175455 
886.000000    0.00181217 
886.400000    0.00157253 
886.800000    0.00107173 
887.200000    0.00038915 
887.600000    -0.00036469 
888.000000    -0.00106575 
888.400000    -0.00159686 
888.800000    -0.00186754 
889.200000    -0.00182975 
889.600000    -0.00148671 
890.000000    -0.00089278 
890.400000    -0.00014464 
890.800000    0.00063487 
891.200000    0.00131712 
891.600000    0.00178881 
892.000000    0.00197049 
892.400000    0.00182954 
892.800000    0.00138584 
893.200000    0.00070916 
893.600000    -0.00009136 
894.000000    -0.00088440 
894.400000    -0.00153785 
894.800000    -0.00194099 
895.200000    -0.00202367 
895.600000    -0.00176888 
896.000000    -0.00121623 
896.400000    -0.00045561 
896.800000    0.00038789 
897.200000    0.00117487 
897.600000    0.00177471 
898.000000    0.00208694 
898.400000    0.00205764 
898.800000    0.00168842 
899.200000    0.00103672 
899.600000    0.00020734 
900.000000    -0.00066394 
900.400000    -0.00143228 
900.800000    -0.00196789 
901.200000    -0.00217845 
901.600000    -0.00202544 
902.000000    -0.00153147 
902.400000    -0.00077681 
902.800000    0.00011409 
903.200000    0.00099358 
903.600000    0.00171549 
904.000000    0.00215918 
904.400000    0.00224922 
904.800000    0.00196779 
905.200000    0.00135800 
905.600000    0.00051771 
906.000000    -0.00041563 
906.400000    -0.00128699 
906.800000    -0.00194947 
907.200000    -0.00228947 
907.600000    -0.00224672 
908.000000    -0.00182542 
908.400000    -0.00109399 
908.800000    -0.00017351 
909.200000    0.00078287 
909.600000    0.00161579 
910.000000    0.00218608 
910.400000    0.00239756 
910.800000    0.00221272 
911.200000    0.00165908 
911.600000    0.00082546 
912.000000    -0.00015172 
912.400000    -0.00111014 
912.800000    -0.00188839 
913.200000    -0.00235344 
913.600000    -0.00242407 
914.000000    -0.00208560 
914.400000    -0.00139296 
914.800000    -0.00046143 
915.200000    0.00055327 
915.600000    0.00148144 
916.000000    0.00216787 
916.400000    0.00249728 
916.800000    0.00241310 
917.200000    0.00192680 
917.600000    0.00111652 
918.000000    0.00011515 
918.400000    -0.00091083 
918.800000    -0.00178869 
919.200000    -0.00236872 
919.600000    -0.00255049 
920.000000    -0.00230089 
920.400000    -0.00166047 
920.800000    -0.00073650 
921.200000    0.00031565 
921.600000    0.00131932 
922.000000    0.00210633 
922.400000    0.00254483 
922.800000    0.00256070 
923.200000    0.00214959 
923.600000    0.00137790 
924.000000    0.00037265 
924.400000    -0.00069874 
924.800000    -0.00165582 
925.200000    -0.00233566 
925.600000    -0.00262124 
926.000000    -0.00246236 
926.400000    -0.00188491 
926.800000    -0.00098645 
927.200000    0.00008096 
927.600000    0.00113724 
928.000000    0.00200499 
928.400000    0.00253896 
928.800000    0.00264974 
929.200000    0.00231808 
929.600000    0.00159812 
930.000000    0.00060904 
930.400000    -0.00048395 
930.800000    -0.00149662 
931.200000    -0.00225676 
931.600000    -0.00263412 
932.000000    -0.00256351 
932.400000    -0.00205665 
932.800000    -0.00120015 
933.200000    -0.00014003 
933.600000    0.00094392 
934.000000    0.00186913 
934.400000    0.00248074 
934.800000    0.00267693 
935.200000    0.00242518 
935.600000    0.00176744 
936.000000    0.00081347 
936.400000    -0.00027672 
936.800000    -0.00131906 
937.200000    -0.00213644 
937.600000    -0.00258929 
938.000000    -0.00260026 
938.400000    -0.00216811 
938.800000    -0.00136781 
939.200000    -0.00033698 
939.600000    0.00074856 
940.000000    0.00170534 
940.400000    0.00237314 
940.800000    0.00264123 
941.200000    0.00246606 
941.600000    0.00187800 
942.000000    0.00097633 
942.400000    -0.00008684 
942.800000    -0.00113157 
943.200000    -0.00198035 
943.600000    -0.00248874 
944.000000    -0.00257068 
944.400000    -0.00221380 
944.800000    -0.00148139 
945.200000    -0.00050067 
945.600000    0.00056003 
946.000000    0.00152074 
946.400000    0.00222043 
946.800000    0.00254346 
947.200000    0.00243804 
947.600000    0.00192414 
948.000000    0.00108992 
948.400000    0.00007720 
948.800000    -0.00094204 
949.200000    -0.00179459 
949.600000    -0.00233579 
950.000000    -0.00247483 
950.400000    -0.00219064 
950.800000    -0.00153524 
951.200000    -0.00062389 
951.600000    0.00038588 
952.000000    0.00132205 
952.400000    0.00202753 
952.800000    0.00238609 
953.200000    0.00234088 
953.600000    0.00190307 
954.000000    0.00114941 
954.400000    0.00020927 
954.800000    -0.00075695 
955.200000    -0.00158498 
955.600000    -0.00213480 
956.000000    -0.00231500 
956.400000    -0.00209855 
956.800000    -0.00152704 
957.200000    -0.00070247 
957.600000    0.00023149 
958.000000    0.00111506 
958.400000    0.00179985 
958.800000    0.00217345 
959.200000    0.00217733 
959.600000    0.00181563 
960.000000    0.00115362 
960.400000    0.00030636 
960.800000    -0.00058080 
961.200000    -0.00135692 
961.600000    -0.00189134 
962.000000    -0.00209612 
962.400000    -0.00194110 
962.800000    -0.00145840 
963.200000    -0.00073580 
963.600000    0.00009966 
964.000000    0.00090447 
964.400000    0.00154342 
964.800000    0.00191212 
965.200000    0.00195362 
965.600000    0.00166679 
966.000000    0.00110548 
966.400000    0.00036876 
966.800000    -0.00041613 
967.200000    -0.00111561 
967.600000    -0.00161252 
968.000000    -0.00182619 
968.400000    -0.00172587 
968.800000    -0.00133520 
969.200000    -0.00072697 
969.600000    -0.00000922 
970.000000    0.00069422 
970.400000    0.00126528 
970.800000    0.00161130 
971.200000    0.00167974 
971.600000    0.00146575 
972.000000    0.00101184 
972.400000    0.00039973 
972.800000    -0.00026404 
973.200000    -0.00086647 
973.600000    -0.00130742 
974.000000    -0.00151646 
974.400000    -0.00146439 
974.800000    -0.00116723 
975.200000    -0.00068222 
975.600000    -0.00009667 
976.000000    0.00048801 
976.400000    0.00097390 
976.800000    0.00128295 
977.200000    0.00136925 
977.600000    0.00122546 
978.000000    0.00088282 
978.400000    0.00040470 
978.800000    -0.00012486 
979.200000    -0.00061577 
979.600000    -0.00098725 
980.000000    -0.00118127 
980.400000    -0.00117165 
980.800000    -0.00096745 
981.200000    -0.00061015 
981.600000    -0.00016524 
982.000000    0.00028986 
982.400000    0.00067934 
982.800000    0.00094158 
983.200000    0.00103869 
983.600000    0.00096169 
984.000000    0.00073066 
984.400000    0.00039018 
984.800000    0.00000095 
985.200000    -0.00037098 
985.600000    -0.00066535 
986.000000    -0.00083750 
986.400000    -0.00086510 
986.800000    -0.00075077 
987.200000    -0.00052041 
987.600000    -0.00021758 
988.000000    0.00010473 
988.400000    0.00039335 
988.800000    0.00060373 
989.200000    0.00070656 
989.600000    0.00069165 
990.000000    0.00056827 
990.400000    0.00036250 
990.800000    0.00011192 
991.200000    -0.00014116 
991.600000    -0.00035677 
992.000000    -0.00050358 
992.400000    -0.00056326 
992.800000    -0.00053249 
993.200000    -0.00042233 
993.600000    -0.00025535 
994.000000    -0.00006110 
994.400000    0.00012907 
994.800000    0.00028702 
995.200000    0.00039184 
995.600000    0.00043229 
996.000000    0.00040758 
996.400000    0.00032644 
996.800000    0.00020489 
997.200000    0.00006319 
997.600000    -0.00007748 
998.000000    -0.00019803 
998.400000    -0.00028391 
998.800000    -0.00032644 
999.200000    -0.00032337 
999.600000    -0.00027837 
1000.000000    -0.00019991 
