0.000000    0.00000000 
0.400000    0.01698901 
0.800000    0.03089919 
1.200000    0.03942928 
1.600000    0.04129866 
2.000000    0.03629622 
2.400000    0.02525862 
2.800000    0.01000440 
3.200000    -0.00682013 
3.600000    -0.02207437 
4.000000    -0.03270694 
4.400000    -0.03652061 
4.800000    -0.03283617 
5.200000    -0.02269427 
5.600000    -0.00846426 
6.000000    0.00690560 
6.400000    0.02061634 
6.800000    0.03049172 
7.200000    0.03518252 
7.600000    0.03419935 
8.000000    0.02787140 
8.400000    0.01727887 
8.800000    0.00415345 
9.200000    -0.00929785 
9.600000    -0.02069897 
10.000000    -0.02795203 
10.400000    -0.02973455 
10.800000    -0.02585595 
11.200000    -0.01729207 
11.600000    -0.00587423 
12.000000    0.00620953 
12.400000    0.01688963 
12.800000    0.02453937 
13.200000    0.02813479 
13.600000    0.02729964 
14.000000    0.02228965 
14.400000    0.01394428 
14.800000    0.00360260 
15.200000    -0.00704275 
15.600000    -0.01618164 
16.000000    -0.02220994 
16.400000    -0.02407791 
16.800000    -0.02154518 
17.200000    -0.01523008 
17.600000    -0.00642798 
18.000000    0.00321909 
18.400000    0.01207133 
18.800000    0.01876191 
19.200000    0.02235878 
19.600000    0.02243488 
20.000000    0.01907800 
20.400000    0.01286165 
20.800000    0.00477995 
21.200000    -0.00386578 
21.600000    -0.01164407 
22.000000    -0.01723191 
22.400000    -0.01967692 
22.800000    -0.01860817 
23.200000    -0.01431668 
23.600000    -0.00767093 
24.000000    0.00009768 
24.400000    0.00765826 
24.800000    0.01381494 
25.200000    0.01767163 
25.600000    0.01872305 
26.000000    0.01688798 
26.400000    0.01250071 
26.800000    0.00626719 
27.200000    -0.00081845 
27.600000    -0.00760533 
28.000000    -0.01296521 
28.400000    -0.01599788 
28.800000    -0.01621473 
29.200000    -0.01364215 
29.600000    -0.00880638 
30.000000    -0.00260541 
30.400000    0.00388516 
30.800000    0.00961258 
31.200000    0.01370954 
31.600000    0.01560149 
32.000000    0.01506128 
32.400000    0.01222092 
32.800000    0.00754789 
33.200000    0.00178651 
33.600000    -0.00413912 
34.000000    -0.00926122 
34.400000    -0.01273150 
34.800000    -0.01398148 
35.200000    -0.01283718 
35.600000    -0.00955086 
36.000000    -0.00473864 
36.400000    0.00075412 
36.800000    0.00601723 
37.200000    0.01022830 
37.600000    0.01276843 
38.000000    0.01329379 
38.400000    0.01176662 
38.800000    0.00845150 
39.200000    0.00387946 
39.600000    -0.00122102 
40.000000    -0.00602679 
40.400000    -0.00975054 
40.800000    -0.01178008 
41.200000    -0.01179586 
41.600000    -0.00983332 
42.000000    -0.00627018 
42.400000    -0.00174283 
42.800000    0.00298182 
43.200000    0.00714390 
43.600000    0.01010904 
44.000000    0.01145255 
44.400000    0.01100639 
44.800000    0.00887171 
45.200000    0.00540048 
45.600000    0.00114730 
46.000000    -0.00320773 
46.400000    -0.00696165 
46.800000    -0.00950504 
47.200000    -0.01043137 
47.600000    -0.00961293 
48.000000    -0.00722202 
48.400000    -0.00369116 
48.800000    0.00037521 
49.200000    0.00431294 
49.600000    0.00750797 
50.000000    0.00948541 
50.400000    0.00996938 
50.800000    0.00891244 
51.200000    0.00649660 
51.600000    0.00310726 
52.000000    -0.00071906 
52.400000    -0.00437158 
52.800000    -0.00726060 
53.200000    -0.00891783 
53.600000    -0.00908156 
54.000000    -0.00774542 
54.400000    -0.00515682 
54.800000    -0.00176585 
55.200000    0.00186121 
55.600000    0.00514156 
56.000000    0.00756843 
56.400000    0.00878286 
56.800000    0.00861886 
57.200000    0.00712091 
57.600000    0.00453498 
58.000000    0.00127380 
58.400000    -0.00214185 
58.800000    -0.00516208 
59.200000    -0.00729765 
59.600000    -0.00820532 
60.000000    -0.00775023 
60.400000    -0.00602925 
60.800000    -0.00334924 
61.200000    -0.00016629 
61.600000    0.00299786 
62.000000    0.00564340 
62.400000    0.00736816 
62.800000    0.00792248 
63.200000    0.00723943 
63.600000    0.00544024 
64.000000    0.00281574 
64.400000    -0.00021510 
64.800000    -0.00316701 
65.200000    -0.00556446 
65.600000    -0.00702135 
66.000000    -0.00730884 
66.400000    -0.00639621 
66.800000    -0.00445397 
67.200000    -0.00181895 
67.600000    0.00106948 
68.000000    0.00374642 
68.400000    0.00579619 
68.800000    0.00691287 
69.200000    0.00694062 
69.600000    0.00589149 
70.000000    0.00394082 
70.400000    0.00140124 
70.800000    -0.00132278 
71.200000    -0.00379622 
71.600000    -0.00562304 
72.000000    -0.00651305 
72.400000    -0.00633240 
72.800000    -0.00512631 
73.200000    -0.00310834 
73.600000    -0.00061912 
74.000000    0.00193506 
74.400000    0.00415041 
74.800000    0.00568800 
75.200000    0.00632174 
75.600000    0.00596751 
76.000000    0.00469215 
76.400000    0.00270229 
76.800000    0.00031427 
77.200000    -0.00209255 
77.600000    -0.00413433 
78.000000    -0.00548512 
78.400000    -0.00593228 
78.800000    -0.00541330 
79.200000    -0.00402565 
79.600000    -0.00200724 
80.000000    0.00030757 
80.400000    0.00254613 
80.800000    0.00435812 
81.200000    0.00546838 
81.600000    0.00571537 
82.000000    0.00507175 
82.400000    0.00364632 
82.800000    0.00166739 
83.200000    -0.00055067 
83.600000    -0.00265488 
84.000000    -0.00430926 
84.400000    -0.00525032 
84.800000    -0.00533209 
85.200000    -0.00455107 
85.600000    -0.00304544 
86.000000    -0.00106876 
86.400000    0.00105554 
86.800000    0.00298892 
87.200000    0.00443145 
87.600000    0.00516614 
88.000000    0.00508875 
88.400000    0.00422063 
88.800000    0.00270411 
89.200000    0.00078111 
89.600000    -0.00124291 
90.000000    -0.00304590 
90.400000    -0.00434074 
90.800000    -0.00492298 
91.200000    -0.00470551 
91.600000    -0.00373287 
92.000000    -0.00217191 
92.400000    -0.00028116 
92.800000    0.00163412 
93.200000    0.00327214 
93.600000    0.00438117 
94.000000    0.00479596 
94.400000    0.00446018 
94.800000    0.00343295 
95.200000    0.00187944 
95.600000    0.00004639 
96.000000    -0.00177502 
96.400000    -0.00329458 
96.800000    -0.00427018 
97.200000    -0.00454854 
97.600000    -0.00409123 
98.000000    -0.00298053 
98.400000    -0.00140373 
98.800000    0.00038047 
99.200000    0.00208606 
99.600000    0.00344598 
100.000000    0.00425269 
100.400000    0.00438785 
100.800000    0.00383792 
101.200000    0.00269478 
101.600000    0.00114145 
102.000000    -0.00057539 
102.400000    -0.00218309 
102.800000    -0.00342614 
103.200000    -0.00410784 
103.600000    -0.00412324 
104.000000    -0.00347654 
104.400000    -0.00227935 
104.800000    -0.00073030 
105.200000    0.00091962 
105.600000    0.00240872 
106.000000    0.00350586 
106.400000    0.00404493 
106.800000    0.00394833 
107.200000    0.00323699 
107.600000    0.00202644 
108.000000    0.00050930 
108.400000    -0.00107372 
108.800000    -0.00247114 
109.200000    -0.00346089 
109.600000    -0.00388689 
110.000000    -0.00368526 
110.400000    -0.00289458 
110.800000    -0.00164838 
111.200000    -0.00015121 
111.600000    0.00135621 
112.000000    0.00263634 
112.400000    0.00349166 
112.800000    0.00379372 
113.200000    0.00350111 
113.600000    0.00266440 
114.000000    0.00141806 
114.400000    -0.00003992 
114.800000    -0.00147818 
115.200000    -0.00266823 
115.600000    -0.00342137 
116.000000    -0.00361983 
116.400000    -0.00323642 
116.800000    -0.00233846 
117.200000    -0.00107538 
117.600000    0.00034739 
118.000000    0.00170283 
118.400000    0.00277875 
118.800000    0.00341017 
119.200000    0.00350335 
119.600000    0.00304867 
120.000000    0.00212120 
120.400000    0.00086908 
120.800000    -0.00050896 
121.200000    -0.00179424 
121.600000    -0.00278267 
122.000000    -0.00331802 
122.400000    -0.00331772 
122.800000    -0.00278647 
123.200000    -0.00181466 
123.600000    -0.00056224 
124.000000    0.00076871 
124.400000    0.00196728 
124.800000    0.00284695 
125.200000    0.00327374 
125.600000    0.00318549 
126.000000    0.00260016 
126.400000    0.00161256 
126.800000    0.00037984 
127.200000    -0.00090246 
127.600000    -0.00203083 
128.000000    -0.00282628 
128.400000    -0.00316366 
128.800000    -0.00299226 
129.200000    -0.00234400 
129.600000    -0.00132729 
130.000000    -0.00010801 
130.400000    0.00111844 
130.800000    0.00215884 
131.200000    0.00285220 
131.600000    0.00309376 
132.000000    0.00284984 
132.400000    0.00216215 
132.800000    0.00114101 
133.200000    -0.00005140 
133.600000    -0.00122602 
134.000000    -0.00219654 
134.400000    -0.00280932 
134.800000    -0.00296863 
135.200000    -0.00265236 
135.600000    -0.00191525 
136.000000    -0.00087904 
136.400000    0.00028851 
136.800000    0.00140144 
137.200000    0.00228534 
137.600000    0.00280414 
138.000000    0.00288019 
138.400000    0.00250518 
138.800000    0.00174076 
139.200000    0.00070896 
139.600000    -0.00042650 
140.000000    -0.00148556 
140.400000    -0.00230032 
140.800000    -0.00274216 
141.200000    -0.00274288 
141.600000    -0.00230577 
142.000000    -0.00150451 
142.400000    -0.00047025 
142.800000    0.00063065 
143.200000    0.00162382 
143.600000    0.00235443 
144.000000    0.00271066 
144.400000    0.00264009 
144.800000    0.00215689 
145.200000    0.00133922 
145.600000    0.00031717 
146.000000    -0.00074718 
146.400000    -0.00168512 
146.800000    -0.00234810 
147.200000    -0.00263194 
147.600000    -0.00249381 
148.000000    -0.00195909 
148.400000    -0.00111653 
148.800000    -0.00010300 
149.200000    0.00091943 
149.600000    0.00178965 
150.000000    0.00237264 
150.400000    0.00257978 
150.800000    0.00238166 
151.200000    0.00181200 
151.600000    0.00096213 
152.000000    -0.00003297 
152.400000    -0.00101560 
152.800000    -0.00183004 
153.200000    -0.00234755 
153.600000    -0.00248728 
154.000000    -0.00222952 
154.400000    -0.00161851 
154.800000    -0.00075462 
155.200000    0.00022272 
155.600000    0.00115804 
156.000000    0.00190464 
156.400000    0.00234722 
156.800000    0.00241907 
157.200000    0.00211166 
157.600000    0.00147543 
158.000000    0.00061189 
158.400000    -0.00034198 
158.800000    -0.00123504 
159.200000    -0.00192586 
159.600000    -0.00230551 
160.000000    -0.00231528 
160.400000    -0.00195618 
160.800000    -0.00128834 
161.200000    -0.00042060 
161.600000    0.00050777 
162.000000    0.00134978 
162.400000    0.00197392 
162.800000    0.00228427 
163.200000    0.00223471 
163.600000    0.00183539 
164.000000    0.00115087 
164.400000    0.00029003 
164.800000    -0.00061065 
165.200000    -0.00140851 
165.600000    -0.00197733 
166.000000    -0.00222774 
166.400000    -0.00212177 
166.800000    -0.00167881 
167.200000    -0.00097206 
167.600000    -0.00011593 
168.000000    0.00075284 
168.400000    0.00149733 
168.800000    0.00200173 
169.200000    0.00218900 
169.600000    0.00203211 
170.000000    0.00155774 
170.400000    0.00084194 
170.800000    -0.00000164 
171.200000    -0.00083937 
171.600000    -0.00153861 
172.000000    -0.00198892 
172.400000    -0.00211994 
172.800000    -0.00191275 
173.200000    -0.00140275 
173.600000    -0.00067339 
174.000000    0.00015789 
174.400000    0.00095896 
174.800000    0.00160401 
175.200000    0.00199315 
175.600000    0.00206735 
176.000000    0.00181710 
176.400000    0.00128344 
176.800000    0.00055152 
177.200000    -0.00026259 
177.600000    -0.00102996 
178.000000    -0.00162916 
178.400000    -0.00196578 
178.800000    -0.00198766 
179.200000    -0.00169330 
179.600000    -0.00113177 
180.000000    -0.00039432 
180.400000    0.00040089 
180.800000    0.00112798 
181.200000    0.00167322 
181.600000    0.00195252 
182.000000    0.00192401 
182.400000    0.00159406 
182.800000    0.00101595 
183.200000    0.00028164 
183.600000    -0.00049251 
184.000000    -0.00118394 
184.400000    -0.00168337 
184.800000    -0.00191232 
185.200000    -0.00183583 
185.600000    -0.00146802 
186.000000    -0.00086941 
186.400000    -0.00013671 
186.800000    0.00061317 
187.200000    0.00126195 
187.600000    0.00170850 
188.000000    0.00188430 
188.400000    0.00176358 
188.800000    0.00136697 
189.200000    0.00075804 
189.600000    0.00003348 
190.000000    -0.00069194 
190.400000    -0.00130344 
190.800000    -0.00170450 
191.200000    -0.00183239 
191.600000    -0.00166832 
192.000000    -0.00124027 
192.400000    -0.00061808 
192.800000    0.00009824 
193.200000    0.00079484 
193.600000    0.00136225 
194.000000    0.00171237 
194.400000    0.00179181 
194.800000    0.00158979 
195.200000    0.00113947 
195.600000    0.00051272 
196.000000    -0.00019110 
196.400000    -0.00086056 
196.800000    -0.00138980 
197.200000    -0.00169545 
197.600000    -0.00173004 
198.000000    -0.00148964 
198.400000    -0.00101424 
198.800000    -0.00038090 
199.200000    0.00030899 
199.600000    0.00094621 
200.000000    0.00143096 
200.400000    0.00168828 
200.800000    0.00167932 
201.200000    0.00140702 
201.600000    0.00091540 
202.000000    0.00028265 
202.400000    -0.00039100 
202.800000    -0.00099899 
203.200000    -0.00144529 
203.600000    -0.00165979 
204.000000    -0.00160959 
204.400000    -0.00130420 
204.800000    -0.00079374 
205.200000    -0.00016049 
205.600000    0.00049461 
206.000000    0.00106821 
206.400000    0.00147078 
206.800000    0.00164032 
207.200000    0.00155165 
207.600000    0.00122003 
208.000000    0.00069857 
208.400000    0.00007002 
208.800000    -0.00056614 
209.200000    -0.00110934 
209.600000    -0.00147384 
210.000000    -0.00160256 
210.400000    -0.00147622 
210.800000    -0.00111632 
211.200000    -0.00058140 
211.600000    0.00004269 
212.000000    0.00065681 
212.400000    0.00116435 
212.800000    0.00148626 
213.200000    0.00157316 
213.600000    0.00141271 
214.000000    0.00103121 
214.400000    0.00048952 
214.800000    -0.00012651 
215.200000    -0.00071935 
215.600000    -0.00119523 
216.000000    -0.00147910 
216.400000    -0.00152667 
216.800000    -0.00133157 
217.200000    -0.00092615 
217.600000    -0.00037604 
218.000000    0.00023074 
218.400000    0.00079800 
218.800000    0.00123667 
219.200000    0.00147863 
219.600000    0.00148702 
220.000000    0.00126175 
220.400000    0.00083927 
220.800000    0.00028688 
221.200000    -0.00030783 
221.600000    -0.00085067 
222.000000    -0.00125579 
222.400000    -0.00145945 
222.800000    -0.00143025 
223.200000    -0.00117411 
223.600000    -0.00073312 
224.000000    -0.00017843 
224.400000    0.00040143 
224.800000    0.00091480 
225.200000    0.00128135 
225.600000    0.00144447 
226.000000    0.00137981 
226.400000    0.00109877 
226.800000    0.00064659 
227.200000    0.00009521 
227.600000    -0.00046800 
228.000000    -0.00095395 
228.400000    -0.00128603 
228.800000    -0.00141233 
229.200000    -0.00131396 
229.600000    -0.00100793 
230.000000    -0.00054415 
230.400000    0.00000290 
230.800000    0.00054633 
231.200000    0.00100067 
231.600000    0.00129525 
232.000000    0.00138499 
232.400000    0.00125712 
232.800000    0.00093290 
233.200000    0.00046413 
233.600000    -0.00007488 
234.000000    -0.00059901 
234.400000    -0.00102565 
234.800000    -0.00128786 
235.200000    -0.00134499 
235.600000    -0.00118913 
236.000000    -0.00084621 
236.400000    -0.00037158 
236.800000    0.00015911 
237.200000    0.00066205 
237.600000    0.00105859 
238.000000    0.00128733 
238.400000    0.00131346 
238.800000    0.00113393 
239.200000    0.00077770 
239.600000    0.00030119 
240.000000    -0.00022045 
240.400000    -0.00070508 
240.800000    -0.00107645 
241.200000    -0.00127631 
241.600000    -0.00127369 
242.000000    -0.00106980 
242.400000    -0.00069773 
242.800000    -0.00021695 
243.200000    0.00029629 
243.600000    0.00076120 
244.000000    0.00110508 
244.400000    0.00127456 
244.800000    0.00124371 
245.200000    0.00101792 
245.600000    0.00063300 
246.000000    0.00014964 
246.400000    -0.00035596 
246.800000    -0.00080398 
247.200000    -0.00112362 
247.600000    -0.00126440 
248.000000    -0.00120428 
248.400000    -0.00095326 
248.800000    -0.00055168 
249.200000    -0.00006361 
249.600000    0.00043344 
250.000000    0.00086096 
250.400000    0.00115173 
250.800000    0.00126030 
251.200000    0.00116996 
251.600000    0.00089524 
252.000000    0.00047973 
252.400000    -0.00001074 
252.800000    -0.00049834 
253.200000    -0.00090554 
253.600000    -0.00116752 
254.000000    -0.00124266 
254.400000    -0.00111934 
254.800000    -0.00081779 
255.200000    -0.00038672 
255.600000    0.00010466 
256.000000    0.00057790 
256.400000    0.00095791 
256.800000    0.00118478 
257.200000    0.00122313 
257.600000    0.00106754 
258.000000    0.00074328 
258.400000    0.00030233 
258.800000    -0.00018481 
259.200000    -0.00064035 
259.600000    -0.00099157 
260.000000    -0.00118264 
260.400000    -0.00118363 
260.800000    -0.00099535 
261.200000    -0.00064904 
261.600000    -0.00020112 
262.000000    0.00027622 
262.400000    0.00070674 
262.800000    0.00102238 
263.200000    0.00117391 
263.600000    0.00113850 
264.000000    0.00092307 
264.400000    0.00056298 
264.800000    0.00011632 
265.200000    -0.00034535 
265.600000    -0.00074846 
266.000000    -0.00102918 
266.400000    -0.00114371 
266.800000    -0.00107519 
267.200000    -0.00083623 
267.600000    -0.00046658 
268.000000    -0.00002632 
268.400000    0.00041402 
268.800000    0.00078485 
269.200000    0.00102849 
269.600000    0.00110802 
270.000000    0.00101268 
270.400000    0.00075930 
270.800000    0.00038926 
271.200000    -0.00003811 
271.600000    -0.00045501 
272.000000    -0.00079593 
272.400000    -0.00100794 
272.800000    -0.00105905 
273.200000    -0.00094302 
273.600000    -0.00068010 
274.000000    -0.00031332 
274.400000    0.00009859 
274.800000    0.00049078 
275.200000    0.00080246 
275.600000    0.00098622 
276.000000    0.00101511 
276.400000    0.00088641 
276.800000    0.00062169 
277.200000    0.00026328 
277.600000    -0.00013246 
278.000000    -0.00050393 
278.400000    -0.00079380 
278.800000    -0.00095787 
279.200000    -0.00097187 
279.600000    -0.00083500 
280.000000    -0.00056983 
280.400000    -0.00021849 
280.800000    0.00016413 
281.200000    0.00051893 
281.600000    0.00079171 
282.000000    0.00094128 
282.400000    0.00094558 
282.800000    0.00080472 
283.200000    0.00054089 
283.600000    0.00019491 
284.000000    -0.00017996 
284.400000    -0.00052610 
284.800000    -0.00079029 
285.200000    -0.00093191 
285.600000    -0.00092918 
286.000000    -0.00078259 
286.400000    -0.00051477 
286.800000    -0.00016705 
287.200000    0.00020700 
287.600000    0.00054976 
288.000000    0.00080838 
288.400000    0.00094280 
288.800000    0.00093186 
289.200000    0.00077658 
289.600000    0.00050018 
290.000000    0.00014471 
290.400000    -0.00023511 
290.800000    -0.00058026 
291.200000    -0.00083647 
291.600000    -0.00096286 
292.000000    -0.00093853 
292.400000    -0.00076615 
292.800000    -0.00047175 
293.200000    -0.00010083 
293.600000    0.00028869 
294.000000    0.00063556 
294.400000    0.00088475 
294.800000    0.00099616 
295.200000    0.00095103 
295.600000    0.00075507 
296.000000    0.00043793 
296.400000    0.00004881 
296.800000    -0.00035097 
297.200000    -0.00069759 
297.600000    -0.00093499 
298.000000    -0.00102403 
298.400000    -0.00094914 
298.800000    -0.00072111 
299.200000    -0.00037560 
299.600000    0.00003250 
300.000000    0.00043789 
300.400000    0.00077537 
300.800000    0.00099029 
301.200000    0.00104742 
301.600000    0.00093664 
302.000000    0.00067475 
302.400000    0.00030304 
302.800000    -0.00011912 
303.200000    -0.00052369 
303.600000    -0.00084491 
304.000000    -0.00103016 
304.400000    -0.00104869 
304.800000    -0.00089691 
305.200000    -0.00059907 
305.600000    -0.00020336 
306.000000    0.00022605 
306.400000    0.00061952 
306.800000    0.00091326 
307.200000    0.00105969 
307.600000    0.00103501 
308.000000    0.00084306 
308.400000    0.00051475 
308.800000    0.00010317 
309.200000    -0.00032489 
309.600000    -0.00069979 
310.000000    -0.00096038 
310.400000    -0.00106415 
310.800000    -0.00099432 
311.200000    -0.00076259 
311.600000    -0.00040722 
312.000000    0.00001348 
312.400000    0.00043079 
312.800000    0.00077691 
313.200000    0.00099595 
313.600000    0.00105291 
314.000000    0.00093917 
314.400000    0.00067378 
314.800000    0.00030036 
315.200000    -0.00011996 
315.600000    -0.00051855 
316.000000    -0.00083042 
316.400000    -0.00100499 
316.800000    -0.00101444 
317.200000    -0.00085825 
317.600000    -0.00056313 
318.000000    -0.00017842 
318.400000    0.00023234 
318.800000    0.00060195 
319.200000    0.00087064 
319.600000    0.00099568 
320.000000    0.00095811 
320.400000    0.00076559 
320.800000    0.00045090 
321.200000    0.00006646 
321.600000    -0.00032434 
322.000000    -0.00065761 
322.400000    -0.00087953 
322.800000    -0.00095514 
323.200000    -0.00087403 
323.600000    -0.00065171 
324.000000    -0.00032671 
324.400000    0.00004625 
324.800000    0.00040562 
325.200000    0.00069322 
325.600000    0.00086373 
326.000000    0.00089175 
326.400000    0.00077552 
326.800000    0.00053668 
327.200000    0.00021638 
327.600000    -0.00013188 
328.000000    -0.00045111 
328.400000    -0.00069032 
328.800000    -0.00081270 
329.200000    -0.00080142 
329.600000    -0.00066182 
330.000000    -0.00041996 
330.400000    -0.00011765 
330.800000    0.00019486 
331.200000    0.00046739 
331.600000    0.00065789 
332.000000    0.00073887 
332.400000    0.00070122 
332.800000    0.00055496 
333.200000    0.00032686 
333.600000    0.00005561 
334.000000    -0.00021482 
334.400000    -0.00044231 
334.800000    -0.00059316 
335.200000    -0.00064709 
335.600000    -0.00059975 
336.000000    -0.00046268 
336.400000    -0.00026066 
336.800000    -0.00002717 
337.200000    0.00020125 
337.600000    0.00039070 
338.000000    0.00051485 
338.400000    0.00055842 
338.800000    0.00051868 
339.200000    0.00040514 
339.600000    0.00023740 
340.000000    0.00004177 
340.400000    -0.00015281 
340.800000    -0.00031902 
341.200000    -0.00043475 
341.600000    -0.00048586 
342.000000    -0.00046763 
342.400000    -0.00038486 
342.800000    -0.00025074 
343.200000    -0.00008475 
343.600000    0.00009007 
344.000000    0.00025021 
344.400000    0.00037453 
344.800000    0.00044684 
345.200000    0.00045776 
345.600000    0.00040583 
346.000000    0.00029767 
346.400000    0.00014734 
346.800000    -0.00002536 
347.200000    -0.00019716 
347.600000    -0.00034426 
348.000000    -0.00044544 
348.400000    -0.00048505 
348.800000    -0.00045547 
349.200000    -0.00035862 
349.600000    -0.00020619 
350.000000    -0.00001850 
350.400000    0.00017800 
350.800000    0.00035429 
351.200000    0.00048306 
351.600000    0.00054287 
352.000000    0.00052180 
352.400000    0.00041982 
352.800000    0.00024948 
353.200000    0.00003460 
353.600000    -0.00019285 
354.000000    -0.00039744 
354.400000    -0.00054584 
354.800000    -0.00061232 
355.200000    -0.00058335 
355.600000    -0.00046033 
356.000000    -0.00026003 
356.400000    -0.00001237 
356.800000    0.00024406 
357.200000    0.00046800 
357.600000    0.00062232 
358.000000    0.00068015 
358.400000    0.00062962 
358.800000    0.00047627 
359.200000    0.00024257 
359.600000    -0.00003523 
360.000000    -0.00031277 
360.400000    -0.00054467 
360.800000    -0.00069206 
361.200000    -0.00072925 
361.600000    -0.00064825 
362.000000    -0.00046047 
362.400000    -0.00019505 
362.800000    0.00010571 
363.200000    0.00039322 
363.600000    0.00062056 
364.000000    0.00075013 
364.400000    0.00075988 
364.800000    0.00064698 
365.200000    0.00042851 
365.600000    0.00013880 
366.000000    -0.00017591 
366.400000    -0.00046485 
366.800000    -0.00068102 
367.200000    -0.00078883 
367.600000    -0.00077004 
368.000000    -0.00062686 
368.400000    -0.00038164 
368.800000    -0.00007332 
369.200000    0.00024890 
369.600000    0.00053342 
370.000000    0.00073455 
370.400000    0.00081969 
370.800000    0.00077460 
371.200000    0.00060560 
371.600000    0.00033877 
372.000000    0.00001591 
372.400000    -0.00031190 
372.800000    -0.00059235 
373.200000    -0.00078021 
373.600000    -0.00084463 
374.000000    -0.00077426 
374.400000    -0.00057922 
374.800000    -0.00028961 
375.200000    0.00004910 
375.600000    0.00038331 
376.000000    0.00065969 
376.400000    0.00083361 
376.800000    0.00087626 
377.200000    0.00077932 
377.600000    0.00055656 
378.000000    0.00024195 
378.400000    -0.00011532 
378.800000    -0.00045843 
379.200000    -0.00073186 
379.600000    -0.00089043 
380.000000    -0.00090681 
380.400000    -0.00077631 
380.800000    -0.00051804 
381.200000    -0.00017216 
381.600000    0.00020637 
382.000000    0.00055656 
382.400000    0.00082117 
382.800000    0.00095603 
383.200000    0.00093731 
383.600000    0.00076577 
384.000000    0.00046702 
384.400000    0.00008790 
384.800000    -0.00031072 
385.200000    -0.00066360 
385.600000    -0.00091184 
386.000000    -0.00101286 
386.400000    -0.00094782 
386.800000    -0.00072522 
387.200000    -0.00037989 
387.600000    0.00003248 
388.000000    0.00044441 
388.400000    0.00078775 
388.800000    0.00100490 
389.200000    0.00105849 
389.600000    0.00093770 
390.000000    0.00066045 
390.400000    0.00027085 
390.800000    -0.00016763 
391.200000    -0.00058244 
391.600000    -0.00090395 
392.000000    -0.00107726 
392.400000    -0.00107178 
392.800000    -0.00088678 
393.200000    -0.00055179 
393.600000    -0.00012186 
394.000000    0.00033161 
394.400000    0.00073287 
394.800000    0.00101449 
395.200000    0.00112864 
395.600000    0.00105514 
396.000000    0.00080502 
396.400000    0.00041894 
396.800000    -0.00003923 
397.200000    -0.00049294 
397.600000    -0.00086567 
398.000000    -0.00109398 
398.400000    -0.00113854 
398.800000    -0.00099104 
399.200000    -0.00067581 
399.600000    -0.00024579 
400.000000    0.00022656 
400.400000    0.00066157 
400.800000    0.00098591 
401.200000    0.00114484 
401.600000    0.00111146 
402.000000    0.00089115 
402.400000    0.00052083 
402.800000    0.00006288 
403.200000    -0.00040525 
403.600000    -0.00080409 
404.000000    -0.00106579 
404.400000    -0.00114585 
404.800000    -0.00103090 
405.200000    -0.00074104 
405.600000    -0.00032630 
406.000000    0.00014215 
406.400000    0.00058437 
406.800000    0.00092538 
407.200000    0.00110785 
407.600000    0.00110171 
408.000000    0.00090903 
408.400000    0.00056358 
408.800000    0.00012504 
409.200000    -0.00033124 
409.600000    -0.00072712 
410.000000    -0.00099520 
410.400000    -0.00109052 
410.800000    -0.00099826 
411.200000    -0.00073621 
411.600000    -0.00035129 
412.000000    0.00008895 
412.400000    0.00050833 
412.800000    0.00083535 
413.200000    0.00101538 
413.600000    0.00101975 
414.000000    0.00085027 
414.400000    0.00053852 
414.800000    0.00014009 
415.200000    -0.00027524 
415.600000    -0.00063570 
416.000000    -0.00088011 
416.400000    -0.00096840 
416.800000    -0.00088837 
417.200000    -0.00065737 
417.600000    -0.00031864 
418.000000    0.00006683 
418.400000    0.00043144 
418.800000    0.00071291 
419.200000    0.00086493 
419.600000    0.00086476 
420.000000    0.00071653 
420.400000    0.00044984 
420.800000    0.00011403 
421.200000    -0.00023090 
421.600000    -0.00052498 
422.000000    -0.00071887 
422.400000    -0.00078218 
422.800000    -0.00070838 
423.200000    -0.00051518 
423.600000    -0.00024056 
424.000000    0.00006469 
424.400000    0.00034638 
424.800000    0.00055668 
425.200000    0.00066214 
425.600000    0.00064905 
426.000000    0.00052495 
426.400000    0.00031643 
426.800000    0.00006370 
427.200000    -0.00018712 
427.600000    -0.00039240 
428.000000    -0.00051864 
428.400000    -0.00054799 
428.800000    -0.00048071 
429.200000    -0.00033418 
429.600000    -0.00013884 
430.000000    0.00006797 
430.400000    0.00024917 
430.800000    0.00037457 
431.200000    0.00042589 
431.600000    0.00039927 
432.000000    0.00030510 
432.400000    0.00016517 
432.800000    0.00000795 
433.200000    -0.00013704 
433.600000    -0.00024477 
434.000000    -0.00029901 
434.400000    -0.00029472 
434.800000    -0.00023814 
435.200000    -0.00014477 
435.600000    -0.00003561 
436.000000    0.00006727 
436.400000    0.00014510 
436.800000    0.00018582 
437.200000    0.00018584 
437.600000    0.00015004 
438.000000    0.00009005 
438.400000    0.00002126 
438.800000    -0.00004067 
439.200000    -0.00008318 
439.600000    -0.00009926 
440.000000    -0.00008853 
440.400000    -0.00005685 
440.800000    -0.00001457 
441.200000    0.00002614 
441.600000    0.00005424 
442.000000    0.00006238 
442.400000    0.00004857 
442.800000    0.00001654 
443.200000    -0.00002520 
443.600000    -0.00006541 
444.000000    -0.00009279 
444.400000    -0.00009869 
444.800000    -0.00007929 
445.200000    -0.00003666 
445.600000    0.00002146 
446.000000    0.00008310 
446.400000    0.00013459 
446.800000    0.00016348 
447.200000    0.00016130 
447.600000    0.00012564 
448.000000    0.00006096 
448.400000    -0.00002194 
448.800000    -0.00010782 
449.200000    -0.00017986 
449.600000    -0.00022299 
450.000000    -0.00022697 
450.400000    -0.00018866 
450.800000    -0.00011292 
451.200000    -0.00001200 
451.600000    0.00009653 
452.000000    0.00019293 
452.400000    0.00025898 
452.800000    0.00028139 
453.200000    0.00025445 
453.600000    0.00018128 
454.000000    0.00007351 
454.400000    -0.00005067 
454.800000    -0.00016963 
455.200000    -0.00026217 
455.600000    -0.00031135 
456.000000    -0.00030762 
456.400000    -0.00025061 
456.800000    -0.00014935 
457.200000    -0.00002075 
457.600000    0.00011336 
458.000000    0.00022996 
458.400000    0.00030894 
458.800000    0.00033650 
459.200000    0.00030762 
459.600000    0.00022688 
460.000000    0.00010768 
460.400000    -0.00003001 
460.800000    -0.00016314 
461.200000    -0.00026944 
461.600000    -0.00033121 
462.000000    -0.00033830 
462.400000    -0.00028975 
462.800000    -0.00019383 
463.200000    -0.00006661 
463.600000    0.00007087 
464.000000    0.00019614 
464.400000    0.00028898 
464.800000    0.00033472 
465.200000    0.00032651 
465.600000    0.00026625 
466.000000    0.00016418 
466.400000    0.00003704 
466.800000    -0.00009472 
467.200000    -0.00021022 
467.600000    -0.00029151 
468.000000    -0.00032632 
468.400000    -0.00030987 
468.800000    -0.00024546 
469.200000    -0.00014375 
469.600000    -0.00002096 
470.000000    0.00010378 
470.400000    0.00021140 
470.800000    0.00028578 
471.200000    0.00031610 
471.600000    0.00029833 
472.000000    0.00023570 
472.400000    0.00013803 
472.800000    0.00002025 
473.200000    -0.00009996 
473.600000    -0.00020472 
474.000000    -0.00027859 
474.400000    -0.00031078 
474.800000    -0.00029667 
475.200000    -0.00023842 
475.600000    -0.00014461 
476.000000    -0.00002899 
476.400000    0.00009151 
476.800000    0.00019924 
477.200000    0.00027828 
477.600000    0.00031680 
478.000000    0.00030871 
478.400000    0.00025464 
478.800000    0.00016193 
479.200000    0.00004368 
479.600000    -0.00008304 
480.000000    -0.00019953 
480.400000    -0.00028823 
480.800000    -0.00033526 
481.200000    -0.00033264 
481.600000    -0.00027958 
482.000000    -0.00018287 
482.400000    -0.00005604 
482.800000    0.00008243 
483.200000    0.00021179 
483.600000    0.00031204 
484.000000    0.00036705 
484.400000    0.00036706 
484.800000    0.00031047 
485.200000    0.00020431 
485.600000    0.00006354 
486.000000    -0.00009106 
486.400000    -0.00023580 
486.800000    -0.00034776 
487.200000    -0.00040838 
487.600000    -0.00040655 
488.000000    -0.00034066 
488.400000    -0.00021919 
488.800000    -0.00005966 
489.200000    0.00011382 
489.600000    0.00027419 
490.000000    0.00039565 
490.400000    0.00045779 
490.800000    0.00044902 
491.200000    0.00036866 
491.600000    0.00022742 
492.000000    0.00004609 
492.400000    -0.00014751 
492.800000    -0.00032272 
493.200000    -0.00045089 
493.600000    -0.00051012 
494.000000    -0.00048898 
494.400000    -0.00038869 
494.800000    -0.00022332 
495.200000    -0.00001777 
495.600000    0.00019587 
496.000000    0.00038342 
496.400000    0.00051405 
496.800000    0.00056528 
497.200000    0.00052685 
497.600000    0.00040268 
498.000000    0.00021061 
498.400000    -0.00002009 
498.800000    -0.00025309 
499.200000    -0.00045074 
499.600000    -0.00058011 
500.000000    -0.00061853 
500.400000    -0.00055756 
500.800000    -0.00040473 
501.200000    -0.00018270 
501.600000    0.00007410 
502.000000    0.00032485 
502.400000    0.00052876 
502.800000    0.00065176 
503.200000    0.00067206 
503.600000    0.00058399 
504.000000    0.00039928 
504.400000    0.00014562 
504.800000    -0.00013743 
505.200000    -0.00040450 
505.600000    -0.00061167 
506.000000    -0.00072373 
506.400000    -0.00072014 
506.800000    -0.00059887 
507.200000    -0.00037707 
507.600000    -0.00008876 
508.000000    0.00022045 
508.400000    0.00050058 
508.800000    0.00070532 
509.200000    0.00079965 
509.600000    0.00076571 
510.000000    0.00060612 
510.400000    0.00034405 
510.800000    0.00001996 
511.200000    -0.00031451 
511.600000    -0.00060469 
512.000000    -0.00080182 
512.400000    -0.00087130 
512.800000    -0.00079878 
513.200000    -0.00059309 
513.600000    -0.00028523 
514.000000    0.00007625 
514.400000    0.00043296 
514.800000    0.00072615 
515.200000    0.00090626 
515.600000    0.00094126 
516.000000    0.00082223 
516.400000    0.00056534 
516.800000    0.00020984 
517.200000    -0.00018777 
517.600000    -0.00056261 
518.000000    -0.00085196 
518.400000    -0.00100581 
518.800000    -0.00099561 
519.200000    -0.00081959 
519.600000    -0.00050366 
520.000000    -0.00009761 
520.400000    0.00033281 
520.800000    0.00071659 
521.200000    0.00098915 
521.600000    0.00110310 
522.000000    0.00103640 
522.400000    0.00079645 
522.800000    0.00041956 
523.200000    -0.00003435 
523.600000    -0.00049110 
524.000000    -0.00087433 
524.400000    -0.00111826 
524.800000    -0.00117918 
525.200000    -0.00104334 
525.600000    -0.00072999 
526.000000    -0.00028863 
526.400000    0.00020888 
526.800000    0.00068013 
527.200000    0.00104587 
527.600000    0.00124323 
528.000000    0.00123638 
528.400000    0.00102293 
528.800000    0.00063492 
529.200000    0.00013426 
529.600000    -0.00039699 
530.000000    -0.00086989 
530.400000    -0.00120357 
530.800000    -0.00133923 
531.200000    -0.00125071 
531.600000    -0.00094955 
532.000000    -0.00048363 
532.400000    0.00007062 
532.800000    0.00062092 
533.200000    0.00107461 
533.600000    0.00135418 
534.000000    0.00141037 
534.400000    0.00123064 
534.800000    0.00084186 
535.200000    0.00030640 
535.600000    -0.00028753 
536.000000    -0.00084033 
536.400000    -0.00125764 
536.800000    -0.00146669 
537.200000    -0.00142923 
537.600000    -0.00114869 
538.000000    -0.00067010 
538.400000    -0.00007267 
538.800000    0.00054354 
539.200000    0.00107455 
539.600000    0.00143000 
540.000000    0.00154831 
540.400000    0.00140720 
540.800000    0.00102769 
541.200000    0.00047125 
541.600000    -0.00017000 
542.000000    -0.00078822 
542.400000    -0.00127803 
542.800000    -0.00155463 
543.200000    -0.00156879 
543.600000    -0.00131589 
544.000000    -0.00083706 
544.400000    -0.00021237 
544.800000    0.00045290 
545.200000    0.00104624 
545.600000    0.00146691 
546.000000    0.00164289 
546.400000    0.00154296 
546.800000    0.00118212 
547.200000    0.00061944 
547.600000    -0.00005130 
548.000000    -0.00071703 
548.400000    -0.00126433 
548.800000    -0.00159898 
549.200000    -0.00166249 
549.600000    -0.00144263 
550.000000    -0.00097586 
550.400000    -0.00034105 
550.800000    0.00035413 
551.200000    0.00099180 
551.600000    0.00146385 
552.000000    0.00169015 
552.400000    0.00163186 
552.800000    0.00129790 
553.200000    0.00074373 
553.600000    0.00006233 
554.000000    -0.00063108 
554.400000    -0.00121842 
554.800000    -0.00159902 
555.200000    -0.00170722 
555.600000    -0.00152403 
556.000000    -0.00108058 
556.400000    -0.00045267 
556.800000    0.00025254 
557.200000    0.00091511 
557.600000    0.00142283 
558.000000    0.00169002 
558.400000    0.00167175 
558.800000    0.00137118 
559.200000    0.00083904 
559.600000    0.00016528 
560.000000    -0.00053577 
560.400000    -0.00114474 
560.800000    -0.00155762 
561.200000    -0.00170386 
561.600000    -0.00155880 
562.000000    -0.00114795 
562.400000    -0.00054237 
562.800000    0.00015390 
563.200000    0.00082208 
563.600000    0.00134901 
564.000000    0.00164615 
564.400000    0.00166420 
564.800000    0.00140108 
565.200000    0.00090206 
565.600000    0.00025225 
566.000000    -0.00043768 
566.400000    -0.00105015 
566.800000    -0.00148081 
567.200000    -0.00165661 
567.600000    -0.00154856 
568.000000    -0.00117662 
568.400000    -0.00060601 
568.800000    0.00006458 
569.200000    0.00072031 
569.600000    0.00125002 
570.000000    0.00156494 
570.400000    0.00161330 
570.800000    0.00138864 
571.200000    0.00093058 
571.600000    0.00031801 
572.000000    -0.00034419 
572.400000    -0.00094297 
572.800000    -0.00137646 
573.200000    -0.00157152 
573.600000    -0.00149648 
574.000000    -0.00116636 
574.400000    -0.00063994 
574.800000    -0.00000899 
575.200000    0.00061793 
575.600000    0.00113432 
576.000000    0.00145377 
576.400000    0.00152412 
576.800000    0.00133585 
577.200000    0.00092317 
577.600000    0.00035804 
578.000000    -0.00026215 
578.400000    -0.00083121 
578.800000    -0.00125235 
579.200000    -0.00145488 
579.600000    -0.00140634 
580.000000    -0.00111785 
580.400000    -0.00064174 
580.800000    -0.00006179 
581.200000    0.00052165 
581.600000    0.00100922 
582.000000    0.00131938 
582.400000    0.00140184 
582.800000    0.00124557 
583.200000    0.00088007 
583.600000    0.00037003 
584.000000    -0.00019596 
584.400000    -0.00072060 
584.800000    -0.00111468 
585.200000    -0.00131238 
585.600000    -0.00128253 
586.000000    -0.00103363 
586.400000    -0.00061179 
586.800000    -0.00009206 
587.200000    0.00043508 
587.600000    0.00087962 
588.000000    0.00116730 
588.400000    0.00125191 
588.800000    0.00112249 
589.200000    0.00080462 
589.600000    0.00035549 
590.000000    -0.00014616 
590.400000    -0.00061376 
590.800000    -0.00096784 
591.200000    -0.00114968 
591.600000    -0.00113123 
592.000000    -0.00091950 
592.400000    -0.00055464 
592.800000    -0.00010234 
593.200000    0.00035821 
593.600000    0.00074822 
594.000000    0.00100275 
594.400000    0.00108140 
594.800000    0.00097457 
595.200000    0.00070441 
595.600000    0.00032041 
596.000000    -0.00010950 
596.400000    -0.00051089 
596.800000    -0.00081569 
597.200000    -0.00097386 
597.600000    -0.00096170 
598.000000    -0.00078537 
598.400000    -0.00047918 
598.800000    -0.00009883 
599.200000    0.00028875 
599.600000    0.00061724 
600.000000    0.00083226 
600.400000    0.00090023 
600.800000    0.00081350 
601.200000    0.00059094 
601.600000    0.00027402 
602.000000    -0.00008075 
602.400000    -0.00041185 
602.800000    -0.00066340 
603.200000    -0.00079462 
603.600000    -0.00078650 
604.000000    -0.00064451 
604.400000    -0.00039690 
604.800000    -0.00008916 
605.200000    0.00022442 
605.600000    0.00049029 
606.000000    0.00066478 
606.400000    0.00072116 
606.800000    0.00065360 
607.200000    0.00047749 
607.600000    0.00022614 
608.000000    -0.00005540 
608.400000    -0.00031832 
608.800000    -0.00051854 
609.200000    -0.00062406 
609.600000    -0.00062009 
610.000000    -0.00051101 
610.400000    -0.00031897 
610.800000    -0.00007948 
611.200000    0.00016519 
611.600000    0.00037342 
612.000000    0.00051130 
612.400000    0.00055805 
612.800000    0.00050902 
613.200000    0.00037588 
613.600000    0.00018410 
614.000000    -0.00003186 
614.400000    -0.00023467 
614.800000    -0.00039054 
615.200000    -0.00047482 
615.600000    -0.00047585 
616.000000    -0.00039651 
616.400000    -0.00025316 
616.800000    -0.00007236 
617.200000    0.00011403 
617.600000    0.00027443 
618.000000    0.00038282 
618.400000    0.00042290 
618.800000    0.00039045 
619.200000    0.00029356 
619.600000    0.00015082 
620.000000    -0.00001214 
620.400000    -0.00016721 
620.800000    -0.00028859 
621.200000    -0.00035705 
621.600000    -0.00036293 
622.000000    -0.00030745 
622.400000    -0.00020208 
622.800000    -0.00006630 
623.200000    0.00007601 
623.600000    0.00020069 
624.000000    0.00028739 
624.400000    0.00032280 
624.800000    0.00030262 
625.200000    0.00023205 
625.600000    0.00012453 
626.000000    -0.00000066 
626.400000    -0.00012188 
626.800000    -0.00021876 
627.200000    -0.00027563 
627.600000    -0.00028400 
628.000000    -0.00024383 
628.400000    -0.00016328 
628.800000    -0.00005712 
629.200000    0.00005591 
629.600000    0.00015641 
630.000000    0.00022759 
630.400000    0.00025802 
630.800000    0.00024349 
631.200000    0.00018749 
631.600000    0.00010055 
632.000000    -0.00000176 
632.400000    -0.00010153 
632.800000    -0.00018162 
633.200000    -0.00022856 
633.600000    -0.00023486 
634.000000    -0.00020016 
634.400000    -0.00013120 
634.800000    -0.00004056 
635.200000    0.00005561 
635.600000    0.00014043 
636.000000    0.00019926 
636.400000    0.00022216 
636.800000    0.00020560 
637.200000    0.00015300 
637.600000    0.00007406 
638.000000    -0.00001699 
638.400000    -0.00010391 
638.800000    -0.00017134 
639.200000    -0.00020749 
639.600000    -0.00020622 
640.000000    -0.00016810 
640.400000    -0.00010024 
640.800000    -0.00001501 
641.200000    0.00007219 
641.600000    0.00014573 
642.000000    0.00019251 
642.400000    0.00020431 
642.800000    0.00017920 
643.200000    0.00012191 
643.600000    0.00004292 
644.000000    -0.00004342 
644.400000    -0.00012145 
644.800000    -0.00017711 
645.200000    -0.00020039 
645.600000    -0.00018718 
646.000000    -0.00014001 
646.400000    -0.00006756 
646.800000    0.00001693 
647.200000    0.00009807 
647.600000    0.00016113 
648.000000    0.00019472 
648.400000    0.00019279 
648.800000    0.00015580 
649.200000    0.00009055 
649.600000    0.00000899 
650.000000    -0.00007401 
650.400000    -0.00014332 
650.800000    -0.00018637 
651.200000    -0.00019537 
651.600000    -0.00016879 
652.000000    -0.00011156 
652.400000    -0.00003420 
652.800000    0.00004914 
653.200000    0.00012328 
653.600000    0.00017479 
654.000000    0.00019439 
654.400000    0.00017867 
654.800000    0.00013062 
655.200000    0.00005911 
655.600000    -0.00002276 
656.000000    -0.00010011 
656.400000    -0.00015892 
656.800000    -0.00018863 
657.200000    -0.00018404 
657.600000    -0.00014622 
658.000000    -0.00008226 
658.400000    -0.00000392 
658.800000    0.00007451 
659.200000    0.00013887 
659.600000    0.00017766 
660.000000    0.00018414 
660.400000    0.00015746 
660.800000    0.00010278 
661.200000    0.00003025 
661.600000    -0.00004688 
662.000000    -0.00011466 
662.400000    -0.00016103 
662.800000    -0.00017793 
663.200000    -0.00016272 
663.600000    -0.00011861 
664.000000    -0.00005397 
664.400000    0.00001929 
664.800000    0.00008788 
665.200000    0.00013960 
665.600000    0.00016549 
666.000000    0.00016141 
666.400000    0.00012866 
666.800000    0.00007368 
667.200000    0.00000676 
667.600000    -0.00005990 
668.000000    -0.00011437 
668.400000    -0.00014722 
668.800000    -0.00015308 
669.200000    -0.00013159 
669.600000    -0.00008729 
670.000000    -0.00002870 
670.400000    0.00003333 
670.800000    0.00008762 
671.200000    0.00012472 
671.600000    0.00013853 
672.000000    0.00012733 
672.400000    0.00009393 
672.800000    0.00004503 
673.200000    -0.00001011 
673.600000    -0.00006141 
674.000000    -0.00009985 
674.400000    -0.00011903 
674.800000    -0.00011628 
675.200000    -0.00009296 
675.600000    -0.00005413 
676.000000    -0.00000740 
676.400000    0.00003848 
676.800000    0.00007529 
677.200000    0.00009685 
677.600000    0.00010000 
678.000000    0.00008509 
678.400000    0.00005574 
678.800000    0.00001803 
679.200000    -0.00002073 
679.600000    -0.00005342 
680.000000    -0.00007442 
680.400000    -0.00008057 
680.800000    -0.00007163 
681.200000    -0.00005021 
681.600000    -0.00002107 
682.000000    0.00000983 
682.400000    0.00003660 
682.800000    0.00005446 
683.200000    0.00006067 
683.600000    0.00005487 
684.000000    0.00003908 
684.400000    0.00001712 
684.800000    -0.00000625 
685.200000    -0.00002627 
685.600000    -0.00003919 
686.000000    -0.00004293 
686.400000    -0.00003745 
686.800000    -0.00002458 
687.200000    -0.00000760 
687.600000    0.00000953 
688.000000    0.00002307 
688.400000    0.00003022 
688.800000    0.00002975 
689.200000    0.00002214 
689.600000    0.00000946 
690.000000    -0.00000513 
690.400000    -0.00001814 
690.800000    -0.00002647 
691.200000    -0.00002815 
691.600000    -0.00002271 
692.000000    -0.00001132 
692.400000    0.00000346 
692.800000    0.00001828 
693.200000    0.00002968 
693.600000    0.00003490 
694.000000    0.00003244 
694.400000    0.00002244 
694.800000    0.00000669 
695.200000    -0.00001169 
695.600000    -0.00002891 
696.000000    -0.00004126 
696.400000    -0.00004590 
696.800000    -0.00004145 
697.200000    -0.00002836 
697.600000    -0.00000882 
698.000000    0.00001357 
698.400000    0.00003454 
698.800000    0.00004991 
699.200000    0.00005649 
699.600000    0.00005266 
700.000000    0.00003879 
700.400000    0.00001713 
700.800000    -0.00000848 
701.200000    -0.00003341 
701.600000    -0.00005302 
702.000000    -0.00006358 
702.400000    -0.00006296 
702.800000    -0.00005104 
703.200000    -0.00002978 
703.600000    -0.00000285 
704.000000    0.00002503 
704.400000    0.00004892 
704.800000    0.00006458 
705.200000    0.00006921 
705.600000    0.00006195 
706.000000    0.00004404 
706.400000    0.00001857 
706.800000    -0.00001009 
707.200000    -0.00003703 
707.600000    -0.00005770 
708.000000    -0.00006866 
708.400000    -0.00006818 
708.800000    -0.00005647 
709.200000    -0.00003562 
709.600000    -0.00000921 
710.000000    0.00001834 
710.400000    0.00004256 
710.800000    0.00005961 
711.200000    0.00006694 
711.600000    0.00006363 
712.000000    0.00005048 
712.400000    0.00002979 
712.800000    0.00000496 
713.200000    -0.00002008 
713.600000    -0.00004156 
714.000000    -0.00005636 
714.400000    -0.00006251 
714.800000    -0.00005937 
715.200000    -0.00004767 
715.600000    -0.00002934 
716.000000    -0.00000714 
716.400000    0.00001572 
716.800000    0.00003607 
717.200000    0.00005119 
717.600000    0.00005913 
718.000000    0.00005892 
718.400000    0.00005065 
718.800000    0.00003544 
719.200000    0.00001527 
719.600000    -0.00000724 
720.000000    -0.00002917 
720.400000    -0.00004760 
720.800000    -0.00006000 
721.200000    -0.00006449 
721.600000    -0.00006018 
722.000000    -0.00004727 
722.400000    -0.00002712 
722.800000    -0.00000218 
723.200000    0.00002429 
723.600000    0.00004860 
724.000000    0.00006708 
724.400000    0.00007668 
724.800000    0.00007540 
725.200000    0.00006273 
725.600000    0.00003984 
726.000000    0.00000956 
726.400000    -0.00002395 
726.800000    -0.00005570 
727.200000    -0.00008063 
727.600000    -0.00009439 
728.000000    -0.00009412 
728.400000    -0.00007899 
728.800000    -0.00005053 
729.200000    -0.00001249 
729.600000    0.00002957 
730.000000    0.00006912 
730.400000    0.00009964 
730.800000    0.00011571 
731.200000    0.00011397 
731.600000    0.00009378 
732.000000    0.00005750 
732.400000    0.00001024 
732.800000    -0.00004084 
733.200000    -0.00008759 
733.600000    -0.00012217 
734.000000    -0.00013840 
734.400000    -0.00013285 
734.800000    -0.00010549 
735.200000    -0.00005989 
735.600000    -0.00000278 
736.000000    0.00005699 
736.400000    0.00010977 
736.800000    0.00014668 
737.200000    0.00016115 
737.600000    0.00014999 
738.000000    0.00011412 
738.400000    0.00005851 
738.800000    -0.00000848 
739.200000    -0.00007635 
739.600000    -0.00013408 
740.000000    -0.00017198 
740.400000    -0.00018326 
740.800000    -0.00016523 
741.200000    -0.00011990 
741.600000    -0.00005377 
742.000000    0.00002310 
742.400000    0.00009860 
742.800000    0.00016052 
743.200000    0.00019843 
743.600000    0.00020552 
744.000000    0.00017972 
744.400000    0.00012420 
744.800000    0.00004701 
745.200000    -0.00004007 
745.600000    -0.00012330 
746.000000    -0.00018916 
746.400000    -0.00022652 
746.800000    -0.00022851 
747.200000    -0.00019374 
747.600000    -0.00012671 
748.000000    -0.00003724 
748.400000    0.00006093 
748.800000    0.00015228 
749.200000    0.00022190 
749.600000    0.00025793 
750.000000    0.00025353 
750.400000    0.00020815 
750.800000    0.00012782 
751.200000    0.00002438 
751.600000    -0.00008621 
752.000000    -0.00018633 
752.400000    -0.00025944 
752.800000    -0.00029286 
753.200000    -0.00027990 
753.600000    -0.00022118 
754.000000    -0.00012474 
754.400000    -0.00000501 
754.800000    0.00011933 
755.200000    0.00022827 
755.600000    0.00030363 
756.000000    0.00033209 
756.400000    0.00030750 
756.800000    0.00023214 
757.200000    0.00011660 
757.600000    -0.00002160 
758.000000    -0.00016068 
758.400000    -0.00027792 
758.800000    -0.00035344 
759.200000    -0.00037350 
759.600000    -0.00033304 
760.000000    -0.00023673 
760.400000    -0.00009860 
760.800000    0.00006002 
761.200000    0.00021375 
761.600000    0.00033721 
762.000000    0.00040919 
762.400000    0.00041626 
762.800000    0.00035523 
763.200000    0.00023399 
763.600000    0.00007059 
764.000000    -0.00010937 
764.400000    -0.00027671 
764.800000    -0.00040341 
765.200000    -0.00046727 
765.600000    -0.00045580 
766.000000    -0.00036864 
766.400000    -0.00021798 
766.800000    -0.00002689 
767.200000    0.00017417 
767.600000    0.00035222 
768.000000    0.00047717 
768.400000    0.00052683 
768.800000    0.00049084 
769.200000    0.00037270 
769.600000    0.00018961 
770.000000    -0.00002993 
770.400000    -0.00025053 
770.800000    -0.00043555 
771.200000    -0.00055321 
771.600000    -0.00058206 
772.000000    -0.00051487 
772.400000    -0.00036025 
772.800000    -0.00014166 
773.200000    0.00010619 
773.600000    0.00034282 
774.000000    0.00052862 
774.400000    0.00063143 
774.800000    0.00063205 
775.200000    0.00052778 
775.600000    0.00033324 
776.000000    0.00007848 
776.400000    -0.00019559 
776.800000    -0.00044376 
777.200000    -0.00062390 
777.600000    -0.00070421 
778.000000    -0.00066879 
778.400000    -0.00052080 
778.800000    -0.00028237 
779.200000    0.00000874 
779.600000    0.00030510 
780.000000    0.00055740 
780.400000    0.00072259 
780.800000    0.00077121 
781.200000    0.00069254 
781.600000    0.00049678 
782.000000    0.00021394 
782.400000    -0.00011074 
782.800000    -0.00042390 
783.200000    -0.00067280 
783.600000    -0.00081428 
784.000000    -0.00082225 
784.400000    -0.00069256 
784.800000    -0.00044415 
785.200000    -0.00011632 
785.600000    0.00023757 
786.000000    0.00055880 
786.400000    0.00079306 
786.800000    0.00089957 
787.200000    0.00085808 
787.600000    0.00067264 
788.000000    0.00037138 
788.400000    0.00000241 
788.800000    -0.00037376 
789.200000    -0.00069415 
789.600000    -0.00090380 
790.000000    -0.00096538 
790.400000    -0.00086583 
790.800000    -0.00061910 
791.200000    -0.00026422 
791.600000    0.00014098 
792.000000    0.00052936 
792.400000    0.00083561 
792.800000    0.00100725 
793.200000    0.00101346 
793.600000    0.00085054 
794.000000    0.00054296 
794.400000    0.00013983 
794.800000    -0.00029284 
795.200000    -0.00068285 
795.600000    -0.00096389 
796.000000    -0.00108692 
796.400000    -0.00102887 
796.800000    -0.00079696 
797.200000    -0.00042793 
797.600000    0.00001793 
798.000000    0.00046671 
798.400000    0.00084328 
798.800000    0.00108377 
799.200000    0.00114636 
799.600000    0.00101839 
800.000000    0.00071884 
800.400000    0.00029558 
800.800000    -0.00018207 
801.200000    -0.00063466 
801.600000    -0.00098577 
802.000000    -0.00117505 
802.400000    -0.00116879 
802.800000    -0.00096596 
803.200000    -0.00059881 
803.600000    -0.00012756 
804.000000    0.00036962 
804.400000    0.00080971 
804.800000    0.00111874 
805.200000    0.00124408 
805.600000    0.00116329 
806.000000    0.00088803 
806.400000    0.00046247 
806.800000    -0.00004367 
807.200000    -0.00054642 
807.600000    -0.00096145 
808.000000    -0.00121831 
808.400000    -0.00127261 
808.800000    -0.00111384 
809.200000    -0.00076738 
809.600000    -0.00029035 
810.000000    0.00023803 
810.400000    0.00072975 
810.800000    0.00110278 
811.200000    0.00129461 
811.600000    0.00127260 
812.000000    0.00103939 
812.400000    0.00063265 
812.800000    0.00011908 
813.200000    -0.00041636 
813.600000    -0.00088445 
814.000000    -0.00120666 
814.400000    -0.00132851 
814.800000    -0.00122898 
815.200000    -0.00092417 
815.600000    -0.00046467 
816.000000    0.00007315 
816.400000    0.00059997 
816.800000    0.00102851 
817.200000    0.00128792 
817.600000    0.00133532 
818.000000    0.00116274 
818.400000    0.00079837 
818.800000    0.00030205 
819.200000    -0.00024442 
819.600000    -0.00075066 
820.000000    -0.00113272 
820.400000    -0.00132711 
820.800000    -0.00130159 
821.200000    -0.00106060 
821.600000    -0.00064443 
822.000000    -0.00012229 
822.400000    0.00041945 
822.800000    0.00089170 
823.200000    0.00121726 
823.600000    0.00134334 
824.000000    0.00124983 
824.400000    0.00095248 
824.800000    0.00050018 
825.200000    -0.00003291 
825.600000    -0.00055941 
826.000000    -0.00099303 
826.400000    -0.00126278 
826.800000    -0.00132477 
827.200000    -0.00116950 
827.600000    -0.00082324 
828.000000    -0.00034351 
828.400000    0.00019080 
828.800000    0.00069250 
829.200000    0.00108041 
829.600000    0.00129236 
830.000000    0.00129492 
830.400000    0.00108849 
830.800000    0.00070707 
831.200000    0.00021271 
831.600000    -0.00031446 
832.000000    -0.00078907 
832.400000    -0.00113441 
832.800000    -0.00129488 
833.200000    -0.00124510 
833.600000    -0.00099395 
834.000000    -0.00058292 
834.400000    -0.00007904 
834.800000    0.00043621 
835.200000    0.00088016 
835.600000    0.00118216 
836.000000    0.00129457 
836.400000    0.00120011 
836.800000    0.00091434 
837.200000    0.00048314 
837.600000    -0.00002453 
838.000000    -0.00052753 
838.400000    -0.00094539 
838.800000    -0.00121121 
839.200000    -0.00128251 
839.600000    -0.00114805 
840.000000    -0.00082964 
840.400000    -0.00037849 
840.800000    0.00013322 
841.200000    0.00062395 
841.600000    0.00101585 
842.000000    0.00124689 
842.400000    0.00128050 
842.800000    0.00111114 
843.200000    0.00076521 
843.600000    0.00029701 
844.000000    -0.00021961 
844.400000    -0.00070270 
844.800000    -0.00107514 
845.200000    -0.00127702 
845.600000    -0.00127538 
846.000000    -0.00106968 
846.400000    -0.00069203 
846.800000    -0.00020207 
847.200000    0.00032262 
847.600000    0.00079877 
848.000000    0.00115068 
848.400000    0.00132197 
848.800000    0.00128447 
849.200000    0.00104273 
849.600000    0.00063353 
850.000000    0.00012051 
850.400000    -0.00041551 
850.800000    -0.00088910 
851.200000    -0.00122379 
851.600000    -0.00136457 
852.000000    -0.00128706 
852.400000    -0.00100184 
852.800000    -0.00055301 
853.200000    -0.00001131 
853.600000    0.00053722 
854.000000    0.00100490 
854.400000    0.00131631 
854.800000    0.00142032 
855.200000    0.00129823 
855.600000    0.00096711 
856.000000    0.00047753 
856.400000    -0.00009385 
856.800000    -0.00065607 
857.200000    -0.00111824 
857.600000    -0.00140428 
858.000000    -0.00146567 
858.400000    -0.00128984 
858.800000    -0.00090276 
859.200000    -0.00036501 
859.600000    0.00023784 
860.000000    0.00080900 
860.400000    0.00125598 
860.800000    0.00150548 
861.200000    0.00151514 
861.600000    0.00128058 
862.000000    0.00083658 
862.400000    0.00025218 
862.800000    -0.00037975 
863.200000    -0.00095710 
863.600000    -0.00138493 
864.000000    -0.00159135 
864.400000    -0.00153982 
864.800000    -0.00123578 
865.200000    -0.00072623 
865.600000    -0.00009232 
866.000000    0.00056380 
866.400000    0.00113562 
866.800000    0.00152948 
867.200000    0.00167964 
867.600000    0.00155908 
868.000000    0.00118413 
868.400000    0.00061252 
868.800000    -0.00006519 
869.200000    -0.00073968 
869.600000    -0.00130034 
870.000000    -0.00165358 
870.400000    -0.00173872 
870.800000    -0.00153866 
871.200000    -0.00108339 
871.600000    -0.00044530 
872.000000    0.00027258 
872.400000    0.00095348 
872.800000    0.00148594 
873.200000    0.00178186 
873.600000    0.00179078 
874.000000    0.00150820 
874.400000    0.00097683 
874.800000    0.00028047 
875.200000    -0.00046890 
875.600000    -0.00114882 
876.000000    -0.00164637 
876.400000    -0.00187724 
876.800000    -0.00180035 
877.200000    -0.00142538 
877.600000    -0.00081158 
878.000000    -0.00005816 
878.400000    0.00071215 
878.800000    0.00137326 
879.200000    0.00181626 
879.600000    0.00196702 
880.000000    0.00179824 
880.400000    0.00133422 
880.800000    0.00064758 
881.200000    -0.00015168 
881.600000    -0.00093341 
882.000000    -0.00156839 
882.400000    -0.00194987 
882.800000    -0.00201194 
883.200000    -0.00174129 
883.600000    -0.00117995 
884.000000    -0.00041860 
884.400000    0.00041859 
884.800000    0.00119445 
885.200000    0.00178140 
885.600000    0.00208206 
886.000000    0.00204499 
886.400000    0.00167320 
886.800000    0.00102419 
887.200000    0.00020145 
887.600000    -0.00066152 
888.000000    -0.00142262 
888.400000    -0.00195457 
888.800000    -0.00216665 
889.200000    -0.00202063 
889.600000    -0.00153788 
890.000000    -0.00079613 
890.400000    0.00008345 
890.800000    0.00095654 
891.200000    0.00167952 
891.600000    0.00213290 
892.000000    0.00224058 
892.400000    0.00198217 
892.800000    0.00139672 
893.200000    0.00057711 
893.600000    -0.00034413 
894.000000    -0.00121573 
894.400000    -0.00189252 
894.800000    -0.00225988 
895.200000    -0.00225374 
895.600000    -0.00187219 
896.000000    -0.00117625 
896.400000    -0.00027976 
896.800000    0.00066984 
897.200000    0.00151608 
897.600000    0.00211922 
898.000000    0.00237885 
898.400000    0.00225005 
898.800000    0.00175087 
899.200000    0.00096003 
899.600000    0.00000509 
900.000000    -0.00095753 
900.400000    -0.00176793 
900.800000    -0.00228948 
901.200000    -0.00243244 
901.600000    -0.00217003 
902.000000    -0.00154355 
902.400000    -0.00065562 
902.800000    0.00034724 
903.200000    0.00129934 
903.600000    0.00204331 
904.000000    0.00245572 
904.400000    0.00246696 
904.800000    0.00207250 
905.200000    0.00133410 
905.600000    0.00037064 
906.000000    -0.00066029 
906.400000    -0.00158776 
906.800000    -0.00225587 
907.200000    -0.00255052 
907.600000    -0.00241962 
908.000000    -0.00188267 
908.400000    -0.00102779 
908.800000    0.00000341 
909.200000    0.00103990 
909.600000    0.00190999 
910.000000    0.00246946 
910.400000    0.00262486 
910.800000    0.00234853 
911.200000    0.00168325 
911.600000    0.00073612 
912.000000    -0.00033806 
912.400000    -0.00136134 
912.800000    -0.00216210 
913.200000    -0.00260422 
913.600000    -0.00261104 
914.000000    -0.00217926 
914.400000    -0.00137989 
914.800000    -0.00034602 
915.200000    0.00075012 
915.600000    0.00172636 
916.000000    0.00242079 
916.400000    0.00271803 
916.800000    0.00256767 
917.200000    0.00199246 
917.600000    0.00108513 
918.000000    -0.00000587 
918.400000    -0.00109989 
918.800000    -0.00201368 
919.200000    -0.00259243 
919.600000    -0.00273682 
920.000000    -0.00242078 
920.400000    -0.00169649 
920.800000    -0.00068528 
921.200000    0.00044349 
921.600000    0.00150150 
922.000000    0.00231298 
922.400000    0.00274341 
922.800000    0.00272110 
923.200000    0.00224853 
923.600000    0.00140223 
924.000000    0.00032101 
924.400000    -0.00081596 
924.800000    -0.00181840 
925.200000    -0.00251693 
925.600000    -0.00279243 
926.000000    -0.00259725 
926.400000    -0.00196388 
926.800000    -0.00099926 
927.200000    0.00013407 
927.600000    0.00124614 
928.000000    0.00215176 
928.400000    0.00270093 
928.800000    0.00280295 
929.200000    0.00244074 
929.600000    0.00167356 
930.000000    0.00062782 
930.400000    -0.00052289 
930.800000    -0.00158600 
931.200000    -0.00238224 
931.600000    -0.00277649 
932.000000    -0.00270165 
932.400000    -0.00217063 
932.800000    -0.00127408 
933.200000    -0.00016414 
933.600000    0.00097220 
934.000000    0.00194511 
934.400000    0.00259339 
934.800000    0.00281049 
935.200000    0.00256129 
935.600000    0.00188744 
936.000000    0.00090084 
936.400000    -0.00023420 
936.800000    -0.00132765 
937.200000    -0.00219537 
937.600000    -0.00269069 
938.000000    -0.00273011 
938.400000    -0.00230804 
938.800000    -0.00149769 
939.200000    -0.00043776 
939.600000    0.00069220 
940.000000    0.00170271 
940.400000    0.00242618 
940.800000    0.00274402 
941.200000    0.00260537 
941.600000    0.00203479 
942.000000    0.00112813 
942.400000    0.00003715 
942.800000    -0.00105520 
943.200000    -0.00196514 
943.600000    -0.00253941 
944.000000    -0.00268188 
944.400000    -0.00237041 
944.800000    -0.00166047 
945.200000    -0.00067483 
945.600000    0.00041842 
946.000000    0.00143525 
946.400000    0.00220674 
946.800000    0.00260665 
947.200000    0.00257138 
947.600000    0.00210953 
948.000000    0.00130014 
948.400000    0.00027967 
948.800000    -0.00078028 
949.200000    -0.00170147 
949.600000    -0.00232926 
950.000000    -0.00255924 
950.400000    -0.00235533 
950.800000    -0.00175577 
951.200000    -0.00086568 
951.600000    0.00016203 
952.000000    0.00115361 
952.400000    0.00194402 
952.800000    0.00240409 
953.200000    0.00246096 
953.600000    0.00210910 
954.000000    0.00141049 
954.400000    0.00048415 
954.800000    -0.00051351 
955.200000    -0.00141474 
955.600000    -0.00206873 
956.000000    -0.00236741 
956.400000    -0.00226400 
956.800000    -0.00178061 
957.200000    -0.00100362 
957.600000    -0.00006767 
958.000000    0.00086824 
958.400000    0.00164805 
958.800000    0.00214448 
959.200000    0.00227922 
959.600000    0.00203481 
960.000000    0.00145652 
960.400000    0.00064434 
960.800000    -0.00026385 
961.200000    -0.00111524 
961.600000    -0.00176786 
962.000000    -0.00211463 
962.400000    -0.00210145 
962.800000    -0.00173601 
963.200000    -0.00108547 
963.600000    -0.00026379 
964.000000    0.00058871 
964.400000    0.00132965 
964.800000    0.00183828 
965.200000    0.00203471 
965.600000    0.00189201 
966.000000    0.00143953 
966.400000    0.00075715 
966.800000    -0.00003835 
967.200000    -0.00081301 
967.600000    -0.00143814 
968.000000    -0.00181194 
968.400000    -0.00187652 
968.800000    -0.00162706 
969.200000    -0.00111168 
969.600000    -0.00042199 
970.000000    0.00032356 
970.400000    0.00100028 
970.800000    0.00149814 
971.200000    0.00173931 
971.600000    0.00168996 
972.000000    0.00136461 
972.400000    0.00082265 
972.800000    0.00015782 
973.200000    -0.00051773 
973.600000    -0.00109226 
974.000000    -0.00147304 
974.400000    -0.00160155 
974.800000    -0.00146265 
975.200000    -0.00108610 
975.600000    -0.00054031 
976.000000    0.00008030 
976.400000    0.00067188 
976.800000    0.00113855 
977.200000    0.00140776 
977.600000    0.00144127 
978.000000    0.00124016 
978.400000    0.00084353 
978.800000    0.00032111 
979.200000    -0.00023875 
979.600000    -0.00074393 
980.000000    -0.00111370 
980.400000    -0.00129172 
980.800000    -0.00125472 
981.200000    -0.00101531 
981.600000    -0.00061879 
982.000000    -0.00013445 
982.400000    0.00035666 
982.800000    0.00077534 
983.200000    0.00105692 
983.600000    0.00116101 
984.000000    0.00107696 
984.400000    0.00082442 
984.800000    0.00044914 
985.200000    0.00001484 
985.600000    -0.00040747 
986.000000    -0.00075108 
986.400000    -0.00096410 
986.800000    -0.00101726 
987.200000    -0.00090780 
987.600000    -0.00065887 
988.000000    -0.00031482 
988.400000    0.00006682 
988.800000    0.00042496 
989.200000    0.00070472 
989.600000    0.00086559 
990.000000    0.00088710 
990.400000    0.00077105 
990.800000    0.00054027 
991.200000    0.00023432 
991.600000    -0.00009724 
992.000000    -0.00040274 
992.400000    -0.00063640 
992.800000    -0.00076508 
993.200000    -0.00077286 
993.600000    -0.00066277 
994.000000    -0.00045559 
994.400000    -0.00018592 
994.800000    0.00010359 
995.200000    0.00036894 
995.600000    0.00057133 
996.000000    0.00068269 
996.400000    0.00068928 
996.800000    0.00059319 
997.200000    0.00041144 
997.600000    0.00017306 
998.000000    -0.00008545 
998.400000    -0.00032556 
998.800000    -0.00051237 
999.200000    -0.00061953 
999.600000    -0.00063287 
1000.000000    -0.00055216 
