0.000000    0.60198727 
0.058994    0.60196472 
0.117989    0.60193179 
0.176984    0.60189832 
0.235980    0.60186103 
0.294979    0.60181821 
0.353982    0.60176950 
0.412993    0.60171495 
0.472013    0.60165594 
0.531046    0.60159518 
0.590097    0.60153681 
0.649170    0.60148514 
0.708268    0.60144458 
0.767399    0.60141929 
0.826567    0.60141265 
0.885778    0.60142807 
0.945040    0.60146696 
1.004358    0.60152983 
1.063740    0.60161530 
1.123194    0.60172078 
1.182728    0.60184222 
1.242351    0.60197404 
1.302072    0.60210865 
1.361901    0.60223908 
1.421848    0.60235433 
1.481924    0.60244235 
1.542139    0.60249184 
1.602506    0.60249106 
1.663036    0.60242718 
1.723742    0.60228639 
1.784637    0.60205529 
1.845734    0.60171957 
1.907047    0.60126648 
1.968591    0.60068273 
2.030379    0.59995509 
2.092426    0.59907233 
2.154747    0.59802397 
2.217357    0.59680005 
2.280271    0.59539245 
2.343504    0.59379368 
2.407070    0.59199790 
2.470985    0.59000174 
2.535262    0.58780356 
2.599917    0.58540037 
2.664963    0.58279006 
2.730413    0.57997797 
2.796279    0.57697405 
2.862576    0.57378531 
2.929312    0.57041694 
2.996501    0.56687586 
3.064150    0.56317079 
3.132271    0.55931265 
3.200869    0.55531482 
3.269954    0.55119116 
3.339529    0.54695383 
3.409602    0.54261468 
3.480175    0.53818863 
3.551252    0.53369454 
3.622834    0.52915192 
3.694922    0.52457566 
3.767515    0.51997791 
3.840611    0.51537247 
3.914208    0.51077370 
3.988301    0.50619658 
4.062885    0.50165775 
4.137954    0.49717282 
4.213498    0.49275530 
4.289511    0.48841932 
4.365980    0.48418064 
4.442894    0.48005605 
4.520241    0.47606383 
4.598004    0.47222487 
4.676167    0.46856297 
4.754711    0.46510394 
4.833616    0.46187471 
4.912857    0.45890429 
4.992408    0.45622477 
5.072241    0.45386946 
5.152323    0.45186918 
5.232621    0.45024947 
5.313100    0.44903009 
5.393722    0.44822689 
5.474447    0.44785548 
5.555236    0.44793541 
5.636045    0.44849307 
5.716828    0.44956310 
5.797535    0.45118869 
5.878114    0.45342124 
5.958505    0.45632005 
6.038643    0.45995218 
6.118457    0.46439260 
6.197868    0.46972440 
6.276787    0.47603916 
6.355116    0.48343651 
6.432746    0.49202143 
6.509558    0.50189754 
6.585418    0.51315428 
6.660185    0.52584461 
6.733706    0.53994867 
6.805823    0.55531810 
6.876381    0.57159802 
6.945239    0.58813148 
7.012283    0.60387051 
7.077442    0.61734762 
7.140704    0.62678647 
7.202122    0.63041544 
7.261808    0.62694818 
7.319908    0.61604236 
7.376579    0.59847811 
7.431912    0.57597303 
7.486033    0.55043638 
7.538971    0.52393357 
7.590742    0.49803919 
7.641322    0.47374189 
7.690676    0.45157957 
7.738789    0.43181475 
7.785611    0.41428004 
7.831124    0.39890140 
7.875319    0.38548982 
7.918195    0.37384727 
7.959762    0.36377821 
8.000033    0.35510497 
8.039025    0.34768082 
8.076756    0.34138300 
8.113242    0.33610096 
8.148498    0.33173416 
8.182539    0.32819642 
8.215374    0.32541474 
8.247012    0.32333513 
8.277459    0.32189267 
8.306716    0.32103924 
8.334782    0.32072590 
8.361653    0.32090204 
8.387323    0.32152935 
8.411783    0.32253923 
8.435023    0.32386379 
8.457016    0.32528403 
8.477771    0.32696066 
8.497279    0.32863676 
8.515533    0.33014860 
8.532529    0.33129213 
8.548268    0.33179455 
8.562760    0.33140598 
8.576022    0.32977066 
8.588079    0.32655226 
8.598963    0.32136825 
8.608720    0.31408481 
8.617401    0.30445482 
8.625066    0.29242458 
8.631782    0.27810936 
8.637621    0.26174474 
8.642659    0.24367599 
8.646975    0.22435027 
8.650647    0.20424290 
8.653751    0.18382836 
8.656361    0.16354904 
8.658543    0.14379380 
8.660360    0.12488874 
8.661866    0.10709267 
8.663110    0.09060041 
8.664135    0.07554788 
8.664978    0.06201715 
8.665669    0.05004503 
8.666234    0.03962700 
8.666696    0.03072369 
8.667074    0.02326484 
8.667382    0.01715421 
8.667633    0.01227303 
8.667837    0.00848522 
8.668004    0.00564252 
8.668141    0.00359098 
8.668257    0.00217897 
8.668376    0.00125014 
8.668415    0.00065138 
8.668425    0.00030368 
8.668445    0.00015029 
8.669652    0.00010100 
8.673351    0.00010000 
8.679743    0.00010681 
8.688295    0.00012857 
8.698312    0.00015855 
8.709235    0.00020213 
8.720906    0.00025645 
8.733241    0.00029909 
