0.000000    0.00000000 
0.400000    0.02693463 
0.800000    0.04866236 
1.200000    0.06190758 
1.600000    0.06520655 
2.000000    0.05852353 
2.400000    0.04299625 
2.800000    0.02088476 
3.200000    -0.00429965 
3.600000    -0.02772920 
4.000000    -0.04387067 
4.400000    -0.04836343 
4.800000    -0.04037429 
5.200000    -0.02311687 
5.600000    -0.00184346 
6.000000    0.01857229 
6.400000    0.03476013 
6.800000    0.04486198 
7.200000    0.04816032 
7.600000    0.04474586 
8.000000    0.03533989 
8.400000    0.02126267 
8.800000    0.00449156 
9.200000    -0.01231627 
9.600000    -0.02604039 
10.000000    -0.03377241 
10.400000    -0.03385178 
10.800000    -0.02662587 
11.200000    -0.01426872 
11.600000    0.00020792 
12.000000    0.01397149 
12.400000    0.02490591 
12.800000    0.03171123 
13.200000    0.03380065 
13.600000    0.03117068 
14.000000    0.02431991 
14.400000    0.01422364 
14.800000    0.00233099 
15.200000    -0.00948805 
15.600000    -0.01914927 
16.000000    -0.02478395 
16.400000    -0.02530062 
16.800000    -0.02078487 
17.200000    -0.01245243 
17.600000    -0.00218125 
18.000000    0.00806690 
18.400000    0.01665571 
18.800000    0.02244787 
19.200000    0.02482152 
19.600000    0.02362607 
20.000000    0.01913596 
20.400000    0.01202116 
20.800000    0.00332067 
21.200000    -0.00561949 
21.600000    -0.01329643 
22.000000    -0.01832206 
22.400000    -0.01977082 
22.800000    -0.01745759 
23.200000    -0.01198942 
23.600000    -0.00456028 
24.000000    0.00339803 
24.400000    0.01054861 
24.800000    0.01585999 
25.200000    0.01868237 
25.600000    0.01874404 
26.000000    0.01612609 
26.400000    0.01124026 
26.800000    0.00480499 
27.200000    -0.00220189 
27.600000    -0.00864556 
28.000000    -0.01341282 
28.400000    -0.01565022 
28.800000    -0.01498679 
29.200000    -0.01163774 
29.600000    -0.00633185 
30.000000    -0.00010008 
30.400000    0.00597275 
30.800000    0.01094527 
31.200000    0.01413451 
31.600000    0.01516059 
32.000000    0.01395177 
32.400000    0.01073135 
32.800000    0.00599252 
33.200000    0.00045653 
33.600000    -0.00500206 
34.000000    -0.00947852 
34.400000    -0.01220402 
34.800000    -0.01271747 
35.200000    -0.01098043 
35.600000    -0.00738114 
36.000000    -0.00262485 
36.400000    0.00243988 
36.800000    0.00699240 
37.200000    0.01036478 
37.600000    0.01211115 
38.000000    0.01203477 
38.400000    0.01019012 
38.800000    0.00687031 
39.200000    0.00257960 
39.600000    -0.00201749 
40.000000    -0.00618061 
40.400000    -0.00921340 
40.800000    -0.01060093 
41.200000    -0.01012572 
41.600000    -0.00791797 
42.000000    -0.00441771 
42.400000    -0.00026504 
42.800000    0.00383838 
43.200000    0.00725368 
43.600000    0.00949212 
44.000000    0.01026335 
44.400000    0.00949369 
44.800000    0.00732410 
45.200000    0.00409220 
45.600000    0.00029615 
46.000000    -0.00346541 
46.400000    -0.00658044 
46.800000    -0.00853057 
47.200000    -0.00899542 
47.600000    -0.00792212 
48.000000    -0.00553409 
48.400000    -0.00227521 
48.800000    0.00128917 
49.200000    0.00458128 
49.600000    0.00710336 
50.000000    0.00850086 
50.400000    0.00859682 
50.800000    0.00740323 
51.200000    0.00511450 
51.600000    0.00208452 
52.000000    -0.00121498 
52.400000    -0.00425773 
52.800000    -0.00654560 
53.200000    -0.00769959 
53.600000    -0.00753682 
54.000000    -0.00610885 
54.400000    -0.00368770 
54.800000    -0.00070416 
55.200000    0.00234063 
55.600000    0.00496448 
56.000000    0.00677647 
56.400000    0.00752493 
56.800000    0.00712190 
57.200000    0.00564784 
57.600000    0.00333893 
58.000000    0.00055720 
58.400000    -0.00225761 
58.800000    -0.00465333 
59.200000    -0.00624112 
59.600000    -0.00676714 
60.000000    -0.00616164 
60.400000    -0.00455008 
60.800000    -0.00222307 
61.200000    0.00042451 
61.600000    0.00296677 
62.000000    0.00501502 
62.400000    0.00627063 
62.800000    0.00655958 
63.200000    0.00585014 
63.600000    0.00425535 
64.000000    0.00202064 
64.400000    -0.00050522 
64.800000    -0.00291753 
65.200000    -0.00481928 
65.600000    -0.00589240 
66.000000    -0.00596085 
66.400000    -0.00502716 
66.800000    -0.00327040 
67.200000    -0.00100598 
67.600000    0.00137958 
68.000000    0.00350021 
68.400000    0.00503233 
68.800000    0.00575836 
69.200000    0.00559019 
69.600000    0.00457421 
70.000000    0.00288076 
70.400000    0.00077946 
70.800000    -0.00139846 
71.200000    -0.00330898 
71.600000    -0.00465001 
72.000000    -0.00521299 
72.400000    -0.00491994 
72.800000    -0.00383598 
73.200000    -0.00215394 
73.600000    -0.00015580 
74.000000    0.00183852 
74.400000    0.00352305 
74.800000    0.00464956 
75.200000    0.00505893 
75.600000    0.00469908 
76.000000    0.00363001 
76.400000    0.00201620 
76.800000    0.00010608 
77.200000    -0.00180150 
77.600000    -0.00340207 
78.000000    -0.00443599 
78.400000    -0.00473525 
78.800000    -0.00425541 
79.200000    -0.00308373 
79.600000    -0.00142136 
80.000000    0.00045535 
80.400000    0.00224409 
80.800000    0.00366566 
81.200000    0.00450483 
81.600000    0.00463903 
82.000000    0.00405341 
82.400000    0.00284237 
82.800000    0.00119731 
83.200000    -0.00061956 
83.600000    -0.00231439 
84.000000    -0.00360964 
84.400000    -0.00429324 
84.800000    -0.00425803 
85.200000    -0.00352136 
85.600000    -0.00221947 
86.000000    -0.00057848 
86.400000    0.00112923 
86.800000    0.00263249 
87.200000    0.00370304 
87.600000    0.00418636 
88.000000    0.00401966 
88.400000    0.00323756 
88.800000    0.00196610 
89.200000    0.00040545 
89.600000    -0.00119794 
90.000000    -0.00258826 
90.400000    -0.00354183 
90.800000    -0.00390615 
91.200000    -0.00362781 
91.600000    -0.00276191 
92.000000    -0.00146053 
92.400000    0.00005685 
92.800000    0.00154325 
93.200000    0.00276551 
93.600000    0.00353957 
94.000000    0.00375553 
94.400000    0.00339048 
94.800000    0.00250939 
95.200000    0.00125454 
95.600000    -0.00017533 
96.000000    -0.00155456 
96.400000    -0.00266536 
96.800000    -0.00333329 
97.200000    -0.00345656 
97.600000    -0.00302319 
98.000000    -0.00211186 
98.400000    -0.00087645 
98.800000    0.00048195 
99.200000    0.00174904 
99.600000    0.00273088 
100.000000    0.00328190 
100.400000    0.00332421 
100.800000    0.00285707 
101.200000    0.00195601 
101.600000    0.00076213 
102.000000    -0.00053794 
102.400000    -0.00173967 
102.800000    -0.00265257 
103.200000    -0.00313173 
103.600000    -0.00310281 
104.000000    -0.00257496 
104.400000    -0.00163863 
104.800000    -0.00044880 
105.200000    0.00080236 
105.600000    0.00191749 
106.000000    0.00272481 
106.400000    0.00310305 
106.800000    0.00299802 
107.200000    0.00242951 
107.600000    0.00148813 
108.000000    0.00032239 
108.400000    -0.00088301 
108.800000    -0.00193568 
109.200000    -0.00266682 
109.600000    -0.00296001 
110.000000    -0.00277159 
110.400000    -0.00213786 
110.800000    -0.00116752 
111.200000    -0.00002135 
111.600000    0.00111612 
112.000000    0.00206686 
112.400000    0.00268638 
112.800000    0.00288397 
113.200000    0.00263437 
113.600000    0.00198019 
114.000000    0.00102537 
114.400000    -0.00007995 
114.800000    -0.00116157 
115.200000    -0.00204816 
115.600000    -0.00259903 
116.000000    -0.00272785 
116.400000    -0.00241738 
116.800000    -0.00172204 
117.200000    -0.00075762 
117.600000    0.00031930 
118.000000    0.00133770 
118.400000    0.00213932 
118.800000    0.00260219 
119.200000    0.00265783 
119.600000    0.00230048 
120.000000    0.00158759 
120.400000    0.00063167 
120.800000    -0.00041605 
121.200000    -0.00138866 
121.600000    -0.00213026 
122.000000    -0.00252209 
122.400000    -0.00250314 
122.800000    -0.00208056 
123.200000    -0.00132767 
123.600000    -0.00037009 
124.000000    0.00063672 
124.400000    0.00153347 
124.800000    0.00218204 
125.200000    0.00248555 
125.600000    0.00240135 
126.000000    0.00194611 
126.400000    0.00119276 
126.800000    0.00025984 
127.200000    -0.00070596 
127.600000    -0.00155196 
128.000000    -0.00214374 
128.400000    -0.00238737 
128.800000    -0.00224550 
129.200000    -0.00174377 
129.600000    -0.00096608 
130.000000    -0.00003969 
130.400000    0.00088646 
130.800000    0.00166617 
131.200000    0.00217871 
131.600000    0.00234667 
132.000000    0.00214683 
132.400000    0.00161311 
132.800000    0.00083124 
133.200000    -0.00007416 
133.600000    -0.00095872 
134.000000    -0.00168126 
134.400000    -0.00212694 
134.800000    -0.00222648 
135.200000    -0.00196763 
135.600000    -0.00139655 
136.000000    -0.00060883 
136.400000    0.00026748 
136.800000    0.00109340 
137.200000    0.00174094 
137.600000    0.00211210 
138.000000    0.00215253 
138.400000    0.00185880 
138.800000    0.00127841 
139.200000    0.00050291 
139.600000    -0.00034548 
140.000000    -0.00113242 
140.400000    -0.00173267 
140.800000    -0.00205073 
141.200000    -0.00203709 
141.600000    -0.00169665 
142.000000    -0.00108745 
142.400000    -0.00031012 
142.800000    0.00050967 
143.200000    0.00124214 
143.600000    0.00177381 
144.000000    0.00202434 
144.400000    0.00195782 
144.800000    0.00158730 
145.200000    0.00097247 
145.600000    0.00021067 
146.000000    -0.00057772 
146.400000    -0.00126780 
146.800000    -0.00175014 
147.200000    -0.00194872 
147.600000    -0.00183371 
148.000000    -0.00142635 
148.400000    -0.00079486 
148.800000    -0.00004237 
149.200000    0.00071059 
149.600000    0.00134572 
150.000000    0.00176523 
150.400000    0.00190622 
150.800000    0.00174944 
151.200000    0.00132157 
151.600000    0.00069100 
152.000000    -0.00004252 
152.400000    -0.00076301 
152.800000    -0.00135639 
153.200000    -0.00172886 
153.600000    -0.00182232 
154.000000    -0.00162401 
154.400000    -0.00116838 
154.800000    -0.00053072 
155.200000    0.00018581 
155.600000    0.00086744 
156.000000    0.00140788 
156.400000    0.00172446 
156.800000    0.00177020 
157.200000    0.00154022 
157.600000    0.00107212 
158.000000    0.00044019 
158.400000    -0.00025574 
158.800000    -0.00090570 
159.200000    -0.00140687 
159.600000    -0.00168024 
160.000000    -0.00168370 
160.400000    -0.00141882 
160.800000    -0.00093032 
161.200000    -0.00029804 
161.600000    0.00037666 
162.000000    0.00098742 
162.400000    0.00143961 
162.800000    0.00166444 
163.200000    0.00162885 
163.600000    0.00134006 
164.000000    0.00084419 
164.400000    0.00021944 
164.800000    -0.00043570 
165.200000    -0.00101763 
165.600000    -0.00143410 
166.000000    -0.00161929 
166.400000    -0.00154476 
166.800000    -0.00122417 
167.200000    -0.00071067 
167.600000    -0.00008770 
168.000000    0.00054508 
168.400000    0.00108799 
168.800000    0.00145684 
169.200000    0.00159561 
169.600000    0.00148440 
170.000000    0.00114215 
170.400000    0.00062351 
170.800000    0.00001059 
171.200000    -0.00059962 
171.600000    -0.00111042 
172.000000    -0.00144092 
172.400000    -0.00153932 
172.800000    -0.00139142 
173.200000    -0.00102278 
173.600000    -0.00049415 
174.000000    0.00010905 
174.400000    0.00069086 
174.800000    0.00116020 
175.200000    0.00144478 
175.600000    0.00150186 
176.000000    0.00132424 
176.400000    0.00094107 
176.800000    0.00041327 
177.200000    -0.00017565 
177.600000    -0.00073256 
178.000000    -0.00116930 
178.400000    -0.00141700 
178.800000    -0.00143729 
179.200000    -0.00122862 
179.600000    -0.00082617 
180.000000    -0.00029568 
180.400000    0.00027774 
180.800000    0.00080356 
181.200000    0.00120007 
181.600000    0.00140673 
182.000000    0.00139298 
182.400000    0.00116239 
182.800000    0.00075195 
183.200000    0.00022640 
183.600000    -0.00033152 
184.000000    -0.00083381 
184.400000    -0.00120106 
184.800000    -0.00137533 
185.200000    -0.00132965 
185.600000    -0.00107247 
186.000000    -0.00064615 
186.400000    -0.00011970 
186.800000    0.00042276 
187.200000    0.00089559 
187.600000    0.00122514 
188.000000    0.00136094 
188.400000    0.00128309 
188.800000    0.00100502 
189.200000    0.00057127 
189.600000    0.00005062 
190.000000    -0.00047453 
190.400000    -0.00092106 
190.800000    -0.00121840 
191.200000    -0.00132003 
191.600000    -0.00121097 
192.000000    -0.00091014 
192.400000    -0.00046685 
192.800000    0.00004752 
193.200000    0.00055135 
193.600000    0.00096571 
194.000000    0.00122662 
194.400000    0.00129447 
194.800000    0.00115983 
195.200000    0.00084461 
195.600000    0.00039874 
196.000000    -0.00010742 
196.400000    -0.00059384 
196.800000    -0.00098344 
197.200000    -0.00121446 
197.600000    -0.00125062 
198.000000    -0.00108711 
198.400000    -0.00075134 
198.800000    -0.00029810 
199.200000    0.00019964 
199.600000    0.00066276 
200.000000    0.00101866 
200.400000    0.00121244 
200.800000    0.00121512 
201.200000    0.00102769 
201.600000    0.00068074 
202.000000    0.00022955 
202.400000    -0.00025443 
202.800000    -0.00069474 
203.200000    -0.00102200 
203.600000    -0.00118502 
204.000000    -0.00115900 
204.400000    -0.00094943 
204.800000    -0.00059094 
205.200000    -0.00014137 
205.600000    0.00032780 
206.000000    0.00074293 
206.400000    0.00103961 
206.800000    0.00117246 
207.200000    0.00112174 
207.600000    0.00089617 
208.000000    0.00053157 
208.400000    0.00008541 
208.800000    -0.00037195 
209.200000    -0.00076822 
209.600000    -0.00104070 
210.000000    -0.00114643 
210.400000    -0.00106931 
210.800000    -0.00082262 
211.200000    -0.00044671 
211.600000    -0.00000211 
212.000000    0.00044046 
212.400000    0.00081142 
212.800000    0.00105326 
213.200000    0.00112912 
213.600000    0.00102817 
214.000000    0.00076706 
214.400000    0.00038724 
214.800000    -0.00005142 
215.200000    -0.00047979 
215.600000    -0.00083029 
216.000000    -0.00104763 
216.400000    -0.00109773 
216.800000    -0.00097324 
217.200000    -0.00069470 
217.600000    -0.00030709 
218.000000    0.00012766 
218.400000    0.00054069 
218.800000    0.00086712 
219.200000    0.00105613 
219.600000    0.00107866 
220.000000    0.00093175 
220.400000    0.00063891 
220.800000    0.00024657 
221.200000    -0.00018307 
221.600000    -0.00058176 
222.000000    -0.00088605 
222.400000    -0.00104758 
222.800000    -0.00104102 
223.200000    -0.00086825 
223.600000    -0.00055785 
224.000000    -0.00016026 
224.400000    0.00026067 
224.800000    0.00063809 
225.200000    0.00091275 
225.600000    0.00104211 
226.000000    0.00100675 
226.400000    0.00081318 
226.800000    0.00049267 
227.200000    0.00009641 
227.600000    -0.00031246 
228.000000    -0.00066888 
228.400000    -0.00091627 
228.800000    -0.00101576 
229.200000    -0.00095248 
229.600000    -0.00073790 
230.000000    -0.00040770 
230.400000    -0.00001556 
230.800000    0.00037575 
231.200000    0.00070456 
231.600000    0.00091992 
232.000000    0.00098935 
232.400000    0.00090345 
232.800000    0.00067711 
233.200000    0.00034690 
233.600000    -0.00003463 
234.000000    -0.00040721 
234.400000    -0.00071228 
234.800000    -0.00090232 
235.200000    -0.00094834 
235.600000    -0.00084445 
236.000000    -0.00060854 
236.400000    -0.00027913 
236.800000    0.00009114 
237.200000    0.00044405 
237.600000    0.00072498 
238.000000    0.00089119 
238.400000    0.00091815 
238.800000    0.00080295 
239.200000    0.00056444 
239.600000    0.00024029 
240.000000    -0.00011887 
240.400000    -0.00045716 
240.800000    -0.00072213 
241.200000    -0.00087289 
241.600000    -0.00088652 
242.000000    -0.00076164 
242.400000    -0.00051846 
242.800000    -0.00019545 
243.200000    0.00015687 
243.600000    0.00048391 
244.000000    0.00073536 
244.400000    0.00087279 
244.800000    0.00087529 
245.200000    0.00074256 
245.600000    0.00049493 
246.000000    0.00017042 
246.400000    -0.00018089 
246.800000    -0.00050438 
247.200000    -0.00074933 
247.600000    -0.00087693 
248.000000    -0.00086659 
248.400000    -0.00071939 
248.800000    -0.00045807 
249.200000    -0.00012347 
249.600000    0.00023194 
250.000000    0.00055229 
250.400000    0.00078710 
250.800000    0.00089911 
251.200000    0.00087005 
251.600000    0.00070363 
252.000000    0.00042515 
252.400000    0.00007793 
252.800000    -0.00028328 
253.200000    -0.00060078 
253.600000    -0.00082320 
254.000000    -0.00091400 
254.400000    -0.00085768 
254.800000    -0.00066264 
255.200000    -0.00035989 
255.600000    0.00000193 
256.000000    0.00036455 
256.400000    0.00066955 
256.800000    0.00086772 
257.200000    0.00092697 
257.600000    0.00083743 
258.000000    0.00061310 
258.400000    0.00028978 
258.800000    -0.00008044 
259.200000    -0.00043747 
259.600000    -0.00072298 
260.000000    -0.00089013 
260.400000    -0.00091149 
260.800000    -0.00078376 
261.200000    -0.00052836 
261.600000    -0.00018772 
262.000000    0.00018197 
262.400000    0.00052026 
262.800000    0.00077235 
263.200000    0.00089798 
263.600000    0.00087772 
264.000000    0.00071592 
264.400000    0.00043985 
264.800000    0.00009517 
265.200000    -0.00026150 
265.600000    -0.00057190 
266.000000    -0.00078578 
266.400000    -0.00086922 
266.800000    -0.00081019 
267.200000    -0.00062033 
267.600000    -0.00033260 
268.000000    0.00000464 
268.400000    0.00033595 
268.800000    0.00060808 
269.200000    0.00077845 
269.600000    0.00082175 
270.000000    0.00073349 
270.400000    0.00053023 
270.800000    0.00024658 
271.200000    -0.00007064 
271.600000    -0.00037014 
272.000000    -0.00060443 
272.400000    -0.00073749 
272.800000    -0.00075040 
273.200000    -0.00064402 
273.600000    -0.00043831 
274.000000    -0.00016846 
274.400000    0.00012127 
274.800000    0.00038495 
275.200000    0.00058225 
275.600000    0.00068456 
276.000000    0.00067885 
276.400000    0.00056913 
276.800000    0.00037520 
277.200000    0.00012910 
277.600000    -0.00013014 
278.000000    -0.00036271 
278.400000    -0.00053405 
278.800000    -0.00062001 
279.200000    -0.00061012 
279.600000    -0.00050872 
280.000000    -0.00033365 
280.400000    -0.00011308 
280.800000    0.00011915 
281.200000    0.00032871 
281.600000    0.00048572 
282.000000    0.00056882 
282.400000    0.00056779 
282.800000    0.00048454 
283.200000    0.00033249 
283.600000    0.00013439 
284.000000    -0.00008096 
284.400000    -0.00028274 
284.800000    -0.00044234 
285.200000    -0.00053726 
285.600000    -0.00055413 
286.000000    -0.00049058 
286.400000    -0.00035547 
286.800000    -0.00016776 
287.200000    0.00004604 
287.600000    0.00025552 
288.000000    0.00043042 
288.400000    0.00054486 
288.800000    0.00058102 
289.200000    0.00053183 
289.600000    0.00040236 
290.000000    0.00020960 
290.400000    -0.00001948 
290.800000    -0.00025142 
291.200000    -0.00045095 
291.600000    -0.00058629 
292.000000    -0.00063430 
292.400000    -0.00058453 
292.800000    -0.00044152 
293.200000    -0.00022473 
293.600000    0.00003392 
294.000000    0.00029470 
294.400000    0.00051614 
294.800000    0.00066163 
295.200000    0.00070547 
295.600000    0.00063741 
296.000000    0.00046493 
296.400000    0.00021274 
296.800000    -0.00008047 
297.200000    -0.00036785 
297.600000    -0.00060187 
298.000000    -0.00074228 
298.400000    -0.00076331 
298.800000    -0.00065853 
299.200000    -0.00044252 
299.600000    -0.00014895 
300.000000    0.00017485 
300.400000    0.00047561 
300.800000    0.00070301 
301.200000    0.00081812 
301.600000    0.00080003 
302.000000    0.00064959 
302.400000    0.00038971 
302.800000    0.00006195 
303.200000    -0.00027998 
303.600000    -0.00057905 
304.000000    -0.00078451 
304.400000    -0.00086076 
304.800000    -0.00079369 
305.200000    -0.00059342 
305.600000    -0.00029264 
306.000000    0.00005884 
306.400000    0.00040265 
306.800000    0.00068159 
307.200000    0.00084921 
307.600000    0.00087739 
308.000000    0.00076096 
308.400000    0.00051859 
308.800000    0.00018988 
309.200000    -0.00017102 
309.600000    -0.00050423 
310.000000    -0.00075412 
310.400000    -0.00087874 
310.800000    -0.00085707 
311.200000    -0.00069264 
311.600000    -0.00041295 
312.000000    -0.00006470 
312.400000    0.00029420 
312.800000    0.00060436 
313.200000    0.00081469 
313.600000    0.00089071 
314.000000    0.00082005 
314.400000    0.00061437 
314.800000    0.00030759 
315.200000    -0.00004961 
315.600000    -0.00039796 
316.000000    -0.00067938 
316.400000    -0.00084682 
316.800000    -0.00087229 
317.200000    -0.00075173 
317.600000    -0.00050576 
318.000000    -0.00017605 
318.400000    0.00018185 
318.800000    0.00050800 
319.200000    0.00074814 
319.600000    0.00086266 
320.000000    0.00083304 
320.400000    0.00066483 
320.800000    0.00038672 
321.200000    0.00004581 
321.600000    -0.00030021 
322.000000    -0.00059279 
322.400000    -0.00078257 
322.800000    -0.00083798 
323.200000    -0.00075071 
323.600000    -0.00053710 
324.000000    -0.00023508 
324.400000    0.00010274 
324.800000    0.00041841 
325.200000    0.00065864 
325.600000    0.00078389 
326.000000    0.00077481 
326.400000    0.00063519 
326.800000    0.00039104 
327.200000    0.00008586 
327.600000    -0.00022704 
328.000000    -0.00049388 
328.400000    -0.00066983 
328.800000    -0.00072679 
329.200000    -0.00065809 
329.600000    -0.00047920 
330.000000    -0.00022432 
330.400000    0.00006019 
330.800000    0.00032447 
331.200000    0.00052404 
331.600000    0.00062726 
332.000000    0.00062039 
332.400000    0.00050919 
332.800000    0.00031718 
333.200000    0.00008083 
333.600000    -0.00015730 
334.000000    -0.00035632 
334.400000    -0.00048416 
334.800000    -0.00052286 
335.200000    -0.00047111 
335.600000    -0.00034348 
336.000000    -0.00016693 
336.400000    0.00002491 
336.800000    0.00019818 
337.200000    0.00032486 
337.600000    0.00038731 
338.000000    0.00038058 
338.400000    0.00031220 
338.800000    0.00019977 
339.200000    0.00006685 
339.600000    -0.00006187 
340.000000    -0.00016516 
340.400000    -0.00022888 
340.800000    -0.00024776 
341.200000    -0.00022530 
341.600000    -0.00017201 
342.000000    -0.00010230 
342.400000    -0.00003108 
342.800000    0.00002942 
343.200000    0.00007173 
343.600000    0.00009391 
344.000000    0.00009892 
344.400000    0.00009284 
344.800000    0.00008260 
345.200000    0.00007366 
345.600000    0.00006849 
346.000000    0.00006588 
346.400000    0.00006166 
346.800000    0.00005021 
347.200000    0.00002662 
347.600000    -0.00001119 
348.000000    -0.00006101 
348.400000    -0.00011599 
348.800000    -0.00016550 
349.200000    -0.00019728 
349.600000    -0.00020026 
350.000000    -0.00016755 
350.400000    -0.00009883 
350.800000    -0.00000143 
351.200000    0.00011013 
351.600000    0.00021637 
352.000000    0.00029632 
352.400000    0.00033176 
352.800000    0.00031114 
353.200000    0.00023266 
353.600000    0.00010548 
354.000000    -0.00005107 
354.400000    -0.00021047 
354.800000    -0.00034356 
355.200000    -0.00042406 
355.600000    -0.00043382 
356.000000    -0.00036682 
356.400000    -0.00023101 
356.800000    -0.00004746 
357.200000    0.00015302 
357.600000    0.00033523 
358.000000    0.00046596 
358.400000    0.00052008 
358.800000    0.00048539 
359.200000    0.00036518 
359.600000    0.00017810 
360.000000    -0.00004481 
360.400000    -0.00026534 
360.800000    -0.00044479 
361.200000    -0.00055098 
361.600000    -0.00056413 
362.000000    -0.00048059 
362.400000    -0.00031364 
362.800000    -0.00009123 
363.200000    0.00014897 
363.600000    0.00036617 
364.000000    0.00052351 
364.400000    0.00059431 
364.800000    0.00056654 
365.200000    0.00044470 
365.600000    0.00024902 
366.000000    0.00001195 
366.400000    -0.00022727 
366.800000    -0.00042917 
367.200000    -0.00056066 
367.600000    -0.00060043 
368.000000    -0.00054242 
368.400000    -0.00039658 
368.800000    -0.00018700 
369.200000    0.00005227 
369.600000    0.00028289 
370.000000    0.00046836 
370.400000    0.00057967 
370.800000    0.00059969 
371.200000    0.00052554 
371.600000    0.00036888 
372.000000    0.00015404 
372.400000    -0.00008571 
372.800000    -0.00031323 
373.200000    -0.00049307 
373.600000    -0.00059696 
374.000000    -0.00060815 
374.400000    -0.00052405 
374.800000    -0.00035676 
375.200000    -0.00013130 
375.600000    0.00011807 
376.000000    0.00035297 
376.400000    0.00053668 
376.800000    0.00063970 
377.200000    0.00064432 
377.600000    0.00054757 
378.000000    0.00036215 
378.400000    0.00011493 
378.800000    -0.00015658 
379.200000    -0.00040976 
379.600000    -0.00060340 
380.000000    -0.00070446 
380.400000    -0.00069374 
380.800000    -0.00056966 
381.200000    -0.00034912 
381.600000    -0.00006539 
382.000000    0.00023691 
382.400000    0.00050876 
382.800000    0.00070469 
383.200000    0.00079030 
383.600000    0.00074820 
384.000000    0.00058151 
384.400000    0.00031406 
384.800000    -0.00001268 
385.200000    -0.00034583 
385.600000    -0.00062957 
386.000000    -0.00081450 
386.400000    -0.00086652 
386.800000    -0.00077324 
387.200000    -0.00054683 
387.600000    -0.00022259 
388.000000    0.00014668 
388.400000    0.00049939 
388.800000    0.00077553 
389.200000    0.00092679 
389.600000    0.00092496 
390.000000    0.00076706 
390.400000    0.00047641 
390.800000    0.00009948 
391.200000    -0.00030132 
391.600000    -0.00065789 
392.000000    -0.00090806 
392.400000    -0.00100666 
392.800000    -0.00093397 
393.200000    -0.00069968 
393.600000    -0.00034172 
394.000000    0.00008010 
394.400000    0.00049432 
394.800000    0.00083005 
395.200000    0.00102904 
395.600000    0.00105565 
396.000000    0.00090303 
396.400000    0.00059468 
396.800000    0.00018111 
397.200000    -0.00026825 
397.600000    -0.00067646 
398.000000    -0.00097237 
398.400000    -0.00110320 
398.800000    -0.00104433 
399.200000    -0.00080409 
399.600000    -0.00042259 
400.000000    0.00003519 
400.400000    0.00049073 
400.800000    0.00086564 
401.200000    0.00109502 
401.600000    0.00113852 
402.000000    0.00098726 
402.400000    0.00066557 
402.800000    0.00022733 
403.200000    -0.00025276 
403.600000    -0.00069169 
404.000000    -0.00101256 
404.400000    -0.00115833 
404.800000    -0.00110236 
405.200000    -0.00085351 
405.600000    -0.00045476 
406.000000    0.00002446 
406.400000    0.00050070 
406.800000    0.00089115 
407.200000    0.00112801 
407.600000    0.00117002 
408.000000    0.00100954 
408.400000    0.00067388 
408.800000    0.00022098 
409.200000    -0.00027035 
409.600000    -0.00071386 
410.000000    -0.00103120 
410.400000    -0.00116602 
410.800000    -0.00109447 
411.200000    -0.00082969 
411.600000    -0.00041935 
412.000000    0.00006321 
412.400000    0.00053238 
412.800000    0.00090564 
413.200000    0.00111804 
413.600000    0.00113328 
414.000000    0.00094980 
414.400000    0.00060091 
414.800000    0.00014903 
415.200000    -0.00032522 
415.600000    -0.00073729 
416.000000    -0.00101390 
416.400000    -0.00110653 
416.800000    -0.00100029 
417.200000    -0.00071652 
417.600000    -0.00030846 
418.000000    0.00014902 
418.400000    0.00057338 
418.800000    0.00088949 
419.200000    0.00104278 
419.600000    0.00100853 
420.000000    0.00079575 
420.400000    0.00044515 
420.800000    0.00002163 
421.200000    -0.00039752 
421.600000    -0.00073668 
422.000000    -0.00093584 
422.400000    -0.00096149 
422.800000    -0.00081258 
423.200000    -0.00052015 
423.600000    -0.00014081 
424.000000    0.00025437 
424.400000    0.00059336 
424.800000    0.00081633 
425.200000    0.00088606 
425.600000    0.00079407 
426.000000    0.00056137 
426.400000    0.00023402 
426.800000    -0.00012570 
427.200000    -0.00045106 
427.600000    -0.00068327 
428.000000    -0.00078234 
428.400000    -0.00073416 
428.800000    -0.00055254 
429.200000    -0.00027571 
429.600000    0.00004168 
430.000000    0.00033940 
430.400000    0.00056311 
430.800000    0.00067421 
431.200000    0.00065639 
431.600000    0.00051784 
432.000000    0.00028891 
432.400000    0.00001581 
432.800000    -0.00024855 
433.200000    -0.00045473 
433.600000    -0.00056607 
434.000000    -0.00056532 
434.400000    -0.00045732 
434.800000    -0.00026724 
435.200000    -0.00003497 
435.600000    0.00019321 
436.000000    0.00037378 
436.400000    0.00047417 
436.800000    0.00047858 
437.200000    0.00039029 
437.600000    0.00023035 
438.000000    0.00003288 
438.400000    -0.00016199 
438.800000    -0.00031610 
439.200000    -0.00040074 
439.600000    -0.00040196 
440.000000    -0.00032287 
440.400000    -0.00018242 
440.800000    -0.00001104 
441.200000    0.00015582 
441.600000    0.00028488 
442.000000    0.00035158 
442.400000    0.00034458 
442.800000    0.00026763 
443.200000    0.00013838 
443.600000    -0.00001554 
444.000000    -0.00016224 
444.400000    -0.00027204 
444.800000    -0.00032345 
445.200000    -0.00030722 
445.600000    -0.00022805 
446.000000    -0.00010323 
446.400000    0.00004108 
446.800000    0.00017529 
447.200000    0.00027238 
447.600000    0.00031324 
448.000000    0.00029027 
448.400000    0.00020870 
448.800000    0.00008536 
449.200000    -0.00005477 
449.600000    -0.00018363 
450.000000    -0.00027564 
450.400000    -0.00031273 
450.800000    -0.00028785 
451.200000    -0.00020621 
451.600000    -0.00008412 
452.000000    0.00005438 
452.400000    0.00018230 
452.800000    0.00027499 
453.200000    0.00031483 
453.600000    0.00029448 
454.000000    0.00021817 
454.400000    0.00010073 
454.800000    -0.00003537 
455.200000    -0.00016430 
455.600000    -0.00026190 
456.000000    -0.00031013 
456.400000    -0.00030049 
456.800000    -0.00023538 
457.200000    -0.00012756 
457.600000    0.00000256 
458.000000    0.00013080 
458.400000    0.00023381 
458.800000    0.00029332 
459.200000    0.00029935 
459.600000    0.00025182 
460.000000    0.00016033 
460.400000    0.00004212 
460.800000    -0.00008118 
461.200000    -0.00018757 
461.600000    -0.00025868 
462.000000    -0.00028292 
462.400000    -0.00025739 
462.800000    -0.00018805 
463.200000    -0.00008836 
463.600000    0.00002342 
464.000000    0.00012766 
464.400000    0.00020682 
464.800000    0.00024845 
465.200000    0.00024705 
465.600000    0.00020466 
466.000000    0.00013018 
466.400000    0.00003743 
466.800000    -0.00005739 
467.200000    -0.00013864 
467.600000    -0.00019377 
468.000000    -0.00021527 
468.400000    -0.00020157 
468.800000    -0.00015691 
469.200000    -0.00009019 
469.600000    -0.00001320 
470.000000    0.00006153 
470.400000    0.00012279 
470.800000    0.00016228 
471.200000    0.00017569 
471.600000    0.00016290 
472.000000    0.00012764 
472.400000    0.00007648 
472.800000    0.00001764 
473.200000    -0.00004037 
473.600000    -0.00008992 
474.000000    -0.00012516 
474.400000    -0.00014255 
474.800000    -0.00014099 
475.200000    -0.00012168 
475.600000    -0.00008771 
476.000000    -0.00004355 
476.400000    0.00000545 
476.800000    0.00005363 
477.200000    0.00009548 
477.600000    0.00012610 
478.000000    0.00014162 
478.400000    0.00013965 
478.800000    0.00011958 
479.200000    0.00008291 
479.600000    0.00003328 
480.000000    -0.00002367 
480.400000    -0.00008075 
480.800000    -0.00013003 
481.200000    -0.00016385 
481.600000    -0.00017607 
482.000000    -0.00016310 
482.400000    -0.00012486 
482.800000    -0.00006515 
483.200000    0.00000855 
483.600000    0.00008585 
484.000000    0.00015493 
484.400000    0.00020427 
484.800000    0.00022463 
485.200000    0.00021072 
485.600000    0.00016245 
486.000000    0.00008533 
486.400000    -0.00000997 
486.800000    -0.00010909 
487.200000    -0.00019602 
487.600000    -0.00025581 
488.000000    -0.00027706 
488.400000    -0.00025416 
488.800000    -0.00018854 
489.200000    -0.00008886 
489.600000    0.00003011 
490.000000    0.00014966 
490.400000    0.00025007 
490.800000    0.00031390 
491.200000    0.00032900 
491.600000    0.00029075 
492.000000    0.00020321 
492.400000    0.00007877 
492.800000    -0.00006348 
493.200000    -0.00020071 
493.600000    -0.00030996 
494.000000    -0.00037205 
494.400000    -0.00037494 
494.800000    -0.00031603 
495.200000    -0.00020292 
495.600000    -0.00005251 
496.000000    0.00011156 
496.400000    0.00026267 
496.800000    0.00037553 
497.200000    0.00043035 
497.600000    0.00041631 
498.000000    0.00033356 
498.400000    0.00019356 
498.800000    0.00001756 
499.200000    -0.00016659 
499.600000    -0.00032878 
500.000000    -0.00044157 
500.400000    -0.00048486 
500.800000    -0.00044948 
501.200000    -0.00033900 
501.600000    -0.00016955 
502.000000    0.00003259 
502.400000    0.00023510 
502.800000    0.00040476 
503.200000    0.00051288 
503.600000    0.00054006 
504.000000    0.00047961 
504.400000    0.00033894 
504.800000    0.00013879 
505.200000    -0.00008969 
505.600000    -0.00030975 
506.000000    -0.00048485 
506.400000    -0.00058475 
506.800000    -0.00059078 
507.200000    -0.00049931 
507.600000    -0.00032277 
508.000000    -0.00008802 
508.400000    0.00016776 
508.800000    0.00040301 
509.200000    0.00057846 
509.600000    0.00066365 
510.000000    0.00064207 
510.400000    0.00051423 
510.800000    0.00029809 
511.200000    0.00002671 
511.600000    -0.00025661 
512.000000    -0.00050517 
512.400000    -0.00067653 
512.800000    -0.00073982 
513.200000    -0.00068135 
513.600000    -0.00050747 
514.000000    -0.00024410 
514.400000    0.00006722 
514.800000    0.00037588 
515.200000    0.00063049 
515.600000    0.00078731 
516.000000    0.00081767 
516.400000    0.00071301 
516.800000    0.00048691 
517.200000    0.00017355 
517.600000    -0.00017720 
518.000000    -0.00050754 
518.400000    -0.00076120 
518.800000    -0.00089312 
519.200000    -0.00087759 
519.600000    -0.00071330 
520.000000    -0.00042424 
520.400000    -0.00005619 
520.800000    0.00033068 
521.200000    0.00067171 
521.600000    0.00090855 
522.000000    0.00099893 
522.400000    0.00092407 
522.800000    0.00069228 
523.200000    0.00033844 
523.600000    -0.00008096 
524.000000    -0.00049660 
524.400000    -0.00083763 
524.800000    -0.00104391 
525.200000    -0.00107676 
525.600000    -0.00092645 
526.000000    -0.00061462 
526.400000    -0.00019113 
526.800000    0.00027415 
527.200000    0.00070303 
527.600000    0.00102218 
528.000000    0.00117550 
528.400000    0.00113366 
528.800000    0.00089954 
529.200000    0.00050845 
529.600000    0.00002322 
530.000000    -0.00047559 
530.400000    -0.00090286 
530.800000    -0.00118352 
531.200000    -0.00126610 
531.600000    -0.00113241 
532.000000    -0.00080158 
532.400000    -0.00032722 
532.800000    0.00021159 
533.200000    0.00072377 
533.600000    0.00112176 
534.000000    0.00133630 
534.400000    0.00132809 
534.800000    0.00109473 
535.200000    0.00067178 
535.600000    0.00012772 
536.000000    -0.00044670 
536.400000    -0.00095331 
536.800000    -0.00130340 
537.200000    -0.00143364 
537.600000    -0.00131801 
538.000000    -0.00097309 
538.400000    -0.00045565 
538.800000    0.00014711 
539.200000    0.00073274 
539.600000    0.00120112 
540.000000    0.00147134 
540.400000    0.00149529 
540.800000    0.00126579 
541.200000    0.00081838 
541.600000    0.00022614 
542.000000    -0.00041166 
542.400000    -0.00098588 
542.800000    -0.00139626 
543.200000    -0.00156936 
543.600000    -0.00147229 
544.000000    -0.00111923 
544.400000    -0.00056928 
544.800000    0.00008395 
545.200000    0.00072887 
545.600000    0.00125517 
546.000000    0.00157254 
546.400000    0.00162559 
546.800000    0.00140313 
547.200000    0.00094031 
547.600000    0.00031347 
548.000000    -0.00037185 
548.400000    -0.00099825 
548.800000    -0.00145664 
549.200000    -0.00166575 
549.600000    -0.00158717 
550.000000    -0.00123281 
550.400000    -0.00066300 
550.800000    0.00002436 
551.200000    0.00071131 
551.600000    0.00128036 
552.000000    0.00163436 
552.400000    0.00171257 
552.800000    0.00150050 
553.200000    0.00103250 
553.600000    0.00038653 
554.000000    -0.00032819 
554.400000    -0.00098914 
554.800000    -0.00148153 
555.200000    -0.00171876 
555.600000    -0.00165837 
556.000000    -0.00131010 
556.400000    -0.00073421 
556.800000    -0.00003044 
557.200000    0.00067996 
557.600000    0.00127548 
558.000000    0.00165494 
558.400000    0.00175406 
558.800000    0.00155582 
559.200000    0.00109316 
559.600000    0.00044389 
560.000000    -0.00028177 
560.400000    -0.00095936 
560.800000    -0.00147151 
561.200000    -0.00172879 
561.600000    -0.00168608 
562.000000    -0.00135093 
562.400000    -0.00078221 
562.800000    -0.00007912 
563.200000    0.00063680 
563.600000    0.00124306 
564.000000    0.00163699 
564.400000    0.00175256 
564.800000    0.00157077 
565.200000    0.00112267 
565.600000    0.00048432 
566.000000    -0.00023546 
566.400000    -0.00091311 
566.800000    -0.00143147 
567.200000    -0.00170055 
567.600000    -0.00167385 
568.000000    -0.00135693 
568.400000    -0.00080622 
568.800000    -0.00011843 
569.200000    0.00058711 
569.600000    0.00118955 
570.000000    0.00158704 
570.400000    0.00171338 
570.800000    0.00154844 
571.200000    0.00112119 
571.600000    0.00050487 
572.000000    -0.00019489 
572.400000    -0.00085772 
572.800000    -0.00136908 
573.200000    -0.00164054 
573.600000    -0.00162575 
574.000000    -0.00132886 
574.400000    -0.00080351 
574.800000    -0.00014264 
575.200000    0.00053856 
575.600000    0.00112313 
576.000000    0.00151221 
576.400000    0.00164131 
576.800000    0.00149040 
577.200000    0.00108682 
577.600000    0.00050061 
578.000000    -0.00016705 
578.400000    -0.00080085 
578.800000    -0.00129117 
579.200000    -0.00155348 
579.600000    -0.00154352 
580.000000    -0.00126529 
580.400000    -0.00076989 
580.800000    -0.00014576 
581.200000    0.00049770 
581.600000    0.00104958 
582.000000    0.00141653 
582.400000    0.00153801 
582.800000    0.00139584 
583.200000    0.00101671 
583.600000    0.00046742 
584.000000    -0.00015634 
584.400000    -0.00074626 
584.800000    -0.00120018 
585.200000    -0.00144017 
585.600000    -0.00142645 
586.000000    -0.00116442 
586.400000    -0.00070312 
586.800000    -0.00012576 
587.200000    0.00046579 
587.600000    0.00096927 
588.000000    0.00129955 
588.400000    0.00140263 
588.800000    0.00126411 
589.200000    0.00091092 
589.600000    0.00040638 
590.000000    -0.00016069 
590.400000    -0.00069131 
590.800000    -0.00109360 
591.200000    -0.00129903 
591.600000    -0.00127458 
592.000000    -0.00102829 
592.400000    -0.00060717 
592.800000    -0.00008796 
593.200000    0.00043725 
593.600000    0.00087754 
594.000000    0.00115877 
594.400000    0.00123578 
594.800000    0.00109923 
595.200000    0.00077652 
595.600000    0.00032651 
596.000000    -0.00017082 
596.400000    -0.00062838 
596.800000    -0.00096724 
597.200000    -0.00113054 
597.600000    -0.00109332 
598.000000    -0.00086652 
598.400000    -0.00049415 
598.800000    -0.00004464 
599.200000    0.00040209 
599.600000    0.00076888 
600.000000    0.00099461 
600.400000    0.00104405 
600.800000    0.00091312 
601.200000    0.00062872 
601.600000    0.00024348 
602.000000    -0.00017369 
602.400000    -0.00054980 
602.800000    -0.00082059 
603.200000    -0.00094169 
603.600000    -0.00089607 
604.000000    -0.00069641 
604.400000    -0.00038196 
604.800000    -0.00001072 
605.200000    0.00035140 
605.600000    0.00064235 
606.000000    0.00081449 
606.400000    0.00084208 
606.800000    0.00072494 
607.200000    0.00048760 
607.600000    0.00017442 
608.000000    -0.00015855 
608.400000    -0.00045344 
608.800000    -0.00066069 
609.200000    -0.00074744 
609.600000    -0.00070280 
610.000000    -0.00053904 
610.400000    -0.00028859 
610.800000    0.00000241 
611.200000    0.00028271 
611.600000    0.00050495 
612.000000    0.00063357 
612.400000    0.00065028 
612.800000    0.00055642 
613.200000    0.00037197 
613.600000    0.00013148 
614.000000    -0.00012228 
614.400000    -0.00034581 
614.800000    -0.00050235 
615.200000    -0.00056790 
615.600000    -0.00053491 
616.000000    -0.00041284 
616.400000    -0.00022590 
616.800000    -0.00000819 
617.200000    0.00020247 
617.600000    0.00037115 
618.000000    0.00047142 
618.400000    0.00048936 
618.800000    0.00042528 
619.200000    0.00029304 
619.600000    0.00011720 
620.000000    -0.00007141 
620.400000    -0.00024106 
620.800000    -0.00036434 
621.200000    -0.00042262 
621.600000    -0.00040871 
622.000000    -0.00032766 
622.400000    -0.00019538 
622.800000    -0.00003555 
623.200000    0.00012457 
623.600000    0.00025877 
624.000000    0.00034606 
624.400000    0.00037382 
624.800000    0.00033952 
625.200000    0.00025073 
625.600000    0.00012357 
626.000000    -0.00002010 
626.400000    -0.00015639 
626.800000    -0.00026328 
627.200000    -0.00032408 
627.600000    -0.00033005 
628.000000    -0.00028156 
628.400000    -0.00018785 
628.800000    -0.00006530 
629.200000    0.00006542 
629.600000    0.00018273 
630.000000    0.00026769 
630.400000    0.00030694 
630.800000    0.00029478 
631.200000    0.00023399 
631.600000    0.00013525 
632.000000    0.00001534 
632.400000    -0.00010557 
632.800000    -0.00020735 
633.200000    -0.00027315 
633.600000    -0.00029222 
634.000000    -0.00026173 
634.400000    -0.00018717 
634.800000    -0.00008143 
635.200000    0.00003738 
635.600000    0.00014902 
636.000000    0.00023452 
636.400000    0.00027941 
636.800000    0.00027614 
637.200000    0.00022538 
637.600000    0.00013595 
638.000000    0.00002334 
638.400000    -0.00009292 
638.800000    -0.00019260 
639.200000    -0.00025830 
639.600000    -0.00027854 
640.000000    -0.00024978 
640.400000    -0.00017712 
640.800000    -0.00007340 
641.200000    0.00004303 
641.600000    0.00015157 
642.000000    0.00023300 
642.400000    0.00027290 
642.800000    0.00026420 
643.200000    0.00020849 
643.600000    0.00011571 
644.000000    0.00000247 
644.400000    -0.00011090 
644.800000    -0.00020404 
645.200000    -0.00026016 
645.600000    -0.00026919 
646.000000    -0.00022956 
646.400000    -0.00014856 
646.800000    -0.00004098 
647.200000    0.00007360 
647.600000    0.00017439 
648.000000    0.00024316 
648.400000    0.00026754 
648.800000    0.00024326 
649.200000    0.00017492 
649.600000    0.00007511 
650.000000    -0.00003784 
650.400000    -0.00014325 
650.800000    -0.00022189 
651.200000    -0.00025947 
651.600000    -0.00024934 
652.000000    -0.00019363 
652.400000    -0.00010287 
652.800000    0.00000606 
653.200000    0.00011305 
653.600000    0.00019851 
654.000000    0.00024695 
654.400000    0.00024982 
654.800000    0.00020694 
655.200000    0.00012657 
655.600000    0.00002377 
656.000000    -0.00008241 
656.400000    -0.00017241 
656.800000    -0.00022981 
657.200000    -0.00024439 
657.600000    -0.00021390 
658.000000    -0.00014446 
658.400000    -0.00004930 
658.800000    0.00005377 
659.200000    0.00014570 
659.600000    0.00020976 
660.000000    0.00023454 
660.400000    0.00021601 
660.800000    0.00015816 
661.200000    0.00007211 
661.600000    -0.00002593 
662.000000    -0.00011779 
662.400000    -0.00018663 
662.800000    -0.00022014 
663.200000    -0.00021266 
663.600000    -0.00016623 
664.000000    -0.00009003 
664.400000    0.00000142 
664.800000    0.00009103 
665.200000    0.00016238 
665.600000    0.00020267 
666.000000    0.00020508 
666.400000    0.00016984 
666.800000    0.00010413 
667.200000    0.00002057 
667.600000    -0.00006512 
668.000000    -0.00013714 
668.400000    -0.00018246 
668.800000    -0.00019327 
669.200000    -0.00016828 
669.600000    -0.00011284 
670.000000    -0.00003785 
670.400000    0.00004244 
670.800000    0.00011310 
671.200000    0.00016130 
671.600000    0.00017867 
672.000000    0.00016271 
672.400000    0.00011715 
672.800000    0.00005108 
673.200000    -0.00002279 
673.600000    -0.00009059 
674.000000    -0.00013987 
674.400000    -0.00016194 
674.800000    -0.00015337 
675.200000    -0.00011652 
675.600000    -0.00005900 
676.000000    0.00000793 
676.400000    0.00007153 
676.800000    0.00012001 
677.200000    0.00014472 
677.600000    0.00014169 
678.000000    0.00011223 
678.400000    0.00006259 
678.800000    0.00000266 
679.200000    -0.00005600 
679.600000    -0.00010235 
680.000000    -0.00012797 
680.400000    -0.00012859 
680.800000    -0.00010480 
681.200000    -0.00006182 
681.600000    -0.00000838 
682.000000    0.00004501 
682.400000    0.00008815 
682.800000    0.00011310 
683.200000    0.00011558 
683.600000    0.00009577 
684.000000    0.00005811 
684.400000    0.00001037 
684.800000    -0.00003793 
685.200000    -0.00007742 
685.600000    -0.00010067 
686.000000    -0.00010360 
686.400000    -0.00008618 
686.800000    -0.00005236 
687.200000    -0.00000921 
687.600000    0.00003456 
688.000000    0.00007034 
688.400000    0.00009128 
688.800000    0.00009363 
689.200000    0.00007737 
689.600000    0.00004615 
690.000000    0.00000649 
690.400000    -0.00003355 
690.800000    -0.00006601 
691.200000    -0.00008461 
691.600000    -0.00008593 
692.000000    -0.00007005 
692.400000    -0.00004047 
692.800000    -0.00000333 
693.200000    0.00003381 
693.600000    0.00006357 
694.000000    0.00008015 
694.400000    0.00008047 
694.800000    0.00006475 
695.200000    0.00003636 
695.600000    0.00000116 
696.000000    -0.00003378 
696.400000    -0.00006152 
696.800000    -0.00007668 
697.200000    -0.00007648 
697.600000    -0.00006118 
698.000000    -0.00003407 
698.400000    -0.00000065 
698.800000    0.00003239 
699.200000    0.00005859 
699.600000    0.00007296 
700.000000    0.00007292 
700.400000    0.00005876 
700.800000    0.00003352 
701.200000    0.00000231 
701.600000    -0.00002869 
702.000000    -0.00005350 
702.400000    -0.00006753 
702.800000    -0.00006835 
703.200000    -0.00005620 
703.600000    -0.00003377 
704.000000    -0.00000567 
704.400000    0.00002258 
704.800000    0.00004562 
705.200000    0.00005931 
705.600000    0.00006145 
706.000000    0.00005215 
706.400000    0.00003367 
706.800000    0.00000992 
707.200000    -0.00001440 
707.600000    -0.00003474 
708.000000    -0.00004758 
708.400000    -0.00005102 
708.800000    -0.00004508 
709.200000    -0.00003154 
709.600000    -0.00001348 
710.000000    0.00000541 
710.400000    0.00002161 
710.800000    0.00003245 
711.200000    0.00003652 
711.600000    0.00003389 
712.000000    0.00002586 
712.400000    0.00001465 
712.800000    0.00000275 
713.200000    -0.00000756 
713.600000    -0.00001472 
714.000000    -0.00001808 
714.400000    -0.00001794 
714.800000    -0.00001533 
715.200000    -0.00001158 
715.600000    -0.00000798 
716.000000    -0.00000536 
716.400000    -0.00000393 
716.800000    -0.00000326 
717.200000    -0.00000250 
717.600000    -0.00000069 
718.000000    0.00000286 
718.400000    0.00000825 
718.800000    0.00001480 
719.200000    0.00002117 
719.600000    0.00002559 
720.000000    0.00002627 
720.400000    0.00002195 
720.800000    0.00001230 
721.200000    -0.00000182 
721.600000    -0.00001833 
722.000000    -0.00003425 
722.400000    -0.00004622 
722.800000    -0.00005118 
723.200000    -0.00004714 
723.600000    -0.00003367 
724.000000    -0.00001221 
724.400000    0.00001401 
724.800000    0.00004045 
725.200000    0.00006208 
725.600000    0.00007431 
726.000000    0.00007396 
726.400000    0.00005998 
726.800000    0.00003386 
727.200000    -0.00000048 
727.600000    -0.00003728 
728.000000    -0.00006991 
728.400000    -0.00009207 
728.800000    -0.00009902 
729.200000    -0.00008855 
729.600000    -0.00006157 
730.000000    -0.00002207 
730.400000    0.00002347 
730.800000    0.00006714 
731.200000    0.00010102 
731.600000    0.00011859 
732.000000    0.00011604 
732.400000    0.00009297 
732.800000    0.00005267 
733.200000    0.00000160 
733.600000    -0.00005162 
734.000000    -0.00009773 
734.400000    -0.00012843 
734.800000    -0.00013788 
735.200000    -0.00012382 
735.600000    -0.00008803 
736.000000    -0.00003613 
736.400000    0.00002336 
736.800000    0.00008040 
737.200000    0.00012520 
737.600000    0.00014987 
738.000000    0.00014982 
738.400000    0.00012454 
738.800000    0.00007782 
739.200000    0.00001711 
739.600000    -0.00004768 
740.000000    -0.00010579 
740.400000    -0.00014743 
740.800000    -0.00016541 
741.200000    -0.00015638 
741.600000    -0.00012141 
742.000000    -0.00006587 
742.400000    0.00000144 
742.800000    0.00006972 
743.200000    0.00012785 
743.600000    0.00016626 
744.000000    0.00017842 
744.400000    0.00016197 
744.800000    0.00011909 
745.200000    0.00005621 
745.600000    -0.00001691 
746.000000    -0.00008877 
746.400000    -0.00014783 
746.800000    -0.00018442 
747.200000    -0.00019224 
747.600000    -0.00016945 
748.000000    -0.00011904 
748.400000    -0.00004841 
748.800000    0.00003167 
749.200000    0.00010871 
749.600000    0.00017039 
750.000000    0.00020656 
750.400000    0.00021078 
750.800000    0.00018150 
751.200000    0.00012242 
751.600000    0.00004202 
752.000000    -0.00004752 
752.400000    -0.00013221 
752.800000    -0.00019834 
753.200000    -0.00023469 
753.600000    -0.00023444 
754.000000    -0.00019636 
754.400000    -0.00012529 
754.800000    -0.00003155 
755.200000    0.00007053 
755.600000    0.00016477 
756.000000    0.00023564 
756.400000    0.00027082 
756.800000    0.00026329 
757.200000    0.00021269 
757.600000    0.00012562 
758.000000    0.00001489 
758.400000    -0.00010230 
758.800000    -0.00020698 
759.200000    -0.00028148 
759.600000    -0.00031237 
760.000000    -0.00029289 
760.400000    -0.00022438 
760.800000    -0.00011632 
761.200000    0.00001486 
761.600000    0.00014832 
762.000000    0.00026207 
762.400000    0.00033659 
762.800000    0.00035811 
763.200000    0.00032114 
763.600000    0.00022967 
764.000000    0.00009689 
764.400000    -0.00005661 
764.800000    -0.00020601 
765.200000    -0.00032618 
765.600000    -0.00039598 
766.000000    -0.00040192 
766.400000    -0.00034081 
766.800000    -0.00022060 
767.200000    -0.00005948 
767.600000    0.00011690 
768.000000    0.00027952 
768.400000    0.00040074 
768.800000    0.00045896 
769.200000    0.00044243 
769.600000    0.00035146 
770.000000    0.00019885 
770.400000    0.00000817 
770.800000    -0.00018979 
771.200000    -0.00036196 
771.600000    -0.00047846 
772.000000    -0.00051787 
772.400000    -0.00047114 
772.800000    -0.00034357 
773.200000    -0.00015432 
773.600000    0.00006646 
774.000000    0.00028250 
774.400000    0.00045734 
774.800000    0.00056044 
775.200000    0.00057248 
775.600000    0.00048880 
776.000000    0.00032071 
776.400000    0.00009402 
776.800000    -0.00015475 
777.200000    -0.00038420 
777.600000    -0.00055488 
778.000000    -0.00063617 
778.400000    -0.00061180 
778.800000    -0.00048307 
779.200000    -0.00026914 
779.600000    -0.00000412 
780.000000    0.00026839 
780.400000    0.00050258 
780.800000    0.00065802 
781.200000    0.00070661 
781.600000    0.00063750 
782.000000    0.00045934 
782.400000    0.00019939 
782.800000    -0.00010051 
783.200000    -0.00039053 
783.600000    -0.00062110 
784.000000    -0.00075144 
784.400000    -0.00075688 
784.800000    -0.00063359 
785.200000    -0.00039971 
785.600000    -0.00009272 
786.000000    0.00023677 
786.400000    0.00053337 
786.800000    0.00074627 
787.200000    0.00083782 
787.600000    0.00079003 
788.000000    0.00060798 
788.400000    0.00031949 
788.800000    -0.00002892 
789.200000    -0.00037940 
789.600000    -0.00067224 
790.000000    -0.00085619 
790.400000    -0.00089751 
790.800000    -0.00078635 
791.200000    -0.00053894 
791.600000    -0.00019518 
792.000000    0.00018796 
792.400000    0.00054605 
792.800000    0.00081804 
793.200000    0.00095660 
793.600000    0.00093613 
794.000000    0.00075737 
794.400000    0.00044773 
794.800000    0.00005728 
795.200000    -0.00034908 
795.600000    -0.00070236 
796.000000    -0.00094121 
796.400000    -0.00102281 
796.800000    -0.00093072 
797.200000    -0.00067830 
797.600000    -0.00030662 
798.000000    0.00012235 
798.400000    0.00053637 
798.800000    0.00086515 
799.200000    0.00105218 
799.600000    0.00106426 
800.000000    0.00089715 
800.400000    0.00057668 
800.800000    0.00015494 
801.200000    -0.00029793 
801.600000    -0.00070524 
802.000000    -0.00099679 
802.400000    -0.00112123 
802.800000    -0.00105536 
803.200000    -0.00080860 
803.600000    -0.00042163 
804.000000    0.00004064 
804.400000    0.00050022 
804.800000    0.00087935 
805.200000    0.00111359 
805.600000    0.00116252 
806.000000    0.00101650 
806.400000    0.00069843 
806.800000    0.00026037 
807.200000    -0.00022474 
807.600000    -0.00067499 
808.000000    -0.00101338 
808.400000    -0.00118125 
808.800000    -0.00114877 
809.200000    -0.00092044 
809.600000    -0.00053448 
810.000000    -0.00005611 
810.400000    0.00043382 
810.800000    0.00085272 
811.200000    0.00113010 
811.600000    0.00121925 
812.000000    0.00110476 
812.400000    0.00080513 
812.800000    0.00036983 
813.200000    -0.00012852 
813.600000    -0.00060610 
814.000000    -0.00098197 
814.400000    -0.00119198 
814.800000    -0.00120015 
815.200000    -0.00100501 
815.600000    -0.00063993 
816.000000    -0.00016707 
816.400000    0.00033356 
816.800000    0.00077792 
817.200000    0.00109205 
817.600000    0.00122415 
818.000000    0.00115282 
818.400000    0.00089034 
818.800000    0.00048062 
819.200000    -0.00000793 
819.600000    -0.00049356 
820.000000    -0.00089486 
820.400000    -0.00114454 
820.800000    -0.00120106 
821.200000    -0.00105583 
821.600000    -0.00073450 
822.000000    -0.00029222 
822.400000    0.00019622 
822.800000    0.00064931 
823.200000    0.00099253 
823.600000    0.00117039 
824.000000    0.00115507 
824.400000    0.00095057 
824.800000    0.00059171 
825.200000    0.00013844 
825.600000    -0.00033406 
826.000000    -0.00074765 
826.400000    -0.00103430 
826.800000    -0.00114752 
827.200000    -0.00107014 
827.600000    -0.00081695 
828.000000    -0.00043175 
828.400000    0.00002053 
828.800000    0.00046510 
829.200000    0.00082980 
829.600000    0.00105665 
830.000000    0.00111081 
830.400000    0.00098559 
830.800000    0.00070309 
