0.000000    0.00000000 
0.400000    0.00820145 
0.800000    0.01526349 
1.200000    0.02090509 
1.600000    0.02529865 
2.000000    0.02859018 
2.400000    0.03076864 
2.800000    0.03175823 
3.200000    0.03149500 
3.600000    0.02991486 
4.000000    0.02683725 
4.400000    0.02190932 
4.800000    0.01460487 
5.200000    0.00446742 
5.600000    -0.00800846 
6.000000    -0.02125323 
6.400000    -0.03464332 
6.800000    -0.04775573 
7.200000    -0.05937339 
7.600000    -0.06777717 
8.000000    -0.07149802 
8.400000    -0.06993184 
8.800000    -0.06339591 
9.200000    -0.05264183 
9.600000    -0.03831880 
10.000000    -0.02058299 
10.400000    0.00122991 
10.800000    0.02675116 
11.200000    0.05636194 
11.600000    0.09152011 
12.000000    0.12902230 
12.400000    0.15021008 
12.800000    0.13107320 
13.200000    0.08679320 
13.600000    0.04327772 
14.000000    0.00563669 
14.400000    -0.02821005 
14.800000    -0.05908736 
15.200000    -0.08708191 
15.600000    -0.10920098 
16.000000    -0.12005569 
16.400000    -0.11262083 
16.800000    -0.08527052 
17.200000    -0.05015880 
17.600000    -0.01910825 
18.000000    0.00514804 
18.400000    0.02180049 
18.800000    0.03158472 
19.200000    0.03595323 
19.600000    0.03615544 
20.000000    0.03319500 
20.400000    0.02778195 
20.800000    0.02043089 
21.200000    0.01163166 
21.600000    0.00233046 
22.000000    -0.00551563 
22.400000    -0.00996100 
22.800000    -0.01024563 
23.200000    -0.00662374 
23.600000    -0.00027094 
24.000000    0.00665066 
24.400000    0.01209735 
24.800000    0.01514334 
25.200000    0.01533409 
25.600000    0.01209582 
26.000000    0.00483783 
26.400000    -0.00618163 
26.800000    -0.01862098 
27.200000    -0.02948766 
27.600000    -0.03669517 
28.000000    -0.04019128 
28.400000    -0.04211107 
28.800000    -0.04532273 
29.200000    -0.05133337 
29.600000    -0.05823814 
30.000000    -0.06059442 
30.400000    -0.05287086 
30.800000    -0.03342076 
31.200000    -0.00370543 
31.600000    0.03433611 
32.000000    0.08061965 
32.400000    0.13340727 
32.800000    0.16807055 
33.200000    0.15460498 
33.600000    0.11357384 
34.000000    0.07271088 
34.400000    0.03387750 
34.800000    -0.00623171 
35.200000    -0.04754387 
35.600000    -0.08925410 
36.000000    -0.12795471 
36.400000    -0.15240734 
36.800000    -0.14535241 
37.200000    -0.10374787 
37.600000    -0.05289029 
38.000000    -0.01269582 
38.400000    0.01493516 
38.800000    0.03069965 
39.200000    0.03705105 
39.600000    0.03622769 
40.000000    0.03055146 
40.400000    0.02194769 
40.800000    0.01170146 
41.200000    0.00111564 
41.600000    -0.00751907 
42.000000    -0.01206595 
42.400000    -0.01173662 
42.800000    -0.00690318 
43.200000    0.00095275 
43.600000    0.00907484 
44.000000    0.01519274 
44.400000    0.01875071 
44.800000    0.02018754 
45.200000    0.02002695 
45.600000    0.01777806 
46.000000    0.01165153 
46.400000    0.00004630 
46.800000    -0.01572673 
47.200000    -0.03177858 
47.600000    -0.04417204 
48.000000    -0.05001343 
48.400000    -0.04955937 
48.800000    -0.04534307 
49.200000    -0.03947454 
49.600000    -0.03275966 
50.000000    -0.02492223 
50.400000    -0.01430722 
50.800000    0.00134849 
51.200000    0.02186785 
51.600000    0.04592475 
52.000000    0.07175154 
52.400000    0.09314722 
52.800000    0.09954729 
53.200000    0.08720057 
53.600000    0.06503903 
54.000000    0.04135142 
54.400000    0.01795228 
54.800000    -0.00626571 
55.200000    -0.03088231 
55.600000    -0.05661281 
56.000000    -0.08381339 
56.400000    -0.10875540 
56.800000    -0.11826348 
57.200000    -0.09896509 
57.600000    -0.06313326 
58.000000    -0.02900684 
58.400000    -0.00064347 
58.800000    0.02230997 
59.200000    0.04028016 
59.600000    0.05437501 
60.000000    0.06473033 
60.400000    0.07083250 
60.800000    0.07132560 
61.200000    0.06487281 
61.600000    0.05228094 
62.000000    0.03660900 
62.400000    0.02071798 
62.800000    0.00575998 
63.200000    -0.00738079 
63.600000    -0.01745790 
64.000000    -0.02488330 
64.400000    -0.03052542 
64.800000    -0.03475247 
65.200000    -0.03751661 
65.600000    -0.03852678 
66.000000    -0.03750841 
66.400000    -0.03440821 
66.800000    -0.02937888 
67.200000    -0.02258275 
67.600000    -0.01397151 
68.000000    -0.00351356 
68.400000    0.00784520 
68.800000    0.01843260 
69.200000    0.02761001 
69.600000    0.03534789 
70.000000    0.04136192 
70.400000    0.04495566 
70.800000    0.04549775 
71.200000    0.04282286 
71.600000    0.03716634 
72.000000    0.02887062 
72.400000    0.01800650 
72.800000    0.00425272 
73.200000    -0.01173915 
73.600000    -0.02820204 
74.000000    -0.04456966 
74.400000    -0.05950035 
74.800000    -0.07001696 
75.200000    -0.07280674 
75.600000    -0.06686473 
76.000000    -0.05429340 
76.400000    -0.03812891 
76.800000    -0.02023473 
77.200000    -0.00077437 
77.600000    0.01956589 
78.000000    0.04026467 
78.400000    0.06202628 
78.800000    0.08311851 
79.200000    0.09668118 
79.600000    0.09325064 
80.000000    0.07311011 
80.400000    0.04656875 
80.800000    0.02081147 
81.200000    -0.00298130 
81.600000    -0.02412327 
82.000000    -0.04285520 
82.400000    -0.06011575 
82.800000    -0.07518586 
83.200000    -0.08461539 
83.600000    -0.08284400 
84.000000    -0.06829462 
84.400000    -0.04675391 
84.800000    -0.02472922 
85.200000    -0.00459352 
85.600000    0.01288190 
86.000000    0.02683582 
86.400000    0.03818307 
86.800000    0.04751796 
87.200000    0.05446697 
87.600000    0.05781308 
88.000000    0.05623721 
88.400000    0.04951484 
88.800000    0.03893414 
89.200000    0.02632952 
89.600000    0.01284938 
90.000000    -0.00096488 
90.400000    -0.01366269 
90.800000    -0.02430940 
91.200000    -0.03319664 
91.600000    -0.04034066 
92.000000    -0.04519732 
92.400000    -0.04701550 
92.800000    -0.04532693 
93.200000    -0.04031465 
93.600000    -0.03268541 
94.000000    -0.02309808 
94.400000    -0.01174167 
94.800000    0.00123288 
95.200000    0.01442268 
95.600000    0.02665899 
96.000000    0.03787491 
96.400000    0.04757119 
96.800000    0.05445864 
97.200000    0.05703847 
97.600000    0.05455855 
98.000000    0.04748774 
98.400000    0.03704045 
98.800000    0.02424774 
99.200000    0.00930643 
99.600000    -0.00770170 
100.000000    -0.02539096 
100.400000    -0.04370137 
100.800000    -0.06224715 
101.200000    -0.07793121 
101.600000    -0.08495339 
102.000000    -0.07919159 
102.400000    -0.06299568 
102.800000    -0.04211755 
103.200000    -0.02026746 
103.600000    0.00191026 
104.000000    0.02351940 
104.400000    0.04448000 
104.800000    0.06555812 
105.200000    0.08505325 
105.600000    0.09644167 
106.000000    0.09087272 
106.400000    0.06924671 
106.800000    0.04210842 
107.200000    0.01652199 
107.600000    -0.00629301 
108.000000    -0.02534674 
108.400000    -0.04114190 
108.800000    -0.05453563 
109.200000    -0.06514094 
109.600000    -0.07102538 
110.000000    -0.06939687 
110.400000    -0.05942473 
110.800000    -0.04390459 
111.200000    -0.02674422 
111.600000    -0.01005142 
112.000000    0.00538727 
112.400000    0.01812817 
112.800000    0.02812636 
113.200000    0.03606856 
113.600000    0.04206009 
114.000000    0.04561434 
114.400000    0.04607113 
114.800000    0.04313124 
115.200000    0.03714977 
115.600000    0.02894252 
116.000000    0.01924443 
116.400000    0.00836155 
116.800000    -0.00319835 
117.200000    -0.01399729 
117.600000    -0.02326053 
118.000000    -0.03110281 
118.400000    -0.03753156 
118.800000    -0.04221402 
119.200000    -0.04458693 
119.600000    -0.04416990 
120.000000    -0.04084701 
120.400000    -0.03481284 
120.800000    -0.02629298 
121.200000    -0.01524648 
121.600000    -0.00142152 
122.000000    0.01423494 
122.400000    0.03032945 
122.800000    0.04656551 
123.200000    0.06150802 
123.600000    0.07204848 
124.000000    0.07484576 
124.400000    0.06883866 
124.800000    0.05596349 
125.200000    0.03912465 
125.600000    0.02013463 
126.000000    -0.00084631 
126.400000    -0.02298676 
126.800000    -0.04600842 
127.200000    -0.07051144 
127.600000    -0.09377714 
128.000000    -0.10619738 
128.400000    -0.09671591 
128.800000    -0.06987774 
129.200000    -0.03930603 
129.600000    -0.01127372 
130.000000    0.01380071 
130.400000    0.03520098 
130.800000    0.05386435 
131.200000    0.06985845 
131.600000    0.08141831 
132.000000    0.08438289 
132.400000    0.07500409 
132.800000    0.05580193 
133.200000    0.03365711 
133.600000    0.01298765 
134.000000    -0.00507316 
134.400000    -0.01918770 
134.800000    -0.02951612 
135.200000    -0.03706023 
135.600000    -0.04227624 
136.000000    -0.04502680 
136.400000    -0.04488931 
136.800000    -0.04165699 
137.200000    -0.03568862 
137.600000    -0.02777780 
138.000000    -0.01866939 
138.400000    -0.00877221 
138.800000    0.00133093 
139.200000    0.01033906 
139.600000    0.01743655 
140.000000    0.02273326 
140.400000    0.02653635 
140.800000    0.02911388 
141.200000    0.03064496 
141.600000    0.03111926 
142.000000    0.03041046 
142.400000    0.02835706 
142.800000    0.02467905 
143.200000    0.01893425 
143.600000    0.01058244 
144.000000    -0.00057840 
144.400000    -0.01337298 
144.800000    -0.02634709 
145.200000    -0.03895253 
145.600000    -0.05027935 
146.000000    -0.05887368 
146.400000    -0.06326108 
146.800000    -0.06248988 
147.200000    -0.05645488 
147.600000    -0.04574316 
148.000000    -0.03113641 
148.400000    -0.01292141 
148.800000    0.00911011 
149.200000    0.03376131 
149.600000    0.06142301 
150.000000    0.09092234 
150.400000    0.11373785 
150.800000    0.11401881 
151.200000    0.08956099 
151.600000    0.05613314 
152.000000    0.02405167 
152.400000    -0.00558252 
152.800000    -0.03249469 
153.200000    -0.05709172 
153.600000    -0.07929555 
154.000000    -0.09653097 
154.400000    -0.10235558 
154.800000    -0.08957771 
155.200000    -0.06238732 
155.600000    -0.03310394 
156.000000    -0.00795570 
156.400000    0.01204551 
156.800000    0.02611564 
157.200000    0.03541159 
157.600000    0.04105435 
158.000000    0.04371774 
158.400000    0.04366496 
158.800000    0.04096312 
159.200000    0.03585529 
159.600000    0.02894239 
160.000000    0.02098267 
160.400000    0.01256361 
160.800000    0.00421974 
161.200000    -0.00310200 
161.600000    -0.00845334 
162.000000    -0.01168063 
162.400000    -0.01321082 
162.800000    -0.01357581 
163.200000    -0.01331079 
163.600000    -0.01293209 
164.000000    -0.01273724 
164.400000    -0.01277196 
164.800000    -0.01295615 
165.200000    -0.01303402 
165.600000    -0.01251229 
166.000000    -0.01071198 
166.400000    -0.00687868 
166.800000    -0.00052710 
167.200000    0.00794568 
167.600000    0.01733840 
168.000000    0.02668913 
168.400000    0.03549143 
168.800000    0.04339484 
169.200000    0.05000797 
169.600000    0.05467055 
170.000000    0.05623967 
170.400000    0.05329166 
170.800000    0.04473598 
171.200000    0.03020355 
171.600000    0.00958683 
172.000000    -0.01704375 
172.400000    -0.04859783 
172.800000    -0.08517189 
173.200000    -0.11987867 
173.600000    -0.13254954 
174.000000    -0.11306617 
174.400000    -0.07854523 
174.800000    -0.04298350 
175.200000    -0.00893906 
175.600000    0.02417593 
176.000000    0.05581677 
176.400000    0.08583922 
176.800000    0.11082686 
177.200000    0.12220730 
177.600000    0.10830289 
178.000000    0.07280345 
178.400000    0.03536346 
178.800000    0.00536018 
179.200000    -0.01650020 
179.600000    -0.03030123 
180.000000    -0.03782435 
180.400000    -0.04053962 
180.800000    -0.03973719 
181.200000    -0.03639244 
181.600000    -0.03120001 
182.000000    -0.02476732 
182.400000    -0.01770950 
182.800000    -0.01068033 
183.200000    -0.00448099 
183.600000    -0.00002566 
184.000000    0.00216923 
184.400000    0.00237472 
184.800000    0.00147117 
185.200000    0.00055593 
185.600000    0.00049201 
186.000000    0.00169508 
186.400000    0.00415878 
186.800000    0.00739638 
187.200000    0.01063886 
187.600000    0.01335094 
188.000000    0.01540008 
188.400000    0.01690096 
188.800000    0.01797559 
189.200000    0.01835670 
189.600000    0.01703230 
190.000000    0.01228543 
190.400000    0.00240332 
190.800000    -0.01233116 
191.200000    -0.02909653 
191.600000    -0.04505610 
192.000000    -0.05755468 
192.400000    -0.06519334 
192.800000    -0.06799413 
193.200000    -0.06640808 
193.600000    -0.06045105 
194.000000    -0.04958079 
194.400000    -0.03329146 
194.800000    -0.01132592 
195.200000    0.01628132 
195.600000    0.04819367 
196.000000    0.08498082 
196.400000    0.12303637 
196.800000    0.14305100 
197.200000    0.12198314 
197.600000    0.07860338 
198.000000    0.03736096 
198.400000    0.00143692 
198.800000    -0.03054655 
199.200000    -0.05870170 
199.600000    -0.08242108 
200.000000    -0.09885462 
200.400000    -0.10373086 
200.800000    -0.09271518 
201.200000    -0.06786479 
201.600000    -0.03941850 
202.000000    -0.01488884 
202.400000    0.00414888 
202.800000    0.01688573 
203.200000    0.02401461 
203.600000    0.02700915 
204.000000    0.02712406 
204.400000    0.02528504 
204.800000    0.02217159 
205.200000    0.01834505 
205.600000    0.01430383 
206.000000    0.01052054 
206.400000    0.00740859 
206.800000    0.00520435 
207.200000    0.00386512 
207.600000    0.00302549 
208.000000    0.00208744 
208.400000    0.00041569 
208.800000    -0.00227934 
209.200000    -0.00576248 
209.600000    -0.00964422 
210.000000    -0.01349567 
210.400000    -0.01679105 
210.800000    -0.01926857 
211.200000    -0.02097508 
211.600000    -0.02188691 
212.000000    -0.02170866 
212.400000    -0.01975097 
212.800000    -0.01485549 
213.200000    -0.00571804 
213.600000    0.00780493 
214.000000    0.02351882 
214.400000    0.03913483 
214.800000    0.05241462 
215.200000    0.06123921 
215.600000    0.06464209 
216.000000    0.06279999 
216.400000    0.05622366 
216.800000    0.04530780 
217.200000    0.03022745 
217.600000    0.01074014 
218.000000    -0.01334584 
218.400000    -0.04072336 
218.800000    -0.07165245 
219.200000    -0.10314925 
219.600000    -0.12193468 
220.000000    -0.11096497 
220.400000    -0.07845018 
220.800000    -0.04345117 
221.200000    -0.01187161 
221.600000    0.01701431 
222.000000    0.04285230 
222.400000    0.06626236 
222.800000    0.08613956 
223.200000    0.09875284 
223.600000    0.09718481 
224.000000    0.07808012 
224.400000    0.05005720 
224.800000    0.02341971 
225.200000    0.00134541 
225.600000    -0.01545062 
226.000000    -0.02687574 
226.400000    -0.03429743 
226.800000    -0.03875648 
227.200000    -0.04083714 
227.600000    -0.04076049 
228.000000    -0.03862978 
228.400000    -0.03465115 
228.800000    -0.02919993 
229.200000    -0.02268477 
229.600000    -0.01534487 
230.000000    -0.00733891 
230.400000    0.00080038 
230.800000    0.00805770 
231.200000    0.01381612 
231.600000    0.01814165 
232.000000    0.02129709 
232.400000    0.02358533 
232.800000    0.02524911 
233.200000    0.02625953 
233.600000    0.02638220 
234.000000    0.02527261 
234.400000    0.02241442 
234.800000    0.01719393 
235.200000    0.00905415 
235.600000    -0.00200301 
236.000000    -0.01450178 
236.400000    -0.02686084 
236.800000    -0.03825614 
237.200000    -0.04758667 
237.600000    -0.05368499 
238.000000    -0.05574399 
238.400000    -0.05345500 
238.800000    -0.04697761 
239.200000    -0.03667176 
239.600000    -0.02277565 
240.000000    -0.00502171 
240.400000    0.01620628 
240.800000    0.03955988 
241.200000    0.06482387 
241.600000    0.08844347 
242.000000    0.10096800 
242.400000    0.09392318 
242.800000    0.07183107 
243.200000    0.04511644 
243.600000    0.01883036 
244.000000    -0.00678778 
244.400000    -0.03095784 
244.800000    -0.05408911 
245.200000    -0.07629588 
245.600000    -0.09462266 
246.000000    -0.10079730 
246.400000    -0.08692656 
246.800000    -0.05933450 
247.200000    -0.03059545 
247.600000    -0.00570985 
248.000000    0.01471218 
248.400000    0.03012528 
248.800000    0.04175351 
249.200000    0.05038428 
249.600000    0.05600831 
250.000000    0.05784592 
250.400000    0.05494073 
250.800000    0.04734565 
251.200000    0.03652850 
251.600000    0.02434185 
252.000000    0.01184234 
252.400000    -0.00046249 
252.800000    -0.01129790 
253.200000    -0.01982012 
253.600000    -0.02632689 
254.000000    -0.03116148 
254.400000    -0.03436571 
254.800000    -0.03583342 
255.200000    -0.03544848 
255.600000    -0.03313678 
256.000000    -0.02893153 
256.400000    -0.02290221 
256.800000    -0.01496052 
257.200000    -0.00494758 
257.600000    0.00648794 
258.000000    0.01770460 
258.400000    0.02787670 
258.800000    0.03676616 
259.200000    0.04383417 
259.600000    0.04822140 
260.000000    0.04918288 
260.400000    0.04643283 
260.800000    0.04014599 
261.200000    0.03071483 
261.600000    0.01833854 
262.000000    0.00277585 
262.400000    -0.01522760 
262.800000    -0.03425220 
263.200000    -0.05389312 
263.600000    -0.07167500 
264.000000    -0.08231430 
264.400000    -0.08098693 
264.800000    -0.06837486 
265.200000    -0.04949891 
265.600000    -0.02850645 
266.000000    -0.00663689 
266.400000    0.01579900 
266.800000    0.03782608 
267.200000    0.06023496 
267.600000    0.08202678 
268.000000    0.09733927 
268.400000    0.09575345 
268.800000    0.07526365 
269.200000    0.04706714 
269.600000    0.02013596 
270.000000    -0.00380307 
270.400000    -0.02394946 
270.800000    -0.04055705 
271.200000    -0.05451330 
271.600000    -0.06549213 
272.000000    -0.07161267 
272.400000    -0.07001401 
272.800000    -0.05979514 
273.200000    -0.04390967 
273.600000    -0.02647956 
274.000000    -0.00967784 
274.400000    0.00569836 
274.800000    0.01823494 
275.200000    0.02796022 
275.600000    0.03560568 
276.000000    0.04133112 
276.400000    0.04470343 
276.800000    0.04509463 
277.200000    0.04220734 
277.600000    0.03635102 
278.000000    0.02825075 
278.400000    0.01855584 
278.800000    0.00753973 
279.200000    -0.00421135 
279.600000    -0.01518703 
280.000000    -0.02465929 
280.400000    -0.03266172 
280.800000    -0.03900872 
281.200000    -0.04321417 
281.600000    -0.04468679 
282.000000    -0.04304415 
282.400000    -0.03834811 
282.800000    -0.03093801 
283.200000    -0.02104065 
283.600000    -0.00852105 
284.000000    0.00637357 
284.400000    0.02193223 
284.800000    0.03735768 
285.200000    0.05192097 
285.600000    0.06339605 
286.000000    0.06875541 
286.400000    0.06620854 
286.800000    0.05659880 
287.200000    0.04239600 
287.600000    0.02566792 
288.000000    0.00699914 
288.400000    -0.01326878 
288.800000    -0.03389451 
289.200000    -0.05536277 
289.600000    -0.07653513 
290.000000    -0.09176180 
290.400000    -0.09197421 
290.800000    -0.07524987 
291.200000    -0.05028013 
291.600000    -0.02485015 
292.000000    -0.00093116 
292.400000    0.02082116 
292.800000    0.04007258 
293.200000    0.05768513 
293.600000    0.07293787 
294.000000    0.08242101 
294.400000    0.08073584 
294.800000    0.06647434 
295.200000    0.04534854 
295.600000    0.02366376 
296.000000    0.00373203 
296.400000    -0.01349939 
296.800000    -0.02712933 
297.200000    -0.03802430 
297.600000    -0.04670574 
298.000000    -0.05275845 
298.400000    -0.05503255 
298.800000    -0.05249313 
299.200000    -0.04528826 
299.600000    -0.03482929 
300.000000    -0.02273066 
300.400000    -0.00984689 
300.800000    0.00321600 
301.200000    0.01493697 
301.600000    0.02464673 
302.000000    0.03261412 
302.400000    0.03879007 
302.800000    0.04270129 
303.200000    0.04380554 
303.600000    0.04182028 
304.000000    0.03690196 
304.400000    0.02955037 
304.800000    0.02019545 
305.200000    0.00887562 
305.600000    -0.00411783 
306.000000    -0.01722387 
306.400000    -0.02951984 
306.800000    -0.04077686 
307.200000    -0.05009470 
307.600000    -0.05592091 
308.000000    -0.05686163 
308.400000    -0.05257534 
308.800000    -0.04387406 
309.200000    -0.03198274 
309.600000    -0.01763737 
310.000000    -0.00078628 
310.400000    0.01762313 
310.800000    0.03656875 
311.200000    0.05606225 
311.600000    0.07384936 
312.000000    0.08431594 
312.400000    0.08181331 
312.800000    0.06712497 
313.200000    0.04634493 
313.600000    0.02423540 
314.000000    0.00198668 
314.400000    -0.01971733 
314.800000    -0.04028419 
315.200000    -0.06047698 
315.600000    -0.07903716 
316.000000    -0.09062725 
316.400000    -0.08734239 
316.800000    -0.06869572 
317.200000    -0.04360127 
317.600000    -0.01920258 
318.000000    0.00285331 
318.400000    0.02152025 
318.800000    0.03679395 
319.200000    0.04958058 
319.600000    0.05970301 
320.000000    0.06561636 
320.400000    0.06499080 
320.800000    0.05693718 
321.200000    0.04350884 
321.600000    0.02797396 
322.000000    0.01233507 
322.400000    -0.00267602 
322.800000    -0.01560476 
323.200000    -0.02593458 
323.600000    -0.03422716 
324.000000    -0.04061046 
324.400000    -0.04460739 
324.800000    -0.04553609 
325.200000    -0.04305209 
325.600000    -0.03743396 
326.000000    -0.02940493 
326.400000    -0.01964120 
326.800000    -0.00841556 
327.200000    0.00378201 
327.600000    0.01543371 
328.000000    0.02573120 
328.400000    0.03466455 
328.800000    0.04190187 
329.200000    0.04670201 
329.600000    0.04824898 
330.000000    0.04611309 
330.400000    0.04049317 
330.800000    0.03195715 
331.200000    0.02092546 
331.600000    0.00732168 
332.000000    -0.00852192 
332.400000    -0.02495190 
332.800000    -0.04148617 
333.200000    -0.05720960 
333.600000    -0.06923564 
334.000000    -0.07369557 
334.400000    -0.06870708 
334.800000    -0.05608019 
335.200000    -0.03925361 
335.600000    -0.02052685 
336.000000    -0.00028442 
336.400000    0.02059995 
336.800000    0.04154945 
337.200000    0.06307033 
337.600000    0.08298353 
338.000000    0.09409443 
338.400000    0.08801738 
338.800000    0.06685236 
339.200000    0.04069636 
339.600000    0.01561235 
340.000000    -0.00750414 
340.400000    -0.02760120 
340.800000    -0.04515469 
341.200000    -0.06064877 
341.600000    -0.07282488 
342.000000    -0.07814777 
342.400000    -0.07276922 
342.800000    -0.05752278 
343.200000    -0.03785178 
343.600000    -0.01825975 
344.000000    -0.00013438 
344.400000    0.01531531 
344.800000    0.02745187 
345.200000    0.03709172 
345.600000    0.04457693 
346.000000    0.04943238 
346.400000    0.05070962 
346.800000    0.04777121 
347.200000    0.04096594 
347.600000    0.03146580 
348.000000    0.02043321 
348.400000    0.00842928 
348.800000    -0.00391681 
349.200000    -0.01508118 
349.600000    -0.02441796 
350.000000    -0.03211060 
350.400000    -0.03806366 
350.800000    -0.04184249 
351.200000    -0.04296632 
351.600000    -0.04115981 
352.000000    -0.03651985 
352.400000    -0.02942690 
352.800000    -0.02016996 
353.200000    -0.00867901 
353.600000    0.00479159 
354.000000    0.01863505 
354.400000    0.03194270 
354.800000    0.04433042 
355.200000    0.05449618 
355.600000    0.06042995 
356.000000    0.06054710 
356.400000    0.05474174 
356.800000    0.04426938 
357.200000    0.03065567 
357.600000    0.01464644 
358.000000    -0.00380240 
358.400000    -0.02343163 
358.800000    -0.04384384 
359.200000    -0.06482744 
359.600000    -0.08288222 
360.000000    -0.09047828 
360.400000    -0.08218582 
360.800000    -0.06209388 
361.200000    -0.03815347 
361.600000    -0.01439861 
362.000000    0.00872692 
362.400000    0.03011853 
362.800000    0.05029157 
363.200000    0.06936721 
363.600000    0.08468931 
364.000000    0.08966828 
364.400000    0.07882750 
364.800000    0.05653232 
365.200000    0.03178824 
365.600000    0.00900578 
366.000000    -0.01096128 
366.400000    -0.02698729 
366.800000    -0.03983273 
367.200000    -0.05011256 
367.600000    -0.05739684 
368.000000    -0.06027372 
368.400000    -0.05730463 
368.800000    -0.04864442 
369.200000    -0.03630870 
369.600000    -0.02258011 
370.000000    -0.00861623 
370.400000    0.00482026 
370.800000    0.01620406 
371.200000    0.02518467 
371.600000    0.03219723 
372.000000    0.03731766 
372.400000    0.04023126 
372.800000    0.04058217 
373.200000    0.03826687 
373.600000    0.03350089 
374.000000    0.02669036 
374.400000    0.01814775 
374.800000    0.00791824 
375.200000    -0.00359224 
375.600000    -0.01492227 
376.000000    -0.02517069 
376.400000    -0.03423635 
376.800000    -0.04177341 
377.200000    -0.04701769 
377.600000    -0.04908813 
378.000000    -0.04745604 
378.400000    -0.04217580 
378.800000    -0.03368022 
379.200000    -0.02233084 
379.600000    -0.00800752 
380.000000    0.00908625 
380.400000    0.02731551 
380.800000    0.04621558 
381.200000    0.06439526 
381.600000    0.07772422 
382.000000    0.08097978 
382.400000    0.07256153 
382.800000    0.05605679 
383.200000    0.03606832 
383.600000    0.01485791 
384.000000    -0.00738413 
384.400000    -0.02945818 
384.800000    -0.05169234 
385.200000    -0.07405386 
385.600000    -0.09265992 
386.000000    -0.09791887 
386.400000    -0.08327088 
386.800000    -0.05657540 
387.200000    -0.02885707 
387.600000    -0.00381614 
388.000000    0.01797210 
388.400000    0.03597502 
388.800000    0.05115795 
389.200000    0.06346960 
389.600000    0.07132103 
390.000000    0.07175230 
390.400000    0.06304710 
390.800000    0.04756557 
391.200000    0.02975363 
391.600000    0.01240079 
392.000000    -0.00358893 
392.400000    -0.01676261 
392.800000    -0.02683283 
393.200000    -0.03451230 
393.600000    -0.04005053 
394.000000    -0.04313640 
394.400000    -0.04327586 
394.800000    -0.04029064 
395.200000    -0.03455622 
395.600000    -0.02678360 
396.000000    -0.01757520 
396.400000    -0.00723188 
396.800000    0.00359231 
397.200000    0.01345909 
397.600000    0.02165747 
398.000000    0.02828666 
398.400000    0.03340166 
398.800000    0.03687794 
399.200000    0.03847161 
399.600000    0.03790009 
400.000000    0.03501284 
400.400000    0.02980306 
400.800000    0.02220871 
401.200000    0.01193956 
401.600000    -0.00116304 
402.000000    -0.01578085 
402.400000    -0.03049138 
402.800000    -0.04468323 
403.200000    -0.05680792 
403.600000    -0.06446415 
404.000000    -0.06569107 
404.400000    -0.06018705 
404.800000    -0.04926511 
405.200000    -0.03465921 
405.600000    -0.01734723 
406.000000    0.00273543 
406.400000    0.02451003 
406.800000    0.04764643 
407.200000    0.07204904 
407.600000    0.09340894 
408.000000    0.10119054 
408.400000    0.08815265 
408.800000    0.06200062 
409.200000    0.03375285 
409.600000    0.00724338 
410.000000    -0.01728195 
410.400000    -0.03911769 
410.800000    -0.05906942 
411.200000    -0.07648811 
411.600000    -0.08791315 
412.000000    -0.08699697 
412.400000    -0.07123258 
412.800000    -0.04742946 
413.200000    -0.02353548 
413.600000    -0.00232796 
414.000000    0.01518720 
414.400000    0.02836453 
414.800000    0.03821023 
415.200000    0.04532586 
415.600000    0.04958582 
416.000000    0.05034827 
416.400000    0.04710830 
416.800000    0.04020865 
417.200000    0.03081662 
417.600000    0.02014857 
418.000000    0.00886533 
418.400000    -0.00234540 
418.800000    -0.01203817 
419.200000    -0.01948291 
419.600000    -0.02492055 
420.000000    -0.02863898 
420.400000    -0.03075661 
420.800000    -0.03135712 
421.200000    -0.03050274 
421.600000    -0.02817913 
422.000000    -0.02434621 
422.400000    -0.01890787 
422.800000    -0.01161825 
423.200000    -0.00234495 
423.600000    0.00810682 
424.000000    0.01831924 
424.400000    0.02771478 
424.800000    0.03611670 
425.200000    0.04303790 
425.600000    0.04768583 
426.000000    0.04927902 
426.400000    0.04729964 
426.800000    0.04160420 
427.200000    0.03231409 
427.600000    0.01945455 
428.000000    0.00263564 
428.400000    -0.01750566 
428.800000    -0.03964446 
429.200000    -0.06311622 
429.600000    -0.08388035 
430.000000    -0.09393742 
430.400000    -0.08785013 
430.800000    -0.06937675 
431.200000    -0.04587725 
431.600000    -0.02137528 
432.000000    0.00370745 
432.400000    0.02855007 
432.800000    0.05322067 
433.200000    0.07792146 
433.600000    0.09920312 
434.000000    0.10659292 
434.400000    0.09037750 
434.800000    0.05942268 
435.200000    0.02831100 
435.600000    0.00157692 
436.000000    -0.02027952 
436.400000    -0.03711553 
436.800000    -0.04998692 
437.200000    -0.05914296 
437.600000    -0.06400305 
438.000000    -0.06325472 
438.400000    -0.05613064 
438.800000    -0.04397405 
439.200000    -0.02957968 
439.600000    -0.01509321 
440.000000    -0.00139822 
440.400000    0.01022469 
440.800000    0.01875786 
441.200000    0.02455241 
441.600000    0.02814543 
442.000000    0.02981399 
442.400000    0.02969927 
442.800000    0.02798276 
443.200000    0.02491337 
443.600000    0.02071391 
444.000000    0.01553406 
444.400000    0.00948349 
444.800000    0.00279955 
445.200000    -0.00392242 
445.600000    -0.00997331 
446.000000    -0.01503439 
446.400000    -0.01917889 
446.800000    -0.02266591 
447.200000    -0.02569130 
447.600000    -0.02817707 
448.000000    -0.02982288 
448.400000    -0.03017655 
448.800000    -0.02861277 
449.200000    -0.02439059 
449.600000    -0.01670626 
450.000000    -0.00479122 
450.400000    0.01092889 
450.800000    0.02833785 
451.200000    0.04583732 
451.600000    0.06095240 
452.000000    0.07069755 
452.400000    0.07325434 
452.800000    0.06857102 
453.200000    0.05777420 
453.600000    0.04227779 
454.000000    0.02310546 
454.400000    0.00029878 
454.800000    -0.02538867 
455.200000    -0.05354484 
455.600000    -0.08439301 
456.000000    -0.11259308 
456.400000    -0.12113315 
456.800000    -0.09841345 
457.200000    -0.06137774 
457.600000    -0.02635411 
458.000000    0.00436854 
458.400000    0.03086625 
458.800000    0.05344492 
459.200000    0.07204981 
459.600000    0.08502060 
460.000000    0.08893937 
460.400000    0.07997400 
460.800000    0.05984567 
461.200000    0.03613747 
461.600000    0.01444278 
462.000000    -0.00373232 
462.400000    -0.01711875 
462.800000    -0.02584709 
463.200000    -0.03102873 
463.600000    -0.03349496 
464.000000    -0.03370169 
464.400000    -0.03190492 
464.800000    -0.02837786 
465.200000    -0.02350843 
465.600000    -0.01773961 
466.000000    -0.01147363 
466.400000    -0.00517248 
466.800000    0.00048437 
467.200000    0.00486649 
467.600000    0.00783879 
468.000000    0.00972360 
468.400000    0.01092159 
468.800000    0.01175734 
469.200000    0.01254444 
469.600000    0.01341119 
470.000000    0.01420107 
470.400000    0.01469944 
470.800000    0.01463408 
471.200000    0.01349370 
471.600000    0.01056234 
472.000000    0.00514813 
472.400000    -0.00286757 
472.800000    -0.01246170 
473.200000    -0.02230412 
473.600000    -0.03158652 
474.000000    -0.03969660 
474.400000    -0.04609878 
474.800000    -0.05022474 
475.200000    -0.05137015 
475.600000    -0.04868352 
476.000000    -0.04134109 
476.400000    -0.02882743 
476.800000    -0.01069306 
477.200000    0.01328372 
477.600000    0.04167016 
478.000000    0.07382747 
478.400000    0.10373937 
478.800000    0.11636993 
479.200000    0.10328770 
479.600000    0.07567435 
480.000000    0.04525373 
480.400000    0.01526458 
480.800000    -0.01474858 
481.200000    -0.04392571 
481.600000    -0.07257968 
482.000000    -0.09891599 
482.400000    -0.11585639 
482.800000    -0.10987110 
483.200000    -0.07903245 
483.600000    -0.04212395 
484.000000    -0.01097615 
484.400000    0.01329544 
484.800000    0.03031682 
485.200000    0.04141118 
485.600000    0.04770009 
486.000000    0.05003130 
486.400000    0.04893961 
486.800000    0.04471004 
487.200000    0.03782289 
487.600000    0.02920256 
488.000000    0.01988227 
488.400000    0.01057654 
488.800000    0.00193651 
489.200000    -0.00498039 
489.600000    -0.00943675 
490.000000    -0.01159207 
490.400000    -0.01206676 
490.800000    -0.01153480 
491.200000    -0.01058599 
491.600000    -0.00972045 
492.000000    -0.00923197 
492.400000    -0.00912333 
492.800000    -0.00922426 
493.200000    -0.00923767 
493.600000    -0.00870701 
494.000000    -0.00706088 
494.400000    -0.00375848 
494.800000    0.00138286 
495.200000    0.00787627 
495.600000    0.01482378 
496.000000    0.02144897 
496.400000    0.02726805 
496.800000    0.03207229 
497.200000    0.03573332 
497.600000    0.03794166 
498.000000    0.03801148 
498.400000    0.03485347 
498.800000    0.02721575 
499.200000    0.01387919 
499.600000    -0.00600233 
500.000000    -0.03077714 
500.400000    -0.05816593 
500.800000    -0.08271000 
501.200000    -0.09554083 
501.600000    -0.09265830 
502.000000    -0.07835651 
502.400000    -0.05830685 
502.800000    -0.03534402 
503.200000    -0.01000732 
503.600000    0.01777569 
504.000000    0.04688205 
504.400000    0.07782401 
504.800000    0.10830930 
505.200000    0.12654888 
505.600000    0.11255568 
506.000000    0.07328935 
506.400000    0.03383209 
506.800000    0.00151140 
507.200000    -0.02418336 
507.600000    -0.04358607 
508.000000    -0.05754393 
508.400000    -0.06616945 
508.800000    -0.06932691 
509.200000    -0.06642917 
509.600000    -0.05727335 
510.000000    -0.04360700 
510.400000    -0.02848885 
510.800000    -0.01410779 
511.200000    -0.00132138 
511.600000    0.00876383 
512.000000    0.01542609 
512.400000    0.01914907 
512.800000    0.02069261 
513.200000    0.02064433 
513.600000    0.01947120 
514.000000    0.01758293 
514.400000    0.01532722 
514.800000    0.01294953 
515.200000    0.01055750 
515.600000    0.00811380 
516.000000    0.00544955 
516.400000    0.00233902 
516.800000    -0.00138786 
517.200000    -0.00564805 
517.600000    -0.01003951 
518.000000    -0.01421916 
518.400000    -0.01807661 
518.800000    -0.02145729 
519.200000    -0.02416859 
519.600000    -0.02605912 
520.000000    -0.02676730 
520.400000    -0.02560015 
520.800000    -0.02163136 
521.200000    -0.01377728 
521.600000    -0.00116026 
522.000000    0.01525364 
522.400000    0.03299376 
522.800000    0.04975880 
523.200000    0.06251720 
523.600000    0.06894498 
524.000000    0.06853170 
524.400000    0.06210147 
524.800000    0.05074004 
525.200000    0.03526581 
525.600000    0.01598288 
526.000000    -0.00738818 
526.400000    -0.03359177 
526.800000    -0.06270639 
527.200000    -0.09347179 
527.600000    -0.11651001 
528.000000    -0.11362157 
528.400000    -0.08447208 
528.800000    -0.04894194 
529.200000    -0.01681601 
529.600000    0.01193969 
530.000000    0.03698504 
530.400000    0.05891265 
530.800000    0.07721354 
531.200000    0.08942320 
531.600000    0.09065548 
532.000000    0.07719605 
532.400000    0.05375899 
532.800000    0.02916288 
533.200000    0.00770089 
533.600000    -0.00967159 
534.000000    -0.02200297 
534.400000    -0.03019916 
534.800000    -0.03537306 
535.200000    -0.03816538 
535.600000    -0.03878317 
536.000000    -0.03724633 
536.400000    -0.03368180 
536.800000    -0.02844850 
537.200000    -0.02200211 
537.600000    -0.01466855 
538.000000    -0.00669238 
538.400000    0.00131535 
538.800000    0.00830810 
539.200000    0.01369920 
539.600000    0.01760270 
540.000000    0.02031294 
540.400000    0.02211713 
540.800000    0.02326354 
541.200000    0.02375559 
541.600000    0.02337064 
542.000000    0.02182054 
542.400000    0.01866445 
542.800000    0.01328235 
543.200000    0.00518048 
543.600000    -0.00524078 
544.000000    -0.01635971 
544.400000    -0.02697426 
544.800000    -0.03650110 
545.200000    -0.04417332 
545.600000    -0.04915392 
546.000000    -0.05076542 
546.400000    -0.04856237 
546.800000    -0.04242134 
547.200000    -0.03241142 
547.600000    -0.01848426 
548.000000    -0.00021451 
548.400000    0.02152376 
548.800000    0.04557284 
549.200000    0.07072050 
549.600000    0.09116052 
550.000000    0.09712215 
550.400000    0.08510755 
550.800000    0.06255550 
551.200000    0.03731139 
551.600000    0.01203864 
552.000000    -0.01333017 
552.400000    -0.03778946 
552.800000    -0.06197110 
553.200000    -0.08503953 
553.600000    -0.10155217 
554.000000    -0.10029388 
554.400000    -0.07773692 
554.800000    -0.04683626 
555.200000    -0.01838431 
555.600000    0.00569775 
556.000000    0.02465315 
556.400000    0.03902286 
556.800000    0.04980210 
557.200000    0.05718256 
557.600000    0.06053347 
558.000000    0.05872354 
558.400000    0.05141550 
558.800000    0.04004212 
559.200000    0.02690606 
559.600000    0.01356037 
560.000000    0.00066319 
560.400000    -0.01051546 
560.800000    -0.01901984 
561.200000    -0.02516829 
561.600000    -0.02941567 
562.000000    -0.03193233 
562.400000    -0.03272105 
562.800000    -0.03179779 
563.200000    -0.02922713 
563.600000    -0.02508186 
564.000000    -0.01941671 
564.400000    -0.01219761 
564.800000    -0.00345305 
565.200000    0.00607572 
565.600000    0.01507798 
566.000000    0.02291107 
566.400000    0.02949956 
566.800000    0.03476613 
567.200000    0.03839714 
567.600000    0.03990665 
568.000000    0.03888864 
568.400000    0.03509471 
568.800000    0.02836093 
569.200000    0.01845913 
569.600000    0.00498138 
570.000000    -0.01152582 
570.400000    -0.02917892 
570.800000    -0.04698664 
571.200000    -0.06268486 
571.600000    -0.07241188 
572.000000    -0.07312884 
572.400000    -0.06503238 
572.800000    -0.05088490 
573.200000    -0.03342584 
573.600000    -0.01383804 
574.000000    0.00788167 
574.400000    0.03044849 
574.800000    0.05408040 
575.200000    0.07821488 
575.600000    0.09731061 
576.000000    0.09975560 
576.400000    0.08105984 
576.800000    0.05244921 
577.200000    0.02428049 
577.600000    -0.00125157 
578.000000    -0.02360808 
578.400000    -0.04277027 
578.800000    -0.05944471 
579.200000    -0.07278879 
579.600000    -0.07978049 
580.000000    -0.07618675 
580.400000    -0.06164595 
580.800000    -0.04153442 
581.200000    -0.02126251 
581.600000    -0.00275977 
582.000000    0.01291784 
582.400000    0.02489514 
582.800000    0.03396536 
583.200000    0.04073338 
583.600000    0.04510979 
584.000000    0.04652740 
584.400000    0.04448780 
584.800000    0.03911420 
585.200000    0.03118506 
585.600000    0.02160173 
586.000000    0.01088585 
586.400000    -0.00047836 
586.800000    -0.01111370 
587.200000    -0.01994935 
587.600000    -0.02700710 
588.000000    -0.03239288 
588.400000    -0.03597149 
588.800000    -0.03753580 
589.200000    -0.03689051 
589.600000    -0.03391935 
590.000000    -0.02867192 
590.400000    -0.02120802 
590.800000    -0.01136637 
591.200000    0.00085949 
591.600000    0.01411068 
592.000000    0.02691547 
592.400000    0.03874047 
592.800000    0.04860333 
593.200000    0.05495007 
593.600000    0.05644688 
594.000000    0.05274490 
594.400000    0.04451337 
594.800000    0.03281918 
595.200000    0.01832309 
595.600000    0.00092209 
596.000000    -0.01846873 
596.400000    -0.03877501 
596.800000    -0.05976348 
597.200000    -0.07833519 
597.600000    -0.08755806 
598.000000    -0.08180526 
598.400000    -0.06396636 
598.800000    -0.04138455 
599.200000    -0.01834235 
599.600000    0.00458340 
600.000000    0.02637919 
600.400000    0.04713261 
600.800000    0.06714497 
601.200000    0.08393730 
601.600000    0.09068444 
602.000000    0.08092444 
602.400000    0.05861179 
602.800000    0.03338513 
603.200000    0.01010478 
603.600000    -0.01042684 
604.000000    -0.02710926 
604.400000    -0.04067223 
604.800000    -0.05169701 
605.200000    -0.05961303 
605.600000    -0.06272133 
606.000000    -0.05931929 
606.400000    -0.04967812 
606.800000    -0.03624006 
607.200000    -0.02157410 
607.600000    -0.00684782 
608.000000    0.00708391 
608.400000    0.01873287 
608.800000    0.02803610 
609.200000    0.03540884 
609.600000    0.04072477 
610.000000    0.04342039 
610.400000    0.04297460 
610.800000    0.03932742 
611.200000    0.03291868 
611.600000    0.02438133 
612.000000    0.01413008 
612.400000    0.00238944 
612.800000    -0.00973871 
613.200000    -0.02078438 
613.600000    -0.03043506 
614.000000    -0.03848163 
614.400000    -0.04426421 
614.800000    -0.04695272 
615.200000    -0.04598331 
615.600000    -0.04138495 
616.000000    -0.03367298 
616.400000    -0.02336182 
616.800000    -0.01052069 
617.200000    0.00473739 
617.600000    0.02081026 
618.000000    0.03679867 
618.400000    0.05201418 
618.800000    0.06406630 
619.200000    0.06948773 
619.600000    0.06623387 
620.000000    0.05549174 
620.400000    0.04026891 
620.800000    0.02286312 
621.200000    0.00380241 
621.600000    -0.01629642 
622.000000    -0.03639157 
622.400000    -0.05691412 
622.800000    -0.07618133 
623.200000    -0.08819512 
623.600000    -0.08526443 
624.000000    -0.06771494 
624.400000    -0.04391928 
624.800000    -0.02008906 
625.200000    0.00248579 
625.600000    0.02285036 
626.000000    0.04091676 
626.400000    0.05733611 
626.800000    0.07098973 
627.200000    0.07820432 
627.600000    0.07445334 
628.000000    0.05987584 
628.400000    0.04002579 
628.800000    0.01988717 
629.200000    0.00105285 
629.600000    -0.01533973 
630.000000    -0.02855179 
630.400000    -0.03935752 
630.800000    -0.04794013 
631.200000    -0.05348169 
631.600000    -0.05460139 
632.000000    -0.05049913 
632.400000    -0.04187567 
632.800000    -0.03046671 
633.200000    -0.01774304 
633.600000    -0.00432567 
634.000000    0.00875722 
634.400000    0.02002127 
634.800000    0.02937160 
635.200000    0.03694970 
635.600000    0.04233520 
636.000000    0.04480449 
636.400000    0.04385894 
636.800000    0.03954767 
637.200000    0.03240685 
637.600000    0.02306747 
638.000000    0.01180051 
638.400000    -0.00120369 
638.800000    -0.01454727 
639.200000    -0.02701754 
639.600000    -0.03838274 
640.000000    -0.04785081 
640.400000    -0.05391791 
640.800000    -0.05515281 
641.200000    -0.05114494 
641.600000    -0.04270189 
642.000000    -0.03109408 
642.400000    -0.01711018 
642.800000    -0.00077281 
643.200000    0.01689764 
643.600000    0.03475903 
644.000000    0.05267128 
644.400000    0.06850502 
644.800000    0.07748726 
645.200000    0.07520753 
645.600000    0.06240667 
646.000000    0.04395424 
646.400000    0.02382803 
646.800000    0.00312484 
647.200000    -0.01746103 
647.600000    -0.03708240 
648.000000    -0.05636480 
648.400000    -0.07403815 
648.800000    -0.08509853 
649.200000    -0.08261797 
649.600000    -0.06619946 
650.000000    -0.04337039 
650.400000    -0.02044746 
650.800000    0.00094606 
651.200000    0.01978453 
651.600000    0.03574599 
652.000000    0.04963541 
652.400000    0.06101884 
652.800000    0.06776062 
653.200000    0.06688994 
653.600000    0.05757793 
654.000000    0.04263699 
654.400000    0.02584329 
654.800000    0.00914172 
655.200000    -0.00666511 
655.600000    -0.02006374 
656.000000    -0.03103884 
656.400000    -0.04006247 
656.800000    -0.04680282 
657.200000    -0.05022901 
657.600000    -0.04934953 
658.000000    -0.04408118 
658.400000    -0.03538658 
658.800000    -0.02453980 
659.200000    -0.01230669 
659.600000    0.00087493 
660.000000    0.01355887 
660.400000    0.02464554 
660.800000    0.03416969 
661.200000    0.04183946 
661.600000    0.04679059 
662.000000    0.04810541 
662.400000    0.04540352 
662.800000    0.03907348 
663.200000    0.02994244 
663.600000    0.01862730 
664.000000    0.00520666 
664.400000    -0.00964016 
664.800000    -0.02427226 
665.200000    -0.03829023 
665.600000    -0.05095766 
666.000000    -0.06018451 
666.400000    -0.06339808 
666.800000    -0.05941779 
667.200000    -0.04939570 
667.600000    -0.03560935 
668.000000    -0.01968783 
668.400000    -0.00192709 
668.800000    0.01681226 
669.200000    0.03550342 
669.600000    0.05436255 
670.000000    0.07153886 
670.400000    0.08175778 
670.800000    0.07920773 
671.200000    0.06439338 
671.600000    0.04360960 
672.000000    0.02186833 
672.400000    0.00043948 
672.800000    -0.01977806 
673.200000    -0.03826558 
673.600000    -0.05568566 
674.000000    -0.07089172 
674.400000    -0.07977497 
674.800000    -0.07699112 
675.200000    -0.06231320 
675.600000    -0.04174662 
676.000000    -0.02073256 
676.400000    -0.00094717 
676.800000    0.01652713 
677.200000    0.03101596 
677.600000    0.04330785 
678.000000    0.05334481 
678.400000    0.05976248 
678.800000    0.06047509 
679.200000    0.05449039 
679.600000    0.04320971 
680.000000    0.02927397 
680.400000    0.01452149 
680.800000    -0.00036654 
681.200000    -0.01399823 
681.600000    -0.02541944 
682.000000    -0.03496204 
682.400000    -0.04255449 
682.800000    -0.04739508 
683.200000    -0.04847969 
683.600000    -0.04537898 
684.000000    -0.03858744 
684.400000    -0.02913518 
684.800000    -0.01785507 
685.200000    -0.00504270 
685.600000    0.00846334 
686.000000    0.02104949 
686.400000    0.03235187 
686.800000    0.04213561 
687.200000    0.04938151 
687.600000    0.05269668 
688.000000    0.05118817 
688.400000    0.04507977 
688.800000    0.03545086 
689.200000    0.02335677 
689.600000    0.00913337 
690.000000    -0.00691775 
690.400000    -0.02318584 
690.800000    -0.03919908 
691.200000    -0.05435674 
691.600000    -0.06610212 
692.000000    -0.07062361 
692.400000    -0.06581606 
692.800000    -0.05339398 
693.200000    -0.03692936 
693.600000    -0.01884155 
694.000000    0.00039163 
694.400000    0.01974330 
694.800000    0.03858395 
695.200000    0.05727605 
695.600000    0.07388646 
696.000000    0.08292282 
696.400000    0.07855003 
696.800000    0.06198577 
697.200000    0.04022614 
697.600000    0.01826827 
698.000000    -0.00278428 
698.400000    -0.02180190 
698.800000    -0.03862299 
699.200000    -0.05387400 
699.600000    -0.06652810 
700.000000    -0.07333042 
700.400000    -0.07045178 
700.800000    -0.05788100 
701.200000    -0.04006403 
701.600000    -0.02131521 
702.000000    -0.00320304 
702.400000    0.01321928 
702.800000    0.02687566 
703.200000    0.03835692 
703.600000    0.04779196 
704.000000    0.05419967 
704.400000    0.05594521 
704.800000    0.05203711 
705.200000    0.04319556 
705.600000    0.03132119 
706.000000    0.01802493 
706.400000    0.00395494 
706.800000    -0.00983598 
707.200000    -0.02187260 
707.600000    -0.03212607 
708.000000    -0.04059984 
708.400000    -0.04656077 
708.800000    -0.04893461 
709.200000    -0.04707374 
709.600000    -0.04123791 
710.000000    -0.03237077 
710.400000    -0.02139295 
710.800000    -0.00864709 
711.200000    0.00541483 
711.600000    0.01915689 
712.000000    0.03189994 
712.400000    0.04341679 
712.800000    0.05250366 
713.200000    0.05726015 
713.600000    0.05627175 
714.000000    0.04968132 
714.400000    0.03894943 
714.800000    0.02561239 
715.200000    0.01028307 
715.600000    -0.00679950 
716.000000    -0.02410556 
716.400000    -0.04132518 
716.800000    -0.05794568 
717.200000    -0.07102706 
717.600000    -0.07573947 
718.000000    -0.06935424 
718.400000    -0.05440389 
718.800000    -0.03564683 
719.200000    -0.01591786 
719.600000    0.00428283 
720.000000    0.02371600 
720.400000    0.04227382 
720.800000    0.06021866 
721.200000    0.07531989 
721.600000    0.08203808 
722.000000    0.07539315 
722.400000    0.05771167 
722.800000    0.03597688 
723.200000    0.01455175 
723.600000    -0.00564987 
724.000000    -0.02332305 
724.400000    -0.03859177 
724.800000    -0.05199967 
725.200000    -0.06259191 
725.600000    -0.06772296 
726.000000    -0.06463997 
726.400000    -0.05357591 
726.800000    -0.03794743 
727.200000    -0.02112551 
727.600000    -0.00445245 
728.000000    0.01105217 
728.400000    0.02407439 
728.800000    0.03495969 
729.200000    0.04389395 
729.600000    0.05011349 
730.000000    0.05229391 
730.400000    0.04956691 
730.800000    0.04235096 
731.200000    0.03205305 
731.600000    0.02000075 
732.000000    0.00676980 
732.400000    -0.00687392 
732.800000    -0.01929653 
733.200000    -0.03010277 
733.600000    -0.03929900 
734.000000    -0.04619087 
734.400000    -0.04963470 
734.800000    -0.04878724 
735.200000    -0.04369793 
735.600000    -0.03522619 
736.000000    -0.02435664 
736.400000    -0.01151674 
736.800000    0.00308244 
737.200000    0.01793980 
737.600000    0.03213355 
738.000000    0.04542336 
738.400000    0.05636340 
738.800000    0.06241934 
739.200000    0.06154176 
739.600000    0.05387014 
740.000000    0.04145546 
740.400000    0.02642366 
740.800000    0.00963566 
741.200000    -0.00860546 
741.600000    -0.02682314 
742.000000    -0.04502221 
742.400000    -0.06261641 
742.800000    -0.07610294 
743.200000    -0.07967153 
743.600000    -0.07055232 
744.000000    -0.05269668 
744.400000    -0.03191292 
744.800000    -0.01097981 
745.200000    0.00959308 
745.600000    0.02850991 
746.000000    0.04621404 
746.400000    0.06266399 
746.800000    0.07529729 
747.200000    0.07891517 
747.600000    0.07007106 
748.000000    0.05208570 
748.400000    0.03125047 
748.800000    0.01097256 
749.200000    -0.00792884 
749.600000    -0.02406627 
750.000000    -0.03774626 
750.400000    -0.04942490 
750.800000    -0.05824338 
751.200000    -0.06210177 
751.600000    -0.05907169 
752.000000    -0.04949189 
752.400000    -0.03592487 
752.800000    -0.02092881 
753.200000    -0.00560162 
753.600000    0.00910503 
754.000000    0.02169585 
754.400000    0.03222858 
754.800000    0.04088451 
755.200000    0.04703594 
755.600000    0.04956533 
756.000000    0.04770574 
756.400000    0.04169987 
756.800000    0.03261588 
757.200000    0.02154809 
757.600000    0.00899262 
758.000000    -0.00452694 
758.400000    -0.01739130 
758.800000    -0.02887757 
759.200000    -0.03894060 
759.600000    -0.04685508 
760.000000    -0.05132493 
760.400000    -0.05126508 
760.800000    -0.04655174 
761.200000    -0.03804853 
761.600000    -0.02687175 
762.000000    -0.01358046 
762.400000    0.00172753 
762.800000    0.01770620 
763.200000    0.03334956 
763.600000    0.04842693 
764.000000    0.06117334 
764.400000    0.06823650 
764.800000    0.06680818 
765.200000    0.05723918 
765.600000    0.04251303 
766.000000    0.02543477 
766.400000    0.00699373 
766.800000    -0.01232991 
767.200000    -0.03122193 
767.600000    -0.05004758 
768.000000    -0.06791238 
768.400000    -0.08055722 
768.800000    -0.08148643 
769.200000    -0.06885571 
769.600000    -0.04838241 
770.000000    -0.02630761 
770.400000    -0.00485016 
770.800000    0.01526890 
771.200000    0.03308820 
771.600000    0.04934153 
772.000000    0.06361852 
772.400000    0.07321304 
772.800000    0.07376944 
773.200000    0.06353354 
773.600000    0.04619723 
774.000000    0.02690812 
774.400000    0.00813797 
774.800000    -0.00926171 
775.200000    -0.02388765 
775.600000    -0.03609009 
776.000000    -0.04624780 
776.400000    -0.05362425 
776.800000    -0.05660103 
777.200000    -0.05385577 
777.600000    -0.04573138 
778.000000    -0.03409460 
778.400000    -0.02082805 
778.800000    -0.00679033 
779.200000    0.00717772 
779.600000    0.01946640 
780.000000    0.02981963 
780.400000    0.03838330 
780.800000    0.04463260 
781.200000    0.04759666 
781.600000    0.04656260 
782.000000    0.04161870 
782.400000    0.03356477 
782.800000    0.02331010 
783.200000    0.01128309 
783.600000    -0.00222522 
784.000000    -0.01572873 
784.400000    -0.02818852 
784.800000    -0.03946921 
785.200000    -0.04873649 
785.600000    -0.05439963 
786.000000    -0.05500699 
786.400000    -0.05026814 
786.800000    -0.04118307 
787.200000    -0.02914120 
787.600000    -0.01491161 
788.000000    0.00143276 
788.400000    0.01864117 
788.800000    0.03579499 
789.200000    0.05270798 
789.600000    0.06718044 
790.000000    0.07476400 
790.400000    0.07177502 
790.800000    0.05923819 
791.200000    0.04156080 
791.600000    0.02221447 
792.000000    0.00211302 
792.400000    -0.01792608 
792.800000    -0.03708787 
793.200000    -0.05590898 
793.600000    -0.07292774 
794.000000    -0.08308938 
794.400000    -0.08004354 
794.800000    -0.06396099 
795.200000    -0.04193021 
795.600000    -0.01965443 
796.000000    0.00141649 
796.400000    0.02018178 
796.800000    0.03631225 
797.200000    0.05051980 
797.600000    0.06214796 
798.000000    0.06870742 
798.400000    0.06704309 
798.800000    0.05667967 
799.200000    0.04093466 
799.600000    0.02366668 
800.000000    0.00661985 
800.400000    -0.00928864 
800.800000    -0.02261852 
801.200000    -0.03360507 
801.600000    -0.04257000 
802.000000    -0.04892594 
802.400000    -0.05145940 
802.800000    -0.04925695 
803.200000    -0.04258656 
803.600000    -0.03275277 
804.000000    -0.02110153 
804.400000    -0.00827966 
804.800000    0.00503970 
805.200000    0.01721637 
805.600000    0.02764819 
806.000000    0.03641453 
806.400000    0.04305991 
806.800000    0.04668600 
807.200000    0.04655234 
807.600000    0.04257632 
808.000000    0.03534984 
808.400000    0.02566744 
808.800000    0.01393527 
809.200000    0.00024232 
809.600000    -0.01417815 
810.000000    -0.02800237 
810.400000    -0.04098523 
810.800000    -0.05209347 
811.200000    -0.05922127 
811.600000    -0.06032614 
812.000000    -0.05495600 
812.400000    -0.04449297 
812.800000    -0.03084602 
813.200000    -0.01508658 
813.600000    0.00267503 
814.000000    0.02117349 
814.400000    0.03979385 
814.800000    0.05838251 
815.200000    0.07414437 
815.600000    0.08125704 
816.000000    0.07530820 
816.400000    0.05881680 
816.800000    0.03797491 
817.200000    0.01656471 
817.600000    -0.00474901 
818.000000    -0.02477486 
818.400000    -0.04352962 
818.800000    -0.06131205 
819.200000    -0.07597913 
819.600000    -0.08212656 
820.000000    -0.07485593 
820.400000    -0.05664709 
820.800000    -0.03467645 
821.200000    -0.01333924 
821.600000    0.00639984 
822.000000    0.02319191 
822.400000    0.03723278 
822.800000    0.04909676 
823.200000    0.05809796 
823.600000    0.06226964 
824.000000    0.05961312 
824.400000    0.05026998 
824.800000    0.03675796 
825.200000    0.02177219 
825.600000    0.00654642 
826.000000    -0.00800536 
826.400000    -0.02034478 
826.800000    -0.03043959 
827.200000    -0.03856952 
827.600000    -0.04432284 
828.000000    -0.04682307 
828.400000    -0.04542124 
828.800000    -0.04026218 
829.200000    -0.03218549 
829.600000    -0.02210872 
830.000000    -0.01049097 
830.400000    0.00224691 
830.800000    0.01458659 
831.200000    0.02551560 
831.600000    0.03498905 
832.000000    0.04257811 
832.400000    0.04734375 
832.800000    0.04837115 
833.200000    0.04533590 
833.600000    0.03866943 
834.000000    0.02915584 
834.400000    0.01728939 
834.800000    0.00305366 
835.200000    -0.01268549 
835.600000    -0.02839984 
836.000000    -0.04376104 
836.400000    -0.05744332 
836.800000    -0.06644719 
837.200000    -0.06767956 
837.600000    -0.06056164 
838.000000    -0.04741045 
838.400000    -0.03110110 
838.800000    -0.01307120 
839.200000    0.00647415 
839.600000    0.02616472 
840.000000    0.04596216 
840.400000    0.06554529 
840.800000    0.08123757 
841.200000    0.08580352 
841.600000    0.07513905 
842.000000    0.05437611 
842.400000    0.03109313 
842.800000    0.00853278 
843.200000    -0.01272207 
843.600000    -0.03154724 
844.000000    -0.04862415 
844.400000    -0.06377191 
844.800000    -0.07449849 
845.200000    -0.07620317 
845.600000    -0.06637416 
846.000000    -0.04856225 
846.400000    -0.02852922 
846.800000    -0.00923347 
847.200000    0.00844917 
847.600000    0.02311153 
848.000000    0.03507482 
848.400000    0.04483766 
848.800000    0.05188369 
849.200000    0.05485486 
849.600000    0.05254189 
850.000000    0.04513505 
850.400000    0.03425304 
850.800000    0.02166415 
851.200000    0.00825267 
851.600000    -0.00522991 
852.000000    -0.01715291 
852.400000    -0.02702151 
852.800000    -0.03503902 
853.200000    -0.04093164 
853.600000    -0.04401035 
854.000000    -0.04370326 
854.400000    -0.03998024 
854.800000    -0.03334203 
855.200000    -0.02444710 
855.600000    -0.01365290 
856.000000    -0.00110908 
856.400000    0.01198617 
856.800000    0.02420411 
857.200000    0.03527193 
857.600000    0.04463865 
858.000000    0.05104795 
858.400000    0.05315026 
858.800000    0.05035329 
859.200000    0.04316221 
859.600000    0.03265696 
860.000000    0.01963372 
860.400000    0.00414891 
860.800000    -0.01311290 
861.200000    -0.03068144 
861.600000    -0.04836050 
862.000000    -0.06448647 
862.400000    -0.07483105 
862.800000    -0.07486712 
863.200000    -0.06430111 
863.600000    -0.04725202 
864.000000    -0.02780915 
864.400000    -0.00747122 
864.800000    0.01332726 
865.200000    0.03338580 
865.600000    0.05324201 
866.000000    0.07199572 
866.400000    0.08497409 
866.800000    0.08469826 
867.200000    0.06941097 
867.600000    0.04645666 
868.000000    0.02293127 
868.400000    0.00090091 
868.800000    -0.01871201 
869.200000    -0.03538225 
869.600000    -0.04989952 
870.000000    -0.06181435 
870.400000    -0.06887619 
870.800000    -0.06789917 
871.200000    -0.05802405 
871.600000    -0.04237602 
872.000000    -0.02501961 
872.400000    -0.00795652 
872.800000    0.00792173 
873.200000    0.02112266 
873.600000    0.03176788 
874.000000    0.04029241 
874.400000    0.04633810 
874.800000    0.04894738 
875.200000    0.04731855 
875.600000    0.04157901 
876.000000    0.03276929 
876.400000    0.02206573 
876.800000    0.01009790 
877.200000    -0.00258507 
