0.000000    0.00000000 
0.212621    0.02608734 
0.425549    0.05139145 
0.639547    0.07565743 
0.855674    0.09875594 
1.075371    0.12036359 
1.300566    0.14000637 
1.533906    0.15700915 
1.778946    0.17049514 
2.040157    0.17938658 
2.322645    0.18243534 
2.630778    0.17840221 
2.966677    0.16650305 
3.328480    0.14684207 
3.710064    0.12081321 
4.102523    0.09040610 
4.495580    0.05683447 
4.877860    0.02022915 
5.236612    -0.01857178 
5.561470    -0.05273948 
5.854091    -0.06671571 
6.124956    -0.05349680 
6.378264    -0.02441785 
0.000000    0.00000000 
0.212891    0.02606686 
0.426110    0.05134663 
0.640372    0.07559034 
0.856750    0.09863843 
1.076680    0.12020117 
1.302090    0.13979964 
1.535626    0.15675933 
1.780851    0.17021003 
2.042251    0.17908045 
2.324818    0.18212894 
2.632963    0.17811609 
2.968797    0.16622775 
3.330513    0.14663618 
3.712045    0.12072029 
4.104488    0.09037498 
4.497556    0.05681724 
4.879828    0.02023129 
5.238556    -0.01858178 
5.563435    -0.05275504 
5.856104    -0.06670121 
6.126874    -0.05351580 
6.380059    -0.02443595 
6.614204    0.00914194 
6.827365    0.04290459 
7.018584    0.07575585 
7.188021    0.10708769 
7.337303    0.13625468 
7.469776    0.16282124 
7.589487    0.18702929 
7.703104    0.20883354 
7.817664    0.22904669 
7.943044    0.24780619 
8.093480    0.26467477 
8.290307    0.27601608 
8.556981    0.27059395 
8.890045    0.23255663 
9.244455    0.16922727 
9.582453    0.10461371 
9.894622    0.05002304 
10.180596    0.00394252 
10.442020    -0.03457684 
10.682039    -0.06216983 
10.908341    -0.07207691 
11.130003    -0.06243813 
11.351079    -0.03959118 
11.570422    -0.01140022 
11.785018    0.01788560 
11.991747    0.04703490 
12.187860    0.07580855 
12.371600    0.10386203 
12.543163    0.13056787 
12.705349    0.15526768 
12.862834    0.17789090 
13.023876    0.19730796 
13.198268    0.21286876 
13.397652    0.22247643 
13.633332    0.22143517 
13.910140    0.20766252 
14.222210    0.18069265 
14.555984    0.14584163 
14.900184    0.11080815 
15.248569    0.07875355 
15.598194    0.04983135 
15.946598    0.02284607 
16.290300    -0.00323984 
16.625129    -0.02734266 
16.948634    -0.04455533 
17.262431    -0.04825794 
17.569465    -0.03726474 
17.869777    -0.01730902 
18.161185    0.00558916 
18.441632    0.02855100 
18.710132    0.05081890 
18.966693    0.07228621 
19.212267    0.09280101 
19.448955    0.11202400 
19.680196    0.12944687 
19.910712    0.14440373 
20.146236    0.15607789 
20.393204    0.16351090 
20.658308    0.16561231 
20.947299    0.16127127 
21.262992    0.14979959 
21.603919    0.13158586 
21.964909    0.10813523 
22.338755    0.08121122 
22.717385    0.05185682 
23.091985    0.02021217 
23.452824    -0.01311063 
23.791375    -0.04330620 
24.106736    -0.05855498 
24.405844    -0.05061025 
24.692759    -0.02622144 
24.966004    0.00384744 
25.223056    0.03431074 
25.462756    0.06373960 
25.685420    0.09170545 
25.892792    0.11772488 
26.088197    0.14125782 
26.276569    0.16186337 
26.464350    0.17914948 
26.659405    0.19253759 
26.870897    0.20094476 
27.108451    0.20253006 
27.379665    0.19494937 
27.686264    0.17679686 
28.022041    0.14942625 
28.375811    0.11655038 
28.736635    0.08176975 
29.095803    0.04670120 
29.445531    0.01140369 
29.777330    -0.02337815 
30.084561    -0.05196232 
30.368990    -0.06301965 
30.638237    -0.05187141 
30.895831    -0.02671647 
31.140713    0.00316398 
31.370963    0.03370763 
31.585129    0.06384701 
31.782509    0.09313889 
31.963576    0.12103993 
32.130540    0.14697549 
32.287633    0.17054062 
32.441048    0.19152859 
32.598246    0.21025216 
32.770413    0.22497876 
32.970741    0.23389982 
33.213038    0.23246524 
33.503633    0.21429560 
33.833377    0.18031197 
34.182211    0.13684178 
34.533024    0.09255678 
34.876261    0.05142325 
35.206316    0.01342957 
35.518316    -0.02168289 
35.809159    -0.05006139 
36.081838    -0.06290598 
36.343900    -0.05542789 
36.599521    -0.03354078 
36.848100    -0.00597397 
37.087583    0.02264126 
37.316087    0.05097866 
37.532185    0.07870216 
37.735429    0.10538261 
37.927191    0.13037205 
38.111170    0.15300394 
38.293338    0.17267929 
38.481626    0.18867497 
38.685526    0.19973735 
38.915120    0.20371434 
39.178490    0.19785462 
39.477523    0.18055586 
39.805949    0.15358846 
40.153057    0.12161805 
40.509039    0.08898900 
40.867088    0.05765281 
41.222483    0.02753852 
41.570680    -0.00183038 
41.906830    -0.02896787 
42.228640    -0.04795591 
42.539253    -0.05102144 
42.843063    -0.03762950 
43.140429    -0.01512414 
43.428947    0.00978405 
43.706343    0.03423014 
43.971575    0.05753437 
44.224878    0.07957808 
44.467682    0.10015685 
44.702648    0.11886991 
44.933708    0.13518449 
45.165955    0.14849015 
45.405398    0.15808061 
45.658525    0.16310322 
45.931431    0.16260288 
46.228473    0.15580017 
46.550980    0.14255113 
46.896864    0.12363494 
47.261328    0.10045962 
47.637800    0.07429144 
48.018427    0.04565389 
48.394033    0.01443246 
48.754396    -0.01845099 
49.091436    -0.04694181 
49.405782    -0.05848368 
49.704416    -0.04694651 
49.989836    -0.02094162 
50.259810    0.00941601 
50.512016    0.03983597 
50.745640    0.06923624 
50.961324    0.09718733 
51.161150    0.12319379 
51.348749    0.14675429 
51.529291    0.16748067 
51.709406    0.18503314 
51.897228    0.19886919 
52.102441    0.20786222 
52.335617    0.20992975 
52.605562    0.20219508 
52.914411    0.18258535 
53.254512    0.15229160 
53.612009    0.11573798 
53.973372    0.07730116 
54.327931    0.03892669 
54.666519    0.00081026 
54.980727    -0.03520242 
55.267195    -0.06090640 
55.532225    -0.06522387 
55.784181    -0.04830000 
56.025376    -0.02036165 
56.254364    0.01074292 
56.469238    0.04218297 
56.668410    0.07324019 
56.850950    0.10339977 
57.017422    0.13195283 
57.170010    0.15847814 
57.314278    0.18235586 
57.457377    0.20360444 
57.608690    0.22202083 
57.780471    0.23671848 
57.988672    0.24362285 
58.247344    0.23665498 
58.556474    0.20932787 
58.896059    0.16553699 
59.242991    0.11739970 
59.584979    0.07317623 
59.916975    0.03397572 
60.236407    -0.00116271 
60.540776    -0.03184196 
60.829849    -0.05316338 
61.108301    -0.05797152 
61.381824    -0.04554117 
61.651801    -0.02297648 
61.916318    0.00274645 
62.173005    0.02848323 
62.420159    0.05346729 
62.656942    0.07756461 
62.883626    0.10051190 
63.102016    0.12178806 
63.315731    0.14072271 
63.530113    0.15657404 
63.751840    0.16847345 
63.988313    0.17531181 
64.246564    0.17576958 
64.531481    0.16874146 
64.843970    0.15415481 
65.180662    0.13343432 
65.535507    0.10885289 
65.901832    0.08239218 
66.273344    0.05494546 
66.643720    0.02635379 
67.005795    -0.00348567 
67.352288    -0.03206661 
67.680103    -0.05125999 
67.993410    -0.05162021 
68.297042    -0.03417164 
68.590830    -0.00824019 
68.872270    0.01935933 
69.139518    0.04619066 
69.392154    0.07166064 
69.631191    0.09547498 
69.859097    0.11722849 
70.079802    0.13641282 
70.298555    0.15247303 
70.521699    0.16478196 
70.756428    0.17253098 
71.010197    0.17463976 
71.289314    0.16990477 
71.596872    0.15758338 
71.931321    0.13813317 
72.287018    0.11327605 
72.656180    0.08504892 
73.030393    0.05470177 
73.400751    0.02243868 
73.757475    -0.01132842 
74.091824    -0.04230638 
74.402437    -0.05918733 
74.696359    -0.05302712 
74.978331    -0.02956658 
75.247243    0.00031423 
75.500590    0.03095467 
75.736951    0.06076462 
75.956259    0.08927041 
76.159867    0.11598973 
76.350799    0.14037298 
76.533842    0.16195032 
76.715453    0.18031788 
76.903668    0.19491311 
77.108042    0.20464245 
77.338944    0.20751399 
77.605016    0.20079322 
77.908688    0.18255590 
78.243392    0.15401029 
78.596820    0.11940673 
78.956895    0.08299159 
79.314172    0.04672382 
79.660576    0.01068741 
79.987961    -0.02438271 
80.290741    -0.05273007 
80.571702    -0.06331533 
80.838793    -0.05194923 
81.095582    -0.02681671 
81.341011    0.00298381 
81.573091    0.03343710 
81.790303    0.06348274 
81.991879    0.09269273 
82.178277    0.12050137 
82.351865    0.14625939 
82.517236    0.16945326 
82.680502    0.19016167 
82.851100    0.20711320 
83.040174    0.21933769 
83.260553    0.22401034 
83.522907    0.21590159 
83.828153    0.19340007 
84.164372    0.15815737 
84.514607    0.11756326 
84.866125    0.07768560 
85.211521    0.04049560 
85.545646    0.00555160 
85.863819    -0.02663028 
86.163822    -0.05098879 
86.449529    -0.05884690 
86.727557    -0.04762053 
87.000321    -0.02448864 
87.266322    0.00256436 
87.523366    0.02979326 
87.769906    0.05617624 
88.005340    0.08140288 
88.230363    0.10506613 
88.447401    0.12657108 
88.660778    0.14523725 
88.876488    0.16031836 
89.101676    0.17089753 
89.343842    0.17579714 
89.609522    0.17373962 
89.902409    0.16394309 
90.221942    0.14690806 
90.563705    0.12454283 
90.921363    0.09923573 
91.288530    0.07269149 
91.659293    0.04540519 
92.027536    0.01706682 
92.386272    -0.01202761 
92.729136    -0.03811389 
93.055028    -0.05214916 
93.368768    -0.04704539 
93.673561    -0.02697915 
93.968114    -0.00098443 
94.249942    0.02565266 
94.517618    0.05128586 
94.771148    0.07555219 
95.011880    0.09820397 
95.242482    0.11884130 
95.466945    0.13695797 
95.690490    0.15199822 
95.919397    0.16331759 
96.160700    0.17007666 
96.421472    0.17119777 
96.707439    0.16557821 
97.021200    0.15264738 
97.361084    0.13294259 
97.721614    0.10802622 
98.094998    0.07960572 
98.472254    0.04862431 
98.843255    0.01516497 
99.196765    -0.01981319 
99.523972    -0.04990141 
99.826033    -0.06176700 
100.111204    -0.04943545 
100.382906    -0.02231831 
100.639486    0.00923429 
100.878842    0.04096899 
101.099995    0.07179076 
101.303221    0.10118948 
101.490316    0.12857709 
101.664894    0.15340616 
101.832421    0.17531152 
102.000094    0.19400765 
102.176420    0.20952145 
102.373048    0.21941737 
102.602433    0.22059078 
102.873564    0.21053816 
103.186089    0.18615785 
103.527617    0.15026783 
103.881374    0.10947659 
104.234246    0.06886444 
104.577531    0.02993477 
104.904195    -0.00741029 
105.208294    -0.04081202 
105.489341    -0.06184794 
105.754626    -0.06170001 
106.011055    -0.04284569 
106.259669    -0.01507555 
106.498586    0.01494583 
106.725765    0.04493921 
106.939672    0.07433018 
107.139687    0.10265524 
107.326887    0.12924051 
107.504663    0.15339708 
107.678782    0.17456353 
107.856610    0.19267184 
108.048623    0.20570080 
108.266325    0.21118038 
108.519183    0.20725973 
108.810651    0.19061055 
109.134291    0.16238714 
109.477843    0.12795283 
109.830297    0.09273195 
110.184380    0.05925423 
110.535015    0.02753339 
110.877279    -0.00304418 
111.206243    -0.03099534 
111.519959    -0.05016592 
111.822070    -0.05273375 
112.117223    -0.03858348 
112.405960    -0.01536829 
112.686225    0.01024779 
112.956070    0.03550842 
113.214553    0.05974288 
113.461830    0.08274859 
113.699284    0.10419324 
113.929744    0.12354851 
114.157549    0.14016509 
114.388359    0.15330286 
114.628736    0.16209056 
114.885452    0.16550500 
115.164326    0.16252789 
115.468675    0.15258606 
115.798128    0.13606534 
116.148749    0.11438194 
116.514456    0.08931656 
116.888378    0.06207139 
117.263157    0.03291090 
117.630487    0.00183165 
117.981634    -0.02902529 
118.311816    -0.05153968 
118.624863    -0.05452893 
118.926780    -0.03749409 
119.218153    -0.01048441 
119.496590    0.01863108 
119.760253    0.04699080 
120.008797    0.07386498 
120.243382    0.09886057 
120.466707    0.12148549 
120.683022    0.14119347 
120.897988    0.15743116 
121.118439    0.16955508 
121.351996    0.17667754 
121.606231    0.17760718 
121.887034    0.17113310 
122.196588    0.15676045 
122.532303    0.13539482 
122.887841    0.10910470 
123.255254    0.07996272 
123.626278    0.04903044 
123.992137    0.01636220 
124.343107    -0.01735329 
124.671114    -0.04676535 
124.976375    -0.05997359 
125.266198    -0.05022459 
125.544234    -0.02517907 
125.809061    0.00494990 
126.058484    0.03547666 
126.291346    0.06514747 
126.507722    0.09350459 
126.709119    0.12002766 
126.898784    0.14414056 
127.081821    0.16534636 
127.265093    0.18317969 
127.457131    0.19693447 
127.667919    0.20525119 
127.907743    0.20581507 
128.183937    0.19586269 
128.496363    0.17420659 
128.836335    0.14322136 
129.191372    0.10760095 
129.550318    0.07105228 
129.904287    0.03480736 
130.245023    -0.00122960 
130.564628    -0.03513219 
130.860021    -0.05873066 
131.137073    -0.06149231 
131.403173    -0.04396231 
131.659894    -0.01618699 
131.905463    0.01429530 
132.137961    0.04478992 
132.356118    0.07460015 
132.559641    0.10322216 
132.749913    0.12995793 
132.930582    0.15410155 
133.107636    0.17507636 
133.289180    0.19226005 
133.485234    0.20452472 
133.706993    0.20969057 
133.964068    0.20452818 
134.259224    0.18657899 
134.585308    0.15732207 
134.929693    0.12213844 
135.281199    0.08620977 
135.632358    0.05185659 
135.977813    0.01907199 
136.312523    -0.01226937 
136.632376    -0.03928497 
136.937800    -0.05430320 
137.234283    -0.05085336 
137.525764    -0.03226294 
137.811561    -0.00710114 
138.089305    0.01906499 
138.357238    0.04432860 
138.614716    0.06824891 
138.862299    0.09056108 
139.101929    0.11082454 
139.337052    0.12844822 
139.572498    0.14276157 
139.814076    0.15302354 
140.067953    0.15841387 
140.339737    0.15812581 
140.633323    0.15165428 
140.949909    0.13917102 
141.287794    0.12164222 
141.643123    0.10048188 
142.010947    0.07688237 
142.385672    0.05129666 
142.760683    0.02351006 
143.127831    -0.00634902 
143.478734    -0.03500577 
143.810062    -0.05289842 
144.126366    -0.05029667 
144.431915    -0.03005193 
144.725781    -0.00239181 
145.005371    0.02631362 
145.269200    0.05402499 
145.517370    0.08020818 
145.751494    0.10447508 
145.974680    0.12633139 
146.191505    0.14524584 
146.407874    0.16067051 
146.630811    0.17193251 
146.868061    0.17807469 
147.127163    0.17782382 
147.413695    0.16993442 
147.729193    0.15396948 
148.070219    0.13094200 
148.429540    0.10294988 
148.798234    0.07195030 
149.166798    0.03881787 
149.524893    0.00368098 
149.861781    -0.03140438 
150.171501    -0.05754942 
150.459020    -0.06185704 
150.732441    -0.04372456 
150.993555    -0.01438575 
151.240463    0.01773101 
151.471300    0.04970534 
151.685126    0.08072946 
151.882243    0.11020072 
152.064754    0.13742252 
152.236932    0.16181320 
152.405163    0.18298300 
152.577824    0.20049631 
152.764878    0.21403664 
152.979152    0.22009615 
153.231943    0.21469851 
153.526858    0.19590987 
153.855433    0.16388817 
154.201782    0.12476280 
154.552105    0.08480452 
154.897709    0.04674714 
155.232566    0.01058907 
155.551130    -0.02331564 
155.849984    -0.05030305 
156.132253    -0.06109668 
156.405229    -0.05152244 
156.672301    -0.02834615 
156.932268    -0.00029600 
157.182883    0.02831609 
157.422483    0.05628381 
157.650295    0.08323013 
157.866832    0.10866031 
158.074469    0.13187362 
158.277745    0.15211202 
158.483189    0.16857991 
158.698835    0.18025941 
158.933322    0.18569343 
159.194089    0.18311578 
159.484688    0.17135626 
159.803042    0.15116091 
160.142743    0.12530068 
160.496205    0.09694827 
160.856754    0.06809565 
161.218635    0.03915392 
161.575949    0.00972227 
161.922193    -0.01950787 
162.252432    -0.04370957 
162.567686    -0.05359355 
162.873330    -0.04445527 
163.171681    -0.02242635 
163.461130    0.00404017 
163.739498    0.03065993 
164.005667    0.05617371 
164.259810    0.08020961 
164.503447    0.10238196 
164.739592    0.12214005 
164.972751    0.13883094 
165.208681    0.15173222 
165.453921    0.16001519 
165.715071    0.16273130 
165.997618    0.15898008 
166.304468    0.14834028 
166.634934    0.13133011 
166.985059    0.10938353 
167.348954    0.08414452 
167.719914    0.05664135 
168.090553    0.02705676 
168.452389    -0.00440583 
168.796921    -0.03470469 
169.120821    -0.05439975 
169.429266    -0.05312497 
169.727631    -0.03311140 
170.015653    -0.00489518 
170.290867    0.02465496 
170.551638    0.05325691 
170.797822    0.08026150 
171.030828    0.10518549 
171.253735    0.12745056 
171.471303    0.14645688 
171.689761    0.16158595 
171.916442    0.17207381 
172.159140    0.17687411 
172.424845    0.17473578 
172.717824    0.16472886 
173.037925    0.14705871 
173.380606    0.12335598 
173.738802    0.09588466 
174.104856    0.06631217 
174.470984    0.03513397 
174.828576    0.00230836 
175.168407    -0.03022964 
175.485129    -0.05437507 
175.782649    -0.05844292 
176.067717    -0.04151775 
176.341603    -0.01377798 
176.602276    0.01668065 
176.847888    0.04691137 
177.077691    0.07613118 
177.292214    0.10384723 
177.493609    0.12944579 
177.685974    0.15230280 
177.875380    0.17185650 
178.069724    0.18744688 
178.278480    0.19795744 
178.511864    0.20145863 
178.778346    0.19537966 
179.080452    0.17797988 
179.412300    0.15048813 
179.762585    0.11698433 
180.119923    0.08154209 
180.475114    0.04608413 
180.820161    0.01071867 
181.147239    -0.02376179 
181.451285    -0.05168826 
181.735381    -0.06225204 
182.007614    -0.05108065 
182.271665    -0.02604429 
182.526440    0.00370615 
182.769897    0.03400042 
183.000576    0.06368136 
183.217942    0.09223424 
183.422979    0.11898361 
183.618852    0.14314221 
183.811121    0.16397298 
184.007516    0.18069499 
184.217498    0.19212726 
184.451215    0.19632402 
184.716855    0.19079781 
185.016571    0.17409122 
185.344603    0.14784863 
185.690712    0.11638457 
186.045244    0.08376674 
186.401097    0.05191678 
186.752744    0.02090814 
187.094876    -0.00927842 
187.422973    -0.03597458 
187.736694    -0.05185992 
188.040959    -0.05000514 
188.339865    -0.03273721 
188.633028    -0.00838056 
188.918216    0.01720214 
189.193798    0.04187278 
189.459335    0.06512166 
189.715584    0.08670229 
189.964569    0.10621645 
190.209660    0.12310603 
190.455468    0.13671961 
190.707482    0.14633924 
190.971463    0.15119591 
191.252565    0.15057298 
191.554279    0.14406172 
191.877583    0.13185316 
192.220786    0.11480556 
192.580170    0.09411390 
192.950812    0.07071620 
193.326849    0.04489313 
193.701073    0.01644651 
194.064687    -0.01397094 
194.409642    -0.04150756 
194.734739    -0.05503666 
195.045799    -0.04695086 
195.346061    -0.02344003 
195.633950    0.00541589 
195.907160    0.03454946 
196.164711    0.06248630 
196.407182    0.08872692 
196.636697    0.11278687 
196.856977    0.13410783 
197.073284    0.15212570 
197.292243    0.16622430 
197.521530    0.17557345 
197.769203    0.17899044 
198.042255    0.17507097 
198.344408    0.16282701 
198.674308    0.14258572 
199.025804    0.11618872 
199.390132    0.08597892 
199.757861    0.05348900 
200.119225    0.01908766 
200.463770    -0.01651177 
200.782896    -0.04802156 
201.076961    -0.06307848 
201.354506    -0.05407817 
201.620535    -0.02858914 
201.874341    0.00269246 
202.113901    0.03474409 
202.337821    0.06614740 
202.545748    0.09628124 
202.738918    0.12443941 
202.920734    0.14991176 
203.096909    0.17215015 
203.275317    0.19064433 
203.465907    0.20448771 
203.680342    0.21176447 
203.929872    0.20921989 
204.219892    0.19354052 
204.544654    0.16487492 
204.890088    0.12832449 
205.242390    0.08996346 
205.592185    0.05295352 
205.933133    0.01764295 
206.259676    -0.01589595 
206.567753    -0.04418090 
206.858903    -0.05866020 
207.139959    -0.05323472 
207.415297    -0.03259415 
207.684331    -0.00573287 
207.944879    0.02208447 
208.195330    0.04918933 
208.435082    0.07515168 
208.664752    0.09957017 
208.886586    0.12182227 
209.104743    0.14115559 
209.325196    0.15674298 
209.555260    0.16759396 
209.802682    0.17245306 
210.074025    0.16997613 
210.372541    0.15942610 
210.696879    0.14152061 
211.041931    0.11839022 
211.401054    0.09246362 
211.767757    0.06531999 
212.135883    0.03730757 
212.498902    0.00819411 
212.849753    -0.02095772 
213.183428    -0.04466616 
213.501424    -0.05320184 
213.809295    -0.04254557 
214.109080    -0.01965117 
214.399112    0.00708919 
214.677471    0.03368976 
214.943450    0.05900953 
215.197704    0.08267411 
215.442264    0.10427631 
215.680602    0.12326219 
215.917584    0.13898624 
216.159190    0.15072311 
216.412035    0.15762503 
216.682535    0.15873999 
216.975620    0.15324670 
217.293263    0.14092259 
217.633743    0.12251507 
217.992260    0.09952484 
218.362288    0.07341862 
218.736458    0.04494116 
219.106506    0.01419193 
219.463235    -0.01781020 
219.799318    -0.04538329 
220.115419    -0.05689367 
220.418429    -0.04630463 
220.711443    -0.02137200 
220.992881    0.00802391 
221.260672    0.03734202 
221.514036    0.06529364 
221.753699    0.09136904 
221.981986    0.11503288 
222.202910    0.13568324 
222.422094    0.15270334 
222.646481    0.16538972 
222.883833    0.17280428 
223.141743    0.17373597 
223.425896    0.16703159 
223.738058    0.15236121 
224.075234    0.13083291 
224.430924    0.10461744 
224.797323    0.07574138 
225.166500    0.04515405 
225.530082    0.01289457 
225.878873    -0.02009392 
226.205674    -0.04797266 
226.511549    -0.05900268 
226.803561    -0.04772444 
227.084746    -0.02231547 
227.353610    0.00754634 
227.608182    0.03758240 
227.847560    0.06662466 
228.072123    0.09418399 
228.283771    0.11969404 
228.486224    0.14251696 
228.685125    0.16203312 
228.887892    0.17754783 
229.103405    0.18801719 
229.341183    0.19177999 
229.609261    0.18672393 
229.910763    0.17142774 
230.241645    0.14679485 
230.592532    0.11609050 
230.952943    0.08282425 
231.313645    0.04886134 
231.666272    0.01444556 
232.002525    -0.01972629 
232.316437    -0.04846069 
232.609955    -0.06085225 
232.890963    -0.05120114 
233.163465    -0.02677132 
233.426414    0.00278811 
233.677736    0.03285373 
233.916141    0.06210536 
234.141468    0.09001128 
234.355105    0.11593018 
234.560492    0.13910060 
234.763269    0.15876549 
234.971039    0.17408785 
235.192842    0.18387093 
235.437959    0.18635125 
235.713392    0.17958032 
236.020585    0.16279127 
236.354326    0.13774112 
236.705582    0.10802261 
237.065375    0.07684294 
237.426340    0.04566077 
237.782061    0.01455540 
238.126297    -0.01591165 
238.454503    -0.04160842 
238.767812    -0.05377610 
239.072114    -0.04688804 
239.370608    -0.02614441 
239.662081    -0.00030413 
239.944360    0.02574481 
240.216309    0.05047202 
240.478138    0.07348251 
240.731367    0.09445642 
240.978858    0.11291845 
241.224781    0.12827816 
241.474366    0.13987606 
241.733410    0.14699127 
242.007515    0.14888928 
242.301067    0.14500961 
242.616221    0.13527179 
242.952399    0.12027113 
243.306615    0.10111814 
243.674315    0.07892518 
244.049980    0.05428420 
244.427043    0.02716950 
244.797463    -0.00229299 
245.152667    -0.03134523 
245.488326    -0.05117130 
245.808232    -0.05127372 
246.117219    -0.03274683 
246.415053    -0.00567486 
246.699400    0.02286791 
246.968865    0.05042457 
247.223636    0.07633002 
247.465424    0.10017484 
247.697428    0.12146606 
247.924303    0.13965735 
248.152010    0.15415630 
248.387532    0.16423235 
248.638326    0.16891354 
248.911209    0.16705161 
249.210643    0.15773548 
249.537040    0.14095364 
249.886385    0.11790486 
250.251491    0.09043118 
250.623639    0.05996649 
250.993187    0.02698146 
251.349363    -0.00810324 
251.681985    -0.04131369 
251.988398    -0.06100272 
252.276092    -0.05652024 
252.551231    -0.03291735 
252.813659    -0.00186272 
253.061313    0.03034866 
253.292838    0.06184409 
253.508071    0.09194138 
253.708428    0.11996097 
253.897369    0.14520207 
254.080541    0.16709000 
254.265636    0.18507546 
254.462253    0.19825520 
254.681443    0.20486426 
254.933743    0.20207807 
255.224545    0.18715408 
255.549552    0.16023158 
255.896529    0.12552814 
256.252200    0.08829693 
256.606386    0.05150676 
256.951431    0.01567511 
257.280599    -0.01872129 
257.589442    -0.04724700 
257.880408    -0.06019930 
258.161239    -0.05201323 
258.436072    -0.02903620 
258.703895    -0.00069438 
258.962422    0.02811771 
259.210130    0.05594177 
259.446690    0.08229764 
259.673291    0.10665532 
259.893009    0.12831415 
260.110893    0.14650301 
260.333660    0.16037138 
260.569029    0.16886524 
260.824546    0.17070314 
261.105705    0.16475782 
261.413976    0.15089590 
261.746338    0.13055637 
262.096925    0.10617395 
262.459232    0.07990715 
262.827170    0.05279189 
263.194743    0.02481118 
263.555380    -0.00400718 
263.902632    -0.03118449 
264.233888    -0.04918763 
264.552894    -0.04945738 
264.863902    -0.03294743 
265.166710    -0.00834522 
265.459081    0.01777033 
265.739529    0.04292765 
266.008013    0.06649848 
266.265871    0.08818919 
266.515759    0.10759237 
266.761634    0.12416816 
267.008596    0.13729361 
267.262548    0.14626561 
267.529625    0.15029472 
267.815292    0.14860209 
268.123150    0.14069496 
268.453895    0.12671316 
268.805070    0.10752456 
269.171730    0.08433004 
269.547323    0.05802362 
269.924002    0.02886753 
270.292476    -0.00282483 
270.643255    -0.03390462 
270.972244    -0.05444434 
271.284645    -0.05321807 
271.586069    -0.03252073 
271.876268    -0.00353977 
272.152894    0.02659759 
272.414624    0.05555254 
272.661780    0.08260801 
272.896359    0.10721966 
273.122078    0.12878640 
273.344291    0.14670062 
273.569718    0.16030819 
273.805977    0.16877118 
274.060744    0.17099468 
274.340231    0.16585338 
274.647235    0.15283717 
274.979939    0.13271186 
275.332614    0.10739229 
275.697598    0.07891678 
276.066754    0.04843440 
276.431523    0.01614978 
276.782635    -0.01709392 
277.112563    -0.04595293 
277.421746    -0.05879591 
277.717327    -0.04899494 
278.002811    -0.02407506 
278.276758    0.00578343 
278.537059    0.03582545 
278.782753    0.06470854 
279.014289    0.09189727 
279.233726    0.11681059 
279.444966    0.13879451 
279.653762    0.15719279 
279.867490    0.17125562 
280.094667    0.17992117 
280.343912    0.18168927 
280.621856    0.17496422 
280.930439    0.15909805 
281.265720    0.13539565 
281.619714    0.10668406 
281.983458    0.07561623 
282.348494    0.04343423 
282.706460    0.01024115 
283.048758    -0.02285644 
283.369581    -0.04969349 
283.671484    -0.05893359 
283.961843    -0.04641477 
284.243360    -0.02070241 
284.514330    0.00894386 
284.772690    0.03852118 
285.017528    0.06691996 
285.249320    0.09361892 
285.470212    0.11798444 
285.684289    0.13928982 
285.897547    0.15679043 
286.117563    0.16962334 
286.352826    0.17661003 
286.611381    0.17623984 
286.898532    0.16720914 
287.214546    0.14950685 
287.554455    0.12500436 
287.910395    0.09654967 
288.274207    0.06637689 
288.638298    0.03533016 
288.995142    0.00352868 
289.337423    -0.02725832 
289.661448    -0.05008072 
289.971158    -0.05476630 
290.272857    -0.03986001 
290.567764    -0.01436953 
290.853700    0.01360361 
291.128719    0.04075816 
291.392306    0.06618075 
291.645485    0.08943710 
291.890861    0.11000230 
292.132582    0.12724770 
292.376093    0.14049691 
292.627614    0.14902119 
292.893347    0.15205086 
293.178373    0.14893962 
293.485468    0.13951334 
293.814413    0.12436678 
294.162284    0.10475558 
294.524447    0.08204546 
294.895415    0.05709633 
295.268960    0.03006954 
295.637759    0.00107254 
295.993976    -0.02767619 
296.333155    -0.04853865 
296.658281    -0.05117515 
296.974230    -0.03495187 
297.281074    -0.00922428 
297.576341    0.01837663 
297.858327    0.04493936 
298.126966    0.06968155 
298.383763    0.09222306 
298.631685    0.11211786 
298.875042    0.12884343 
299.119274    0.14182889 
299.370578    0.15042605 
299.635299    0.15388883 
299.918988    0.15148077 
300.225200    0.14276861 
300.554501    0.12795980 
300.904289    0.10795518 
301.269473    0.08392894 
301.643269    0.05669574 
302.017375    0.02642467 
302.381740    -0.00652538 
302.726213    -0.03836830 
303.047189    -0.05781099 
303.350887    -0.05375959 
303.642677    -0.03053445 
303.921822    0.00014910 
304.185907    0.03176792 
304.433623    0.06233757 
304.665232    0.09114832 
304.882741    0.11754612 
305.090101    0.14085282 
305.293182    0.16045163 
305.499546    0.17568359 
305.718067    0.18557448 
305.958079    0.18860006 
306.227364    0.18288526 
306.529024    0.16725535 
306.859400    0.14262631 
307.209581    0.11197309 
307.569123    0.07847156 
307.928309    0.04382964 
308.278019    0.00840101 
308.609448    -0.02641379 
308.917524    -0.05373519 
309.206468    -0.06182201 
309.484781    -0.04753028 
309.755402    -0.02030413 
310.016636    0.01067338 
310.266240    0.04161829 
310.502897    0.07143255 
310.726717    0.09945320 
310.939824    0.12487875 
311.146729    0.14687059 
311.354181    0.16460845 
311.570634    0.17709820 
311.805304    0.18290892 
312.066274    0.18026033 
312.357566    0.16793998 
312.677040    0.14672066 
313.017646    0.11954951 
313.370971    0.08981747 
313.729680    0.05961548 
314.087598    0.02943347 
314.438762    -0.00073584 
314.777557    -0.02899267 
315.101762    -0.04875027 
315.415295    -0.05146672 
315.723197    -0.03676416 
316.025928    -0.01285596 
316.321180    0.01308238 
316.607003    0.03808261 
316.882830    0.06135235 
317.149512    0.08258489 
317.409264    0.10138718 
317.665600    0.11722804 
317.923136    0.12950287 
318.187157    0.13757643 
318.462976    0.14082455 
318.755096    0.13875094 
319.066330    0.13119228 
319.397212    0.11848402 
319.745976    0.10141106 
320.109046    0.08087443 
320.481533    0.05745532 
320.857297    0.03123734 
321.228675    0.00233298 
321.587164    -0.02702605 
321.927606    -0.04891826 
322.252965    -0.05212139 
322.568639    -0.03548320 
322.874917    -0.00877624 
323.169251    0.01995600 
323.449851    0.04764953 
323.716655    0.07342042 
323.971322    0.09677330 
324.217125    0.11716652 
324.458798    0.13402293 
324.702241    0.14673940 
324.954066    0.15462744 
325.220866    0.15688976 
325.508096    0.15277496 
325.818720    0.14194914 
326.152274    0.12485453 
326.504971    0.10265258 
326.870673    0.07664870 
327.241778    0.04762526 
327.609347    0.01576712 
327.963185    -0.01786794 
328.294930    -0.04728365 
328.605176    -0.05969215 
328.901736    -0.04828918 
329.188142    -0.02159514 
329.462706    0.00979753 
329.723161    0.04120148 
329.968514    0.07124618 
330.199418    0.09923583 
330.418469    0.12443264 
330.630368    0.14610044 
330.841764    0.16353597 
331.060828    0.17589539 
331.296526    0.18195263 
331.557092    0.18011190 
331.847454    0.16907560 
332.166844    0.14905806 
332.508963    0.12227963 
332.864858    0.09177792 
333.225648    0.05969731 
333.583138    0.02670446 
333.929171    -0.00688683 
334.256487    -0.03794861 
334.563593    -0.05721045 
334.857045    -0.05525662 
335.142805    -0.03493878 
335.420975    -0.00655776 
335.689263    0.02323371 
335.945919    0.05218078 
336.190488    0.07957412 
336.424124    0.10480855 
336.649926    0.12713459 
336.873023    0.14574653 
337.100256    0.15978061 
337.339485    0.16819102 
337.598373    0.16972138 
337.882473    0.16327846 
338.193237    0.14874649 
338.527480    0.12753575 
338.878946    0.10202468 
339.240511    0.07429799 
339.605251    0.04531869 
339.966191    0.01515535 
340.315998    -0.01545763 
340.648951    -0.04195638 
340.965722    -0.05455113 
341.272629    -0.04691698 
341.573160    -0.02471228 
341.866033    0.00269043 
342.148982    0.03025105 
342.420870    0.05638355 
342.682085    0.08054862 
342.934588    0.10223531 
343.181952    0.12080278 
343.429213    0.13554037 
343.682433    0.14568965 
343.947965    0.15044267 
344.231378    0.14905242 
344.536172    0.14114178 
344.862824    0.12705497 
345.208738    0.10788806 
345.569133    0.08502843 
345.938048    0.05949994 
346.308738    0.03165682 
346.673522    0.00174161 
347.024494    -0.02795109 
347.357539    -0.04964626 
347.676507    -0.05269807 
347.987311    -0.03627843 
348.290641    -0.00993302 
348.584170    0.01841416 
348.866112    0.04566501 
349.136296    0.07090380 
349.396235    0.09362145 
349.649073    0.11325427 
349.899413    0.12918605 
350.152945    0.14077674 
350.415855    0.14734852 
350.693969    0.14822793 
350.991643    0.14294817 
351.310714    0.13156174 
351.650051    0.11479792 
352.005991    0.09382000 
352.373210    0.06967503 
352.745289    0.04284505 
353.114618    0.01339412 
353.472475    -0.01756652 
353.811769    -0.04436720 
354.132980    -0.05554687 
354.442585    -0.04497957 
354.743355    -0.02016151 
355.033469    0.00907362 
355.310709    0.03811864 
355.574285    0.06560691 
355.825077    0.09096291 
356.065681    0.11360405 
356.300400    0.13288546 
356.535060    0.14813524 
356.776586    0.15859568 
357.032295    0.16334710 
357.308703    0.16140177 
357.609890    0.15211222 
357.936104    0.13572476 
358.283605    0.11352382 
358.645886    0.08723083 
359.015087    0.05809735 
359.382485    0.02651105 
359.738339    -0.00709994 
360.073456    -0.03902448 
360.385363    -0.05849605 
360.681034    -0.05504385 
360.966587    -0.03259766 
361.241918    -0.00239525 
361.504779    0.02899826 
361.753658    0.05948274 
361.988459    0.08828915 
362.210873    0.11469257 
362.424722    0.13790013 
362.635990    0.15714292 
362.852484    0.17157790 
363.083203    0.18003571 
363.337026    0.18090366 
363.620259    0.17259538 
363.933782    0.15477105 
364.272316    0.12925595 
364.626934    0.09920899 
364.988267    0.06723660 
365.347765    0.03439984 
365.697280    0.00094708 
366.029382    -0.03099740 
366.341270    -0.05372722 
366.638495    -0.05693530 
366.928318    -0.04027904 
367.212280    -0.01338298 
367.488395    0.01585121 
367.754737    0.04431653 
368.010650    0.07106915 
368.257093    0.09551111 
368.496903    0.11692545 
368.734821    0.13451138 
368.977101    0.14742459 
369.230724    0.15474715 
369.502187    0.15555235 
369.795935    0.14924684 
370.113038    0.13609429 
370.451044    0.11740028 
370.805132    0.09499086 
371.169572    0.07036820 
371.538455    0.04419469 
371.905534    0.01651397 
372.264061    -0.01198308 
372.608412    -0.03730141 
372.938272    -0.05059937 
373.258802    -0.04517313 
373.573332    -0.02522644 
373.880758    0.00029935 
374.178868    0.02605117 
374.466579    0.05022345 
374.744342    0.07229598 
375.014054    0.09191320 
375.278917    0.10862431 
375.543231    0.12190200 
375.812041    0.13118239 
376.090617    0.13589075 
376.383738    0.13551326 
376.694851    0.12975419 
377.025313    0.11871005 
377.374076    0.10290379 
377.737884    0.08306599 
378.111690    0.05975625 
378.488834    0.03312819 
378.860908    0.00335984 
379.218567    -0.02723845 
379.556125    -0.05032167 
379.876955    -0.05383703 
380.187292    -0.03651546 
380.487873    -0.00872124 
380.776321    0.02117956 
381.050925    0.05004066 
381.311688    0.07689980 
381.560416    0.10116382 
381.800688    0.12221165 
382.037698    0.13941096 
382.277908    0.15210099 
382.528487    0.15950671 
382.796408    0.16072738 
383.087073    0.15496943 
383.402764    0.14202750 
383.741795    0.12265274 
384.098989    0.09832712 
384.466996    0.07048819 
384.837239    0.03985488 
385.200009    0.00665581 
385.545032    -0.02718484 
385.866032    -0.05355947 
386.167022    -0.05957212 
386.456114    -0.04290681 
386.735455    -0.01419752 
387.003120    0.01749956 
387.257191    0.04874768 
387.497039    0.07848984 
387.723726    0.10599614 
387.940407    0.13046216 
388.152473    0.15109923 
388.367289    0.16710394 
388.593638    0.17742973 
388.840640    0.18059459 
389.115615    0.17494933 
389.421182    0.15972698 
389.753734    0.13619077 
390.105167    0.10730315 
390.466173    0.07594183 
390.828062    0.04355147 
391.182608    0.01039296 
391.521846    -0.02234216 
391.840885    -0.04872377 
392.142895    -0.05803581 
392.435644    -0.04615823 
392.722325    -0.02113122 
393.001514    0.00786283 
393.271154    0.03660249 
393.530294    0.06380774 
393.779501    0.08887661 
394.021136    0.11113337 
394.259467    0.12979279 
394.500409    0.14402031 
394.750864    0.15291307 
395.017639    0.15551925 
395.305940    0.15109773 
395.617881    0.13962870 
395.951926    0.12214714 
396.303711    0.10040069 
396.667510    0.07602188 
397.037172    0.04987560 
397.406160    0.02208864 
397.767348    -0.00690130 
398.114291    -0.03382381 
398.445425    -0.05023033 
398.765695    -0.04793029 
399.079514    -0.02941334 
399.386508    -0.00387907 
399.684521    0.02244129 
399.972307    0.04729366 
400.250159    0.07002301 
400.519874    0.09023506 
400.784630    0.10745423 
401.048771    0.12112958 
401.317428    0.13067903 
401.595955    0.13551940 
401.889175    0.13514256 
402.200508    0.12928038 
402.531227    0.11808205 
402.880174    0.10213613 
403.244004    0.08222992 
403.617649    0.05895796 
403.994515    0.03249838 
404.366405    0.00306737 
404.724362    -0.02700040 
405.063104    -0.04953981 
405.386051    -0.05293236 
405.699287    -0.03597906 
406.003554    -0.00875345 
406.296548    0.02049275 
406.576626    0.04859350 
406.843872    0.07457605 
407.100160    0.09786329 
407.349074    0.11785169 
407.595705    0.13391472 
407.846250    0.14540096 
408.107396    0.15159143 
408.385390    0.15174058 
408.684798    0.14531593 
409.007296    0.13236670 
409.351147    0.11369851 
409.711690    0.09056852 
410.082301    0.06404587 
410.454968    0.03456764 
410.820290    0.00238128 
411.168387    -0.03005373 
411.493968    -0.05380060 
411.801704    -0.05653414 
412.098701    -0.03792736 
412.386000    -0.00898802 
412.661433    0.02202945 
412.923347    0.05215119 
413.171629    0.08042713 
413.407957    0.10616397 
413.636005    0.12860668 
413.861404    0.14699484 
414.091378    0.16052027 
414.334051    0.16818034 
414.597230    0.16875793 
414.886472    0.16121776 
415.203067    0.14550981 
415.543472    0.12305699 
415.900798    0.09615134 
416.266918    0.06669907 
416.633436    0.03548261 
416.991515    0.00271229 
417.332427    -0.02948806 
417.651874    -0.05311004 
417.954662    -0.05688654 
418.248082    -0.03999154 
418.533737    -0.01248084 
418.809730    0.01744432 
419.074336    0.04663335 
419.327159    0.07411821 
419.569457    0.09925427 
419.804402    0.12128818 
420.037129    0.13940284 
420.274374    0.15272982 
420.523723    0.16027165 
420.792362    0.16093392 
421.085285    0.15390875 
421.403628    0.13934266 
421.744359    0.11864540 
422.101618    0.09389001 
422.468455    0.06675575 
422.837615    0.03793135 
423.201381    0.00755542 
423.551872    -0.02283088 
423.884247    -0.04685658 
424.201354    -0.05402758 
424.509829    -0.04113363 
424.811820    -0.01644166 
425.105615    0.01136582 
425.389416    0.03842242 
425.662826    0.06356048 
425.927058    0.08625108 
426.184931    0.10593237 
426.440771    0.12195542 
426.700043    0.13363459 
426.968722    0.14027257 
427.252386    0.14123015 
427.555123    0.13612941 
427.878576    0.12512600 
428.221612    0.10899693 
428.580747    0.08886261 
428.950908    0.06567476 
429.325892    0.03985314 
429.698347    0.01152257 
430.060084    -0.01799437 
430.404931    -0.04294820 
430.733926    -0.05261173 
431.053173    -0.04185487 
431.365093    -0.01801512 
431.667956    0.00963016 
431.959821    0.03664884 
432.240271    0.06167461 
432.510590    0.08416278 
432.773657    0.10360795 
433.033738    0.11944797 
433.296135    0.13109601 
433.566647    0.13795236 
433.850806    0.13944774 
434.152944    0.13519496 
434.475276    0.12521210 
434.817398    0.11003174 
435.176416    0.09052328 
435.547458    0.06747488 
435.924043    0.04123396 
436.298041    0.01188302 
436.660023    -0.01920173 
437.002632    -0.04562619 
437.326894    -0.05525721 
437.639563    -0.04277380 
437.943064    -0.01678138 
438.235481    0.01292299 
438.514852    0.04203780 
438.780818    0.06926553 
439.034813    0.09397430 
439.280066    0.11552700 
439.521488    0.13325223 
439.765333    0.14645705 
440.018625    0.15437067 
440.288228    0.15614186 
440.579528    0.15105714 
440.894992    0.13898014 
441.233398    0.12066837 
441.590263    0.09753782 
441.958973    0.07093841 
442.331573    0.04152963 
442.698796    0.00946739 
443.050494    -0.02365045 
443.379697    -0.05050664 
443.689154    -0.05834188 
443.986676    -0.04341310 
444.274725    -0.01567139 
444.551487    0.01538196 
444.815110    0.04592818 
445.065142    0.07480571 
445.302860    0.10129999 
445.531544    0.12462733 
445.756539    0.14398101 
445.984948    0.15852244 
446.224962    0.16723695 
446.484677    0.16887363 
446.770150    0.16229188 
447.083238    0.14728672 
447.420801    0.12520424 
447.776129    0.09842649 
448.141181    0.06905165 
448.507720    0.03802721 
448.867179    0.00557855 
449.211022    -0.02649982 
449.534576    -0.05093440 
449.841929    -0.05652198 
450.140435    -0.04121206 
450.432081    -0.01453588 
450.715033    0.01486585 
450.987504    0.04346790 
451.249101    0.07018622 
451.501114    0.09437680 
451.746704    0.11530738 
451.990853    0.13217463 
452.239921    0.14414271 
452.500811    0.15033260 
452.779731    0.14992236 
453.080683    0.14249868 
453.404343    0.12850050 
453.748080    0.10926581 
454.107054    0.08646150 
454.475416    0.06132098 
454.846777    0.03429476 
455.214047    0.00555651 
455.569890    -0.02313040 
455.909908    -0.04532128 
456.236749    -0.05108882 
456.556095    -0.03791339 
456.869325    -0.01392644 
457.174481    0.01264678 
457.469833    0.03816260 
457.755186    0.06152857 
458.031958    0.08229089 
458.303020    0.09999650 
458.572463    0.11412456 
458.845206    0.12413416 
459.126423    0.12950662 
459.420828    0.12981620 
459.731880    0.12486711 
460.061144    0.11483131 
460.408026    0.10024904 
460.769944    0.08181840 
461.142648    0.06006279 
461.520343    0.03512956 
461.895545    0.00713760 
462.259635    -0.02211039 
462.606496    -0.04566236 
462.937911    -0.05209743 
463.259680    -0.03803059 
463.573058    -0.01236184 
463.875815    0.01604671 
464.166135    0.04344328 
464.443947    0.06868931 
464.710978    0.09122929 
464.970596    0.11051282 
465.227566    0.12595698 
465.487649    0.13696357 
465.757009    0.14291015 
466.041386    0.14319934 
466.345068    0.13744251 
466.669923    0.12571107 
467.014939    0.10862939 
467.376444    0.08712950 
467.748662    0.06196918 
468.123990    0.03340197 
468.492912    0.00164433 
468.845052    -0.03066853 
469.174703    -0.05406246 
469.486488    -0.05577868 
469.787234    -0.03601942 
470.077552    -0.00629393 
470.355125    0.02523069 
470.618394    0.05570145 
470.867492    0.08415008 
471.104476    0.10981889 
471.333482    0.13191075 
471.560603    0.14964431 
471.793445    0.16218182 
472.040332    0.16847654 
472.308918    0.16730708 
472.604125    0.15777423 
472.926257    0.14012385 
473.270855    0.11604865 
473.630478    0.08786086 
473.996658    0.05724163 
474.360541    0.02475674 
474.712728    -0.00905325 
475.044957    -0.04025784 
475.356035    -0.05820739 
475.653438    -0.05347112 
475.943023    -0.03068128 
476.224547    -0.00082912 
476.495825    0.02979617 
476.755507    0.05913476 
477.003792    0.08636419 
477.242821    0.11068874 
477.476913    0.13122035 
477.712365    0.14704682 
477.956774    0.15718074 
478.217848    0.16051742 
478.501648    0.15609269 
478.810662    0.14373875 
479.142999    0.12462361 
479.493473    0.10089256 
479.855560    0.07457685 
480.222594    0.04675583 
480.587768    0.01764757 
480.943946    -0.01204042 
481.285369    -0.03823495 
481.612063    -0.05180868 
481.929833    -0.04596552 
482.242391    -0.02532269 
482.548748    0.00080512 
482.846770    0.02695653 
483.135477    0.05128727 
483.415490    0.07320996 
483.688956    0.09228255 
483.959399    0.10797670 
484.231399    0.11971560 
484.510059    0.12693531 
484.800283    0.12915294 
485.105945    0.12608982 
485.429165    0.11782549 
485.769954    0.10484867 
486.126326    0.08789894 
486.494687    0.06764157 
486.870093    0.04438611 
487.246169    0.01817720 
487.615171    -0.01018468 
487.969929    -0.03642351 
488.308953    -0.05065928 
488.637361    -0.04490639 
488.958605    -0.02361409 
489.271402    0.00340243 
489.573485    0.03045453 
489.863986    0.05562927 
490.143840    0.07826721 
490.415639    0.09787057 
490.683392    0.11390328 
490.952164    0.12581094 
491.227554    0.13303769 
491.514994    0.13506007 
491.818884    0.13150542 
492.141728    0.12233495 
492.483580    0.10794701 
492.842018    0.08904707 
493.212486    0.06629718 
493.588546    0.03999286 
493.961835    0.01025552 
494.322548    -0.02129830 
494.663310    -0.04759071 
494.985832    -0.05586169 
495.297198    -0.04154696 
495.599499    -0.01421154 
495.890597    0.01639646 
496.168519    0.04622646 
496.433003    0.07401244 
496.685726    0.09902563 
496.930335    0.12052314 
497.172286    0.13775571 
497.418389    0.14996109 
497.676045    0.15629419 
497.952079    0.15587329 
498.251171    0.14811171 
498.574436    0.13322334 
498.919101    0.11240014 
499.279480    0.08730116 
499.648292    0.05920427 
500.017245    0.02857855 
500.376991    -0.00415572 
500.718494    -0.03569505 
501.038690    -0.05600511 
501.343869    -0.05420639 
501.640313    -0.03296827 
501.928132    -0.00346349 
502.205081    0.02722010 
502.469735    0.05667694 
502.722288    0.08403235 
502.964846    0.10852239 
503.201610    0.12930027 
503.438704    0.14549728 
503.683583    0.15618063 
503.943986    0.16029353 
504.226318    0.15684440 
504.533739    0.14548591 
504.865066    0.12709384 
505.215454    0.10358851 
505.578197    0.07695616 
505.946048    0.04834082 
506.311368    0.01801285 
506.666009    -0.01325499 
507.003360    -0.04093700 
507.323590    -0.05479634 
507.633437    -0.04761191 
507.937026    -0.02499465 
508.233366    0.00308739 
508.520338    0.03121240 
508.797004    0.05761329 
509.064087    0.08161194 
509.324049    0.10257971 
509.581050    0.11979232 
509.840614    0.13248797 
510.108953    0.13990331 
510.391954    0.14134394 
510.693947    0.13640073 
511.016636    0.12525750 
511.358766    0.10879606 
511.716674    0.08827801 
512.085193    0.06477264 
512.458177    0.03876958 
512.828482    0.01045116 
513.188313    -0.01876061 
513.532091    -0.04305302 
513.861340    -0.05198857 
514.182195    -0.04092643 
514.496988    -0.01723190 
514.803982    0.01002496 
515.101251    0.03649574 
515.388390    0.06081035 
515.666720    0.08240252 
515.939159    0.10074464 
516.209975    0.11525592 
516.484346    0.12534832 
516.767699    0.13046840 
517.064879    0.13017737 
517.379250    0.12430946 
517.712007    0.11312319 
518.061973    0.09727831 
518.425909    0.07757033 
518.798945    0.05456192 
519.174741    0.02843378 
519.545461    -0.00042647 
519.902901    -0.02921480 
520.243046    -0.04939594 
520.569982    -0.05033563 
520.889137    -0.03236370 
521.200646    -0.00549301 
521.502160    0.02271785 
521.792231    0.04941835 
522.071216    0.07369801 
522.341270    0.09498848 
522.606178    0.11269156 
522.871026    0.12618416 
523.141671    0.13484289 
523.423981    0.13807141 
523.722858    0.13541884 
524.041224    0.12679918 
524.379353    0.11265143 
524.734853    0.09382922 
525.103158    0.07120549 
525.477999    0.04525923 
525.851457    0.01611726 
526.214189    -0.01514986 
526.558256    -0.04301314 
526.883562    -0.05559486 
527.197014    -0.04567221 
527.502045    -0.02056582 
527.797063    0.00927930 
528.079924    0.03884262 
528.349995    0.06655629 
528.608505    0.09169472 
528.858590    0.11354468 
529.105205    0.13135095 
529.354737    0.14434138 
529.614316    0.15168716 
529.890723    0.15253259 
530.188923    0.14626466 
530.510646    0.13296895 
530.853875    0.11365244 
531.213583    0.08985194 
531.582954    0.06285235 
531.954041    0.03318952 
532.317748    0.00116804 
532.664799    -0.03064941 
532.990702    -0.05338738 
533.300500    -0.05532745 
533.601143    -0.03660123 
533.893582    -0.00800795 
534.175689    0.02242627 
534.445900    0.05176569 
534.704252    0.07902942 
534.952655    0.10347619 
535.195052    0.12428068 
535.437272    0.14058345 
535.686479    0.15147961 
535.950176    0.15597840 
536.234699    0.15316405 
536.543429    0.14269019 
536.875661    0.12529258 
537.227029    0.10267391 
537.591064    0.07666571 
537.960476    0.04838119 
538.327426    0.01814381 
538.683550    -0.01318742 
539.022128    -0.04095642 
539.343431    -0.05474920 
539.654405    -0.04732083 
539.959268    -0.02446018 
540.257052    0.00375850 
540.545678    0.03189771 
540.824289    0.05817385 
541.093739    0.08188348 
541.356655    0.10238267 
541.617336    0.11894829 
541.881367    0.13083424 
542.154868    0.13731452 
542.443452    0.13777373 
542.751017    0.13193287 
543.078795    0.12011656 
543.425175    0.10327443 
543.786310    0.08261403 
544.156954    0.05906797 
544.530877    0.03302007 
544.900868    0.00476089 
545.259413    -0.02368106 
545.602156    -0.04545858 
545.932027    -0.05042905 
546.254797    -0.03643967 
546.571722    -0.01198051 
546.880808    0.01475240 
547.180408    0.04020070 
547.470498    0.06326991 
547.752730    0.08346546 
548.030245    0.10030363 
548.307356    0.11325688 
548.589070    0.12180088 
548.880429    0.12546580 
549.185731    0.12392775 
549.507750    0.11714574 
549.847206    0.10544649 
550.202674    0.08943780 
550.570838    0.06974169 
550.946755    0.04670679 
551.323869    0.02042566 
551.694109    -0.00834867 
552.049781    -0.03550968 
552.388872    -0.05106450 
552.716636    -0.04622132 
553.037062    -0.02497210 
553.349095    0.00250185 
553.650447    0.03014201 
553.940195    0.05589265 
554.219259    0.07904068 
554.490289    0.09904918 
554.757433    0.11534262 
555.025962    0.12732672 
555.301700    0.13440791 
555.590254    0.13603685 
555.896040    0.13184769 
556.221366    0.12186057 
556.565898    0.10657399 
556.926728    0.08678515 
557.298801    0.06318782 
557.675193    0.03605573 
558.047061    0.00557746 
558.404446    -0.02609545 
558.740956    -0.05067631 
559.059920    -0.05538912 
559.368341    -0.03817252 
559.667490    -0.00969490 
559.955117    0.02113969 
560.229516    0.05094301 
560.490728    0.07861583 
560.740749    0.10341189 
560.983587    0.12454471 
561.225085    0.14121893 
561.472424    0.15260440 
561.733251    0.15776453 
562.014328    0.15575452 
562.319766    0.14605195 
562.649639    0.12910511 
562.999976    0.10638410 
563.364092    0.07966576 
563.733935    0.05013045 
564.100512    0.01815928 
564.454038    -0.01528212 
564.786669    -0.04483156 
565.099050    -0.05854570 
565.399344    -0.04900865 
565.692077    -0.02358408 
565.976183    0.00701876 
566.249561    0.03758830 
566.511317    0.06646683 
566.762334    0.09282673 
567.005586    0.11580703 
567.246204    0.13448799 
567.491070    0.14792834 
567.747911    0.15511289 
568.023870    0.15501664 
568.323600    0.14702226 
568.647694    0.13155023 
568.992641    0.11021587 
569.352343    0.08509952 
569.719803    0.05773506 
570.087777    0.02871177 
570.448696    -0.00155137 
570.795594    -0.03037973 
571.126110    -0.04984019 
571.445286    -0.05057841 
571.758890    -0.03337796 
572.067484    -0.00768536 
572.369032    0.01922684 
572.662144    0.04451216 
572.947029    0.06728338 
573.225535    0.08703629 
573.500998    0.10322526 
573.777907    0.11526413 
574.061327    0.12259729 
574.356112    0.12478104 
574.666026    0.12160982 
574.993008    0.11325776 
575.336862    0.10029946 
575.695440    0.08352022 
576.065086    0.06359079 
576.440929    0.04082408 
576.816874    0.01534071 
577.185800    -0.01183993 
577.541603    -0.03625210 
577.883691    -0.04859588 
578.217009    -0.04219270 
578.544530    -0.02169347 
578.864970    0.00382105 
579.176244    0.02908250 
579.477626    0.05228977 
579.770083    0.07285870 
580.056085    0.09039200 
580.339312    0.10445638 
580.624275    0.11459368 
580.915816    0.12035732 
581.218487    0.12136574 
581.535851    0.11739710 
581.869842    0.10848701 
582.220373    0.09493843 
582.585262    0.07717832 
582.960313    0.05550947 
583.339289    0.02998305 
583.713828    0.00091329 
584.074596    -0.02890083 
584.416402    -0.05038869 
584.743175    -0.05166617 
585.060768    -0.03276686 
585.369372    -0.00446848 
585.666558    0.02526311 
585.950883    0.05350111 
586.222829    0.07925958 
586.484832    0.10186209 
586.741143    0.12061875 
586.997486    0.13483833 
587.260494    0.14381714 
587.536839    0.14683302 
587.832064    0.14328319 
588.149260    0.13299734 
588.488184    0.11650105 
588.845305    0.09489266 
589.214573    0.06930023 
589.588120    0.04033744 
589.956424    0.00826986 
590.309039    -0.02499351 
590.639153    -0.05148800 
590.950259    -0.05801888 
591.250471    -0.04156339 
591.542014    -0.01278592 
591.822919    0.01886024 
592.091367    0.04968412 
592.347125    0.07846976 
592.591946    0.10437017 
592.829809    0.12648379 
593.066810    0.14390265 
593.310594    0.15567647 
593.569325    0.16071997 
593.850033    0.15795083 
594.156505    0.14686868 
594.487843    0.12824302 
594.838957    0.10405237 
595.202519    0.07646856 
595.570580    0.04682046 
595.934919    0.01552607 
596.287128    -0.01635687 
596.621090    -0.04361869 
596.938287    -0.05556433 
597.246159    -0.04612673 
597.548531    -0.02223352 
597.844229    0.00623294 
598.131254    0.03428805 
598.408900    0.06032398 
598.678183    0.08365019 
598.941914    0.10359711 
599.204565    0.11941889 
599.471806    0.13035782 
599.749668    0.13570350 
600.043419    0.13491897 
600.356367    0.12789064 
600.689084    0.11515062 
601.039462    0.09778537 
601.403455    0.07699141 
601.775848    0.05357351 
602.150527    0.02779607 
602.520447    0.00003342 
602.878571    -0.02718455 
603.221618    -0.04639481 
603.553243    -0.04824259 
603.878513    -0.03251766 
604.197917    -0.00801728 
604.509439    0.01793804 
604.811735    0.04235834 
605.105083    0.06433243 
605.391352    0.08341663 
605.673779    0.09915351 
605.956641    0.11103864 
606.244783    0.11857135 
606.542983    0.12131131 
606.855205    0.11896987 
607.183872    0.11152742 
607.529384    0.09928585 
607.890018    0.08276330 
608.262106    0.06244053 
608.640190    0.03854027 
609.017006    0.01123490 
609.383980    -0.01793520 
609.734466    -0.04278373 
610.069419    -0.05195890 
610.395085    -0.04024677 
610.713782    -0.01551216 
611.023656    0.01271251 
611.322815    0.03997392 
611.611070    0.06484358 
611.890117    0.08667457 
612.163355    0.10488227 
612.435553    0.11886733 
612.712326    0.12804346 
612.999396    0.13186798 
613.301673    0.12993631 
613.622280    0.12216011 
