0.000000    0.00000000 
0.212621    0.00020903 
0.425549    0.00049931 
0.639547    0.00067448 
0.855674    0.00073116 
1.075371    0.00071307 
1.300566    0.00066146 
1.533906    0.00060351 
1.778946    0.00055436 
2.040157    0.00052187 
2.322645    0.00051084 
2.630778    0.00052545 
2.966677    0.00056900 
3.328480    0.00063908 
3.710064    0.00071219 
4.102523    0.00072152 
4.495580    0.00054948 
4.877860    0.00014041 
5.236612    0.00024149 
5.561470    0.00352568 
5.854091    0.00711863 
6.124956    0.00367423 
6.378264    0.00046320 
6.612260    0.00003471 
6.825260    0.00040908 
