0.000000    0.00000000 
0.400000    0.00821111 
0.800000    0.01525377 
1.200000    0.02050442 
1.600000    0.02371232 
2.000000    0.02474398 
2.400000    0.02347108 
2.800000    0.01985031 
3.200000    0.01402423 
3.600000    0.00640043 
4.000000    -0.00226554 
4.400000    -0.01065939 
4.800000    -0.01683243 
5.200000    -0.01874567 
5.600000    -0.01557974 
6.000000    -0.00841311 
6.400000    0.00060345 
6.800000    0.00954321 
7.200000    0.01721531 
7.600000    0.02300173 
8.000000    0.02654251 
8.400000    0.02761643 
8.800000    0.02613596 
9.200000    0.02214598 
9.600000    0.01579915 
10.000000    0.00740872 
10.400000    -0.00229969 
10.800000    -0.01180446 
11.200000    -0.01869068 
11.600000    -0.02052139 
12.000000    -0.01651279 
12.400000    -0.00817002 
12.800000    0.00198591 
13.200000    0.01186862 
13.600000    0.02022027 
14.000000    0.02637376 
14.400000    0.02998805 
14.800000    0.03091519 
15.200000    0.02912724 
15.600000    0.02465743 
16.000000    0.01759845 
16.400000    0.00824136 
16.800000    -0.00259910 
17.200000    -0.01315950 
17.600000    -0.02063572 
18.000000    -0.02224320 
18.400000    -0.01724482 
18.800000    -0.00758738 
19.200000    0.00377443 
19.600000    0.01454544 
20.000000    0.02343645 
20.400000    0.02984158 
20.800000    0.03350587 
21.200000    0.03433061 
21.600000    0.03227736 
22.000000    0.02733962 
22.400000    0.01958697 
22.800000    0.00932131 
23.200000    -0.00259195 
23.600000    -0.01423337 
24.000000    -0.02243139 
24.400000    -0.02395911 
24.800000    -0.01804545 
25.200000    -0.00710857 
25.600000    0.00542493 
26.000000    0.01707096 
26.400000    0.02654354 
26.800000    0.03329701 
27.200000    0.03712559 
27.600000    0.03795087 
28.000000    0.03573273 
28.400000    0.03045072 
28.800000    0.02214997 
29.200000    0.01109569 
29.600000    -0.00187321 
30.000000    -0.01475228 
30.400000    -0.02400332 
30.800000    -0.02582445 
31.200000    -0.01924631 
31.600000    -0.00711856 
32.000000    0.00662118 
32.400000    0.01926083 
32.800000    0.02948382 
33.200000    0.03677266 
33.600000    0.04095020 
34.000000    0.04195454 
34.400000    0.03974958 
34.800000    0.03430433 
35.200000    0.02563086 
35.600000    0.01392643 
36.000000    -0.00006850 
36.400000    -0.01438649 
36.800000    -0.02520473 
37.200000    -0.02797578 
37.600000    -0.02117723 
38.000000    -0.00796034 
38.400000    0.00711286 
38.800000    0.02097584 
39.200000    0.03221301 
39.600000    0.04030410 
40.000000    0.04508688 
40.400000    0.04651167 
40.800000    0.04454885 
41.200000    0.03916294 
41.600000    0.03033528 
42.000000    0.01817741 
42.400000    0.00325864 
42.800000    -0.01266274 
43.200000    -0.02568410 
43.600000    -0.03038792 
44.000000    -0.02412378 
44.400000    -0.01002588 
44.800000    0.00655289 
45.200000    0.02196653 
45.600000    0.03458510 
46.000000    0.04383947 
46.400000    0.04956439 
46.800000    0.05171788 
47.200000    0.05028221 
47.600000    0.04523024 
48.000000    0.03652676 
48.400000    0.02419930 
48.800000    0.00859683 
49.200000    -0.00891863 
49.600000    -0.02473484 
50.000000    -0.03268985 
50.400000    -0.02825288 
50.800000    -0.01379101 
51.200000    0.00442405 
51.600000    0.02179219 
52.000000    0.03626582 
52.400000    0.04715042 
52.800000    0.05424966 
53.200000    0.05752054 
53.600000    0.05696176 
54.000000    0.05257147 
54.400000    0.04432605 
54.800000    0.03220221 
55.200000    0.01633782 
55.600000    -0.00242325 
56.000000    -0.02123438 
56.400000    -0.03384274 
56.800000    -0.03330569 
57.200000    -0.01971208 
57.600000    0.00000537 
58.000000    0.01972610 
58.400000    0.03660953 
58.800000    0.04969563 
59.200000    0.05870697 
59.600000    0.06357814 
60.000000    0.06431966 
60.400000    0.06096990 
60.800000    0.05355423 
61.200000    0.04206073 
61.600000    0.02649832 
62.000000    0.00722812 
62.400000    -0.01398931 
62.800000    -0.03195484 
63.200000    -0.03796351 
63.600000    -0.02777879 
64.000000    -0.00747204 
64.400000    0.01474722 
64.800000    0.03455886 
65.200000    0.05046087 
65.600000    0.06200233 
66.000000    0.06905281 
66.400000    0.07161081 
66.800000    0.06975326 
67.200000    0.06358245 
67.600000    0.05316347 
68.000000    0.03849819 
68.400000    0.01965549 
68.800000    -0.00260040 
69.200000    -0.02500443 
69.600000    -0.03938365 
70.000000    -0.03659306 
70.400000    -0.01822882 
70.800000    0.00589192 
71.200000    0.02887729 
71.600000    0.04810523 
72.000000    0.06276932 
72.400000    0.07260271 
72.800000    0.07754290 
73.200000    0.07767367 
73.600000    0.07317431 
74.000000    0.06422984 
74.400000    0.05094527 
74.800000    0.03333728 
75.200000    0.01160212 
75.600000    -0.01278321 
76.000000    -0.03435821 
76.400000    -0.04234992 
76.800000    -0.03064081 
77.200000    -0.00692755 
77.600000    0.01862672 
78.000000    0.04120294 
78.400000    0.05926534 
78.800000    0.07231348 
79.200000    0.08016656 
79.600000    0.08284916 
80.000000    0.08055974 
80.400000    0.07357958 
80.800000    0.06215081 
81.200000    0.04638818 
81.600000    0.02632985 
82.000000    0.00244214 
82.400000    -0.02262017 
82.800000    -0.04075306 
83.200000    -0.04060475 
83.600000    -0.02189263 
84.000000    0.00424826 
84.400000    0.02948539 
84.800000    0.05072498 
85.200000    0.06702631 
85.600000    0.07804747 
86.000000    0.08370040 
86.400000    0.08411735 
86.800000    0.07959358 
87.200000    0.07046224 
87.600000    0.05696712 
88.000000    0.03920573 
88.400000    0.01730338 
88.800000    -0.00770239 
89.200000    -0.03135068 
89.600000    -0.04322381 
90.000000    -0.03474210 
90.400000    -0.01179758 
90.800000    0.01439082 
91.200000    0.03793871 
91.600000    0.05695077 
92.000000    0.07084868 
92.400000    0.07943831 
92.800000    0.08274923 
93.200000    0.08100484 
93.600000    0.07453539 
94.000000    0.06365059 
94.400000    0.04854134 
94.800000    0.02930238 
95.200000    0.00633091 
95.600000    -0.01824187 
96.000000    -0.03764077 
96.400000    -0.04104550 
96.800000    -0.02577789 
97.200000    -0.00145547 
97.600000    0.02295684 
98.000000    0.04374481 
98.400000    0.05980952 
98.800000    0.07084183 
99.200000    0.07679685 
99.600000    0.07780240 
100.000000    0.07411148 
100.400000    0.06601066 
100.800000    0.05372419 
101.200000    0.03738056 
101.600000    0.01718483 
102.000000    -0.00581605 
102.400000    -0.02772818 
102.800000    -0.03985672 
103.200000    -0.03439863 
103.600000    -0.01507017 
104.000000    0.00834512 
104.400000    0.02982525 
104.800000    0.04723712 
105.200000    0.06000566 
105.600000    0.06802391 
106.000000    0.07135806 
106.400000    0.07017840 
106.800000    0.06470355 
107.200000    0.05513070 
107.600000    0.04159544 
108.000000    0.02425008 
108.400000    0.00369357 
108.800000    -0.01777284 
109.200000    -0.03412613 
109.600000    -0.03693697 
110.000000    -0.02435598 
110.400000    -0.00379809 
110.800000    0.01722550 
111.200000    0.03520202 
111.600000    0.04902755 
112.000000    0.05845990 
112.400000    0.06352097 
112.800000    0.06432878 
113.200000    0.06104066 
113.600000    0.05380723 
114.000000    0.04274411 
114.400000    0.02797839 
114.800000    0.00991934 
115.200000    -0.00992541 
115.600000    -0.02739124 
116.000000    -0.03530827 
116.400000    -0.02904244 
116.800000    -0.01244860 
117.200000    0.00709500 
117.600000    0.02492182 
118.000000    0.03922628 
118.400000    0.04951471 
118.800000    0.05573577 
119.200000    0.05797093 
119.600000    0.05633775 
120.000000    0.05094883 
120.400000    0.04189465 
120.800000    0.02928247 
121.200000    0.01343218 
121.600000    -0.00454796 
122.000000    -0.02160259 
122.400000    -0.03197308 
122.800000    -0.03033667 
123.200000    -0.01772852 
123.600000    -0.00027658 
124.000000    0.01683555 
124.400000    0.03115418 
124.800000    0.04186380 
125.200000    0.04879558 
125.600000    0.05198705 
126.000000    0.05152743 
126.400000    0.04750418 
126.800000    0.03998930 
127.200000    0.02907668 
127.600000    0.01504130 
128.000000    -0.00121867 
128.400000    -0.01729446 
128.800000    -0.02850914 
129.200000    -0.02976215 
129.600000    -0.02044276 
130.000000    -0.00519551 
130.400000    0.01086978 
130.800000    0.02486972 
131.200000    0.03568081 
131.600000    0.04299240 
132.000000    0.04678450 
132.400000    0.04711857 
132.800000    0.04406402 
133.200000    0.03768148 
133.600000    0.02805864 
134.000000    0.01544966 
134.400000    0.00063954 
134.800000    -0.01434523 
135.200000    -0.02557711 
135.600000    -0.02842853 
136.000000    -0.02150334 
136.400000    -0.00822239 
136.800000    0.00669667 
137.200000    0.02018229 
137.600000    0.03087682 
138.000000    0.03833372 
138.400000    0.04246916 
138.800000    0.04331451 
139.200000    0.04092326 
139.600000    0.03534866 
140.000000    0.02667729 
140.400000    0.01515696 
140.800000    0.00151350 
141.200000    -0.01245535 
141.600000    -0.02332717 
142.000000    -0.02694538 
142.400000    -0.02161952 
142.800000    -0.00991573 
143.200000    0.00392297 
143.600000    0.01681487 
144.000000    0.02725889 
144.400000    0.03469974 
144.800000    0.03899411 
145.200000    0.04014329 
145.600000    0.03818574 
146.000000    0.03316917 
146.400000    0.02518215 
146.800000    0.01447511 
147.200000    0.00174711 
147.600000    -0.01133958 
148.000000    -0.02170138 
148.400000    -0.02558096 
148.800000    -0.02124487 
149.200000    -0.01071763 
149.600000    0.00219085 
150.000000    0.01448942 
150.400000    0.02461213 
150.800000    0.03192960 
151.200000    0.03625054 
151.600000    0.03754971 
152.000000    0.03585225 
152.400000    0.03120186 
152.800000    0.02369147 
153.200000    0.01358036 
153.600000    0.00156198 
154.000000    -0.01077735 
154.400000    -0.02058172 
154.800000    -0.02441806 
155.200000    -0.02063400 
155.600000    -0.01093757 
156.000000    0.00121294 
156.400000    0.01296175 
156.800000    0.02273512 
157.200000    0.02986171 
157.600000    0.03411590 
158.000000    0.03545120 
158.400000    0.03388176 
158.800000    0.02944912 
159.200000    0.02225284 
159.600000    0.01256658 
160.000000    0.00109400 
160.400000    -0.01061365 
160.800000    -0.01985283 
161.200000    -0.02345530 
161.600000    -0.01991362 
162.000000    -0.01077306 
162.400000    0.00077864 
162.800000    0.01203558 
163.200000    0.02145464 
163.600000    0.02834897 
164.000000    0.03247152 
164.400000    0.03375979 
164.800000    0.03221913 
165.200000    0.02789011 
165.600000    0.02088096 
166.000000    0.01148463 
166.400000    0.00042808 
166.800000    -0.01074182 
167.200000    -0.01942086 
167.600000    -0.02266236 
168.000000    -0.01914040 
168.400000    -0.01034295 
168.800000    0.00074440 
169.200000    0.01156564 
169.600000    0.02063365 
170.000000    0.02726728 
170.400000    0.03120989 
170.800000    0.03238847 
171.200000    0.03080166 
171.600000    0.02648991 
172.000000    0.01957123 
172.400000    0.01036167 
172.800000    -0.00037806 
173.200000    -0.01108222 
173.600000    -0.01920828 
174.000000    -0.02200101 
174.400000    -0.01833830 
174.800000    -0.00972226 
175.200000    0.00101020 
175.600000    0.01144598 
176.000000    0.02016930 
176.400000    0.02652056 
176.800000    0.03024398 
177.200000    0.03126185 
177.600000    0.02956916 
178.000000    0.02520770 
178.400000    0.01830662 
178.800000    0.00920813 
179.200000    -0.00128531 
179.600000    -0.01157248 
180.000000    -0.01914801 
180.400000    -0.02143015 
180.800000    -0.01751457 
181.200000    -0.00896251 
181.600000    0.00150016 
182.000000    0.01159405 
182.400000    0.01998220 
182.800000    0.02603656 
183.200000    0.02950971 
183.600000    0.03032438 
184.000000    0.02847536 
184.400000    0.02400855 
184.800000    0.01706693 
185.200000    0.00802298 
185.600000    -0.00227166 
186.000000    -0.01216832 
186.400000    -0.01918531 
186.800000    -0.02090864 
187.200000    -0.01666318 
187.600000    -0.00809540 
188.000000    0.00215742 
188.400000    0.01194254 
188.800000    0.02000507 
189.200000    0.02575389 
189.600000    0.02895431 
190.000000    0.02953264 
190.400000    0.02748617 
190.800000    0.02286775 
191.200000    0.01583789 
191.600000    0.00680481 
192.000000    -0.00332242 
192.400000    -0.01283805 
192.800000    -0.01927852 
193.200000    -0.02040174 
193.600000    -0.01577333 
194.000000    -0.00713882 
194.400000    0.00294209 
194.800000    0.01243952 
195.200000    0.02018239 
195.600000    0.02561956 
196.000000    0.02853134 
196.400000    0.02884908 
196.800000    0.02657394 
197.200000    0.02176773 
197.600000    0.01461203 
198.000000    0.00555679 
198.400000    -0.00442290 
198.800000    -0.01355586 
199.200000    -0.01939633 
199.600000    -0.01988433 
200.000000    -0.01483680 
200.400000    -0.00610415 
200.800000    0.00382719 
201.200000    0.01304833 
201.600000    0.02047295 
202.000000    0.02559187 
202.400000    0.02820200 
202.800000    0.02824062 
203.200000    0.02571349 
203.600000    0.02069275 
204.000000    0.01338395 
204.400000    0.00428433 
204.800000    -0.00555702 
205.200000    -0.01429737 
205.600000    -0.01951280 
206.000000    -0.01933863 
206.400000    -0.01385039 
206.800000    -0.00500239 
207.200000    0.00479187 
207.600000    0.01374257 
208.000000    0.02084778 
208.400000    0.02564129 
208.800000    0.02793779 
209.200000    0.02768153 
209.600000    0.02488377 
210.000000    0.01962837 
210.400000    0.01214772 
210.800000    0.00299152 
211.200000    -0.00671020 
211.600000    -0.01504014 
212.000000    -0.01960503 
212.400000    -0.01875062 
212.800000    -0.01281367 
213.200000    -0.00384490 
213.600000    0.00581761 
214.000000    0.01450074 
214.400000    0.02128497 
214.800000    0.02574667 
215.200000    0.02771893 
215.600000    0.02715388 
216.000000    0.02406951 
216.400000    0.01856330 
216.800000    0.01089785 
217.200000    0.00168081 
217.600000    -0.00787082 
218.000000    -0.01576521 
218.400000    -0.01965351 
218.800000    -0.01810861 
219.200000    -0.01172664 
219.600000    -0.00264191 
220.000000    0.00688791 
220.400000    0.01530386 
220.800000    0.02176570 
221.200000    0.02589084 
221.600000    0.02753049 
222.000000    0.02664516 
222.400000    0.02326077 
222.800000    0.01749063 
223.200000    0.00963151 
223.600000    0.00035504 
224.000000    -0.00902910 
224.400000    -0.01645734 
224.800000    -0.01964314 
225.200000    -0.01740399 
225.600000    -0.01058964 
226.000000    -0.00140148 
226.400000    0.00798947 
226.800000    0.01613605 
227.200000    0.02227368 
227.600000    0.02605871 
228.000000    0.02735961 
228.400000    0.02614533 
228.800000    0.02245059 
229.200000    0.01640673 
229.600000    0.00834890 
230.000000    -0.00098099 
230.400000    -0.01017530 
230.800000    -0.01710386 
231.200000    -0.01956331 
231.600000    -0.01663222 
232.000000    -0.00940443 
232.400000    -0.00013018 
232.800000    0.00911249 
233.200000    0.01698553 
233.600000    0.02279631 
234.000000    0.02623788 
234.400000    0.02719510 
234.800000    0.02564528 
235.200000    0.02163272 
235.600000    0.01530892 
236.000000    0.00705158 
236.400000    -0.00232083 
236.800000    -0.01129857 
237.200000    -0.01769281 
237.600000    -0.01940628 
238.000000    -0.01579242 
238.400000    -0.00817544 
238.800000    0.00116479 
239.200000    0.01024850 
239.600000    0.01784334 
240.000000    0.02332459 
240.400000    0.02641969 
240.800000    0.02702904 
241.200000    0.02513837 
241.600000    0.02080256 
242.000000    0.01419555 
242.400000    0.00574191 
242.800000    -0.00365743 
243.200000    -0.01238797 
243.600000    -0.01821333 
244.000000    -0.01916673 
244.400000    -0.01488653 
244.800000    -0.00690919 
245.200000    0.00247528 
245.600000    0.01138939 
246.000000    0.01870224 
246.400000    0.02385244 
246.800000    0.02659932 
247.200000    0.02685782 
247.600000    0.02462225 
248.000000    0.01995918 
248.400000    0.01306754 
248.800000    0.00442338 
249.200000    -0.00498408 
249.600000    -0.01343443 
250.000000    -0.01865772 
250.400000    -0.01884264 
250.800000    -0.01391833 
251.200000    -0.00561220 
251.600000    0.00379445 
252.000000    0.01252913 
252.400000    0.01955739 
252.800000    0.02437648 
253.200000    0.02677482 
253.600000    0.02668085 
254.000000    0.02409749 
254.400000    0.01910415 
254.800000    0.01192751 
255.200000    0.00309999 
255.600000    -0.00629511 
256.000000    -0.01443148 
256.400000    -0.01902179 
256.800000    -0.01843484 
257.200000    -0.01289235 
257.600000    -0.00428955 
258.000000    0.00511822 
258.400000    0.01366468 
258.800000    0.02040664 
259.200000    0.02489529 
259.600000    0.02694551 
260.000000    0.02649810 
260.400000    0.02356463 
260.800000    0.01823857 
261.200000    0.01077729 
261.600000    0.00177471 
262.000000    -0.00758604 
262.400000    -0.01537404 
262.800000    -0.01930279 
263.200000    -0.01794490 
263.600000    -0.01181265 
264.000000    -0.00294505 
264.400000    0.00644390 
264.800000    0.01479413 
265.200000    0.02124837 
265.600000    0.02540732 
266.000000    0.02710986 
266.400000    0.02630820 
266.800000    0.02302265 
267.200000    0.01736207 
267.600000    0.00961761 
268.000000    0.00045005 
268.400000    -0.00885216 
268.800000    -0.01625649 
269.200000    -0.01949765 
269.600000    -0.01737444 
270.000000    -0.01068360 
270.400000    -0.00158316 
270.800000    0.00776774 
271.200000    0.01591423 
271.600000    0.02207955 
272.000000    0.02590969 
272.400000    0.02726527 
272.800000    0.02610904 
273.200000    0.02247028 
273.600000    0.01647464 
274.000000    0.00845029 
274.400000    -0.00086975 
274.800000    -0.01008689 
275.200000    -0.01707209 
275.600000    -0.01960372 
276.000000    -0.01672674 
276.400000    -0.00951183 
276.800000    -0.00021077 
277.200000    0.00908378 
277.600000    0.01702001 
278.000000    0.02289620 
278.400000    0.02639950 
278.800000    0.02741013 
279.200000    0.02590055 
279.600000    0.02190920 
280.000000    0.01557994 
280.400000    0.00728116 
280.800000    -0.00217682 
281.200000    -0.01128149 
281.600000    -0.01781462 
282.000000    -0.01962161 
282.400000    -0.01600954 
282.800000    -0.00830782 
283.200000    0.00116282 
283.600000    0.01038530 
284.000000    0.01810749 
284.400000    0.02369691 
284.800000    0.02687786 
285.200000    0.02754796 
285.600000    0.02568855 
286.000000    0.02134732 
286.400000    0.01468756 
286.800000    0.00612076 
287.200000    -0.00346081 
287.600000    -0.01242804 
288.000000    -0.01848222 
288.400000    -0.01955816 
288.800000    -0.01523568 
289.200000    -0.00708423 
289.600000    0.00252919 
290.000000    0.01166896 
290.400000    0.01917787 
290.800000    0.02448667 
291.200000    0.02735286 
291.600000    0.02768936 
292.000000    0.02548545 
292.400000    0.02079806 
292.800000    0.01381087 
293.200000    0.00498107 
293.600000    -0.00471291 
294.000000    -0.01352317 
294.400000    -0.01907939 
294.800000    -0.01942553 
295.200000    -0.01441980 
295.600000    -0.00585170 
296.000000    0.00388443 
296.400000    0.01293714 
296.800000    0.02023834 
297.200000    0.02527618 
297.600000    0.02783760 
298.000000    0.02784889 
298.400000    0.02530639 
298.800000    0.02027610 
299.200000    0.01296292 
299.600000    0.00387204 
300.000000    -0.00592797 
300.400000    -0.01456818 
300.800000    -0.01961470 
301.200000    -0.01923745 
301.600000    -0.01357484 
302.000000    -0.00461725 
302.400000    0.00522863 
302.800000    0.01419567 
303.200000    0.02129872 
303.600000    0.02607783 
304.000000    0.02834603 
304.400000    0.02804123 
304.800000    0.02516599 
305.200000    0.01979515 
305.600000    0.01215531 
306.000000    0.00280174 
306.400000    -0.00710304 
306.800000    -0.01556659 
307.200000    -0.02009810 
307.600000    -0.01900728 
308.000000    -0.01271198 
308.400000    -0.00338586 
308.800000    0.00656329 
309.200000    0.01545097 
309.600000    0.02236876 
310.000000    0.02690350 
310.400000    0.02889138 
310.800000    0.02828033 
311.200000    0.02507828 
311.600000    0.01936848 
312.000000    0.01139945 
312.400000    0.00177807 
312.800000    -0.00823558 
313.200000    -0.01652256 
313.600000    -0.02054014 
314.000000    -0.01874837 
314.400000    -0.01184189 
314.800000    -0.00216222 
315.200000    0.00788972 
315.600000    0.01670889 
316.000000    0.02345744 
316.400000    0.02776436 
316.800000    0.02948629 
317.200000    0.02857978 
317.600000    0.02505727 
318.000000    0.01900973 
318.400000    0.01070738 
318.800000    0.00080966 
319.200000    -0.00932259 
319.600000    -0.01744036 
320.000000    -0.02095172 
320.400000    -0.01847437 
320.800000    -0.01097560 
321.200000    -0.00095178 
321.600000    0.00920789 
322.000000    0.01797361 
322.400000    0.02457202 
322.800000    0.02867000 
323.200000    0.03014228 
323.600000    0.02895270 
324.000000    0.02511723 
324.400000    0.01873373 
324.800000    0.01009321 
325.200000    -0.00009226 
325.600000    -0.01035865 
326.000000    -0.01832293 
326.400000    -0.02134396 
326.800000    -0.01820036 
327.200000    -0.01012656 
327.600000    0.00023674 
328.000000    0.01051415 
328.400000    0.01924581 
328.800000    0.02571691 
329.200000    0.02962823 
329.600000    0.03087042 
330.000000    0.02941333 
330.400000    0.02527547 
330.800000    0.01856013 
331.200000    0.00957734 
331.600000    -0.00090971 
332.000000    -0.01133303 
332.400000    -0.01917136 
332.800000    -0.02173038 
333.200000    -0.01794696 
333.600000    -0.00931488 
334.000000    0.00138844 
334.400000    0.01180016 
334.800000    0.02052359 
335.200000    0.02689630 
335.600000    0.03064914 
336.000000    0.03168655 
336.400000    0.02998314 
336.800000    0.02555856 
337.200000    0.01851947 
337.600000    0.00919159 
338.000000    -0.00161474 
338.400000    -0.01222932 
338.800000    -0.01998785 
339.200000    -0.02213196 
339.600000    -0.01774475 
340.000000    -0.00856932 
340.400000    0.00248316 
340.800000    0.01305627 
341.200000    0.02180765 
341.600000    0.02812050 
342.000000    0.03175189 
342.400000    0.03261797 
342.800000    0.03069670 
343.200000    0.02600718 
343.600000    0.01865642 
344.000000    0.00898057 
344.400000    -0.00217003 
344.800000    -0.01302786 
345.200000    -0.02077920 
345.600000    -0.02257977 
346.000000    -0.01763463 
346.400000    -0.00792507 
346.800000    0.00349933 
347.200000    0.01427603 
347.600000    0.02310554 
348.000000    0.02940942 
348.400000    0.03296711 
348.800000    0.03370456 
349.200000    0.03160168 
349.600000    0.02667506 
350.000000    0.01902812 
350.400000    0.00900009 
350.800000    -0.00252974 
351.200000    -0.01370544 
351.600000    -0.02155513 
352.000000    -0.02311255 
352.400000    -0.01766526 
352.800000    -0.00742200 
353.200000    0.00441429 
353.600000    0.01545496 
354.000000    0.02442910 
354.400000    0.03078897 
354.800000    0.03433274 
355.200000    0.03499449 
355.600000    0.03275494 
356.000000    0.02762610 
356.400000    0.01970311 
356.800000    0.00931860 
357.200000    -0.00263495 
357.600000    -0.01422809 
358.000000    -0.02232112 
358.400000    -0.02377278 
358.800000    -0.01789373 
359.200000    -0.00710905 
359.600000    0.00519793 
360.000000    0.01658343 
360.400000    0.02578763 
360.800000    0.03228514 
361.200000    0.03588945 
361.600000    0.03654146 
362.000000    0.03422180 
362.400000    0.02893604 
362.800000    0.02076577 
363.200000    0.01002483 
363.600000    -0.00240295 
364.000000    -0.01453901 
364.400000    -0.02306939 
364.800000    -0.02460525 
365.200000    -0.01839155 
365.600000    -0.00705358 
366.000000    0.00580337 
366.400000    0.01763933 
366.800000    0.02718304 
367.200000    0.03392185 
367.600000    0.03768107 
368.000000    0.03840731 
368.400000    0.03608078 
368.800000    0.03069904 
369.200000    0.02232461 
369.600000    0.01123815 
370.000000    -0.00171444 
370.400000    -0.01454434 
370.800000    -0.02376789 
371.200000    -0.02565526 
371.600000    -0.01925150 
372.000000    -0.00735109 
372.400000    0.00615882 
372.800000    0.01858285 
373.200000    0.02860771 
373.600000    0.03572137 
374.000000    0.03975686 
374.400000    0.04066570 
374.800000    0.03842787 
375.200000    0.03303235 
375.600000    0.02451782 
376.000000    0.01311606 
376.400000    -0.00040159 
376.800000    -0.01409499 
377.200000    -0.02434018 
377.600000    -0.02695749 
378.000000    -0.02058969 
378.400000    -0.00813435 
378.800000    0.00615734 
379.200000    0.01934769 
379.600000    0.03003744 
380.000000    0.03769866 
380.400000    0.04216697 
380.800000    0.04339801 
381.200000    0.04137271 
381.600000    0.03607278 
382.000000    0.02751074 
382.400000    0.01585542 
382.800000    0.00176203 
383.200000    -0.01296095 
383.600000    -0.02462633 
384.000000    -0.02850446 
384.400000    -0.02253864 
384.800000    -0.00958540 
385.200000    0.00563727 
385.600000    0.01981973 
386.000000    0.03141063 
386.400000    0.03984192 
386.800000    0.04494430 
387.200000    0.04667652 
387.600000    0.04502289 
388.000000    0.03996206 
388.400000    0.03148298 
388.800000    0.01968374 
389.200000    0.00506436 
389.600000    -0.01080297 
390.000000    -0.02432116 
390.400000    -0.03018096 
390.800000    -0.02522090 
391.200000    -0.01194844 
391.600000    0.00435060 
392.000000    0.01979966 
392.400000    0.03259036 
392.800000    0.04207606 
393.200000    0.04807035 
393.600000    0.05053266 
394.000000    0.04945389 
394.400000    0.04481749 
394.800000    0.03659885 
395.200000    0.02482998 
395.600000    0.00983225 
396.000000    -0.00716615 
396.400000    -0.02290352 
396.800000    -0.03164522 
397.200000    -0.02867137 
397.600000    -0.01552410 
398.000000    0.00192770 
398.400000    0.01895219 
398.800000    0.03330881 
399.200000    0.04420673 
399.600000    0.05142071 
400.000000    0.05490445 
400.400000    0.05465775 
400.800000    0.05067962 
401.200000    0.04295046 
401.600000    0.03145849 
402.000000    0.01635510 
402.400000    -0.00154586 
402.800000    -0.01961526 
403.200000    -0.03215864 
403.600000    -0.03264806 
404.000000    -0.02059226 
404.400000    -0.00213312 
404.800000    0.01675537 
405.200000    0.03309868 
405.600000    0.04584292 
406.000000    0.05468389 
406.400000    0.05955463 
406.800000    0.06046128 
407.200000    0.05742854 
407.600000    0.05046629 
408.000000    0.03955889 
408.400000    0.02473846 
408.800000    0.00641978 
409.200000    -0.01362095 
409.600000    -0.03048238 
410.000000    -0.03628519 
410.400000    -0.02715849 
410.800000    -0.00837897 
411.200000    0.01249495 
411.600000    0.03124034 
412.000000    0.04631559 
412.400000    0.05726219 
412.800000    0.06396251 
413.200000    0.06641528 
413.600000    0.06467277 
414.000000    0.05879654 
414.400000    0.04881484 
414.800000    0.03472383 
415.200000    0.01665547 
415.600000    -0.00445830 
416.000000    -0.02518203 
416.400000    -0.03776536 
416.800000    -0.03440734 
417.200000    -0.01707656 
417.600000    0.00540980 
418.000000    0.02681069 
418.400000    0.04466329 
418.800000    0.05821086 
419.200000    0.06723220 
419.600000    0.07168802 
420.000000    0.07164161 
420.400000    0.06721205 
420.800000    0.05850840 
421.200000    0.04557647 
421.600000    0.02843547 
422.000000    0.00742463 
422.400000    -0.01559321 
422.800000    -0.03473983 
423.200000    -0.04006200 
423.600000    -0.02751192 
424.000000    -0.00486511 
424.400000    0.01897104 
424.800000    0.03982341 
425.200000    0.05634819 
425.600000    0.06813426 
426.000000    0.07505902 
426.400000    0.07715736 
426.800000    0.07458107 
427.200000    0.06752481 
427.600000    0.05613611 
428.000000    0.04046720 
428.400000    0.02059475 
428.800000    -0.00272524 
429.200000    -0.02609755 
429.600000    -0.04079626 
430.000000    -0.03718772 
430.400000    -0.01754530 
430.800000    0.00754743 
431.200000    0.03112919 
431.600000    0.05068422 
432.000000    0.06545241 
432.400000    0.07517943 
432.800000    0.07982555 
433.200000    0.07952116 
433.600000    0.07450689 
434.000000    0.06502825 
434.400000    0.05123946 
434.800000    0.03319371 
435.200000    0.01112525 
435.600000    -0.01340854 
436.000000    -0.03478886 
436.400000    -0.04222753 
436.800000    -0.03007488 
437.200000    -0.00635218 
437.600000    0.01891452 
438.000000    0.04106370 
438.400000    0.05863529 
438.800000    0.07117781 
439.200000    0.07855394 
439.600000    0.08082306 
440.000000    0.07820388 
440.400000    0.07098410 
440.800000    0.05940677 
441.200000    0.04359788 
441.600000    0.02364951 
442.000000    0.00018845 
442.400000    -0.02381764 
442.800000    -0.04018704 
443.200000    -0.03869668 
443.600000    -0.02019947 
444.000000    0.00473436 
444.400000    0.02850844 
444.800000    0.04829743 
445.200000    0.06327612 
445.600000    0.07320042 
446.000000    0.07805207 
446.400000    0.07798009 
446.800000    0.07324379 
447.200000    0.06411286 
447.600000    0.05077604 
448.000000    0.03333319 
448.400000    0.01205748 
448.800000    -0.01157904 
449.200000    -0.03249820 
449.600000    -0.04088337 
450.000000    -0.03084629 
450.400000    -0.00903537 
450.800000    0.01489005 
451.200000    0.03602870 
451.600000    0.05279880 
452.000000    0.06477412 
452.400000    0.07187502 
452.800000    0.07418370 
453.200000    0.07189418 
453.600000    0.06524395 
454.000000    0.05443310 
454.400000    0.03958618 
454.800000    0.02086964 
455.200000    -0.00093319 
455.600000    -0.02281858 
456.000000    -0.03743288 
456.400000    -0.03625972 
456.800000    -0.02005367 
457.200000    0.00223011 
457.600000    0.02367862 
458.000000    0.04150745 
458.400000    0.05491281 
458.800000    0.06372736 
459.200000    0.06798891 
459.600000    0.06783368 
460.000000    0.06344509 
460.400000    0.05499550 
460.800000    0.04260899 
461.200000    0.02641903 
461.600000    0.00691229 
462.000000    -0.01403414 
462.400000    -0.03129176 
462.800000    -0.03678503 
463.200000    -0.02702788 
463.600000    -0.00794593 
464.000000    0.01272903 
464.400000    0.03089048 
464.800000    0.04513049 
465.200000    0.05510414 
465.600000    0.06080008 
466.000000    0.06231625 
466.400000    0.05979054 
466.800000    0.05335765 
467.200000    0.04312296 
467.600000    0.02920062 
468.000000    0.01194380 
468.400000    -0.00735006 
468.800000    -0.02502264 
469.200000    -0.03438236 
469.600000    -0.03017811 
470.000000    -0.01501299 
470.400000    0.00400909 
470.800000    0.02185122 
471.200000    0.03641162 
471.600000    0.04706831 
472.000000    0.05372467 
472.400000    0.05644406 
472.800000    0.05533278 
473.200000    0.05049511 
473.600000    0.04201542 
474.000000    0.02999217 
474.400000    0.01471264 
474.800000    -0.00282923 
475.200000    -0.01986135 
475.600000    -0.03097710 
476.000000    -0.03068507 
476.400000    -0.01922474 
476.800000    -0.00230722 
477.200000    0.01472903 
477.600000    0.02919982 
478.000000    0.04016384 
478.400000    0.04740089 
478.800000    0.05092865 
479.200000    0.05082747 
479.600000    0.04718004 
480.000000    0.04005515 
480.400000    0.02954085 
480.800000    0.01589118 
481.200000    -0.00006376 
481.600000    -0.01607919 
482.000000    -0.02770103 
482.400000    -0.02980003 
482.800000    -0.02130612 
483.200000    -0.00650439 
483.600000    0.00946296 
484.000000    0.02355674 
484.400000    0.03454882 
484.800000    0.04208004 
485.200000    0.04611043 
485.600000    0.04669322 
486.000000    0.04389422 
486.400000    0.03777204 
486.800000    0.02841018 
487.200000    0.01604847 
487.600000    0.00142885 
488.000000    -0.01351990 
488.400000    -0.02500210 
488.800000    -0.02838823 
489.200000    -0.02201762 
489.600000    -0.00905879 
490.000000    0.00578148 
490.400000    0.01933283 
490.800000    0.03015957 
491.200000    0.03777543 
491.600000    0.04207930 
492.000000    0.04309536 
492.400000    0.04087418 
492.800000    0.03546748 
493.200000    0.02695879 
493.600000    0.01558602 
494.000000    0.00204756 
494.400000    -0.01191656 
494.800000    -0.02295694 
495.200000    -0.02691216 
495.600000    -0.02193680 
496.000000    -0.01043959 
496.400000    0.00335169 
496.800000    0.01629390 
497.200000    0.02683247 
497.600000    0.03438335 
498.000000    0.03879030 
498.400000    0.04004927 
498.800000    0.03819673 
499.200000    0.03327952 
499.600000    0.02538450 
500.000000    0.01475615 
500.400000    0.00207772 
500.800000    -0.01101989 
501.200000    -0.02148941 
501.600000    -0.02556592 
502.000000    -0.02143026 
502.400000    -0.01102026 
502.800000    0.00186376 
503.200000    0.01419523 
503.600000    0.02437581 
504.000000    0.03175803 
504.400000    0.03614234 
504.800000    0.03750017 
505.200000    0.03585565 
505.600000    0.03125260 
506.000000    0.02378393 
506.400000    0.01370737 
506.800000    0.00171058 
507.200000    -0.01063251 
507.600000    -0.02048089 
508.000000    -0.02439986 
508.400000    -0.02070424 
508.800000    -0.01106578 
509.200000    0.00106428 
509.600000    0.01281722 
510.000000    0.02260572 
510.400000    0.02975028 
510.800000    0.03402133 
511.200000    0.03537079 
511.600000    0.03381268 
512.000000    0.02938944 
512.400000    0.02220260 
512.800000    0.01252872 
513.200000    0.00107466 
513.600000    -0.01060695 
514.000000    -0.01981752 
514.400000    -0.02340234 
514.800000    -0.01986632 
515.200000    -0.01075270 
515.600000    0.00076218 
516.000000    0.01198127 
516.400000    0.02136497 
516.800000    0.02822728 
517.200000    0.03232118 
517.600000    0.03358431 
518.000000    0.03202269 
518.400000    0.02767866 
518.800000    0.02066427 
519.200000    0.01127943 
519.600000    0.00026146 
520.000000    -0.01083311 
520.400000    -0.01940517 
520.800000    -0.02254392 
521.200000    -0.01897322 
521.600000    -0.01019772 
522.000000    0.00081987 
522.400000    0.01155297 
522.800000    0.02053228 
523.200000    0.02708452 
523.600000    0.03095621 
524.000000    0.03207604 
524.400000    0.03044441 
524.800000    0.02610482 
525.200000    0.01918117 
525.600000    0.01000007 
526.000000    -0.00066250 
526.400000    -0.01122865 
526.800000    -0.01917008 
527.200000    -0.02179425 
527.600000    -0.01805683 
528.000000    -0.00948031 
528.400000    0.00113862 
528.800000    0.01143461 
529.200000    0.02002006 
529.600000    0.02624746 
530.000000    0.02986564 
530.400000    0.03079940 
530.800000    0.02904643 
531.200000    0.02465319 
531.600000    0.01775719 
532.000000    0.00871468 
532.400000    -0.00165346 
532.800000    -0.01173596 
533.200000    -0.01905709 
533.600000    -0.02112553 
534.000000    -0.01713286 
534.400000    -0.00865312 
534.800000    0.00164819 
535.200000    0.01155464 
535.600000    0.01976428 
536.000000    0.02566286 
536.400000    0.02900748 
536.800000    0.02972305 
537.200000    0.02780739 
537.600000    0.02331226 
538.000000    0.01639134 
538.400000    0.00743417 
538.800000    -0.00268742 
539.200000    -0.01231965 
539.600000    -0.01902810 
540.000000    -0.02051319 
540.400000    -0.01620400 
540.800000    -0.00774599 
541.200000    0.00230227 
541.600000    0.01186170 
542.000000    0.01971612 
542.400000    0.02528845 
542.800000    0.02834767 
543.200000    0.02882131 
543.600000    0.02670936 
544.000000    0.02207109 
544.400000    0.01507926 
544.800000    0.00616127 
545.200000    -0.00375326 
545.600000    -0.01295956 
546.000000    -0.01905753 
546.400000    -0.01993609 
546.800000    -0.01526435 
547.200000    -0.00677161 
547.600000    0.00307383 
548.000000    0.01232089 
548.400000    0.01983814 
548.800000    0.02508800 
549.200000    0.02785357 
549.600000    0.02806669 
550.000000    0.02573074 
550.400000    0.02091413 
550.800000    0.01381156 
551.200000    0.00489325 
551.600000    -0.00484583 
552.000000    -0.01364174 
552.400000    -0.01912486 
552.800000    -0.01937455 
553.200000    -0.01430387 
553.600000    -0.00573362 
554.000000    0.00394705 
554.400000    0.01290787 
554.800000    0.02010087 
555.200000    0.02502952 
555.600000    0.02749297 
556.000000    0.02742866 
556.400000    0.02484450 
556.800000    0.01981945 
557.200000    0.01257292 
557.600000    0.00362308 
558.000000    -0.00596202 
558.400000    -0.01435227 
558.800000    -0.01920865 
559.200000    -0.01880783 
559.600000    -0.01331102 
560.000000    -0.00463331 
560.400000    0.00490927 
560.800000    0.01360178 
561.200000    0.02047805 
561.600000    0.02508344 
562.000000    0.02723461 
562.400000    0.02687601 
562.800000    0.02402133 
563.200000    0.01876184 
563.600000    0.01134477 
564.000000    0.00234177 
564.400000    -0.00709847 
564.800000    -0.01507492 
565.200000    -0.01928476 
565.600000    -0.01821376 
566.000000    -0.01227451 
566.400000    -0.00347314 
566.800000    0.00594630 
567.200000    0.01438049 
567.600000    0.02094287 
568.000000    0.02522053 
568.400000    0.02704845 
568.800000    0.02637922 
569.200000    0.02323376 
569.600000    0.01771780 
570.000000    0.01011018 
570.400000    0.00104225 
570.800000    -0.00824939 
571.200000    -0.01579110 
571.600000    -0.01932806 
572.000000    -0.01757129 
572.400000    -0.01118541 
572.800000    -0.00225823 
573.200000    0.00704158 
573.600000    0.01521995 
574.000000    0.02146740 
574.400000    0.02541167 
574.800000    0.02690609 
575.200000    0.02591204 
575.600000    0.02245895 
576.000000    0.01666944 
576.400000    0.00885823 
576.800000    -0.00027690 
577.200000    -0.00940473 
577.600000    -0.01648080 
578.000000    -0.01931584 
578.400000    -0.01686446 
578.800000    -0.01003988 
579.200000    -0.00099694 
579.600000    0.00817734 
580.000000    0.01609651 
580.400000    0.02202525 
580.800000    0.02563028 
581.200000    0.02678277 
581.600000    0.02545310 
582.000000    0.02168026 
582.400000    0.01560607 
582.800000    0.00758565 
583.200000    -0.00161014 
583.600000    -0.01054994 
584.000000    -0.01712408 
584.400000    -0.01923069 
584.800000    -0.01608542 
585.200000    -0.00884105 
585.600000    0.00029894 
586.000000    0.00933625 
586.400000    0.01698996 
586.800000    0.02259551 
587.200000    0.02585647 
587.600000    0.02666098 
588.000000    0.02498851 
588.400000    0.02088852 
588.800000    0.01452434 
589.200000    0.00629580 
589.600000    -0.00294687 
590.000000    -0.01166858 
590.400000    -0.01770381 
590.800000    -0.01906243 
591.200000    -0.01523468 
591.600000    -0.00759798 
592.000000    0.00161588 
592.400000    0.01050332 
592.800000    0.01788582 
593.200000    0.02316529 
593.600000    0.02607962 
594.000000    0.02653289 
594.400000    0.02451362 
594.800000    0.02008268 
595.200000    0.01342723 
595.600000    0.00499612 
596.000000    -0.00427534 
596.400000    -0.01274659 
596.800000    -0.01820880 
597.200000    -0.01880838 
597.600000    -0.01431860 
598.000000    -0.00632180 
598.400000    0.00294210 
598.800000    0.01166837 
599.200000    0.01877639 
599.600000    0.02372974 
600.000000    0.02629772 
600.400000    0.02639908 
600.800000    0.02403131 
601.200000    0.01926765 
601.600000    0.01232145 
602.000000    0.00369500 
602.400000    -0.00558599 
602.800000    -0.01377506 
603.200000    -0.01863470 
603.600000    -0.01847166 
604.000000    -0.01334569 
604.400000    -0.00502173 
604.800000    0.00427048 
605.200000    0.01282713 
605.600000    0.01966020 
606.000000    0.02428989 
606.400000    0.02651390 
606.800000    0.02626439 
607.200000    0.02354761 
607.600000    0.01845011 
608.000000    0.01121391 
608.400000    0.00239919 
608.800000    -0.00687263 
609.200000    -0.01474977 
609.600000    -0.01898175 
610.000000    -0.01805790 
610.400000    -0.01232373 
610.800000    -0.00370373 
611.200000    0.00559825 
611.600000    0.01397963 
612.000000    0.02053930 
612.400000    0.02484918 
612.800000    0.02673263 
613.200000    0.02613392 
613.600000    0.02306795 
614.000000    0.01763548 
614.400000    0.01010973 
614.800000    0.00111336 
615.200000    -0.00813133 
615.600000    -0.01566860 
616.000000    -0.01925171 
616.400000    -0.01757287 
616.800000    -0.01125919 
617.200000    -0.00237191 
617.600000    0.00692430 
618.000000    0.01512693 
618.400000    0.02141611 
618.800000    0.02541090 
619.200000    0.02695771 
619.600000    0.02601184 
620.000000    0.02259670 
620.400000    0.01682823 
620.800000    0.00901334 
621.200000    -0.00015821 
621.600000    -0.00935832 
622.000000    -0.01652967 
622.400000    -0.01944670 
622.800000    -0.01702266 
623.200000    -0.01015879 
623.600000    -0.00103073 
624.000000    0.00824691 
624.400000    0.01626945 
624.800000    0.02229252 
625.200000    0.02597804 
625.600000    0.02719306 
626.000000    0.02590288 
626.400000    0.02213929 
626.800000    0.01603427 
627.200000    0.00793082 
627.600000    -0.00140977 
628.000000    -0.01054911 
628.400000    -0.01733163 
628.800000    -0.01957061 
629.200000    -0.01641542 
629.600000    -0.00903091 
630.000000    0.00031423 
630.400000    0.00956386 
630.800000    0.01740783 
631.200000    0.02317149 
631.600000    0.02655543 
632.000000    0.02744515 
632.400000    0.02581485 
632.800000    0.02170450 
633.200000    0.01526279 
633.600000    0.00687097 
634.000000    -0.00263405 
634.400000    -0.01169954 
634.800000    -0.01807552 
635.200000    -0.01963079 
635.600000    -0.01576225 
636.000000    -0.00788537 
636.400000    0.00165747 
636.800000    0.01087427 
637.200000    0.01854503 
637.600000    0.02405901 
638.000000    0.02715154 
638.400000    0.02772435 
638.800000    0.02575952 
639.200000    0.02130482 
639.600000    0.01452606 
640.000000    0.00584448 
640.400000    -0.00382364 
640.800000    -0.01280743 
641.200000    -0.01876602 
641.600000    -0.01963831 
642.000000    -0.01507624 
642.400000    -0.00673188 
642.800000    0.00299510 
643.200000    0.01217979 
643.600000    0.01968706 
644.000000    0.02496441 
644.400000    0.02777817 
644.800000    0.02804429 
645.200000    0.02575162 
645.600000    0.02095524 
646.000000    0.01383810 
646.400000    0.00486276 
646.800000    -0.00497186 
647.200000    -0.01387290 
647.600000    -0.01941097 
648.000000    -0.01960671 
648.400000    -0.01437120 
648.800000    -0.00557935 
649.200000    0.00432480 
649.600000    0.01348389 
650.000000    0.02084184 
650.400000    0.02589891 
650.800000    0.02844902 
651.200000    0.02842046 
651.600000    0.02580778 
652.000000    0.02067257 
652.400000    0.01321460 
652.800000    0.00393835 
653.200000    -0.00607189 
653.600000    -0.01489723 
654.000000    -0.02002029 
654.400000    -0.01955140 
654.800000    -0.01366187 
655.200000    -0.00443691 
655.600000    0.00564436 
656.000000    0.01479031 
656.400000    0.02201776 
656.800000    0.02687457 
657.200000    0.02917912 
657.600000    0.02887025 
658.000000    0.02594706 
658.400000    0.02047665 
658.800000    0.01267458 
659.200000    0.00308691 
659.600000    -0.00711493 
660.000000    -0.01588175 
660.400000    -0.02060595 
660.800000    -0.01949069 
661.200000    -0.01296558 
661.600000    -0.00331561 
662.000000    0.00695030 
662.400000    0.01610239 
662.800000    0.02322381 
663.200000    0.02790507 
663.600000    0.02998614 
664.000000    0.02941474 
664.400000    0.02619327 
664.800000    0.02039283 
665.200000    0.01224290 
665.600000    0.00232937 
666.000000    -0.00808886 
666.400000    -0.01682776 
666.800000    -0.02118320 
667.200000    -0.01944767 
667.600000    -0.01230402 
668.000000    -0.00222956 
668.400000    0.00823771 
668.800000    0.01742365 
669.200000    0.02447076 
669.600000    0.02900748 
670.000000    0.03089259 
670.400000    0.03008114 
670.800000    0.02657735 
671.200000    0.02045435 
671.600000    0.01195247 
672.000000    0.00169372 
672.400000    -0.00897730 
672.800000    -0.01773683 
673.200000    -0.02177189 
673.600000    -0.01945179 
674.000000    -0.01170436 
674.400000    -0.00119629 
674.800000    0.00950050 
675.200000    0.01875864 
675.600000    0.02577249 
676.000000    0.03020373 
676.400000    0.03192750 
676.800000    0.03090456 
677.200000    0.02713936 
677.600000    0.02070442 
678.000000    0.01184640 
678.400000    0.00121708 
678.800000    -0.00975802 
679.200000    -0.01861024 
679.600000    -0.02239712 
680.000000    -0.01954021 
680.400000    -0.01120053 
680.800000    -0.00023760 
681.200000    0.01073110 
681.600000    0.02011309 
682.000000    0.02714640 
682.400000    0.03152145 
682.800000    0.03312742 
683.200000    0.03192932 
683.600000    0.02793007 
684.000000    0.02119825 
684.400000    0.01198058 
684.800000    0.00094884 
685.200000    -0.01039967 
685.600000    -0.01944667 
686.000000    -0.02308892 
686.400000    -0.01975915 
686.800000    -0.01083533 
687.200000    0.00061840 
687.600000    0.01191887 
688.000000    0.02149283 
688.400000    0.02861296 
688.800000    0.03299396 
689.200000    0.03453694 
689.600000    0.03320994 
690.000000    0.02901252 
690.400000    0.02200544 
690.800000    0.01242722 
691.200000    0.00095557 
691.600000    -0.01085606 
692.000000    -0.02023748 
692.400000    -0.02388060 
692.800000    -0.02016566 
693.200000    -0.01066399 
693.600000    0.00133344 
694.000000    0.01304669 
694.400000    0.02290114 
694.800000    0.03019378 
695.200000    0.03465910 
695.600000    0.03620836 
696.000000    0.03481162 
696.400000    0.03046357 
696.800000    0.02321284 
697.200000    0.01327962 
697.600000    0.00132827 
698.000000    -0.01105671 
698.400000    -0.02095781 
698.800000    -0.02480478 
699.200000    -0.02082985 
699.600000    -0.01076005 
700.000000    0.00185231 
700.400000    0.01408475 
700.800000    0.02433361 
701.200000    0.03190778 
701.600000    0.03655677 
702.000000    0.03820039 
702.400000    0.03681031 
702.800000    0.03237533 
703.200000    0.02492788 
703.600000    0.01465833 
704.000000    0.00219250 
704.400000    -0.01089235 
704.800000    -0.02155138 
705.200000    -0.02588511 
705.600000    -0.02183710 
706.000000    -0.01122432 
706.400000    0.00209217 
706.800000    0.01498069 
707.200000    0.02577009 
707.600000    0.03376515 
708.000000    0.03872473 
708.400000    0.04057581 
708.800000    0.03929191 
709.200000    0.03485607 
709.600000    0.02728163 
710.000000    0.01671739 
710.400000    0.00372039 
710.800000    -0.01019506 
711.200000    -0.02190569 
711.600000    -0.02711884 
712.000000    -0.02328739 
712.400000    -0.01219632 
712.800000    0.00192729 
713.200000    0.01564514 
713.600000    0.02716250 
714.000000    0.03575764 
714.400000    0.04119140 
714.800000    0.04339631 
715.200000    0.04234881 
715.600000    0.03802809 
716.000000    0.03042815 
716.400000    0.01964689 
716.800000    0.00614011 
717.200000    -0.00871512 
717.600000    -0.02181353 
718.000000    -0.02844032 
718.400000    -0.02528317 
718.800000    -0.01386514 
719.200000    0.00116856 
719.600000    0.01592995 
720.000000    0.02841488 
720.400000    0.03784135 
720.800000    0.04396108 
721.200000    0.04670972 
721.600000    0.04606838 
722.000000    0.04201677 
722.400000    0.03453382 
722.800000    0.02366370 
723.200000    0.00973349 
723.600000    -0.00610345 
724.000000    -0.02092056 
724.400000    -0.02964949 
724.800000    -0.02788744 
725.200000    -0.01647125 
725.600000    -0.00046184 
726.000000    0.01559555 
726.400000    0.02934996 
726.800000    0.03990456 
727.200000    0.04698385 
727.600000    0.05052164 
728.000000    0.05050541 
728.400000    0.04692248 
728.800000    0.03974729 
729.200000    0.02897885 
729.600000    0.01480468 
730.000000    -0.00192360 
730.400000    -0.01867804 
730.800000    -0.03029290 
731.200000    -0.03101615 
731.600000    -0.02027438 
732.000000    -0.00335223 
732.400000    0.01426658 
732.800000    0.02965678 
733.200000    0.04171293 
733.600000    0.05010062 
734.000000    0.05474136 
734.400000    0.05562853 
734.800000    0.05276553 
735.200000    0.04613957 
735.600000    0.03572807 
736.000000    0.02159734 
736.400000    0.00426307 
736.800000    -0.01436726 
737.200000    -0.02952821 
737.600000    -0.03421557 
738.000000    -0.02542636 
738.400000    -0.00798514 
738.800000    0.01139184 
739.200000    0.02882501 
739.600000    0.04283077 
740.000000    0.05295777 
740.400000    0.05909393 
740.800000    0.06123168 
741.200000    0.05939635 
741.600000    0.05360856 
742.000000    0.04386099 
742.400000    0.03015113 
742.800000    0.01270122 
743.200000    -0.00731209 
743.600000    -0.02613674 
744.000000    -0.03633668 
744.400000    -0.03163902 
744.800000    -0.01479190 
745.200000    0.00626575 
745.600000    0.02610400 
746.000000    0.04254306 
746.400000    0.05490546 
746.800000    0.06300512 
747.200000    0.06681415 
747.600000    0.06637537 
748.000000    0.06175816 
748.400000    0.05301050 
748.800000    0.04013532 
749.200000    0.02317891 
749.600000    0.00267943 
750.000000    -0.01899417 
750.400000    -0.03542810 
750.800000    -0.03759724 
751.200000    -0.02371849 
751.600000    -0.00176238 
752.000000    0.02058729 
752.400000    0.03986365 
752.800000    0.05494947 
753.200000    0.06551378 
753.600000    0.07147156 
754.000000    0.07285967 
754.400000    0.06979251 
754.800000    0.06239864 
755.200000    0.05075457 
755.600000    0.03487462 
756.000000    0.01491224 
756.400000    -0.00799985 
756.800000    -0.02958903 
757.200000    -0.04059120 
757.600000    -0.03342902 
758.000000    -0.01273733 
758.400000    0.01157016 
758.800000    0.03378249 
759.200000    0.05191138 
759.600000    0.06535526 
760.000000    0.07392071 
760.400000    0.07759576 
760.800000    0.07650556 
761.200000    0.07085017 
761.600000    0.06081106 
762.000000    0.04647794 
762.400000    0.02788606 
762.800000    0.00542469 
763.200000    -0.01872389 
763.600000    -0.03770792 
764.000000    -0.04074364 
764.400000    -0.02526291 
764.800000    -0.00079772 
765.200000    0.02382529 
765.600000    0.04493101 
766.000000    0.06139146 
766.400000    0.07284205 
766.800000    0.07917973 
767.200000    0.08048507 
767.600000    0.07697864 
768.000000    0.06892424 
768.400000    0.05652101 
768.800000    0.03985026 
769.200000    0.01901947 
769.600000    -0.00508075 
770.000000    -0.02857478 
770.400000    -0.04196945 
770.800000    -0.03608257 
771.200000    -0.01489858 
771.600000    0.01064671 
772.000000    0.03411195 
772.400000    0.05329974 
772.800000    0.06755343 
773.200000    0.07665837 
773.600000    0.08061306 
774.000000    0.07959226 
774.400000    0.07387593 
774.800000    0.06373604 
775.200000    0.04934253 
775.600000    0.03077319 
776.000000    0.00835820 
776.400000    -0.01603343 
776.800000    -0.03619753 
777.200000    -0.04141488 
777.600000    -0.02768805 
778.000000    -0.00384408 
778.400000    0.02074577 
778.800000    0.04196304 
779.200000    0.05855270 
779.600000    0.07015021 
780.000000    0.07667659 
780.400000    0.07822969 
780.800000    0.07504021 
781.200000    0.06738368 
781.600000    0.05548108 
782.000000    0.03945261 
782.400000    0.01945597 
782.800000    -0.00362650 
783.200000    -0.02626025 
783.600000    -0.03994118 
784.000000    -0.03596104 
784.400000    -0.01700515 
784.800000    0.00687898 
785.200000    0.02912387 
785.600000    0.04734670 
786.000000    0.06088006 
786.400000    0.06956881 
786.800000    0.07344987 
787.200000    0.07268399 
787.600000    0.06749898 
788.000000    0.05811011 
788.400000    0.04466247 
788.800000    0.02727842 
789.200000    0.00642922 
789.600000    -0.01587249 
790.000000    -0.03385097 
790.400000    -0.03844785 
790.800000    -0.02651876 
791.200000    -0.00540887 
791.600000    0.01664783 
792.000000    0.03571274 
792.400000    0.05053561 
792.800000    0.06081652 
793.200000    0.06654636 
793.600000    0.06783382 
794.000000    0.06484927 
794.400000    0.05776976 
794.800000    0.04673182 
795.200000    0.03184759 
795.600000    0.01342333 
796.000000    -0.00728834 
796.400000    -0.02643104 
796.800000    -0.03651251 
797.200000    -0.03153294 
797.600000    -0.01468784 
798.000000    0.00595685 
798.400000    0.02506305 
798.800000    0.04055964 
799.200000    0.05187136 
799.600000    0.05891688 
800.000000    0.06176885 
800.400000    0.06055496 
800.800000    0.05541151 
801.200000    0.04645048 
801.600000    0.03377048 
802.000000    0.01760468 
802.400000    -0.00116789 
802.800000    -0.01982886 
803.200000    -0.03255511 
803.600000    -0.03284840 
804.000000    -0.02058571 
804.400000    -0.00222989 
804.800000    0.01621000 
805.200000    0.03184208 
805.600000    0.04370791 
806.000000    0.05159985 
806.400000    0.05554811 
806.800000    0.05565017 
807.200000    0.05201189 
807.600000    0.04472163 
808.000000    0.03386351 
808.400000    0.01963364 
808.800000    0.00272039 
809.200000    -0.01480707 
809.600000    -0.02837116 
810.000000    -0.03197580 
810.400000    -0.02364016 
810.800000    -0.00787965 
811.200000    0.00940858 
811.600000    0.02475286 
812.000000    0.03679721 
812.400000    0.04516523 
812.800000    0.04982583 
813.200000    0.05084760 
813.600000    0.04831433 
814.000000    0.04229737 
814.400000    0.03287051 
814.800000    0.02021124 
815.200000    0.00490777 
815.600000    -0.01134436 
816.000000    -0.02480518 
816.400000    -0.03019560 
816.800000    -0.02475522 
817.200000    -0.01140539 
817.600000    0.00452421 
818.000000    0.01930161 
818.400000    0.03124977 
818.800000    0.03981690 
819.200000    0.04489661 
819.600000    0.04652436 
820.000000    0.04476500 
820.400000    0.03967808 
820.800000    0.03133221 
821.200000    0.01989830 
821.600000    0.00591372 
822.000000    -0.00914313 
822.400000    -0.02207987 
822.800000    -0.02826430 
823.200000    -0.02474406 
823.600000    -0.01336487 
824.000000    0.00122930 
824.400000    0.01530174 
824.800000    0.02697153 
825.200000    0.03553803 
825.600000    0.04081883 
826.000000    0.04281351 
826.400000    0.04156864 
826.800000    0.03713476 
827.200000    0.02957917 
827.600000    0.01907450 
828.000000    0.00613695 
828.400000    -0.00787920 
828.800000    -0.02013761 
829.200000    -0.02652224 
829.600000    -0.02416181 
830.000000    -0.01425975 
830.400000    -0.00084376 
830.800000    0.01249352 
831.200000    0.02377870 
831.600000    0.03220566 
832.000000    0.03752694 
832.400000    0.03970803 
832.800000    0.03877812 
