0.000000    0.54667983 
0.106295    0.54661271 
0.212599    0.54654242 
0.318932    0.54651723 
0.425326    0.54662305 
0.531823    0.54697551 
0.638473    0.54770172 
0.745337    0.54891125 
0.852491    0.55068246 
0.960022    0.55304218 
1.068039    0.55597750 
1.176669    0.55942518 
1.286063    0.56328423 
1.396399    0.56741614 
1.507882    0.57165968 
1.620746    0.57583144 
1.735251    0.57973771 
1.851684    0.58318151 
1.970356    0.58597294 
2.091588    0.58793994 
2.215714    0.58893966 
2.343058    0.58886977 
2.473926    0.58768183 
2.608590    0.58538471 
2.747268    0.58203950 
2.890109    0.57781054 
3.037181    0.57287111 
3.188452    0.56743007 
3.343807    0.56173666 
3.503034    0.55601860 
3.665838    0.55052406 
3.831856    0.54542380 
4.000669    0.54086725 
4.171822    0.53698153 
4.344841    0.53384502 
4.519248    0.53154946 
4.694557    0.53015895 
4.870291    0.52973071 
5.045965    0.53034587 
5.221078    0.53214536 
5.395122    0.53528972 
5.567598    0.53982782 
5.738048    0.54572916 
5.906044    0.55298171 
6.071172    0.56162224 
6.233020    0.57170913 
6.391175    0.58329229 
6.545221    0.59637425 
6.694746    0.61087756 
6.839354    0.62659717 
6.978682    0.64313348 
7.112424    0.65982670 
7.240350    0.67572006 
7.362343    0.68957908 
7.478427    0.70000978 
7.588800    0.70567979 
7.693868    0.70561530 
7.794270    0.69946723 
7.890898    0.68760009 
7.984890    0.67092827 
8.077602    0.65059045 
8.170533    0.62767494 
8.265182    0.60314276 
8.362838    0.57794577 
8.464327    0.55319557 
8.569810    0.53019545 
8.678760    0.51023982 
8.790175    0.49428690 
8.902917    0.48274246 
9.016014    0.47548357 
9.128814    0.47203765 
9.240999    0.47178691 
9.352522    0.47412392 
9.463527    0.47849524 
9.574297    0.48435973 
9.685200    0.49125247 
9.796634    0.49881987 
9.908997    0.50679832 
10.022658    0.51499966 
10.137944    0.52330593 
10.255126    0.53166562 
10.374408    0.54008775 
10.495923    0.54863359 
10.619726    0.55740471 
10.745793    0.56652427 
10.874018    0.57611009 
11.004215    0.58624536 
11.136118    0.59694288 
11.269376    0.60811703 
11.403558    0.61957547 
11.538145    0.63102769 
11.672540    0.64210445 
11.806078    0.65236132 
11.938052    0.66125187 
12.067765    0.66808750 
12.194615    0.67202970 
12.318210    0.67218612 
12.438491    0.66784654 
12.555832    0.65877416 
12.671072    0.64536308 
12.785427    0.62854305 
12.900301    0.60952900 
13.017009    0.58961227 
13.136509    0.57005998 
13.259212    0.55203958 
13.384959    0.53649785 
13.513148    0.52403576 
13.642953    0.51486690 
13.773522    0.50888500 
13.904106    0.50579149 
14.034110    0.50522817 
14.163082    0.50687061 
14.290704    0.51038771 
14.416784    0.51540690 
14.541229    0.52161630 
14.664006    0.52877843 
14.785127    0.53669909 
14.904640    0.54521065 
15.022623    0.55416336 
15.139182    0.56341724 
15.254457    0.57283347 
15.368613    0.58226648 
15.481846    0.59155706 
15.594377    0.60052706 
15.706447    0.60897809 
15.818311    0.61669533 
15.930236    0.62345858 
16.042499    0.62905922 
16.155385    0.63331435 
16.269184    0.63607309 
16.384195    0.63722058 
16.500727    0.63668806 
16.619098    0.63447162 
16.739639    0.63065209 
16.862680    0.62540462 
16.988527    0.61899454 
17.117431    0.61176422 
17.249559    0.60411173 
17.384973    0.59645943 
17.523619    0.58921310 
17.665342    0.58270911 
17.809904    0.57716314 
17.957024    0.57265400 
18.106408    0.56915865 
18.257784    0.56661012 
18.410930    0.56493720 
18.565676    0.56407147 
18.721884    0.56394535 
18.879413    0.56450149 
19.038092    0.56570281 
19.197729    0.56752486 
19.358136    0.56993826 
19.519148    0.57291496 
19.680623    0.57644762 
19.842413    0.58055186 
20.004351    0.58526174 
20.166237    0.59062987 
20.327844    0.59672461 
20.488916    0.60362356 
20.649172    0.61140637 
20.808303    0.62014086 
20.965975    0.62985977 
21.121831    0.64054214 
21.275499    0.65208363 
21.426587    0.66423367 
21.574708    0.67653567 
21.719497    0.68830721 
21.860660    0.69865577 
21.998019    0.70653237 
22.131568    0.71085243 
22.261523    0.71069711 
22.388357    0.70555151 
22.512795    0.69547729 
22.635758    0.68113288 
22.758270    0.66364019 
22.881341    0.64436532 
23.005833    0.62469770 
23.132343    0.60588264 
23.261141    0.58891452 
23.392192    0.57447643 
23.525248    0.56292343 
23.659945    0.55431451 
23.795896    0.54848554 
23.932741    0.54514156 
24.070176    0.54395316 
24.207949    0.54462419 
24.345876    0.54685228 
24.483855    0.55029454 
24.621857    0.55465962 
24.759898    0.55974842 
24.898015    0.56543666 
25.036248    0.57165920 
25.174627    0.57839909 
25.313165    0.58567700 
25.451852    0.59354288 
25.590647    0.60206326 
25.729475    0.61129365 
25.868211    0.62123842 
26.006679    0.63180870 
26.144652    0.64279015 
26.281844    0.65383356 
