0.000000    0.00000000 
0.106295    0.01310798 
0.212599    0.02607831 
0.318932    0.03887113 
0.425326    0.05148860 
0.531823    0.06392013 
0.638473    0.07613578 
0.745337    0.08809192 
0.852491    0.09973618 
0.960022    0.11100843 
1.068039    0.12184336 
1.176669    0.13216914 
1.286063    0.14190879 
1.396399    0.15097991 
1.507882    0.15929559 
1.620746    0.16676473 
1.735251    0.17329333 
1.851684    0.17878549 
1.970356    0.18314550 
2.091588    0.18628019 
2.215714    0.18810238 
2.343058    0.18853512 
2.473926    0.18751692 
2.608590    0.18500676 
2.747268    0.18098927 
2.890109    0.17549521 
3.037181    0.16857442 
3.188452    0.16031707 
3.343807    0.15085006 
3.503034    0.14032455 
3.665838    0.12891567 
3.831856    0.11678149 
4.000669    0.10407789 
4.171822    0.09094262 
4.344841    0.07748420 
4.519248    0.06378355 
4.694557    0.04988599 
4.870291    0.03578371 
5.045965    0.02139881 
5.221078    0.00664583 
5.395122    -0.00833139 
5.567598    -0.02319364 
5.738048    -0.03786358 
5.906044    -0.05247947 
6.071172    -0.06716566 
6.233020    -0.08199156 
6.391175    -0.09698831 
6.545221    -0.11215635 
6.694746    -0.12746713 
6.839354    -0.14286214 
6.978682    -0.15824882 
7.112424    -0.17349714 
7.240350    -0.18843618 
7.362343    -0.20284906 
7.478427    -0.21646902 
7.588800    -0.22897570 
7.693868    -0.23999386 
7.794270    -0.24909568 
7.890898    -0.25580512 
7.984890    -0.25960430 
8.077602    -0.25993823 
8.170533    -0.25622692 
8.265182    -0.24790915 
8.362838    -0.23455411 
8.464327    -0.21605530 
8.569810    -0.19284228 
8.678760    -0.16595942 
8.790175    -0.13689339 
8.902917    -0.10721594 
9.016014    -0.07825260 
9.128814    -0.05091991 
9.240999    -0.02571712 
9.352522    -0.00281629 
9.463527    0.01766048 
9.574297    0.03566230 
9.685200    0.05136491 
9.796634    0.06498009 
9.908997    0.07670229 
10.022658    0.08672078 
10.137944    0.09522724 
10.255126    0.10242082 
10.374408    0.10850900 
10.495923    0.11370769 
10.619726    0.11824424 
10.745793    0.12235540 
10.874018    0.12628111 
11.004215    0.13026443 
11.136118    0.13454654 
11.269376    0.13935409 
11.403558    0.14489007 
11.538145    0.15131779 
11.672540    0.15873702 
11.806078    0.16715504 
11.938052    0.17645019 
12.067765    0.18633113 
12.194615    0.19630148 
12.318210    0.20564835 
12.438491    0.21347719 
12.555832    0.21880022 
12.671072    0.22066167 
12.785427    0.21826900 
12.900301    0.21110731 
13.017009    0.19903366 
13.136509    0.18234666 
13.259212    0.16179462 
13.384959    0.13847232 
13.513148    0.11361140 
13.642953    0.08834743 
13.773522    0.06355924 
13.904106    0.03980895 
14.034110    0.01734479 
14.163082    -0.00376202 
14.290704    -0.02332856 
14.416784    -0.04133329 
14.541229    -0.05795677 
14.664006    -0.07335757 
14.785127    -0.08764918 
14.904640    -0.10091504 
15.022623    -0.11321556 
15.139182    -0.12459184 
15.254457    -0.13506913 
15.368613    -0.14466081 
15.481846    -0.15337322 
15.594377    -0.16121034 
15.706447    -0.16817580 
15.818311    -0.17426929 
15.930236    -0.17948122 
16.042499    -0.18379201 
16.155385    -0.18717084 
16.269184    -0.18956547 
16.384195    -0.19088946 
16.500727    -0.19101964 
16.619098    -0.18980437 
16.739639    -0.18707830 
16.862680    -0.18268384 
16.988527    -0.17650001 
17.117431    -0.16847557 
17.249559    -0.15866140 
17.384973    -0.14723064 
17.523619    -0.13447207 
17.665342    -0.12075387 
17.809904    -0.10647842 
17.957024    -0.09204701 
18.106408    -0.07782378 
18.257784    -0.06408998 
18.410930    -0.05101154 
18.565676    -0.03863799 
18.721884    -0.02692112 
18.879413    -0.01575067 
19.038092    -0.00504150 
19.197729    0.00516902 
19.358136    0.01478194 
19.519148    0.02380431 
19.680623    0.03237814 
19.842413    0.04069817 
20.004351    0.04895038 
20.166237    0.05729171 
20.327844    0.06584668 
20.488916    0.07470837 
20.649172    0.08394141 
20.808303    0.09358514 
20.965975    0.10365487 
21.121831    0.11415002 
21.275499    0.12506212 
21.426587    0.13635332 
21.574708    0.14791451 
21.719497    0.15953717 
21.860660    0.17090469 
21.998019    0.18159080 
22.131568    0.19106547 
22.261523    0.19871950 
22.388357    0.20391245 
22.512795    0.20603589 
22.635758    0.20458332 
22.758270    0.19922131 
22.881341    0.18985380 
23.005833    0.17666724 
23.132343    0.16014204 
23.261141    0.14101015 
23.392192    0.12015229 
23.525248    0.09846383 
23.659945    0.07673518 
23.795896    0.05557611 
23.932741    0.03538160 
24.070176    0.01632615 
24.207949    -0.00151210 
24.345876    -0.01791990 
24.483855    -0.03279038 
24.621857    -0.04625718 
24.759898    -0.05849801 
24.898015    -0.06966637 
25.036248    -0.07989487 
25.174627    -0.08930863 
25.313165    -0.09803777 
25.451852    -0.10622104 
25.590647    -0.11400545 
25.729475    -0.12154887 
25.868211    -0.12901893 
26.006679    -0.13657805 
26.144652    -0.14436083 
26.281844    -0.15245998 
26.417917    -0.16091629 
