0.000000    0.00000000 
0.212889    0.02608720 
0.425995    0.05168574 
0.639628    0.07664588 
0.854210    0.10062313 
1.070396    0.12317372 
1.289262    0.14377582 
1.512517    0.16183413 
1.742669    0.17668017 
1.983028    0.18756251 
2.237462    0.19364565 
2.509769    0.19407468 
2.802645    0.18818386 
3.116553    0.17585493 
3.449076    0.15784617 
3.795547    0.13575160 
4.150434    0.11138560 
4.508471    0.08622303 
4.865219    0.06123252 
5.217119    0.03691127 
5.561291    0.01325958 
5.895008    -0.00997619 
6.215808    -0.03183490 
6.521901    -0.05255141 
6.812207    -0.07237243 
7.086669    -0.09115373 
7.346608    -0.10860763 
7.594878    -0.12439159 
7.835688    -0.13814373 
8.074102    -0.14947849 
8.315310    -0.15797265 
8.563869    -0.16321515 
8.823327    -0.16495229 
9.096554    -0.16318530 
9.386432    -0.15794132 
9.695632    -0.14873142 
10.024601    -0.13443237 
10.369409    -0.11448287 
10.722836    -0.09055403 
11.078542    -0.06606200 
11.433568    -0.04379708 
11.787545    -0.02467061 
12.140870    -0.00800388 
12.493503    0.00695982 
12.844820    0.01999148 
13.193661    0.03177070 
13.538379    0.04334053 
13.877224    0.05538812 
14.208420    0.06827208 
14.529706    0.08212035 
14.838172    0.09690660 
15.130770    0.11246556 
15.404987    0.12850349 
15.659357    0.14464729 
15.894245    0.16047692 
16.113351    0.17552719 
16.325713    0.18924747 
16.547304    0.20062186 
16.801109    0.20655375 
17.109407    0.19809011 
17.465049    0.16190067 
17.820994    0.10351235 
18.147113    0.04708684 
18.444121    0.00263335 
18.720393    -0.03115746 
18.983597    -0.05696000 
19.239429    -0.07717538 
19.491871    -0.09326436 
19.743529    -0.10623384 
19.995743    -0.11686520 
20.248472    -0.12587460 
20.500099    -0.13401704 
20.747390    -0.14210582 
20.985956    -0.15090820 
21.211702    -0.16092371 
21.423537    -0.17219086 
21.626644    -0.18433202 
21.834389    -0.19666064 
22.068192    -0.20732480 
22.353329    -0.20948559 
22.696635    -0.18653187 
23.055243    -0.13113356 
23.383306    -0.06850575 
23.674241    -0.01701981 
23.935380    0.02317381 
24.174226    0.05484142 
24.396481    0.08070362 
24.606677    0.10240001 
24.809251    0.12084031 
25.009120    0.13643577 
25.211858    0.14921700 
25.423458    0.15882652 
25.649492    0.16450993 
25.893683    0.16537206 
26.156715    0.16112235 
26.436477    0.15280291 
26.729860    0.14247380 
27.034462    0.13197836 
27.349104    0.12203568 
27.673806    0.11229639 
28.009110    0.10184041 
28.354477    0.08982782 
28.707814    0.07602819 
29.066537    0.06066561 
29.428199    0.04419737 
29.790592    0.02728588 
30.151343    0.00989210 
30.507833    -0.00808120 
30.857663    -0.02534801 
31.198685    -0.04198825 
31.528721    -0.05852947 
31.845660    -0.07511654 
32.147874    -0.09161720 
32.434768    -0.10766835 
32.707185    -0.12280890 
32.967828    -0.13658067 
33.221010    -0.14846515 
33.471921    -0.15795947 
33.726971    -0.16457992 
33.994682    -0.16740266 
34.284744    -0.16443262 
34.603650    -0.15275432 
34.948642    -0.13043027 
35.306962    -0.09931686 
35.665060    -0.06559989 
36.016842    -0.03522676 
36.362130    -0.00998748 
36.702651    0.01060397 
37.039944    0.02663933 
37.374908    0.03953578 
37.707907    0.05068964 
38.038984    0.06105597 
38.367559    0.07138497 
38.691541    0.08240851 
39.006558    0.09490526 
39.306669    0.10946079 
39.585673    0.12604737 
39.838268    0.14415709 
40.062914    0.16294044 
40.265455    0.18129187 
40.460792    0.19822869 
40.672884    0.21235275 
40.933764    0.21816590 
41.264216    0.19853006 
41.623137    0.13944787 
41.949917    0.06890034 
42.235137    0.01204651 
42.488713    -0.03075907 
42.720236    -0.06354944 
42.936915    -0.08956644 
43.144478    -0.11058087 
43.348294    -0.12764908 
43.554058    -0.14128777 
43.767301    -0.15149479 
43.991838    -0.15802444 
44.228146    -0.16100098 
44.473277    -0.16149818 
44.723358    -0.16131826 
44.977384    -0.16181998 
45.239416    -0.16281828 
45.517450    -0.16218302 
45.819396    -0.15600800 
46.147012    -0.14013576 
46.491854    -0.11381472 
46.840572    -0.08169179 
47.184039    -0.04976902 
47.518447    -0.02090523 
47.842163    0.00519349 
48.154720    0.02825876 
48.455657    0.04884148 
48.743752    0.06811667 
49.018282    0.08647792 
49.279811    0.10382239 
49.530471    0.11982771 
49.774236    0.13399467 
50.016843    0.14560634 
50.265099    0.15371406 
50.525779    0.15718297 
50.804092    0.15494707 
51.102425    0.14669673 
51.419939    0.13317440 
51.753087    0.11566603 
52.097271    0.09560805 
52.448794    0.07474885 
52.804990    0.05521120 
53.163527    0.03826743 
53.523296    0.02384279 
53.885038    0.01154336 
54.249330    0.00074850 
54.615252    -0.00882970 
54.981415    -0.01719852 
55.346822    -0.02487910 
55.710842    -0.03267683 
56.072587    -0.04138161 
56.430250    -0.05165259 
56.780739    -0.06395886 
57.119623    -0.07845455 
57.441740    -0.09502105 
57.743016    -0.11314240 
58.021238    -0.13189627 
58.276788    -0.15032373 
58.515902    -0.16726162 
58.753060    -0.18098175 
59.010280    -0.18826434 
59.310922    -0.18191706 
59.658189    -0.15177056 
60.019293    -0.10074421 
60.362847    -0.04812955 
60.681779    -0.00454348 
60.979182    0.02983112 
61.259896    0.05688421 
61.528374    0.07874226 
61.788117    0.09660960 
62.041487    0.11150411 
62.289909    0.12430828 
62.533438    0.13575204 
62.769875    0.14666904 
62.994970    0.15801032 
63.205331    0.17043662 
63.403944    0.18394526 
63.604340    0.19789144 
63.830551    0.21013941 
64.111293    0.21209568 
64.450710    0.18354789 
64.798282    0.12198974 
65.114827    0.05936133 
65.399812    0.01037442 
65.661095    -0.02723689 
65.904770    -0.05685217 
66.134660    -0.08126479 
66.353838    -0.10204868 
66.565962    -0.11993279 
66.775891    -0.13508844 
66.989940    -0.14729120 
67.215302    -0.15579530 
67.458277    -0.15931753 
67.722000    -0.15676155 
68.005497    -0.14850491 
68.305465    -0.13659272 
68.618830    -0.12314484 
68.943662    -0.10909268 
69.278532    -0.09454837 
69.621496    -0.07965403 
69.970269    -0.06498606 
70.323558    -0.05129113 
70.681053    -0.03883910 
71.042090    -0.02726070 
71.405760    -0.01606521 
71.770805    -0.00465791 
72.135599    0.00694273 
72.498767    0.01808744 
72.859189    0.02892298 
73.215209    0.04011188 
73.564581    0.05219307 
73.904957    0.06536640 
74.234045    0.07952503 
74.549774    0.09438337 
74.851082    0.10944031 
75.138651    0.12395367 
75.415421    0.13708655 
75.687707    0.14775090 
75.966161    0.15418802 
76.264211    0.15352858 
76.591830    0.14198658 
76.946485    0.11723080 
77.312536    0.08267385 
77.675010    0.04690937 
78.028087    0.01564623 
78.371414    -0.01053476 
78.706823    -0.03128027 
79.036508    -0.04779969 
79.361739    -0.06156857 
79.682738    -0.07367719 
79.998432    -0.08508945 
80.306385    -0.09683525 
80.603028    -0.10974219 
80.883617    -0.12435133 
81.143815    -0.14070811 
81.383274    -0.15790500 
81.609856    -0.17427941 
81.841917    -0.18749577 
82.105554    -0.19245721 
82.420415    -0.17781740 
82.770713    -0.13520609 
83.116963    -0.07963080 
83.440138    -0.02990819 
83.738346    0.01048384 
84.014525    0.04308454 
84.272584    0.06996971 
84.515777    0.09279899 
84.747368    0.11252021 
84.970946    0.12945602 
85.190437    0.14368941 
85.410296    0.15519755 
85.635345    0.16370653 
85.870503    0.16875663 
86.121255    0.16989228 
86.394141    0.16634057 
86.694617    0.15613953 
87.021230    0.13648910 
87.362688    0.10754292 
87.706262    0.07510209 
88.046949    0.04580991 
88.385146    0.02225069 
88.721667    0.00349466 
89.057251    -0.01148980 
89.393315    -0.02302792 
89.730348    -0.03269484 
90.067539    -0.04196174 
90.403260    -0.05154163 
90.735019    -0.06201555 
91.060309    -0.07359893 
91.377256    -0.08603014 
91.684644    -0.09891129 
91.982331    -0.11170764 
92.271957    -0.12363397 
92.557561    -0.13366105 
92.846260    -0.14034310 
93.148060    -0.14140081 
93.472381    -0.13351436 
93.820662    -0.11402708 
94.182764    -0.08512806 
94.545614    -0.05371438 
94.902192    -0.02492736 
95.251661    -0.00013237 
95.595842    0.01990752 
95.936702    0.03539891 
96.275631    0.04777555 
96.613704    0.05795841 
96.951498    0.06667221 
97.288256    0.07474965 
97.621929    0.08303279 
97.950047    0.09210362 
98.270015    0.10230563 
98.579631    0.11355278 
98.879104    0.12491010 
99.173441    0.13444615 
99.472097    0.13949372 
99.785590    0.13709015 
100.120573    0.12468256 
100.475256    0.10208640 
100.840552    0.07311066 
101.206610    0.04285863 
101.566334    0.01407420 
101.914893    -0.01283680 
102.249107    -0.03718096 
102.566827    -0.05990070 
102.866338    -0.08156595 
103.146017    -0.10241123 
103.404308    -0.12258053 
103.640611    -0.14200709 
103.856818    -0.16034391 
104.059219    -0.17703382 
104.260507    -0.19129238 
104.481162    -0.20124758 
104.747137    -0.20091065 
105.070230    -0.17709237 
105.417915    -0.12473354 
105.749001    -0.06564535 
106.055388    -0.01748992 
106.344828    0.01840862 
106.626341    0.04422770 
106.906357    0.06284391 
107.188692    0.07620923 
107.475304    0.08559672 
107.766659    0.09211834 
108.062435    0.09682240 
108.361628    0.10064445 
108.662369    0.10463819 
108.962386    0.10971761 
109.259984    0.11610458 
109.555686    0.12307210 
109.854050    0.12879078 
110.163560    0.13010277 
110.492262    0.12285712 
110.840550    0.10446622 
111.199723    0.07759831 
111.559772    0.04847720 
111.914817    0.02129944 
112.262586    -0.00298426 
112.602524    -0.02367366 
112.935222    -0.04099614 
113.261915    -0.05588108 
113.583983    -0.06878760 
113.902517    -0.08002400 
114.218345    -0.08979293 
114.532391    -0.09809703 
114.845954    -0.10479146 
115.160784    -0.10957081 
115.479189    -0.11195640 
115.803939    -0.11129749 
116.137571    -0.10699363 
116.481655    -0.09872587 
116.836426    -0.08668631 
117.200525    -0.07189803 
117.571117    -0.05588442 
117.945153    -0.03981830 
118.320909    -0.02436572 
118.697418    -0.00931337 
119.073036    0.00583897 
119.445527    0.02035742 
119.812659    0.03439048 
120.171816    0.04894966 
120.519579    0.06484752 
120.851813    0.08242523 
121.163901    0.10161139 
121.451838    0.12181712 
121.714559    0.14186934 
121.957695    0.16012327 
122.196575    0.17436238 
122.454901    0.18073665 
122.755893    0.17142816 
123.098953    0.13770764 
123.451235    0.08617691 
123.786692    0.03559017 
124.100396    -0.00598408 
124.395140    -0.03876799 
124.675041    -0.06492720 
124.944112    -0.08627441 
125.206085    -0.10385032 
125.463863    -0.11833973 
125.718834    -0.13042487 
125.970558    -0.14086740 
126.218046    -0.15039025 
126.463919    -0.15919608 
126.718731    -0.16585682 
126.999490    -0.16573555 
127.317016    -0.15041019 
127.659508    -0.11614363 
128.004275    -0.07442383 
128.340845    -0.03779152 
128.669336    -0.00901414 
128.993038    0.01325978 
129.314945    0.03011978 
129.636329    0.04369172 
129.956810    0.05559590 
130.275343    0.06673828 
130.590851    0.07750402 
130.902803    0.08784017 
131.211590    0.09734700 
131.518420    0.10553747 
131.825339    0.11186927 
132.135497    0.11559548 
132.453215    0.11563536 
132.783021    0.11063838 
133.127417    0.09949815 
133.484682    0.08249146 
133.849565    0.06193813 
134.216899    0.04099948 
134.584349    0.02197054 
134.951506    0.00525721 
135.317966    -0.00907499 
135.683605    -0.02027115 
136.048769    -0.02893089 
136.413700    -0.03628775 
136.778367    -0.04328453 
137.142123    -0.05058343 
137.503225    -0.05881707 
137.859049    -0.06846535 
138.206774    -0.07965037 
138.543905    -0.09205106 
138.869423    -0.10472774 
139.185722    -0.11596746 
139.499688    -0.12349522 
139.821603    -0.12466946 
140.160871    -0.11681945 
140.519979    -0.09875793 
140.892436    -0.07264516 
141.267725    -0.04312835 
141.637199    -0.01390913 
141.994988    0.01386507 
142.337276    0.03913048 
142.661727    0.06272293 
142.966251    0.08545585 
143.248011    0.10792583 
143.503410    0.13048288 
143.730085    0.15293430 
143.931403    0.17440260 
144.121618    0.19369341 
144.327921    0.20882656 
144.587918    0.21189343 
144.917826    0.18098140 
145.262392    0.11211481 
145.576326    0.04419991 
145.860709    -0.00643381 
146.125300    -0.04297041 
146.378705    -0.06980168 
146.628417    -0.08951820 
146.881106    -0.10336231 
147.142117    -0.11205891 
147.414721    -0.11628281 
147.699435    -0.11706603 
147.994265    -0.11606473 
148.296186    -0.11496474 
148.603261    -0.11441116 
148.916523    -0.11343506 
149.239826    -0.10959224 
149.576669    -0.10016060 
149.926412    -0.08433581 
150.284374    -0.06425016 
150.645254    -0.04311967 
151.005668    -0.02304332 
151.363803    -0.00423184 
151.718658    0.01283270 
152.070206    0.02720003 
152.418345    0.03984453 
152.763118    0.05138194 
153.104703    0.06195376 
153.443353    0.07144611 
153.779684    0.07956206 
154.115025    0.08590290 
154.451123    0.09019166 
154.789898    0.09217672 
155.133155    0.09172616 
155.482525    0.08868861 
155.839068    0.08292866 
156.202957    0.07440850 
156.574073    0.06339353 
156.951987    0.05081400 
157.334752    0.03755088 
157.719601    0.02383149 
158.105181    0.00975331 
158.490197    -0.00481714 
158.872258    -0.01914605 
159.248892    -0.03321056 
159.617551    -0.04788897 
159.974756    -0.06396594 
160.316053    -0.08177637 
160.636761    -0.10109106 
160.933540    -0.12104786 
161.208142    -0.13982807 
161.471090    -0.15474518 
161.741772    -0.16219974 
162.042537    -0.15637866 
162.381540    -0.13075065 
162.740304    -0.08862003 
163.094476    -0.04317233 
163.431922    -0.00256789 
163.749122    0.03170702 
164.045837    0.06063103 
164.323077    0.08573083 
164.582324    0.10783407 
164.825292    0.12763732 
165.054165    0.14557968 
165.272027    0.16180111 
165.486437    0.17617590 
165.715490    0.18731267 
165.987355    0.18862308 
166.314608    0.16329066 
166.658716    0.10703318 
166.985362    0.05006524 
167.296964    0.00879631 
167.603536    -0.01874806 
167.911686    -0.03628202 
168.223779    -0.04760143 
168.540157    -0.05518466 
168.861339    -0.06043460 
169.187499    -0.06446210 
169.517750    -0.06835694 
169.850592    -0.07284816 
170.184213    -0.07833140 
170.517108    -0.08467447 
170.848783    -0.09111392 
171.180524    -0.09646580 
171.515976    -0.09888252 
171.859976    -0.09608307 
172.215632    -0.08653592 
172.581987    -0.07089579 
172.954911    -0.05180953 
173.329870    -0.03215170 
173.704357    -0.01373793 
174.077032    0.00322795 
174.446917    0.01779380 
174.813760    0.02988281 
175.177894    0.04039433 
175.539428    0.05008294 
175.897317    0.05964813 
176.249836    0.06942792 
176.596096    0.07916004 
176.936584    0.08827981 
177.273334    0.09579530 
177.609468    0.10052382 
177.948764    0.10135533 
178.295724    0.09717325 
178.653835    0.08759243 
179.023083    0.07366177 
179.400261    0.05671161 
179.781574    0.03795131 
180.163799    0.01830579 
180.543331    -0.00234773 
180.915682    -0.02305125 
181.276598    -0.04340733 
181.621585    -0.06448614 
181.944851    -0.08706134 
182.239777    -0.11122773 
182.501880    -0.13606351 
182.734613    -0.15950903 
182.954537    -0.17888063 
183.191101    -0.19022689 
183.477748    -0.18364493 
183.816484    -0.14432007 
184.161467    -0.08247781 
184.484406    -0.02602267 
184.784142    0.01769486 
185.066096    0.05074943 
185.336009    0.07625771 
185.599035    0.09607970 
185.860172    0.11108562 
186.124093    0.12160984 
186.394321    0.12805682 
186.672804    0.13113787 
186.961527    0.13147739 
187.264713    0.12827705 
187.586517    0.11861595 
187.925726    0.10032078 
188.275586    0.07603206 
188.630339    0.05179688 
188.987937    0.03136360 
189.347673    0.01480592 
189.708344    0.00068459 
190.068312    -0.01152024 
190.426824    -0.02179716 
190.784103    -0.03085946 
191.139649    -0.03980926 
191.492188    -0.04934601 
191.840603    -0.05965162 
192.184072    -0.07046833 
192.522367    -0.08106130 
192.856517    -0.09039624 
193.189207    -0.09734545 
193.524848    -0.10051108 
193.868694    -0.09832598 
194.224632    -0.08961190 
194.592530    -0.07466868 
194.968342    -0.05553659 
195.347532    -0.03513470 
195.727410    -0.01569808 
196.105637    0.00246954 
196.479749    0.01850674 
196.849274    0.03186624 
197.214727    0.04366656 
197.575437    0.05527597 
197.929177    0.06753731 
198.273188    0.08068684 
198.605490    0.09443268 
198.926562    0.10758831 
199.241256    0.11780373 
199.559011    0.12193787 
199.890367    0.11686623 
200.240298    0.10133381 
200.605035    0.07788472 
200.976725    0.05119292 
201.348479    0.02484128 
201.715201    -0.00029988 
202.073118    -0.02363789 
202.419497    -0.04508461 
202.751287    -0.06598311 
203.065044    -0.08705160 
203.357373    -0.10847826 
203.625899    -0.13002376 
203.873547    -0.15043585 
204.114633    -0.16695147 
204.375964    -0.17421834 
204.683492    -0.16129246 
205.028603    -0.11964596 
205.374609    -0.06558508 
205.704711    -0.01918259 
206.020125    0.01615548 
206.326842    0.04193193 
206.630852    0.06066584 
206.936408    0.07403016 
207.245617    0.08319989 
207.559279    0.08904391 
207.877852    0.09227900 
208.201221    0.09385357 
208.528965    0.09454679 
208.861411    0.09423588 
209.200057    0.09195189 
209.546870    0.08633672 
209.902697    0.07675702 
210.266768    0.06416310 
210.637376    0.05014246 
211.012534    0.03585778 
211.390268    0.02169519 
211.768610    0.00737983 
212.145689    -0.00701094 
212.519869    -0.02047924 
212.889691    -0.03319527 
213.253432    -0.04597966 
213.609128    -0.05924803 
213.955064    -0.07292142 
214.290695    -0.08637045 
214.617487    -0.09848460 
214.939456    -0.10777390 
215.263284    -0.11236013 
215.596943    -0.11013400 
215.946176    -0.09943179 
216.310732    -0.08035009 
216.684625    -0.05589207 
217.060925    -0.03047317 
217.434449    -0.00632204 
217.801393    0.01586748 
218.160237    0.03490085 
218.510756    0.05181022 
218.851872    0.06797096 
219.181446    0.08425078 
219.497006    0.10090879 
219.797283    0.11746963 
220.086252    0.13196087 
220.376901    0.14040950 
220.687243    0.13704224 
221.025987    0.11705359 
221.383186    0.08390686 
221.743567    0.04838104 
222.099563    0.01723829 
222.449390    -0.00878610 
222.792812    -0.02983674 
223.129945    -0.04745764 
223.460883    -0.06295490 
223.785321    -0.07716496 
224.102561    -0.09065710 
224.412114    -0.10352177 
224.715075    -0.11517120 
225.016635    -0.12387868 
225.327209    -0.12619335 
225.657459    -0.11764504 
226.008624    -0.09640703 
226.370965    -0.06737420 
226.734340    -0.03827045 
227.094272    -0.01299269 
227.450292    0.00807651 
227.803628    0.02449542 
228.155807    0.03734601 
228.507290    0.04810861 
228.857198    0.05774201 
229.204596    0.06658915 
229.549307    0.07470897 
229.891603    0.08205887 
230.232439    0.08819276 
230.573961    0.09218664 
230.919604    0.09263450 
231.273044    0.08801752 
231.636174    0.07787786 
232.008082    0.06342578 
232.385993    0.04672600 
232.767076    0.02964771 
233.149289    0.01304706 
233.530641    -0.00322514 
233.908955    -0.01837891 
234.282420    -0.03240400 
234.649078    -0.04645931 
235.006243    -0.06141096 
235.350636    -0.07757442 
235.679491    -0.09452434 
235.992910    -0.11077451 
236.296661    -0.12373747 
236.603120    -0.12982406 
236.926825    -0.12483981 
237.274466    -0.10612938 
237.639042    -0.07647816 
238.007779    -0.04332077 
238.371836    -0.01222295 
238.726768    0.01540173 
239.070664    0.03892877 
239.402930    0.05959531 
239.723072    0.07844638 
240.030253    0.09622139 
240.323740    0.11327227 
240.605089    0.12910719 
240.882482    0.14157494 
241.173173    0.14580590 
241.494301    0.13405591 
241.843092    0.10288714 
242.200064    0.06308735 
242.552913    0.02754251 
242.899555    -0.00034877 
243.241841    -0.02096973 
243.582675    -0.03558379 
243.924476    -0.04623585 
244.268418    -0.05444045 
244.614204    -0.06143690 
244.960446    -0.06820071 
245.305451    -0.07526635 
245.648032    -0.08256127 
245.988395    -0.08924374 
246.329047    -0.09365253 
246.674665    -0.09359063 
247.029811    -0.08718667 
247.395748    -0.07422908 
247.769869    -0.05673054 
248.148065    -0.03755006 
248.526919    -0.01859591 
248.904317    -0.00039240 
249.278768    0.01622081 
249.649053    0.03087253 
250.013817    0.04463481 
250.371560    0.05819057 
250.720854    0.07173297 
251.060790    0.08498475 
251.392171    0.09693044 
251.719041    0.10570197 
252.048807    0.10888261 
252.389592    0.10417636 
252.745524    0.09071992 
253.114207    0.07032553 
253.489505    0.04678700 
253.866014    0.02354421 
254.240234    0.00178801 
254.609673    -0.01778805 
254.972926    -0.03478560 
255.328907    -0.05052597 
255.675837    -0.06617828 
256.011118    -0.08241154 
256.332209    -0.09919735 
256.639169    -0.11533728 
256.938819    -0.12786524 
257.246102    -0.13195142 
257.576056    -0.12204863 
257.929872    -0.09675624 
258.295018    -0.06335200 
258.659834    -0.03085889 
259.019045    -0.00257637 
259.370921    0.02112457 
259.715289    0.04058510 
260.052500    0.05732219 
260.382958    0.07219058 
260.706626    0.08582570 
261.023269    0.09854188 
261.334054    0.10981611 
261.644159    0.11769918 
261.963548    0.11853899 
262.301410    0.10828498 
262.657525    0.08659993 
263.023355    0.05921720 
263.391022    0.03278847 
263.756823    0.01001224 
264.119713    -0.00900503 
264.480133    -0.02375738 
264.839183    -0.03527106 
265.197559    -0.04491150 
265.555043    -0.05367008 
265.910726    -0.06216272 
266.263662    -0.07060006 
266.613408    -0.07873252 
266.960669    -0.08569018 
267.307982    -0.08997484 
267.659523    -0.08978127 
268.019278    -0.08373268 
268.388674    -0.07186369 
268.765976    -0.05588382 
269.147791    -0.03805848 
269.530911    -0.01994613 
269.912875    -0.00188082 
270.291428    0.01544636 
270.664534    0.03143507 
271.030173    0.04708386 
271.385839    0.06323674 
271.728528    0.08020102 
272.055999    0.09739745 
272.369635    0.11294610 
272.677638    0.12356287 
272.994238    0.12501614 
273.331652    0.11355455 
273.690156    0.08934067 
274.059230    0.05829557 
274.428144    0.02726234 
274.790848    -0.00093216 
275.144586    -0.02533811 
275.488583    -0.04615680 
275.822656    -0.06465321 
276.146519    -0.08160980 
276.459727    -0.09752552 
276.762790    -0.11228152 
277.060164    -0.12437401 
277.363334    -0.13007082 
277.686956    -0.12355560 
278.035149    -0.10128444 
278.396906    -0.06911678 
278.760712    -0.03751193 
279.122138    -0.01128676 
279.480512    0.00959654 
279.836367    0.02525357 
280.190578    0.03719133 
280.543768    0.04694326 
280.896134    0.05556799 
281.247262    0.06384570 
281.596165    0.07222566 
281.942051    0.08053859 
282.285612    0.08774565 
282.630013    0.09193947 
282.980286    0.09083197 
283.340569    0.08292059 
283.711314    0.06875369 
284.089488    0.05085519 
284.471003    0.03197783 
284.852516    0.01350365 
285.231702    -0.00433640 
285.606950    -0.02047926 
285.977098    -0.03507001 
286.340850    -0.04917004 
286.696644    -0.06332770 
287.043018    -0.07754530 
287.379580    -0.09111450 
287.708883    -0.10226986 
288.037828    -0.10824145 
288.375825    -0.10604188 
288.729243    -0.09405100 
289.097037    -0.07382255 
289.472856    -0.04964201 
289.850401    -0.02553377 
290.225634    -0.00305728 
290.595849    0.01716760 
290.959352    0.03476886 
291.315031    0.05097136 
291.661517    0.06678261 
291.996834    0.08282664 
292.319376    0.09894516 
292.630782    0.11356282 
292.939647    0.12316529 
293.260650    0.12255445 
293.604088    0.10741797 
293.965869    0.07990604 
294.334395    0.04861700 
294.701782    0.02008611 
295.064725    -0.00443765 
295.422035    -0.02463301 
295.773524    -0.04139432 
296.119060    -0.05619916 
296.458379    -0.06986173 
296.791110    -0.08280037 
297.117308    -0.09492234 
297.439200    -0.10504275 
297.763223    -0.11041681 
298.098744    -0.10722152 
298.451286    -0.09301290 
298.817514    -0.07016829 
299.189912    -0.04479141 
299.563137    -0.02142097 
299.934657    -0.00104822 
300.303384    0.01586111 
300.669275    0.02919429 
301.032542    0.04033099 
301.393051    0.05042139 
301.750194    0.06018842 
302.103136    0.06989717 
302.451621    0.07916250 
302.797058    0.08680044 
303.143205    0.09090578 
303.495338    0.08940769 
303.857505    0.08119509 
304.230030    0.06710499 
304.609948    0.04962031 
304.993399    0.03127401 
305.377268    0.01326614 
305.759200    -0.00428161 
306.137118    -0.02042331 
306.509116    -0.03543476 
306.873205    -0.05048078 
307.227103    -0.06623160 
307.568404    -0.08273317 
307.896179    -0.09893665 
308.214208    -0.11225928 
308.533071    -0.11872816 
308.866212    -0.11402003 
309.220013    -0.09621586 
309.588884    -0.06897490 
309.962515    -0.03920447 
310.333506    -0.01133159 
310.697863    0.01358236 
311.053624    0.03483987 
311.399817    0.05370993 
311.735609    0.07122812 
312.060118    0.08793909 
312.373087    0.10380801 
312.677527    0.11748791 
312.983490    0.12539313 
313.306134    0.12176639 
313.652854    0.10238133 
314.015238    0.07165687 
314.381321    0.03992404 
314.745571    0.01294819 
315.106932    -0.00875691 
315.465903    -0.02508139 
315.823321    -0.03743620 
316.179649    -0.04738272 
316.534812    -0.05603413 
316.888303    -0.06416482 
317.239448    -0.07214706 
317.588032    -0.07967881 
317.935414    -0.08550393 
318.285173    -0.08758046 
318.641854    -0.08393850 
319.008154    -0.07398026 
319.383376    -0.05918669 
319.764634    -0.04216051 
320.148711    -0.02486131 
320.532845    -0.00780673 
320.914744    0.00874530 
321.292601    0.02375750 
321.664862    0.03784828 
322.029770    0.05201736 
322.385371    0.06664388 
322.730209    0.08135677 
323.064990    0.09476351 
323.394660    0.10431317 
323.728447    0.10674985 
324.075542    0.09938339 
324.438785    0.08215073 
324.813392    0.05856828 
325.192007    0.03334340 
325.569125    0.00927110 
325.941372    -0.01274299 
326.306606    -0.03183530 
326.663315    -0.04915625 
327.010115    -0.06572965 
327.345432    -0.08214627 
327.668252    -0.09827379 
327.981048    -0.11241451 
328.293421    -0.12071436 
328.620025    -0.11773481 
328.968820    -0.09996420 
329.333496    -0.07141802 
329.703155    -0.04107877 
330.071542    -0.01424797 
330.436314    0.00844351 
330.796862    0.02660154 
331.153281    0.04143099 
331.505423    0.05440693 
331.852764    0.06643670 
332.194728    0.07793675 
332.531343    0.08869103 
332.864789    0.09733720 
333.200853    0.10108344 
333.547112    0.09663440 
333.907278    0.08269474 
334.278383    0.06204686 
334.654775    0.03962889 
335.032342    0.01866465 
335.408723    -0.00031396 
335.782439    -0.01663913 
336.152821    -0.03015912 
336.519418    -0.04214401 
336.881544    -0.05358434 
337.238259    -0.06496710 
337.588770    -0.07616923 
337.933682    -0.08613485 
338.276553    -0.09274383 
338.623728    -0.09334871 
338.981129    -0.08608619 
339.350381    -0.07144815 
339.728551    -0.05237853 
340.111128    -0.03218210 
340.494322    -0.01257739 
340.875403    0.00603202 
341.252413    0.02253315 
341.623744    0.03744179 
341.987637    0.05198597 
342.342170    0.06680327 
342.685643    0.08187581 
343.018205    0.09604694 
343.344681    0.10654806 
343.675319    0.10940934 
344.020438    0.10120790 
344.382370    0.08206823 
344.755042    0.05678649 
345.130962    0.03091920 
345.505208    0.00692799 
345.874831    -0.01462297 
346.238097    -0.03313719 
346.593658    -0.04994794 
346.940009    -0.06611289 
347.275677    -0.08206262 
347.600200    -0.09743577 
347.916740    -0.11038357 
348.235068    -0.11695153 
348.568502    -0.11192330 
348.922550    -0.09281452 
349.290024    -0.06453984 
349.661059    -0.03546199 
350.030323    -0.00984646 
350.395828    0.01179425 
350.757237    0.02899371 
351.114868    0.04301368 
351.468903    0.05507675 
351.819266    0.06592676 
352.165910    0.07586217 
352.509468    0.08451936 
352.852387    0.09051346 
353.199483    0.09147607 
353.555846    0.08523781 
353.923082    0.07180520 
354.298614    0.05397950 
354.678685    0.03531700 
355.060574    0.01775807 
355.442427    0.00137738 
355.822753    -0.01328986 
356.200500    -0.02583594 
356.574634    -0.03738597 
356.943776    -0.04898212 
357.306349    -0.06106813 
357.661098    -0.07340550 
358.008245    -0.08484407 
358.351164    -0.09315552 
358.696683    -0.09546665 
359.052006    -0.08949553 
359.420006    -0.07519307 
359.797926    -0.05528824 
360.180507    -0.03339579 
360.563027    -0.01160874 
360.941864    0.00944668 
361.314196    0.02859280 
361.677507    0.04667174 
362.029127    0.06472129 
362.366527    0.08301925 
362.688728    0.10083727 
363.000000    0.11558841 
363.313166    0.12245149 
363.644175    0.11573913 
363.997995    0.09353763 
364.365101    0.06229331 
364.734377    0.03107405 
365.100193    0.00376687 
365.460533    -0.01901107 
365.815208    -0.03731148 
366.164535    -0.05266244 
366.508648    -0.06608965 
366.847545    -0.07816017 
367.181824    -0.08882131 
367.514052    -0.09696300 
367.849984    -0.10005234 
368.196749    -0.09490646 
368.557326    -0.08043877 
368.928252    -0.05985639 
369.304070    -0.03824870 
369.681269    -0.01863489 
370.058186    -0.00129463 
370.433820    0.01351728 
370.807572    0.02565059 
371.178895    0.03629766 
371.546980    0.04653420 
371.910814    0.05691439 
372.269575    0.06740005 
372.623311    0.07722794 
372.974011    0.08475224 
373.326248    0.08761619 
373.685605    0.08367346 
374.055175    0.07243150 
374.433790    0.05577083 
374.817764    0.03674347 
375.203278    0.01743489 
375.587181    -0.00165010 
375.966993    -0.01938237 
376.340736    -0.03560955 
376.706204    -0.05157426 
377.060989    -0.06785763 
377.403340    -0.08413307 
377.734225    -0.09877048 
378.060305    -0.10842257 
378.393429    -0.10876184 
378.743082    -0.09692040 
379.108805    -0.07470032 
379.482989    -0.04808140 
379.858479    -0.02217475 
380.231041    0.00147554 
380.598324    0.02204572 
380.959087    0.03976197 
381.312226    0.05601938 
381.656420    0.07162102 
381.990694    0.08667636 
382.316286    0.10012127 
382.639440    0.10909328 
382.971488    0.10905575 
383.321256    0.09634219 
383.686727    0.07289004 
384.059370    0.04592090 
384.432866    0.02108403 
384.804492    -0.00034589 
385.173211    -0.01800452 
385.538791    -0.03219771 
385.901049    -0.04440919 
386.259439    -0.05568115 
386.613237    -0.06650942 
386.962292    -0.07670005 
387.308100    -0.08514086 
387.654653    -0.08972402 
388.007658    -0.08790736 
388.371190    -0.07830674 
388.744794    -0.06227956 
389.124744    -0.04325891 
389.507253    -0.02423308 
389.889647    -0.00613452 
390.269903    0.01067442 
390.646648    0.02529155 
391.018843    0.03857424 
391.385215    0.05157665 
391.744378    0.06467169 
392.095658    0.07736765 
392.440539    0.08810909 
392.784035    0.09426439 
393.133691    0.09290156 
393.495069    0.08258123 
393.867967    0.06496935 
394.247972    0.04397463 
394.630354    0.02287549 
395.011655    0.00269810 
395.389405    -0.01583804 
395.761878    -0.03223817 
396.127367    -0.04780006 
396.483765    -0.06345171 
396.829077    -0.07928476 
397.163209    -0.09416421 
397.491012    -0.10519943 
397.823276    -0.10801436 
398.170661    -0.09884066 
398.534661    -0.07831088 
398.908274    -0.05227202 
399.284139    -0.02657262 
399.657974    -0.00328241 
400.027475    0.01708168 
400.391463    0.03433901 
400.748999    0.04993227 
401.098835    0.06486161 
401.439757    0.07941915 
401.772149    0.09281035 
402.100483    0.10264497 
402.434234    0.10496210 
402.782769    0.09601339 
403.147121    0.07614892 
403.520557    0.05103017 
403.896354    0.02653867 
404.271008    0.00485667 
404.643011    -0.01354699 
405.011928    -0.02829456 
405.377658    -0.04069865 
405.739837    -0.05193387 
406.097837    -0.06262286 
406.451372    -0.07269615 
406.801569    -0.08114612 
407.151902    -0.08599047 
407.507585    -0.08486563 
407.872638    -0.07647959 
408.247164    -0.06198394 
408.628144    -0.04443631 
409.012182    -0.02662900 
409.396769    -0.00957020 
409.779952    0.00661501 
410.160218    0.02097361 
410.536320    0.03404514 
410.906712    0.04704830 
411.269542    0.06056460 
411.623417    0.07424447 
411.968979    0.08658557 
412.310753    0.09486904 
412.656865    0.09581128 
413.014568    0.08726549 
413.385107    0.07019220 
413.764102    0.04846030 
414.145966    0.02591862 
414.526420    0.00411400 
414.902366    -0.01620815 
415.271580    -0.03445727 
415.631908    -0.05195933 
415.980807    -0.06961206 
416.316138    -0.08733601 
416.638865    -0.10347977 
416.957137    -0.11415395 
417.285764    -0.11375477 
417.635133    -0.09832582 
418.001288    -0.07111260 
418.373437    -0.04094156 
418.744366    -0.01361463 
419.111113    0.00974514 
419.472988    0.02848039 
419.830266    0.04378391 
420.183114    0.05699583 
420.531352    0.06891383 
420.874969    0.07970511 
421.215535    0.08843877 
421.557646    0.09279808 
421.907873    0.08982868 
422.270156    0.07819602 
422.642769    0.06019387 
423.021093    0.04023806 
423.401441    0.02144061 
423.781811    0.00447898 
424.161010    -0.01036831 
424.538348    -0.02256438 
424.913296    -0.03311865 
425.285043    -0.04324319 
425.652451    -0.05363078 
426.014531    -0.06425905 
426.371394    -0.07420512 
426.725358    -0.08162880 
427.081184    -0.08414226 
427.444198    -0.07978963 
427.817010    -0.06837330 
428.198185    -0.05188910 
428.584058    -0.03320210 
428.970911    -0.01411044 
429.355557    0.00494570 
429.735356    0.02273068 
430.108002    0.03954042 
430.470803    0.05660080 
430.820982    0.07420511 
431.157415    0.09129290 
431.484000    0.10495634 
431.811856    0.11056986 
432.154022    0.10370032 
432.514673    0.08393436 
432.887126    0.05681731 
433.262556    0.02908488 
433.635375    0.00370661 
434.002744    -0.01842981 
434.363596    -0.03699747 
434.717364    -0.05343132 
435.063335    -0.06869329 
435.400957    -0.08306400 
435.731454    -0.09565458 
436.060605    -0.10364467 
436.398679    -0.10259954 
436.753062    -0.08945695 
437.121342    -0.06685280 
437.496012    -0.04171551 
437.871692    -0.01884701 
438.246021    0.00086827 
438.618173    0.01695489 
438.988101    0.02965206 
439.355761    0.04041437 
439.720677    0.05036329 
440.082042    0.06008578 
440.439372    0.06944366 
440.793650    0.07732401 
441.148179    0.08171138 
441.507804    0.08039424 
441.876162    0.07227134 
442.253353    0.05839924 
442.636606    0.04141815 
443.022572    0.02371939 
443.408477    0.00617798 
443.792005    -0.01065975 
444.171417    -0.02572812 
444.545292    -0.03980341 
444.911938    -0.05388876 
445.269692    -0.06815356 
445.618336    -0.08157026 
445.961100    -0.09176809 
446.305404    -0.09544506 
446.659553    -0.08984111 
447.026913    -0.07492336 
447.404314    -0.05406075 
447.786075    -0.03155234 
448.167523    -0.00972438 
448.545421    0.01072847 
448.917726    0.02869960 
449.282896    0.04519066 
449.639115    0.06135464 
449.984637    0.07747531 
450.319427    0.09256001 
450.648381    0.10364627 
450.982583    0.10599336 
451.332541    0.09566428 
451.698703    0.07395473 
452.073479    0.04757093 
452.449834    0.02232874 
452.823919    -0.00016886 
453.193888    -0.01928390 
453.559156    -0.03510808 
453.919418    -0.04905788 
454.274093    -0.06206970 
454.622554    -0.07443317 
454.965433    -0.08537123 
455.306635    -0.09258687 
455.653479    -0.09271901 
456.012275    -0.08341988 
456.383203    -0.06598007 
456.761525    -0.04489448 
457.142355    -0.02412777 
457.522613    -0.00496515 
457.900468    0.01209272 
458.275026    0.02632112 
458.645799    0.03873581 
459.012135    0.05038097 
459.373227    0.06171624 
459.728846    0.07238877 
460.080676    0.08095216 
460.433148    0.08503007 
460.792051    0.08227473 
461.160948    0.07196450 
461.539000    0.05594950 
461.922607    0.03744196 
462.308099    0.01879198 
462.692610    0.00059290 
463.073894    -0.01624756 
463.450415    -0.03123672 
463.820723    -0.04553459 
464.183042    -0.05995306 
464.536003    -0.07430327 
464.880481    -0.08703445 
465.221689    -0.09513174 
465.568543    -0.09497101 
465.928093    -0.08456232 
466.300315    -0.06576942 
466.679957    -0.04327291 
467.061513    -0.02085676 
467.441069    0.00038520 
467.815976    0.01953793 
468.184641    0.03643542 
468.545658    0.05238074 
468.897411    0.06811706 
469.238878    0.08341581 
469.572043    0.09644660 
469.904682    0.10338608 
470.248123    0.09966838 
470.608170    0.08366009 
470.980654    0.05963778 
471.357995    0.03424253 
471.734967    0.01097157 
472.108761    -0.00961616 
472.478113    -0.02671455 
472.842626    -0.04129360 
473.201906    -0.05454030 
473.555384    -0.06702606 
473.903056    -0.07849595 
474.247159    -0.08740002 
474.593395    -0.09085602 
474.948735    -0.08596515 
475.316181    -0.07232918 
475.692985    -0.05316833 
476.074322    -0.03280814 
476.456511    -0.01359564 
476.837230    0.00409682 
477.215062    0.01930574 
477.589320    0.03224081 
477.959427    0.04407520 
478.324596    0.05552818 
478.684204    0.06660270 
479.038931    0.07629158 
479.391998    0.08252817 
479.748861    0.08283754 
480.114350    0.07574942 
480.489530    0.06213188 
480.871845    0.04481829 
481.257653    0.02657247 
481.643800    0.00850926 
482.027649    -0.00900647 
482.407171    -0.02484918 
482.780719    -0.03969752 
483.146371    -0.05462352 
483.502203    -0.06982662 
483.847882    -0.08418710 
484.187220    -0.09495041 
484.529073    -0.09819725 
484.882731    -0.09082312 
485.250740    -0.07338337 
485.628396    -0.05042569 
486.009328    -0.02671896 
486.388781    -0.00417820 
486.763500    0.01646307 
487.131523    0.03459240 
487.491395    0.05143862 
487.841588    0.06782570 
488.181151    0.08363647 
488.512075    0.09717722 
488.842315    0.10461499 
489.183810    0.10104377 
489.542697    0.08446367 
489.914277    0.05945339 
490.290489    0.03331800 
490.666184    0.00981916 
491.038891    -0.01043218 
491.407746    -0.02674666 
491.772733    -0.04021728 
492.133872    -0.05204481 
492.490992    -0.06286279 
492.844237    -0.07259116 
493.195260    -0.08008059 
493.548140    -0.08310942 
493.908038    -0.07942675 
494.277708    -0.06860667 
494.655837    -0.05287956 
495.039062    -0.03552758 
495.424362    -0.01862417 
495.809532    -0.00248247 
496.192830    0.01233133 
496.573065    0.02519348 
496.949311    0.03703443 
497.320454    0.04877519 
497.685313    0.06066047 
498.043594    0.07195355 
498.397367    0.08078352 
498.751713    0.08453583 
499.112797    0.08097078 
499.484049    0.06974098 
499.864314    0.05295921 
500.249730    0.03374068 
500.636219    0.01407239 
501.020236    -0.00553996 
501.398901    -0.02381260 
501.769912    -0.04102705 
502.130777    -0.05831434 
502.479114    -0.07584202 
502.814823    -0.09220948 
503.143675    -0.10392601 
503.478024    -0.10596754 
503.828815    -0.09464938 
504.196017    -0.07189779 
504.571571    -0.04468055 
504.948114    -0.01857700 
505.321347    0.00493977 
505.689038    0.02493351 
506.050343    0.04193900 
506.404778    0.05722100 
506.751932    0.07137958 
507.092229    0.08413198 
507.428907    0.09368621 
507.769485    0.09649756 
508.122199    0.08902548 
508.488843    0.07152251 
508.864454    0.04908270 
509.243457    0.02704435 
509.622568    0.00741243 
510.000073    -0.00952531 
510.375197    -0.02314269 
510.747683    -0.03441501 
511.117248    -0.04454803 
511.483403    -0.05421506 
511.845797    -0.06342202 
512.205117    -0.07129435 
512.563992    -0.07607181 
512.926646    -0.07573600 
513.296689    -0.06919657 
513.674906    -0.05720578 
514.059372    -0.04195769 
514.447181    -0.02556861 
514.835565    -0.00887265 
515.221960    0.00779342 
515.604232    0.02320496 
515.980668    0.03775801 
516.349423    0.05238394 
516.708729    0.06717499 
517.058511    0.08089054 
517.402625    0.09082377 
517.749185    0.09348360 
518.106359    0.08637139 
518.476548    0.07014655 
518.855898    0.04866668 
519.238693    0.02601183 
519.620249    0.00394254 
519.997090    -0.01664899 
520.366920    -0.03503955 
520.727861    -0.05243179 
521.077995    -0.06956435 
521.416438    -0.08601874 
521.746236    -0.09953075 
522.077172    -0.10560360 
522.421710    -0.09923317 
522.783842    -0.07971833 
523.156971    -0.05327469 
523.533232    -0.02710026 
523.908176    -0.00391585 
524.279682    0.01572573 
524.647035    0.03158106 
525.010081    0.04503277 
525.368658    0.05709279 
525.722646    0.06813896 
526.072753    0.07765579 
526.421921    0.08385131 
526.775565    0.08402622 
527.138602    0.07633622 
527.511771    0.06180310 
527.892051    0.04390074 
528.275774    0.02581594 
528.660215    0.00868959 
529.043322    -0.00726123 
529.423641    -0.02105958 
529.800275    -0.03319668 
530.172411    -0.04471339 
530.539167    -0.05608060 
530.900142    -0.06695278 
531.256658    -0.07593489 
531.612706    -0.08073806 
531.973866    -0.07909342 
532.344084    -0.07015491 
532.723312    -0.05535658 
533.108466    -0.03752514 
533.495805    -0.01891395 
533.882000    -0.00020062 
534.264227    0.01755787 
534.640413    0.03383185 
535.008615    0.04971067 
535.366759    0.06572354 
535.714000    0.08107728 
536.053444    0.09320580 
536.393740    0.09807800 
536.745041    0.09209940 
537.111047    0.07530356 
537.487425    0.05229290 
537.867696    0.02835459 
538.247128    0.00581862 
538.622608    -0.01461723 
538.992296    -0.03224619 
539.354970    -0.04826238 
539.709445    -0.06356105 
540.055072    -0.07811706 
540.393584    -0.09046863 
540.731489    -0.09723965 
541.078614    -0.09417457 
541.440420    -0.07967380 
541.813772    -0.05762320 
542.192330    -0.03415517 
542.571599    -0.01258841 
542.949027    0.00659540 
543.323197    0.02258418 
543.693458    0.03604989 
544.059336    0.04820229 
544.420339    0.05964168 
544.776395    0.07018300 
545.129071    0.07853543 
545.482611    0.08232354 
545.842636    0.07915750 
546.212438    0.06851032 
546.590975    0.05256235 
546.974781    0.03460799 
547.360485    0.01676565 
547.745422    -0.00053670 
548.127476    -0.01634439 
548.505273    -0.03025106 
548.877777    -0.04326669 
549.243925    -0.05602012 
549.603089    -0.06826473 
549.956533    -0.07854954 
550.308754    -0.08429618 
550.666358    -0.08283017 
551.034016    -0.07314938 
551.411517    -0.05705488 
551.795202    -0.03797449 
552.181003    -0.01850426 
552.565571    0.00063411 
552.946216    0.01840322 
553.321034    0.03446434 
553.688297    0.04995703 
554.046224    0.06541870 
554.394190    0.08013218 
554.735271    0.09163493 
555.077744    0.09596571 
555.431103    0.08963753 
555.798484    0.07289754 
556.175576    0.05043729 
556.556374    0.02734280 
556.936587    0.00568540 
557.313343    -0.01394928 
557.684857    -0.03087964 
558.049914    -0.04626022 
558.407367    -0.06097485 
558.756548    -0.07500138 
559.098931    -0.08694352 
559.440307    -0.09364521 
559.789617    -0.09121006 
560.152326    -0.07811599 
560.526279    -0.05764781 
560.905834    -0.03528043 
561.286533    -0.01423981 
561.665602    0.00491456 
562.041321    0.02126475 
562.412809    0.03519155 
562.779454    0.04785830 
563.140697    0.05982501 
563.496528    0.07080691 
563.848792    0.07934592 
564.202194    0.08289653 
564.562631    0.07905379 
564.933167    0.06754334 
565.312325    0.05089971 
565.696412    0.03255502 
566.082051    0.01450637 
566.466623    -0.00286015 
566.848117    -0.01847261 
567.225245    -0.03223325 
567.596983    -0.04519173 
567.962300    -0.05787657 
568.320787    -0.06986409 
568.674216    -0.07946386 
569.027623    -0.08394566 
569.387520    -0.08080932 
569.757630    -0.06964373 
570.136807    -0.05283404 
570.521226    -0.03382317 
570.907116    -0.01474128 
571.291373    0.00395620 
571.671470    0.02113390 
572.045528    0.03687683 
572.411742    0.05228585 
572.768391    0.06767445 
573.115324    0.08199137 
573.456591    0.09239213 
573.801172    0.09479328 
574.157765    0.08625393 
574.527802    0.06805746 
574.906252    0.04531172 
575.287395    0.02254146 
575.667242    0.00117141 
576.043052    -0.01802111 
576.413143    -0.03473721 
576.776276    -0.05019169 
577.131331    -0.06503463 
577.478054    -0.07888768 
577.819138    -0.08978498 
578.161936    -0.09405227 
578.515303    -0.08805929 
578.882283    -0.07177396 
579.258745    -0.04987978 
579.639034    -0.02760513 
580.019330    -0.00709711 
580.397302    0.01116289 
580.771668    0.02639089 
581.141797    0.03954927 
581.507191    0.05162697 
581.867507    0.06291296 
582.223311    0.07275571 
582.577359    0.07932507 
582.934765    0.08008208 
583.300363    0.07337983 
583.675345    0.06010713 
584.057299    0.04328293 
584.442825    0.02577007 
584.829100    0.00867780 
585.213825    -0.00766833 
585.595241    -0.02216587 
585.972144    -0.03526914 
586.343436    -0.04793140 
586.708098    -0.06040474 
587.066127    -0.07187748 
587.420141    -0.08027562 
587.775816    -0.08280522 
588.139196    -0.07746100 
588.512672    -0.06465825 
588.894185    -0.04720339 
589.279844    -0.02819944 
589.666017    -0.00910307 
590.049544    0.00962672 
590.427862    0.02680389 
590.798900    0.04309823 
591.160541    0.05939083 
591.511227    0.07545855 
591.852350    0.08935852 
592.191003    0.09722956 
592.538103    0.09470820 
592.900059    0.08034548 
593.274118    0.05800738 
593.653588    0.03368492 
594.033206    0.01067191 
594.409592    -0.01034750 
594.780713    -0.02842129 
595.145407    -0.04445907 
595.502732    -0.05944057 
595.852194    -0.07348224 
596.195218    -0.08539732 
596.537257    -0.09222622 
596.886948    -0.09008032 
597.249755    -0.07728137 
597.623634    -0.05707340 
598.003078    -0.03505726 
598.383839    -0.01455422 
598.763424    0.00387508 
599.140377    0.01939208 
599.514009    0.03229751 
599.883878    0.04377959 
600.249579    0.05448996 
600.611078    0.06431906 
600.969601    0.07218027 
601.328469    0.07606926 
601.692276    0.07395798 
602.064137    0.06529962 
602.443870    0.05171786 
602.829009    0.03585589 
603.216729    0.01956985 
603.604519    0.00324444 
603.990071    -0.01247041 
604.371570    -0.02669293 
604.747589    -0.04018580 
605.116722    -0.05361590 
605.478011    -0.06671252 
605.832494    -0.07790086 
606.184779    -0.08440837 
606.541951    -0.08338842 
606.909209    -0.07378655 
607.286582    -0.05747294 
607.670339    -0.03795816 
608.056143    -0.01784282 
608.440247    0.00218137 
608.819508    0.02098862 
609.191540    0.03842771 
609.554095    0.05558563 
609.905161    0.07267391 
610.244981    0.08829150 
610.579483    0.09885329 
610.920353    0.09937178 
611.276725    0.08684506 
611.647261    0.06427021 
612.024567    0.03860007 
612.402591    0.01442463 
612.777820    -0.00729656 
613.148371    -0.02564411 
613.513407    -0.04135165 
613.872382    -0.05554772 
614.225035    -0.06858701 
614.572371    -0.07975994 
614.918319    -0.08684331 
615.269785    -0.08651737 
615.632322    -0.07674129 
616.005627    -0.05946454 
616.385433    -0.03944807 
616.767772    -0.02025073 
617.150143    -0.00272475 
617.530907    0.01262471 
617.909086    0.02532995 
618.284072    0.03641402 
618.655325    0.04678278 
619.022447    0.05666458 
619.385754    0.06545009 
619.747189    0.07161081 
620.110544    0.07313334 
620.479824    0.06863891 
620.856840    0.05844752 
621.240559    0.04445062 
621.628454    0.02876587 
622.017783    0.01243450 
622.405810    -0.00435026 
622.789984    -0.02035308 
623.168270    -0.03547395 
623.538758    -0.05055581 
623.899768    -0.06561864 
624.251481    -0.07924978 
624.598299    -0.08846301 
624.948655    -0.08968631 
625.309966    -0.08093552 
625.683344    -0.06377760 
626.064508    -0.04242897 
626.448161    -0.02045352 
626.830022    0.00100145 
627.206797    0.02085411 
627.576207    0.03888433 
627.936293    0.05622014 
628.285390    0.07316561 
628.623985    0.08849511 
628.958043    0.09876016 
629.299170    0.09888513 
629.656120    0.08574526 
630.026887    0.06266809 
630.403908    0.03705243 
630.781568    0.01349153 
631.156943    -0.00717944 
631.528672    -0.02416793 
631.896284    -0.03829796 
632.259475    -0.05079526 
632.618051    -0.06216991 
632.972597    -0.07202860 
633.325628    -0.07877701 
633.681963    -0.07987930 
634.046367    -0.07343913 
634.420071    -0.06022676 
634.800720    -0.04348110 
635.185094    -0.02631337 
635.570668    -0.00990636 
635.955450    0.00558751 
636.337835    0.01921255 
636.716717    0.03122810 
637.091224    0.04258684 
637.460633    0.05366558 
637.824833    0.06398288 
638.185381    0.07204534 
638.546181    0.07563644 
638.912158    0.07287636 
639.286345    0.06351777 
639.668316    0.04927183 
640.055346    0.03260003 
640.444186    0.01507737 
640.831655    -0.00293500 
641.214839    -0.02020272 
641.591453    -0.03647810 
641.959355    -0.05267164 
642.316679    -0.06881063 
642.663812    -0.08329362 
643.006238    -0.09266592 
643.353927    -0.09279606 
643.714595    -0.08168943 
644.087892    -0.06190790 
644.468153    -0.03876191 
644.849813    -0.01597377 
645.228925    0.00551865 
645.602816    0.02459789 
645.969814    0.04167365 
646.328502    0.05784654 
646.677878    0.07329771 
647.019143    0.08672325 
647.358347    0.09477898 
647.705572    0.09295525 
648.067188    0.07919895 
648.440546    0.05730594 
648.819241    0.03377242 
649.198718    0.01219651 
649.576510    -0.00684418 
649.951342    -0.02255616 
650.322634    -0.03568695 
650.689922    -0.04744302 
651.052847    -0.05833188 
651.411745    -0.06797056 
651.768662    -0.07487668 
652.127792    -0.07673726 
652.493673    -0.07173412 
652.868133    -0.06023909 
653.249626    -0.04484502 
653.635258    -0.02835799 
654.022396    -0.01206306 
654.408751    0.00387708 
654.792325    0.01841669 
655.171675    0.03151018 
655.545676    0.04404040 
655.913431    0.05630163 
656.274900    0.06760057 
656.632258    0.07606936 
656.990504    0.07911243 
657.355321    0.07478338 
657.729445    0.06328007 
658.111504    0.04700981 
658.498021    0.02882219 
658.885407    0.01018857 
659.270374    -0.00841017 
659.650202    -0.02566141 
660.022792    -0.04201661 
660.386125    -0.05828595 
660.738865    -0.07412193 
661.082850    -0.08735814 
661.425517    -0.09401239 
661.777149    -0.09008920 
662.142790    -0.07500037 
662.519193    -0.05305855 
662.900180    -0.02974736 
663.281012    -0.00767850 
663.658558    0.01248023 
664.030914    0.02987407 
664.396854    0.04556022 
664.755286    0.06041622 
665.105795    0.07429260 
665.450528    0.08548465 
665.795999    0.09052582 
666.150688    0.08572919 
666.518143    0.07070945 
666.894945    0.04985042 
667.275849    0.02838985 
667.657261    0.00861314 
668.036983    -0.00907495 
668.413692    -0.02387854 
668.786596    -0.03665250 
669.155024    -0.04844413 
669.518543    -0.05953513 
669.877693    -0.06922540 
670.235070    -0.07568657 
670.595408    -0.07647338 
670.963168    -0.07007034 
671.339547    -0.05738785 
671.722492    -0.04126931 
672.108937    -0.02432146 
672.496142    -0.00748191 
672.881649    0.00886274 
673.263443    0.02359507 
673.640084    0.03718809 
674.010403    0.05038786 
674.373678    0.06308966 
674.730796    0.07397653 
675.085738    0.08050016 
675.444899    0.07989990 
675.813222    0.07108783 
676.191029    0.05580478 
676.575119    0.03740205 
676.961599    0.01839493 
677.347067    -0.00052710 
677.728640    -0.01832256 
678.104212    -0.03457898 
678.472012    -0.05030574 
678.830474    -0.06580631 
679.179698    -0.07993414 
679.524124    -0.08964191 
679.872782    -0.09079055 
680.233451    -0.08093295 
680.606429    -0.06220063 
680.986568    -0.03991912 
681.368689    -0.01805363 
681.749253    0.00239230 
682.125886    0.02046926 
682.497143    0.03627454 
682.861874    0.05099497 
683.219141    0.06505210 
683.569349    0.07763317 
683.916282    0.08624020 
684.267466    0.08718797 
684.629535    0.07807918 
685.002842    0.06069648 
685.382997    0.03996641 
685.765589    0.01970834 
686.147679    0.00090512 
686.527251    -0.01573262 
686.903044    -0.02990592 
687.274160    -0.04273610 
687.639874    -0.05487822 
688.000104    -0.06605755 
688.356548    -0.07481639 
688.713574    -0.07864107 
689.076715    -0.07519689 
689.448970    -0.06428061 
689.829192    -0.04839257 
690.214147    -0.03079049 
690.600720    -0.01326690 
690.986286    0.00383187 
691.368649    0.01939811 
691.746255    0.03339841 
692.117924    0.04673256 
692.482808    0.05961156 
692.841239    0.07112253 
693.196291    0.07902244 
693.553942    0.08041631 
693.919856    0.07358159 
694.295505    0.05961053 
694.678278    0.04178334 
695.064369    0.02304977 
695.450427    0.00444680 
695.833586    -0.01333935 
696.211685    -0.02939901 
696.583047    -0.04461436 
696.946142    -0.05959134 
697.300396    -0.07372598 
697.648442    -0.08469006 
697.997519    -0.08873374 
698.355924    -0.08276625 
698.726506    -0.06730951 
699.105803    -0.04669777 
699.488723    -0.02534075 
699.871369    -0.00493968 
700.250917    0.01386227 
700.625468    0.03033191 
700.993638    0.04552372 
701.354216    0.06013800 
701.706879    0.07374863 
702.054182    0.08430165 
702.402958    0.08819847 
702.761133    0.08222195 
703.131321    0.06675072 
703.509970    0.04623773 
703.892182    0.02528149 
704.274465    0.00564316 
704.654455    -0.01211844 
705.030652    -0.02725125 
705.402090    -0.04073063 
705.768011    -0.05336457 
706.128199    -0.06505669 
706.484087    -0.07452083 
706.839872    -0.07926808 
707.201360    -0.07671772 
707.572095    -0.06630236 
707.951208    -0.05042985 
708.335412    -0.03261996 
708.721520    -0.01497622 
709.106964    0.00210346 
709.489625    0.01762613 
709.868001    0.03140006 
710.240967    0.04436656 
710.607688    0.05687280 
710.968285    0.06822071 
711.325221    0.07644197 
711.683790    0.07878832 
712.049578    0.07334949 
712.424681    0.06074773 
712.807147    0.04390050 
713.193461    0.02576513 
713.580345    0.00757186 
713.964902    -0.01018096 
714.344793    -0.02635575 
714.718233    -0.04158593 
715.083640    -0.05657031 
715.440195    -0.07088458 
715.789887    -0.08245941 
716.139230    -0.08771933 
716.496614    -0.08339653 
716.865931    -0.06940260 
717.244587    -0.04955902 
717.627606    -0.02836122 
718.010889    -0.00787470 
718.391386    0.01132118 
718.766955    0.02825632 
719.136085    0.04381346 
719.497476    0.05877480 
719.850624    0.07282050 
720.197793    0.08399628 
720.545711    0.08868118 
720.902710    0.08341906 
721.271986    0.06826673 
721.650138    0.04763642 
722.032093    0.02637708 
722.414202    0.00645939 
722.794033    -0.01157301 
723.170060    -0.02692627 
723.541320    -0.04055616 
723.907064    -0.05329346 
724.267084    -0.06505235 
724.622842    -0.07454091 
724.978592    -0.07924095 
725.340177    -0.07654164 
725.711070    -0.06590721 
726.090268    -0.04984652 
726.474421    -0.03195185 
726.860371    -0.01431352 
727.245622    0.00267117 
727.628148    0.01798910 
728.006529    0.03152923 
728.379710    0.04422774 
728.746961    0.05639488 
729.108522    0.06731257 
729.466872    0.07505463 
729.827063    0.07700884 
730.194266    0.07145468 
730.570334    0.05910750 
730.953415    0.04277297 
731.340237    0.02520268 
731.727706    0.00749016 
732.113001    -0.00990085 
732.493776    -0.02583052 
732.868219    -0.04088357 
733.234735    -0.05573086 
733.592509    -0.06992248 
733.943473    -0.08138761 
734.293965    -0.08661415 
734.652149    -0.08244952 
735.021919    -0.06882556 
735.400914    -0.04939359 
735.784332    -0.02846210 
736.168062    -0.00803411 
736.548919    0.01131216 
736.924582    0.02856525 
737.293363    0.04456985 
737.653831    0.06004770 
738.005506    0.07454650 
738.351066    0.08586052 
738.698028    0.09006894 
739.055104    0.08366367 
739.424900    0.06715579 
739.803249    0.04553261 
740.184830    0.02373138 
740.566023    0.00349877 
740.944509    -0.01448143 
741.318964    -0.02967104 
741.688575    -0.04318069 
742.052759    -0.05571172 
742.411619    -0.06700409 
742.767154    -0.07554890 
743.124078    -0.07871994 
743.487919    -0.07419732 
743.861065    -0.06214502 
744.241715    -0.04557744 
744.626506    -0.02792843 
745.012592    -0.01079438 
745.397733    0.00551090 
745.780154    0.01994216 
746.158604    0.03274441 
746.532128    0.04482222 
746.900123    0.05636124 
747.263023    0.06652960 
747.623414    0.07339045 
747.986085    0.07452831 
748.355596    0.06855677 
748.733378    0.05636234 
749.117631    0.04055836 
749.505328    0.02353245 
749.893495    0.00612837 
750.279265    -0.01112599 
750.660188    -0.02711696 
751.034304    -0.04245943 
751.399928    -0.05766815 
751.756417    -0.07202549 
752.106385    -0.08310642 
752.457010    -0.08719573 
752.816471    -0.08140632 
753.187725    -0.06634751 
753.567622    -0.04612063 
753.951192    -0.02486505 
754.334346    -0.00418864 
754.713908    0.01515882 
755.087648    0.03242980 
755.453908    0.04863677 
755.811377    0.06426741 
756.160157    0.07848577 
756.504292    0.08852789 
756.852545    0.09013725 
757.212814    0.08043657 
757.585337    0.06148694 
757.964804    0.03907282 
758.346211    0.01748795 
758.726439    -0.00223092 
759.103594    -0.01919570 
759.476689    -0.03352315 
759.845075    -0.04639124 
760.208350    -0.05827446 
760.567020    -0.06862818 
760.923703    -0.07565560 
761.283364    -0.07673996 
761.650709    -0.07015633 
762.026816    -0.05691728 
762.409327    -0.04028179 
762.795106    -0.02316405 
763.181615    -0.00655204 
763.566759    0.00912798 
763.948895    0.02290570 
764.326833    0.03536364 
764.699661    0.04725134 
