0.000000    0.00000000 
0.400000    0.00819084 
0.800000    0.01501783 
1.200000    0.01965070 
1.600000    0.02176390 
2.000000    0.02123165 
2.400000    0.01798239 
2.800000    0.01214464 
3.200000    0.00430682 
3.600000    -0.00434461 
4.000000    -0.01236555 
4.400000    -0.01862123 
4.800000    -0.02247629 
5.200000    -0.02356867 
5.600000    -0.02169894 
6.000000    -0.01685176 
6.400000    -0.00935685 
6.800000    -0.00009274 
7.200000    0.00947865 
7.600000    0.01780819 
8.000000    0.02379299 
8.400000    0.02682991 
8.800000    0.02661920 
9.200000    0.02303347 
9.600000    0.01610519 
10.000000    0.00625038 
10.400000    -0.00526562 
10.800000    -0.01639694 
11.200000    -0.02534130 
11.600000    -0.03112424 
12.000000    -0.03331663 
12.400000    -0.03167622 
12.800000    -0.02597919 
13.200000    -0.01610932 
13.600000    -0.00264965 
14.000000    0.01228175 
14.400000    0.02579621 
14.800000    0.03605434 
15.200000    0.04226906 
15.600000    0.04399793 
16.000000    0.04085610 
16.400000    0.03246177 
16.800000    0.01856262 
17.200000    -0.00011706 
17.600000    -0.02041051 
18.000000    -0.03848752 
18.400000    -0.05228066 
18.800000    -0.06048747 
19.200000    -0.06214671 
19.600000    -0.05688880 
20.000000    -0.04480983 
20.400000    -0.02600692 
20.800000    -0.00089606 
21.200000    0.02712196 
21.600000    0.05333482 
22.000000    0.07452704 
22.400000    0.08699769 
22.800000    0.08814645 
23.200000    0.07831006 
23.600000    0.05980462 
24.000000    0.03460897 
24.400000    0.00336885 
24.800000    -0.03120160 
25.200000    -0.06491997 
25.600000    -0.09441550 
26.000000    -0.11276148 
26.400000    -0.11331906 
26.800000    -0.09665409 
27.200000    -0.06927313 
27.600000    -0.03663910 
28.000000    -0.00044580 
28.400000    0.03657401 
28.800000    0.07154182 
29.200000    0.10231379 
29.600000    0.12183939 
30.000000    0.12164331 
30.400000    0.10146026 
30.800000    0.06978782 
31.200000    0.03419962 
31.600000    -0.00272526 
32.000000    -0.03782902 
32.400000    -0.06886945 
32.800000    -0.09464277 
33.200000    -0.11035821 
33.600000    -0.11014034 
34.000000    -0.09342420 
34.400000    -0.06611685 
34.800000    -0.03442465 
35.200000    -0.00115176 
35.600000    0.03030712 
36.000000    0.05689974 
36.400000    0.07770475 
36.800000    0.09010584 
37.200000    0.09095866 
37.600000    0.07984067 
38.000000    0.05979910 
38.400000    0.03458003 
38.800000    0.00647436 
39.200000    -0.02123728 
39.600000    -0.04445121 
40.000000    -0.06165199 
40.400000    -0.07141549 
40.800000    -0.07233729 
41.200000    -0.06449737 
41.600000    -0.04959421 
42.000000    -0.02964321 
42.400000    -0.00633982 
42.800000    0.01701110 
43.200000    0.03620739 
43.600000    0.04946815 
44.000000    0.05610828 
44.400000    0.05585837 
44.800000    0.04917699 
45.200000    0.03707069 
45.600000    0.02064344 
46.000000    0.00154253 
46.400000    -0.01682249 
46.800000    -0.03109086 
47.200000    -0.04002938 
47.600000    -0.04352791 
48.000000    -0.04184772 
48.400000    -0.03546192 
48.800000    -0.02496221 
49.200000    -0.01123372 
49.600000    0.00382077 
50.000000    0.01729579 
50.400000    0.02709784 
50.800000    0.03261733 
51.200000    0.03394940 
51.600000    0.03136938 
52.000000    0.02519454 
52.400000    0.01587982 
52.800000    0.00439793 
53.200000    -0.00740461 
53.600000    -0.01742706 
54.000000    -0.02440823 
54.400000    -0.02798344 
54.800000    -0.02817806 
55.200000    -0.02511314 
55.600000    -0.01897691 
56.000000    -0.01021985 
56.400000    0.00008859 
56.800000    0.01021923 
57.200000    0.01851766 
57.600000    0.02406349 
58.000000    0.02654234 
58.400000    0.02588473 
58.800000    0.02209937 
59.200000    0.01532887 
59.600000    0.00612232 
60.000000    -0.00423396 
60.400000    -0.01393175 
60.800000    -0.02149013 
61.200000    -0.02615882 
61.600000    -0.02765092 
62.000000    -0.02584411 
62.400000    -0.02069889 
62.800000    -0.01240557 
63.200000    -0.00177930 
63.600000    0.00945705 
64.000000    0.01930024 
64.400000    0.02643256 
64.800000    0.03027416 
65.200000    0.03056803 
65.600000    0.02714664 
66.000000    0.01993906 
66.400000    0.00925673 
66.800000    -0.00360293 
67.200000    -0.01627255 
67.600000    -0.02661017 
68.000000    -0.03353413 
68.400000    -0.03659077 
68.800000    -0.03549932 
69.200000    -0.03001922 
69.600000    -0.02002542 
70.000000    -0.00598222 
70.400000    0.01009334 
70.800000    0.02502890 
71.200000    0.03664449 
71.600000    0.04399542 
72.000000    0.04655702 
72.400000    0.04395788 
72.800000    0.03594276 
73.200000    0.02236572 
73.600000    0.00374764 
74.000000    -0.01710958 
74.400000    -0.03611074 
74.800000    -0.05086484 
75.200000    -0.05997023 
75.600000    -0.06240604 
76.000000    -0.05781708 
76.400000    -0.04642020 
76.800000    -0.02848728 
77.200000    -0.00442712 
77.600000    0.02277318 
78.000000    0.04830388 
78.400000    0.06907757 
78.800000    0.08189127 
79.200000    0.08424211 
79.600000    0.07609571 
80.000000    0.05937360 
80.400000    0.03595749 
80.800000    0.00660041 
81.200000    -0.02619135 
81.600000    -0.05792077 
82.000000    -0.08547533 
82.400000    -0.10332805 
82.800000    -0.10588515 
83.200000    -0.09289854 
83.600000    -0.06921957 
84.000000    -0.03959265 
84.400000    -0.00579126 
84.800000    0.02975262 
85.200000    0.06343286 
85.600000    0.09318797 
86.000000    0.11317389 
86.400000    0.11590476 
86.800000    0.10010974 
87.200000    0.07230602 
87.600000    0.03937747 
88.000000    0.00404455 
88.400000    -0.03095300 
88.800000    -0.06250053 
89.200000    -0.08937423 
89.600000    -0.10717953 
90.000000    -0.10985001 
90.400000    -0.09584949 
90.800000    -0.07030742 
91.200000    -0.03949741 
91.600000    -0.00642699 
92.000000    0.02598082 
92.400000    0.05416967 
92.800000    0.07705433 
93.200000    0.09192672 
93.600000    0.09500475 
94.000000    0.08512773 
94.400000    0.06525334 
94.800000    0.03961593 
95.200000    0.01077748 
95.600000    -0.01844935 
96.000000    -0.04379611 
96.400000    -0.06354105 
96.800000    -0.07600625 
97.200000    -0.07908599 
97.600000    -0.07223668 
98.000000    -0.05718640 
98.400000    -0.03645648 
98.800000    -0.01188314 
99.200000    0.01381065 
99.600000    0.03614572 
100.000000    0.05284105 
100.400000    0.06276049 
100.800000    0.06494167 
101.200000    0.05939707 
101.600000    0.04725336 
102.000000    0.02994491 
102.400000    0.00883584 
102.800000    -0.01319279 
103.200000    -0.03192662 
103.600000    -0.04522261 
104.000000    -0.05239170 
104.400000    -0.05319267 
104.800000    -0.04791434 
105.200000    -0.03727002 
105.600000    -0.02209002 
106.000000    -0.00370438 
106.400000    0.01479951 
106.800000    0.02988750 
107.200000    0.03998839 
107.600000    0.04476834 
108.000000    0.04428472 
108.400000    0.03882176 
108.800000    0.02879820 
109.200000    0.01484005 
109.600000    -0.00147994 
110.000000    -0.01709283 
110.400000    -0.02928114 
110.800000    -0.03700036 
111.200000    -0.04007489 
111.600000    -0.03857329 
112.000000    -0.03265428 
112.400000    -0.02257303 
112.800000    -0.00900229 
113.200000    0.00616882 
113.600000    0.01999393 
114.000000    0.03037320 
114.400000    0.03657536 
114.800000    0.03844557 
115.200000    0.03597082 
115.600000    0.02919224 
116.000000    0.01830149 
116.400000    0.00415124 
116.800000    -0.01097187 
117.200000    -0.02415264 
117.600000    -0.03367989 
118.000000    -0.03897497 
118.400000    -0.03983991 
118.800000    -0.03617784 
119.200000    -0.02795509 
119.600000    -0.01536145 
120.000000    0.00045648 
120.400000    0.01664565 
120.800000    0.03021558 
121.200000    0.03970346 
121.600000    0.04454766 
122.000000    0.04445234 
122.400000    0.03926496 
122.800000    0.02893562 
123.200000    0.01367309 
123.600000    -0.00501920 
124.000000    -0.02354657 
124.400000    -0.03875976 
124.800000    -0.04922912 
125.200000    -0.05415489 
125.600000    -0.05307489 
126.000000    -0.04591625 
126.400000    -0.03280617 
126.800000    -0.01399480 
127.200000    0.00882255 
127.600000    0.03131068 
128.000000    0.05002581 
128.400000    0.06303693 
128.800000    0.06873214 
129.200000    0.06638257 
129.600000    0.05640782 
130.000000    0.03968833 
130.400000    0.01678935 
130.800000    -0.01078533 
131.200000    -0.03841065 
131.600000    -0.06242601 
132.000000    -0.07977604 
132.400000    -0.08703854 
132.800000    -0.08282065 
133.200000    -0.06866193 
133.600000    -0.04719130 
134.000000    -0.01996503 
134.400000    0.01169470 
134.800000    0.04344859 
135.200000    0.07211513 
135.600000    0.09394002 
136.000000    0.10326105 
136.400000    0.09717890 
136.800000    0.07841311 
137.200000    0.05201209 
137.600000    0.02100992 
138.000000    -0.01307058 
138.400000    -0.04620045 
138.800000    -0.07606956 
139.200000    -0.09933242 
139.600000    -0.10966258 
140.000000    -0.10299750 
140.400000    -0.08217387 
140.800000    -0.05356033 
141.200000    -0.02123958 
141.600000    0.01291226 
142.000000    0.04493538 
142.400000    0.07292444 
142.800000    0.09443237 
143.200000    0.10432696 
143.600000    0.09890407 
144.000000    0.08010525 
144.400000    0.05344813 
144.800000    0.02297816 
145.200000    -0.00923716 
145.600000    -0.03913824 
146.000000    -0.06440710 
146.400000    -0.08332721 
146.800000    -0.09239707 
147.200000    -0.08897893 
147.600000    -0.07415146 
148.000000    -0.05171025 
148.400000    -0.02485700 
148.800000    0.00441442 
149.200000    0.03203475 
149.600000    0.05486611 
150.000000    0.07142900 
150.400000    0.07947521 
150.800000    0.07740263 
151.200000    0.06592989 
151.600000    0.04749189 
152.000000    0.02429334 
152.400000    -0.00185164 
152.800000    -0.02692761 
153.200000    -0.04730787 
153.600000    -0.06150569 
154.000000    -0.06813380 
154.400000    -0.06640675 
154.800000    -0.05695273 
155.200000    -0.04132633 
155.600000    -0.02095997 
156.000000    0.00238329 
156.400000    0.02468666 
156.800000    0.04239364 
157.200000    0.05413722 
157.600000    0.05912093 
158.000000    0.05708929 
158.400000    0.04859280 
158.800000    0.03460792 
159.200000    0.01611808 
159.600000    -0.00494721 
160.000000    -0.02460220 
160.400000    -0.03974587 
160.800000    -0.04927845 
161.200000    -0.05275695 
161.600000    -0.05016127 
162.000000    -0.04191174 
162.400000    -0.02862186 
162.800000    -0.01112102 
163.200000    0.00835860 
163.600000    0.02595992 
164.000000    0.03913326 
164.400000    0.04702471 
164.800000    0.04933207 
165.200000    0.04607091 
165.600000    0.03752568 
166.000000    0.02411033 
166.400000    0.00668897 
166.800000    -0.01214866 
167.200000    -0.02867020 
167.600000    -0.04075696 
168.000000    -0.04767357 
168.400000    -0.04910918 
168.800000    -0.04503912 
169.200000    -0.03566331 
169.600000    -0.02130596 
170.000000    -0.00294747 
170.400000    0.01640500 
170.800000    0.03302414 
171.200000    0.04502821 
171.600000    0.05162696 
172.000000    0.05239182 
172.400000    0.04727082 
172.800000    0.03648716 
173.200000    0.02035967 
173.600000    -0.00002650 
174.000000    -0.02119690 
174.400000    -0.03927668 
174.800000    -0.05237735 
175.200000    -0.05937588 
175.600000    -0.05959140 
176.000000    -0.05304324 
176.400000    -0.04021317 
176.800000    -0.02156763 
177.200000    0.00181452 
177.600000    0.02609512 
178.000000    0.04715888 
178.400000    0.06278618 
178.800000    0.07103267 
179.200000    0.07071173 
179.600000    0.06211635 
180.000000    0.04645711 
180.400000    0.02471887 
180.800000    -0.00210289 
181.200000    -0.03015034 
181.600000    -0.05522537 
182.000000    -0.07461806 
182.400000    -0.08498409 
182.800000    -0.08412185 
183.200000    -0.07274842 
183.600000    -0.05343593 
184.000000    -0.02825101 
184.400000    0.00170956 
184.800000    0.03283409 
185.200000    0.06124861 
185.600000    0.08416481 
186.000000    0.09690288 
186.400000    0.09578107 
186.800000    0.08167841 
187.200000    0.05877463 
187.600000    0.03054239 
188.000000    -0.00154857 
188.400000    -0.03406261 
188.800000    -0.06360902 
189.200000    -0.08785665 
189.600000    -0.10185211 
190.000000    -0.10100029 
190.400000    -0.08583551 
190.800000    -0.06130639 
191.200000    -0.03184051 
191.600000    0.00067872 
192.000000    0.03286018 
192.400000    0.06147831 
192.800000    0.08473959 
193.200000    0.09846690 
193.600000    0.09839528 
194.000000    0.08457453 
194.400000    0.06136422 
194.800000    0.03312513 
195.200000    0.00194304 
195.600000    -0.02884006 
196.000000    -0.05567286 
196.400000    -0.07700155 
196.800000    -0.08972961 
197.200000    -0.09058113 
197.600000    -0.07937009 
198.000000    -0.05928013 
198.400000    -0.03385741 
198.800000    -0.00508822 
199.200000    0.02380102 
199.600000    0.04876157 
200.000000    0.06809561 
200.400000    0.07958007 
200.800000    0.08095187 
201.200000    0.07208507 
201.600000    0.05518419 
202.000000    0.03282570 
202.400000    0.00670967 
202.800000    -0.02001914 
203.200000    -0.04302711 
203.600000    -0.06036198 
204.000000    -0.07039468 
204.400000    -0.07168743 
204.800000    -0.06429828 
205.200000    -0.04978006 
205.600000    -0.02990426 
206.000000    -0.00610264 
206.400000    0.01843181 
206.800000    0.03936715 
207.200000    0.05468122 
207.600000    0.06315506 
208.000000    0.06394008 
208.400000    0.05724139 
208.800000    0.04417252 
209.200000    0.02593610 
209.600000    0.00384420 
210.000000    -0.01875199 
210.400000    -0.03773260 
210.800000    -0.05122060 
211.200000    -0.05827590 
211.600000    -0.05839364 
212.000000    -0.05183005 
212.400000    -0.03939648 
212.800000    -0.02194785 
213.200000    -0.00083601 
213.600000    0.02038762 
214.000000    0.03790714 
214.400000    0.05006310 
214.800000    0.05605494 
215.200000    0.05551451 
215.600000    0.04868402 
216.000000    0.03618879 
216.400000    0.01870393 
216.800000    -0.00228414 
217.200000    -0.02299941 
217.600000    -0.03988497 
218.000000    -0.05142545 
218.400000    -0.05680152 
218.800000    -0.05564228 
219.200000    -0.04818139 
219.600000    -0.03498368 
220.000000    -0.01665273 
220.400000    0.00517851 
220.800000    0.02646595 
221.200000    0.04377869 
221.600000    0.05557470 
222.000000    0.06081810 
222.400000    0.05903967 
222.800000    0.05054824 
223.200000    0.03602482 
223.600000    0.01609204 
224.000000    -0.00754563 
224.400000    -0.03056208 
224.800000    -0.04950907 
225.200000    -0.06257164 
225.600000    -0.06820622 
226.000000    -0.06573913 
226.400000    -0.05572542 
226.800000    -0.03925563 
227.200000    -0.01713122 
227.600000    0.00901136 
228.000000    0.03467666 
228.400000    0.05635110 
228.800000    0.07170487 
229.200000    0.07828432 
229.600000    0.07501185 
230.000000    0.06290931 
230.400000    0.04390130 
230.800000    0.01926542 
231.200000    -0.00949709 
231.600000    -0.03795067 
232.000000    -0.06267596 
232.400000    -0.08085413 
232.800000    -0.08883152 
233.200000    -0.08479324 
233.600000    -0.07030437 
234.000000    -0.04849057 
234.400000    -0.02142568 
234.800000    0.00941164 
235.200000    0.03978621 
235.600000    0.06660007 
236.000000    0.08696128 
236.400000    0.09631840 
236.800000    0.09196413 
237.200000    0.07571182 
237.600000    0.05177409 
238.000000    0.02307251 
238.400000    -0.00878402 
238.800000    -0.03972258 
239.200000    -0.06694003 
239.600000    -0.08789785 
240.000000    -0.09800522 
240.400000    -0.09409109 
240.800000    -0.07772319 
241.200000    -0.05342684 
241.600000    -0.02459648 
242.000000    0.00700037 
242.400000    0.03736804 
242.800000    0.06368196 
243.200000    0.08387074 
243.600000    0.09401313 
244.000000    0.09114058 
244.400000    0.07633122 
244.800000    0.05356505 
245.200000    0.02613373 
245.600000    -0.00413464 
246.000000    -0.03330268 
246.400000    -0.05818577 
246.800000    -0.07701239 
247.200000    -0.08673088 
247.600000    -0.08495598 
248.000000    -0.07238657 
248.400000    -0.05211688 
248.800000    -0.02692562 
249.200000    0.00142630 
249.600000    0.02907774 
250.000000    0.05240516 
250.400000    0.06970509 
250.800000    0.07867950 
251.200000    0.07759770 
251.600000    0.06699358 
252.000000    0.04916631 
252.400000    0.02626392 
252.800000    -0.00007829 
253.200000    -0.02604141 
253.600000    -0.04774312 
254.000000    -0.06345609 
254.400000    -0.07144862 
254.800000    -0.07055642 
255.200000    -0.06127305 
255.600000    -0.04530337 
256.000000    -0.02424076 
256.400000    0.00036514 
256.800000    0.02466338 
257.200000    0.04475542 
257.600000    0.05894040 
258.000000    0.06587997 
258.400000    0.06481635 
258.800000    0.05622729 
259.200000    0.04139914 
259.600000    0.02152157 
260.000000    -0.00185000 
260.400000    -0.02477682 
260.800000    -0.04351314 
261.200000    -0.05644696 
261.600000    -0.06246987 
262.000000    -0.06105366 
262.400000    -0.05264974 
262.800000    -0.03827395 
263.200000    -0.01886685 
263.600000    0.00393311 
264.000000    0.02606865 
264.400000    0.04399704 
264.800000    0.05618163 
265.200000    0.06157679 
265.600000    0.05973386 
266.000000    0.05108892 
266.400000    0.03652841 
266.800000    0.01686748 
267.200000    -0.00614729 
267.600000    -0.02830803 
268.000000    -0.04622159 
268.400000    -0.05832721 
268.800000    -0.06346021 
269.200000    -0.06114128 
269.600000    -0.05185232 
270.000000    -0.03651196 
270.400000    -0.01590833 
270.800000    0.00814222 
271.200000    0.03125784 
271.600000    0.05009559 
272.000000    0.06290634 
272.400000    0.06818378 
272.800000    0.06532250 
273.200000    0.05496971 
273.600000    0.03829586 
274.000000    0.01617997 
274.400000    -0.00958461 
274.800000    -0.03448110 
275.200000    -0.05514971 
275.600000    -0.06947597 
276.000000    -0.07533272 
276.400000    -0.07185621 
276.800000    -0.06001421 
277.200000    -0.04152255 
277.600000    -0.01753988 
278.000000    0.01024758 
278.400000    0.03731540 
278.800000    0.06033045 
279.200000    0.07675749 
279.600000    0.08359931 
280.000000    0.07952429 
280.400000    0.06591622 
280.800000    0.04532431 
281.200000    0.01942228 
281.600000    -0.01019530 
282.000000    -0.03913062 
282.400000    -0.06421168 
282.800000    -0.08268161 
283.200000    -0.09070562 
283.600000    -0.08629589 
284.000000    -0.07113827 
284.400000    -0.04868022 
284.800000    -0.02124538 
285.200000    0.00956254 
285.600000    0.03950753 
286.000000    0.06563191 
286.400000    0.08529748 
286.800000    0.09429487 
287.200000    0.09007500 
287.600000    0.07429805 
288.000000    0.05095400 
288.400000    0.02289551 
288.800000    -0.00819040 
289.200000    -0.03818297 
289.600000    -0.06419524 
290.000000    -0.08392357 
290.400000    -0.09339279 
290.800000    -0.08990156 
291.200000    -0.07478889 
291.600000    -0.05196358 
292.000000    -0.02445110 
292.400000    0.00599244 
292.800000    0.03531969 
293.200000    0.06046540 
293.600000    0.07944971 
294.000000    0.08890053 
294.400000    0.08637610 
294.800000    0.07283766 
295.200000    0.05164304 
295.600000    0.02560556 
296.000000    -0.00352438 
296.400000    -0.03176798 
296.800000    -0.05572333 
297.200000    -0.07358483 
297.600000    -0.08264686 
298.000000    -0.08093561 
298.400000    -0.06915777 
298.800000    -0.04999328 
299.200000    -0.02581520 
299.600000    0.00169953 
300.000000    0.02862971 
300.400000    0.05127271 
300.800000    0.06786472 
301.200000    0.07626816 
301.600000    0.07500260 
302.000000    0.06465712 
302.400000    0.04731995 
302.800000    0.02488026 
303.200000    -0.00107016 
303.600000    -0.02662222 
304.000000    -0.04793168 
304.400000    -0.06324343 
304.800000    -0.07084533 
305.200000    -0.06966820 
305.600000    -0.06025478 
306.000000    -0.04424364 
306.400000    -0.02311234 
306.800000    0.00159031 
307.200000    0.02591229 
307.600000    0.04602765 
308.000000    0.06021630 
308.400000    0.06704268 
308.800000    0.06571614 
309.200000    0.05675325 
309.600000    0.04148282 
310.000000    0.02108883 
310.400000    -0.00286586 
310.800000    -0.02634640 
311.200000    -0.04563499 
311.600000    -0.05905413 
312.000000    -0.06529061 
312.400000    -0.06369199 
312.800000    -0.05476104 
313.200000    -0.03965320 
313.600000    -0.01937907 
314.000000    0.00445157 
314.400000    0.02769454 
314.800000    0.04674555 
315.200000    0.05992020 
315.600000    0.06586182 
316.000000    0.06393290 
316.400000    0.05465896 
316.800000    0.03916939 
317.200000    0.01841102 
317.600000    -0.00597019 
318.000000    -0.02970758 
318.400000    -0.04925967 
318.800000    -0.06283295 
319.200000    -0.06883930 
319.600000    -0.06654511 
320.000000    -0.05657078 
320.400000    -0.04019875 
320.800000    -0.01842913 
321.200000    0.00710609 
321.600000    0.03204173 
322.000000    0.05284623 
322.400000    0.06749836 
322.800000    0.07396300 
323.200000    0.07128409 
323.600000    0.06027137 
324.000000    0.04258184 
324.400000    0.01942391 
324.800000    -0.00763737 
325.200000    -0.03421901 
325.600000    -0.05680183 
326.000000    -0.07308017 
326.400000    -0.08037704 
326.800000    -0.07734972 
327.200000    -0.06506093 
327.600000    -0.04576533 
328.000000    -0.02106748 
328.400000    0.00753319 
328.800000    0.03573941 
329.200000    0.06011224 
329.600000    0.07815508 
330.000000    0.08651555 
330.400000    0.08331145 
330.800000    0.06980593 
331.200000    0.04895090 
331.600000    0.02288466 
332.000000    -0.00689303 
332.400000    -0.03622714 
332.800000    -0.06180907 
333.200000    -0.08116803 
333.600000    -0.09052913 
334.000000    -0.08748256 
334.400000    -0.07329763 
334.800000    -0.05145481 
335.200000    -0.02459543 
335.600000    0.00571256 
336.000000    0.03544978 
336.400000    0.06137403 
336.800000    0.08122208 
337.200000    0.09123210 
337.600000    0.08872332 
338.000000    0.07475606 
338.400000    0.05292498 
338.800000    0.02614357 
339.200000    -0.00394233 
339.600000    -0.03342411 
340.000000    -0.05896373 
340.400000    -0.07853806 
340.800000    -0.08875425 
341.200000    -0.08700867 
341.600000    -0.07407068 
342.000000    -0.05323475 
342.400000    -0.02736845 
342.800000    0.00185444 
343.200000    0.03062308 
343.600000    0.05536187 
344.000000    0.07419345 
344.400000    0.08423513 
344.800000    0.08320600 
345.200000    0.07165101 
345.600000    0.05236090 
346.000000    0.02790945 
346.400000    -0.00007011 
346.800000    -0.02784659 
347.200000    -0.05158575 
347.600000    -0.06944015 
348.000000    -0.07901388 
348.400000    -0.07844335 
348.800000    -0.06816576 
349.200000    -0.05046633 
349.600000    -0.02751710 
350.000000    -0.00086915 
350.400000    0.02578203 
350.800000    0.04843271 
351.200000    0.06521484 
351.600000    0.07412776 
352.000000    0.07370854 
352.400000    0.06436878 
352.800000    0.04797584 
353.200000    0.02630751 
353.600000    0.00083579 
354.000000    -0.02472333 
354.400000    -0.04631838 
354.800000    -0.06207629 
355.200000    -0.07028176 
355.600000    -0.06978674 
356.000000    -0.06100600 
356.400000    -0.04549494 
356.800000    -0.02471021 
357.200000    -0.00007618 
357.600000    0.02462792 
358.000000    0.04539230 
358.400000    0.06036314 
358.800000    0.06798665 
359.200000    0.06730657 
359.600000    0.05874140 
360.000000    0.04364520 
360.400000    0.02325571 
360.800000    -0.00102051 
361.200000    -0.02531896 
361.600000    -0.04569928 
362.000000    -0.06031260 
362.400000    -0.06762215 
362.800000    -0.06672962 
363.200000    -0.05806382 
363.600000    -0.04290357 
364.000000    -0.02238145 
364.400000    0.00210498 
364.800000    0.02660015 
365.200000    0.04720822 
365.600000    0.06202649 
366.000000    0.06936937 
366.400000    0.06826581 
366.800000    0.05918680 
367.200000    0.04348977 
367.600000    0.02232903 
368.000000    -0.00291815 
368.400000    -0.02822424 
368.800000    -0.04970131 
369.200000    -0.06531823 
369.600000    -0.07306301 
370.000000    -0.07175921 
370.400000    -0.06197026 
370.800000    -0.04531344 
371.200000    -0.02311430 
371.600000    0.00328220 
372.000000    0.02983501 
372.400000    0.05266035 
372.800000    0.06956054 
373.200000    0.07804654 
373.600000    0.07659355 
374.000000    0.06588839 
374.400000    0.04798353 
374.800000    0.02453796 
375.200000    -0.00312029 
375.600000    -0.03101919 
376.000000    -0.05531674 
376.400000    -0.07369865 
376.800000    -0.08315865 
377.200000    -0.08170032 
377.600000    -0.07009235 
378.000000    -0.05091230 
378.400000    -0.02627595 
378.800000    0.00245485 
379.200000    0.03143884 
379.600000    0.05690766 
380.000000    0.07655779 
380.400000    0.08701141 
380.800000    0.08578766 
381.200000    0.07361145 
381.600000    0.05350094 
382.000000    0.02803618 
382.400000    -0.00133164 
382.800000    -0.03090860 
383.200000    -0.05696770 
383.600000    -0.07733178 
384.000000    -0.08854164 
384.400000    -0.08779968 
384.800000    -0.07565218 
385.200000    -0.05529459 
385.600000    -0.02962246 
386.000000    -0.00019348 
386.400000    0.02943391 
386.800000    0.05547814 
387.200000    0.07591239 
387.600000    0.08748134 
388.000000    0.08735367 
388.400000    0.07585047 
388.800000    0.05602986 
389.200000    0.03084846 
389.600000    0.00193153 
390.000000    -0.02728029 
390.400000    -0.05285461 
390.800000    -0.07284878 
391.200000    -0.08437392 
391.600000    -0.08481818 
392.000000    -0.07433477 
392.400000    -0.05563298 
392.800000    -0.03148459 
393.200000    -0.00350771 
393.600000    0.02495243 
394.000000    0.04977989 
394.400000    0.06902332 
394.800000    0.08018898 
395.200000    0.08102185 
395.600000    0.07160625 
396.000000    0.05424232 
396.400000    0.03136839 
396.800000    0.00452652 
397.200000    -0.02299669 
397.600000    -0.04694097 
398.000000    -0.06529305 
398.400000    -0.07590050 
398.800000    -0.07688752 
399.200000    -0.06834667 
399.600000    -0.05221073 
400.000000    -0.03054813 
400.400000    -0.00479387 
400.800000    0.02177433 
401.200000    0.04482505 
401.600000    0.06228900 
402.000000    0.07226846 
402.400000    0.07321047 
402.800000    0.06524885 
403.200000    0.05003130 
403.600000    0.02929995 
404.000000    0.00439175 
404.400000    -0.02137668 
404.800000    -0.04366886 
405.200000    -0.06039445 
405.600000    -0.06981323 
406.000000    -0.07059475 
406.400000    -0.06291373 
406.800000    -0.04822525 
407.200000    -0.02803074 
407.600000    -0.00359753 
408.000000    0.02168921 
408.400000    0.04352306 
408.800000    0.05981414 
409.200000    0.06887203 
409.600000    0.06946780 
410.000000    0.06180482 
410.400000    0.04724455 
410.800000    0.02715228 
411.200000    0.00275086 
411.600000    -0.02250240 
412.000000    -0.04432957 
412.400000    -0.06062764 
412.800000    -0.06963182 
413.200000    -0.07008413 
413.600000    -0.06220895 
414.000000    -0.04738798 
414.400000    -0.02696912 
414.800000    -0.00214498 
415.200000    0.02357904 
415.600000    0.04592990 
416.000000    0.06275259 
416.400000    0.07207020 
416.800000    0.07245731 
417.200000    0.06416013 
417.600000    0.04871463 
418.000000    0.02758962 
418.400000    0.00196263 
418.800000    -0.02466336 
419.200000    -0.04800537 
419.600000    -0.06582704 
420.000000    -0.07581463 
420.400000    -0.07623377 
420.800000    -0.06734755 
421.200000    -0.05098461 
421.600000    -0.02888636 
422.000000    -0.00225066 
422.400000    0.02548631 
422.800000    0.05004740 
423.200000    0.06913459 
423.600000    0.08004498 
424.000000    0.08062009 
424.400000    0.07110210 
424.800000    0.05370244 
425.200000    0.03056074 
425.600000    0.00295323 
426.000000    -0.02580216 
426.400000    -0.05146370 
426.800000    -0.07174416 
427.200000    -0.08363183 
427.600000    -0.08452079 
428.000000    -0.07455176 
428.400000    -0.05628891 
428.800000    -0.03230393 
429.200000    -0.00400499 
429.600000    0.02542924 
430.000000    0.05179193 
430.400000    0.07287771 
430.800000    0.08556632 
431.200000    0.08692558 
431.600000    0.07691231 
432.000000    0.05827047 
432.400000    0.03390277 
432.800000    0.00536341 
433.200000    -0.02430558 
433.600000    -0.05088452 
434.000000    -0.07225683 
434.400000    -0.08541324 
434.800000    -0.08732333 
435.200000    -0.07774076 
435.600000    -0.05935210 
436.000000    -0.03518519 
436.400000    -0.00690102 
436.800000    0.02258093 
437.200000    0.04896642 
437.600000    0.07016421 
438.000000    0.08341709 
438.400000    0.08582543 
438.800000    0.07700297 
439.200000    0.05939864 
439.600000    0.03594338 
440.000000    0.00832694 
440.400000    -0.02062949 
440.800000    -0.04652738 
441.200000    -0.06721743 
441.600000    -0.08023559 
442.000000    -0.08296619 
442.400000    -0.07498752 
442.800000    -0.05844160 
443.200000    -0.03600249 
443.600000    -0.00930402 
444.000000    0.01889511 
444.400000    0.04410643 
444.800000    0.06407658 
445.200000    0.07661034 
445.600000    0.07943828 
446.000000    0.07219170 
446.400000    0.05671937 
446.800000    0.03536589 
447.200000    0.00964947 
447.600000    -0.01769210 
448.000000    -0.04211855 
448.400000    -0.06128210 
448.800000    -0.07320387 
449.200000    -0.07594544 
449.600000    -0.06923112 
450.000000    -0.05466571 
450.400000    -0.03426766 
450.800000    -0.00941999 
451.200000    0.01712403 
451.600000    0.04080963 
452.000000    0.05923569 
452.400000    0.07057315 
452.800000    0.07313958 
453.200000    0.06674503 
453.600000    0.05281215 
454.000000    0.03309180 
454.400000    0.00884674 
454.800000    -0.01713192 
455.200000    -0.04029535 
455.600000    -0.05822476 
456.000000    -0.06915884 
456.400000    -0.07155665 
456.800000    -0.06528128 
457.200000    -0.05164706 
457.600000    -0.03223261 
458.000000    -0.00821377 
458.400000    0.01757663 
458.800000    0.04059351 
459.200000    0.05841037 
459.600000    0.06923495 
460.000000    0.07153409 
460.400000    0.06518849 
460.800000    0.05149467 
461.200000    0.03197815 
461.600000    0.00776702 
462.000000    -0.01828027 
462.400000    -0.04160730 
462.800000    -0.05976812 
463.200000    -0.07083234 
463.600000    -0.07313555 
464.000000    -0.06654602 
464.400000    -0.05244797 
464.800000    -0.03244902 
465.200000    -0.00767352 
465.600000    0.01903085 
466.000000    0.04308838 
466.400000    0.06202189 
466.800000    0.07366812 
467.200000    0.07609718 
467.600000    0.06913226 
468.000000    0.05435039 
468.400000    0.03358193 
468.800000    0.00800235 
469.200000    -0.01959960 
469.600000    -0.04464249 
470.000000    -0.06462913 
470.400000    -0.07711877 
470.800000    -0.07980987 
471.200000    -0.07243108 
471.600000    -0.05682295 
472.000000    -0.03515662 
472.400000    -0.00872357 
472.800000    0.01978654 
473.200000    0.04581373 
473.600000    0.06687884 
474.000000    0.08030800 
474.400000    0.08339683 
474.800000    0.07571440 
475.200000    0.05935570 
475.600000    0.03688082 
476.000000    0.00975227 
476.400000    -0.01945557 
476.800000    -0.04621986 
477.200000    -0.06811473 
477.600000    -0.08236574 
478.000000    -0.08595211 
478.400000    -0.07823450 
478.800000    -0.06145268 
479.200000    -0.03849289 
479.600000    -0.01100365 
480.000000    0.01855094 
480.400000    0.04567365 
480.800000    0.06798411 
481.200000    0.08276826 
481.600000    0.08687551 
482.000000    0.07946728 
482.400000    0.06275854 
482.800000    0.03979624 
483.200000    0.01237359 
483.600000    -0.01714197 
484.000000    -0.04425118 
484.400000    -0.06655945 
484.800000    -0.08152824 
485.200000    -0.08608317 
485.600000    -0.07926103 
486.000000    -0.06310620 
486.400000    -0.04062529 
486.800000    -0.01367090 
487.200000    0.01546967 
487.600000    0.04227510 
488.000000    0.06425940 
488.400000    0.07909754 
488.800000    0.08394108 
489.200000    0.07780793 
489.600000    0.06250659 
490.000000    0.04084392 
490.400000    0.01463516 
490.800000    -0.01389123 
491.200000    -0.04018943 
491.600000    -0.06163583 
492.000000    -0.07609889 
492.400000    -0.08102665 
492.800000    -0.07551108 
493.200000    -0.06113346 
493.600000    -0.04041833 
494.000000    -0.01506759 
494.400000    0.01272226 
494.800000    0.03838855 
495.200000    0.05917765 
495.600000    0.07310992 
496.000000    0.07793404 
496.400000    0.07286871 
496.800000    0.05931062 
497.200000    0.03948836 
497.600000    0.01495249 
498.000000    -0.01210499 
498.400000    -0.03711301 
498.800000    -0.05723408 
499.200000    -0.07059750 
499.600000    -0.07520744 
500.000000    -0.07041391 
500.400000    -0.05747596 
500.800000    -0.03836093 
501.200000    -0.01446840 
501.600000    0.01199495 
502.000000    0.03645462 
502.400000    0.05603951 
502.800000    0.06894125 
503.200000    0.07333485 
503.600000    0.06866696 
504.000000    0.05610451 
504.400000    0.03742304 
504.800000    0.01390021 
505.200000    -0.01223934 
505.600000    -0.03641565 
506.000000    -0.05575154 
506.400000    -0.06844021 
506.800000    -0.07271243 
507.200000    -0.06805522 
507.600000    -0.05559620 
508.000000    -0.03701730 
508.400000    -0.01352170 
508.800000    0.01266240 
509.200000    0.03694035 
509.600000    0.05642943 
510.000000    0.06924890 
510.400000    0.07355180 
510.800000    0.06880366 
511.200000    0.05616033 
511.600000    0.03733227 
512.000000    0.01350964 
512.400000    -0.01310295 
512.800000    -0.03788996 
513.200000    -0.05795399 
513.600000    -0.07126587 
514.000000    -0.07576631 
514.400000    -0.07083774 
514.800000    -0.05774006 
515.200000    -0.03834753 
515.600000    -0.01391195 
516.000000    0.01341542 
516.400000    0.03900925 
516.800000    0.05996161 
517.200000    0.07405271 
517.600000    0.07890279 
518.000000    0.07374835 
518.400000    0.06001236 
518.800000    0.03985403 
519.200000    0.01466672 
519.600000    -0.01347088 
520.000000    -0.03995255 
520.400000    -0.06188409 
520.800000    -0.07687732 
521.200000    -0.08219281 
521.600000    -0.07686308 
522.000000    -0.06247919 
522.400000    -0.04154750 
522.800000    -0.01566505 
523.200000    0.01316313 
523.600000    0.04037883 
524.000000    0.06312405 
524.400000    0.07893247 
524.800000    0.08477046 
525.200000    0.07943848 
525.600000    0.06462502 
526.000000    0.04314572 
526.400000    0.01681655 
526.800000    -0.01241982 
527.200000    -0.04006506 
527.600000    -0.06328494 
528.000000    -0.07965127 
528.400000    -0.08599365 
528.800000    -0.08091031 
529.200000    -0.06606555 
529.600000    -0.04444723 
530.000000    -0.01804498 
530.400000    0.01124914 
530.800000    0.03899242 
531.200000    0.06231820 
531.600000    0.07892097 
532.000000    0.08567560 
532.400000    0.08106401 
532.800000    0.06661590 
533.200000    0.04531134 
533.600000    0.01922226 
534.000000    -0.00980320 
534.400000    -0.03736931 
534.800000    -0.06050544 
535.200000    -0.07705326 
535.600000    -0.08407032 
536.000000    -0.08003018 
536.400000    -0.06627746 
536.800000    -0.04563410 
537.200000    -0.02015054 
537.600000    0.00836482 
538.000000    0.03555534 
538.400000    0.05830167 
538.800000    0.07457012 
539.200000    0.08166834 
539.600000    0.07815406 
540.000000    0.06519754 
540.400000    0.04538031 
540.800000    0.02064705 
541.200000    -0.00722739 
541.600000    -0.03391459 
542.000000    -0.05615018 
542.400000    -0.07198748 
542.800000    -0.07899291 
543.200000    -0.07586421 
543.600000    -0.06363877 
544.000000    -0.04463897 
544.400000    -0.02065558 
544.800000    0.00656033 
545.200000    0.03269328 
545.600000    0.05437567 
546.000000    0.06971680 
546.400000    0.07651037 
546.800000    0.07360718 
547.200000    0.06195458 
547.600000    0.04363974 
548.000000    0.02028939 
548.400000    -0.00635876 
548.800000    -0.03198746 
549.200000    -0.05317794 
549.600000    -0.06807143 
550.000000    -0.07462749 
550.400000    -0.07182320 
550.800000    -0.06054878 
551.200000    -0.04270817 
551.600000    -0.01978625 
552.000000    0.00648760 
552.400000    0.03178482 
552.800000    0.05267249 
553.200000    0.06729547 
553.600000    0.07369150 
554.000000    0.07090709 
554.400000    0.05980309 
554.800000    0.04217534 
555.200000    0.01941397 
555.600000    -0.00676472 
556.000000    -0.03201693 
556.400000    -0.05290782 
556.800000    -0.06754586 
557.200000    -0.07393889 
557.600000    -0.07112899 
558.000000    -0.05997931 
558.400000    -0.04227440 
558.800000    -0.01937594 
559.200000    0.00702561 
559.600000    0.03257415 
560.000000    0.05382852 
560.400000    0.06881582 
560.800000    0.07539872 
561.200000    0.07253517 
561.600000    0.06112811 
562.000000    0.04306265 
562.400000    0.01975317 
562.800000    -0.00714863 
563.200000    -0.03328872 
563.600000    -0.05521684 
564.000000    -0.07084884 
564.400000    -0.07780389 
564.800000    -0.07487874 
565.200000    -0.06304782 
565.600000    -0.04440404 
566.000000    -0.02050043 
566.400000    0.00705319 
566.800000    0.03393159 
567.200000    0.05668517 
567.600000    0.07312691 
568.000000    0.08058588 
568.400000    0.07763609 
568.800000    0.06532691 
569.200000    0.04602678 
569.600000    0.02149638 
570.000000    -0.00668564 
570.400000    -0.03425297 
570.800000    -0.05776939 
571.200000    -0.07499746 
571.600000    -0.08301245 
572.000000    -0.08014220 
572.400000    -0.06747005 
572.800000    -0.04763080 
573.200000    -0.02261692 
573.600000    0.00600640 
574.000000    0.03405350 
574.400000    0.05809391 
574.800000    0.07591227 
575.200000    0.08444628 
575.600000    0.08181295 
576.000000    0.06905497 
576.400000    0.04897750 
576.800000    0.02376803 
577.200000    -0.00500909 
577.600000    -0.03325851 
578.000000    -0.05751630 
578.400000    -0.07564233 
578.800000    -0.08458561 
579.200000    -0.08234115 
579.600000    -0.06984027 
580.000000    -0.04991217 
580.400000    -0.02485216 
580.800000    0.00377547 
581.200000    0.03196646 
581.600000    0.05616882 
582.000000    0.07432839 
582.400000    0.08352823 
582.800000    0.08175044 
583.200000    0.06978328 
583.600000    0.05034455 
584.000000    0.02573203 
584.400000    -0.00249939 
584.800000    -0.03042909 
585.200000    -0.05437843 
585.600000    -0.07235502 
586.000000    -0.08164238 
586.400000    -0.08030334 
586.800000    -0.06899674 
587.200000    -0.05024645 
587.600000    -0.02626240 
588.000000    0.00142246 
588.400000    0.02895322 
588.800000    0.05252183 
589.200000    0.07016400 
589.600000    0.07937787 
590.000000    0.07836635 
590.400000    0.06769818 
590.800000    0.04967789 
591.200000    0.02637071 
591.600000    -0.00072168 
592.000000    -0.02778310 
592.400000    -0.05090526 
592.800000    -0.06812945 
593.200000    -0.07714777 
593.600000    -0.07632407 
594.000000    -0.06617741 
594.400000    -0.04880733 
594.800000    -0.02611397 
595.200000    0.00043545 
595.600000    0.02703593 
596.000000    0.04972101 
596.400000    0.06652917 
596.800000    0.07530326 
597.200000    0.07455229 
597.600000    0.06477291 
598.000000    0.04789725 
598.400000    0.02567238 
598.800000    -0.00046767 
599.200000    -0.02671062 
599.600000    -0.04906721 
600.000000    -0.06556818 
600.400000    -0.07414505 
600.800000    -0.07340404 
601.200000    -0.06383265 
601.600000    -0.04724988 
602.000000    -0.02528882 
602.400000    0.00064785 
602.800000    0.02673576 
603.200000    0.04897994 
603.600000    0.06539104 
604.000000    0.07390927 
604.400000    0.07316589 
604.800000    0.06364547 
605.200000    0.04712468 
605.600000    0.02518446 
606.000000    -0.00080311 
606.400000    -0.02700973 
606.800000    -0.04943431 
607.200000    -0.06604647 
607.600000    -0.07470390 
608.000000    -0.07397709 
608.400000    -0.06435343 
608.800000    -0.04765283 
609.200000    -0.02548382 
609.600000    0.00080868 
610.000000    0.02741131 
610.400000    0.05031051 
610.800000    0.06741663 
611.200000    0.07641953 
611.600000    0.07574228 
612.000000    0.06587952 
612.400000    0.04878358 
612.800000    0.02617875 
613.200000    -0.00060479 
613.600000    -0.02779454 
614.000000    -0.05136525 
614.400000    -0.06916903 
614.800000    -0.07867653 
615.200000    -0.07809340 
615.600000    -0.06791559 
616.000000    -0.05029572 
616.400000    -0.02715067 
616.800000    0.00018112 
617.200000    0.02799423 
617.600000    0.05226051 
618.000000    0.07080204 
618.400000    0.08088127 
618.800000    0.08045732 
619.200000    0.07000185 
619.600000    0.05188155 
620.000000    0.02824327 
620.400000    0.00045898 
620.800000    -0.02785248 
621.200000    -0.05266270 
621.600000    -0.07180637 
622.000000    -0.08241770 
622.400000    -0.08224069 
622.800000    -0.07168113 
623.200000    -0.05326066 
623.600000    -0.02933276 
624.000000    -0.00131699 
624.400000    0.02726546 
624.800000    0.05236848 
625.200000    0.07186918 
625.600000    0.08289179 
626.000000    0.08305185 
626.400000    0.07265111 
626.800000    0.05425242 
627.200000    0.03033657 
627.600000    0.00236549 
628.000000    -0.02624204 
628.400000    -0.05138836 
628.800000    -0.07099091 
629.200000    -0.08227040 
629.600000    -0.08282159 
630.000000    -0.07282896 
630.400000    -0.05477790 
630.800000    -0.03117237 
631.200000    -0.00349541 
631.600000    0.02493424 
632.000000    0.04993711 
632.400000    0.06944168 
632.800000    0.08082567 
633.200000    0.08175428 
633.600000    0.07231241 
634.000000    0.05482944 
634.400000    0.03174054 
634.800000    0.00452261 
635.200000    -0.02359192 
635.600000    -0.04833298 
636.000000    -0.06760550 
636.400000    -0.07895712 
636.800000    -0.08018003 
637.200000    -0.07129720 
637.600000    -0.05445602 
638.000000    -0.03196414 
638.400000    -0.00526872 
638.800000    0.02245831 
639.200000    0.04687037 
639.600000    0.06582981 
640.000000    0.07703661 
640.400000    0.07843232 
640.800000    0.07001787 
641.200000    0.05377079 
641.600000    0.03184730 
642.000000    0.00565012 
642.400000    -0.02167830 
642.800000    -0.04574103 
643.200000    -0.06435934 
643.600000    -0.07535361 
644.000000    -0.07680842 
644.400000    -0.06873069 
644.800000    -0.05295861 
645.200000    -0.03150112 
645.600000    -0.00571143 
646.000000    0.02127239 
646.400000    0.04502867 
646.800000    0.06334953 
647.200000    0.07413530 
647.600000    0.07558135 
648.000000    0.06771066 
648.400000    0.05226058 
648.800000    0.03111968 
649.200000    0.00559431 
649.600000    -0.02117113 
650.000000    -0.04474635 
650.400000    -0.06290314 
650.800000    -0.07357122 
651.200000    -0.07500039 
651.600000    -0.06722407 
652.000000    -0.05192458 
652.400000    -0.03091773 
652.800000    -0.00547176 
653.200000    0.02126829 
653.600000    0.04486734 
654.000000    0.06307577 
654.400000    0.07379179 
654.800000    0.07524479 
655.200000    0.06746367 
655.600000    0.05213119 
656.000000    0.03105667 
656.400000    0.00548542 
656.800000    -0.02145527 
657.200000    -0.04532148 
657.600000    -0.06383520 
658.000000    -0.07480041 
658.400000    -0.07634349 
658.800000    -0.06847008 
659.200000    -0.05292519 
659.600000    -0.03159019 
660.000000    -0.00571085 
660.400000    0.02162782 
660.800000    0.04597022 
661.200000    0.06500803 
661.600000    0.07640445 
662.000000    0.07810952 
662.400000    0.07008371 
662.800000    0.05418903 
663.200000    0.03245482 
663.600000    0.00615826 
664.000000    -0.02168135 
664.400000    -0.04660075 
664.800000    -0.06627242 
665.200000    -0.07821007 
665.600000    -0.08014496 
666.000000    -0.07196657 
666.400000    -0.05567922 
666.800000    -0.03351067 
667.200000    -0.00680071 
667.600000    0.02151355 
668.000000    0.04696800 
668.400000    0.06723588 
668.800000    0.07972156 
669.200000    0.08194616 
669.600000    0.07370172 
670.000000    0.05711215 
670.400000    0.03460622 
670.800000    0.00760557 
671.200000    -0.02104283 
671.600000    -0.04687412 
672.000000    -0.06757537 
672.400000    -0.08051864 
672.800000    -0.08307771 
673.200000    -0.07493103 
673.600000    -0.05825290 
674.000000    -0.03562124 
674.400000    -0.00853744 
674.800000    0.02024331 
675.200000    0.04624522 
675.600000    0.06716123 
676.000000    0.08041335 
676.400000    0.08332344 
676.800000    0.07546109 
677.200000    0.05896253 
677.600000    0.03646632 
678.000000    0.00952994 
678.400000    -0.01918012 
678.800000    -0.04516323 
679.200000    -0.06609021 
679.600000    -0.07949031 
680.000000    -0.08272703 
680.400000    -0.07528781 
680.800000    -0.05919899 
681.200000    -0.03706680 
681.600000    -0.01046855 
682.000000    0.01800892 
682.400000    0.04383237 
682.800000    0.06461782 
683.200000    0.07802276 
683.600000    0.08151867 
684.000000    0.07455016 
684.400000    0.05899890 
684.800000    0.03736887 
685.200000    0.01122022 
685.600000    -0.01692356 
686.000000    -0.04249824 
686.400000    -0.06304553 
686.800000    -0.07634304 
687.200000    -0.08000182 
687.600000    -0.07346244 
688.000000    -0.05846249 
688.400000    -0.03736735 
688.800000    -0.01169202 
689.200000    0.01608194 
689.600000    0.04136681 
690.000000    0.06163116 
690.400000    0.07474899 
690.800000    0.07847210 
691.200000    0.07226474 
691.600000    0.05774269 
692.000000    0.03712740 
692.400000    0.01187408 
692.800000    -0.01555634 
693.200000    -0.04056108 
693.600000    -0.06055241 
694.000000    -0.07347088 
694.400000    -0.07718621 
694.800000    -0.07119768 
695.200000    -0.05703062 
695.600000    -0.03678103 
696.000000    -0.01184324 
696.400000    0.01532764 
696.800000    0.04012027 
697.200000    0.05991147 
697.600000    0.07267522 
698.000000    0.07635716 
698.400000    0.07048604 
698.800000    0.05653082 
699.200000    0.03649864 
699.600000    0.01173350 
700.000000    -0.01531187 
700.400000    -0.04002108 
700.800000    -0.05975036 
701.200000    -0.07247041 
701.600000    -0.07614532 
702.000000    -0.07031373 
702.400000    -0.05642389 
702.800000    -0.03644517 
703.200000    -0.01169124 
703.600000    0.01539657 
704.000000    0.04019777 
704.400000    0.06005360 
704.800000    0.07289248 
705.200000    0.07662963 
705.600000    0.07078422 
706.000000    0.05682069 
706.400000    0.03673273 
706.800000    0.01183181 
707.200000    -0.01547031 
707.600000    -0.04055004 
708.000000    -0.06073317 
708.400000    -0.07387161 
708.800000    -0.07776415 
709.200000    -0.07187564 
709.600000    -0.05772121 
710.000000    -0.03738478 
710.400000    -0.01221064 
710.800000    0.01543977 
711.200000    0.04094392 
711.600000    0.06161236 
712.000000    0.07520290 
712.400000    0.07934522 
712.800000    0.07341421 
713.200000    0.05899849 
713.600000    0.03832858 
714.000000    0.01281879 
714.400000    -0.01523554 
714.800000    -0.04122127 
715.200000    -0.06243766 
715.600000    -0.07655882 
716.000000    -0.08102609 
716.400000    -0.07509465 
716.800000    -0.06042545 
717.200000    -0.03942397 
717.600000    -0.01360402 
718.000000    0.01481158 
718.400000    0.04122836 
718.800000    0.06293742 
719.200000    0.07756878 
719.600000    0.08240254 
720.000000    0.07655977 
720.400000    0.06174188 
720.800000    0.04051429 
721.200000    0.01450038 
721.600000    -0.01414777 
722.000000    -0.04085997 
722.400000    -0.06291201 
722.800000    -0.07794503 
723.200000    -0.08314661 
723.600000    -0.07751298 
724.000000    -0.06273101 
724.400000    -0.04146745 
724.800000    -0.01543967 
725.200000    0.01326513 
725.600000    0.04010151 
726.000000    0.06230828 
726.400000    0.07758622 
726.800000    0.08311741 
727.200000    0.07780617 
727.600000    0.06326795 
728.000000    0.04218799 
728.400000    0.01634042 
728.800000    -0.01224507 
729.200000    -0.03904532 
729.600000    -0.06123311 
730.000000    -0.07659458 
730.400000    -0.08238312 
730.800000    -0.07745821 
731.200000    -0.06332672 
731.600000    -0.04261349 
732.000000    -0.01710269 
732.400000    0.01122446 
732.800000    0.03786375 
733.200000    0.05990007 
733.600000    0.07520613 
734.000000    0.08115586 
734.400000    0.07661169 
734.800000    0.06296292 
735.200000    0.04271959 
735.600000    0.01763299 
736.000000    -0.01035280 
736.400000    -0.03674813 
736.800000    -0.05854643 
737.200000    -0.07369288 
737.600000    -0.07970098 
738.000000    -0.07547340 
738.400000    -0.06229497 
738.800000    -0.04253671 
739.200000    -0.01788685 
739.600000    0.00973506 
740.000000    0.03584810 
740.400000    0.05736922 
740.800000    0.07229682 
741.200000    0.07827760 
741.600000    0.07427445 
742.000000    0.06149110 
742.400000    0.04216140 
742.800000    0.01789663 
743.200000    -0.00939723 
743.600000    -0.03524187 
744.000000    -0.05650240 
744.400000    -0.07121041 
744.800000    -0.07711892 
745.200000    -0.07325094 
745.600000    -0.06075396 
746.000000    -0.04174665 
746.400000    -0.01776609 
746.800000    0.00928963 
747.200000    0.03494050 
747.600000    0.05602268 
748.000000    0.07057929 
748.400000    0.07642535 
748.800000    0.07262469 
749.200000    0.06029214 
749.600000    0.04146951 
750.000000    0.01763752 
750.400000    -0.00931556 
750.800000    -0.03490690 
751.200000    -0.05595744 
751.600000    -0.07049702 
752.000000    -0.07634435 
752.400000    -0.07256970 
752.800000    -0.06027790 
753.200000    -0.04148606 
753.600000    -0.01764920 
754.000000    0.00936368 
754.400000    0.03506986 
754.800000    0.05627872 
755.200000    0.07098074 
755.600000    0.07693289 
756.000000    0.07316767 
756.400000    0.06080171 
756.800000    0.04188868 
757.200000    0.01789875 
757.600000    -0.00933197 
758.000000    -0.03532898 
758.400000    -0.05688787 
758.800000    -0.07193949 
759.200000    -0.07811754 
759.600000    -0.07436871 
760.000000    -0.06183837 
760.400000    -0.04267849 
760.800000    -0.01842099 
761.200000    0.00914289 
761.600000    0.03556045 
762.000000    0.05761065 
762.400000    0.07315962 
762.800000    0.07967582 
763.200000    0.07597575 
763.600000    0.06323834 
764.000000    0.04376187 
764.400000    0.01918434 
764.800000    -0.00875234 
765.200000    -0.03563407 
765.600000    -0.05822110 
766.000000    -0.07433126 
766.400000    -0.08126182 
766.800000    -0.07766970 
767.200000    -0.06475326 
767.600000    -0.04497444 
768.000000    -0.02010680 
768.400000    0.00815182 
768.800000    0.03544092 
769.200000    0.05849697 
769.600000    0.07512406 
770.000000    0.08248738 
770.400000    0.07908301 
770.800000    0.06609582 
771.200000    0.04612573 
771.600000    0.02108375 
772.000000    -0.00736511 
772.400000    -0.03492263 
772.800000    -0.05828810 
773.200000    -0.07529106 
773.600000    -0.08304069 
774.000000    -0.07990604 
774.400000    -0.06701749 
774.800000    -0.04704671 
775.200000    -0.02201078 
775.600000    0.00644755 
776.000000    0.03409364 
776.400000    0.05756778 
776.800000    0.07475243 
777.200000    0.08278932 
777.600000    0.07998208 
778.000000    0.06737402 
778.400000    0.04762208 
778.800000    0.02279229 
779.200000    -0.00548988 
779.600000    -0.03304833 
780.000000    -0.05644232 
780.400000    -0.07361447 
780.800000    -0.08181227 
781.200000    -0.07934371 
781.600000    -0.06715289 
782.000000    -0.04780387 
782.400000    -0.02334644 
782.800000    0.00461152 
783.200000    0.03194234 
783.600000    0.05511332 
784.000000    0.07211749 
784.400000    0.08034935 
784.800000    0.07817888 
785.200000    0.06645990 
785.600000    0.04761445 
786.000000    0.02362173 
786.400000    -0.00392996 
786.800000    -0.03094684 
787.200000    -0.05381096 
787.600000    -0.07054900 
788.000000    -0.07871004 
788.400000    -0.07675967 
788.800000    -0.06548294 
789.200000    -0.04714489 
789.600000    -0.02362226 
790.000000    0.00351665 
790.400000    0.03019510 
790.800000    0.05273137 
791.200000    0.06917040 
791.600000    0.07719663 
792.000000    0.07537788 
792.400000    0.06445421 
792.800000    0.04654690 
793.200000    0.02342340 
793.600000    -0.00336653 
794.000000    -0.02974851 
794.400000    -0.05200348 
794.800000    -0.06818250 
795.200000    -0.07606650 
795.600000    -0.07430733 
796.000000    -0.06361955 
796.400000    -0.04601381 
796.800000    -0.02316355 
797.200000    0.00339908 
797.600000    0.02959445 
798.000000    0.05168699 
798.400000    0.06772114 
798.800000    0.07552061 
799.200000    0.07378208 
799.600000    0.06320839 
800.000000    0.04574708 
800.400000    0.02301099 
800.800000    -0.00348788 
801.200000    -0.02966671 
801.600000    -0.05178228 
802.000000    -0.06785600 
802.400000    -0.07568917 
802.800000    -0.07396820 
803.200000    -0.06339372 
803.600000    -0.04590917 
804.000000    -0.02311515 
804.400000    0.00350220 
804.800000    0.02986891 
805.200000    0.05223168 
805.600000    0.06857074 
806.000000    0.07659559 
806.400000    0.07491756 
806.800000    0.06424110 
807.200000    0.04657195 
807.600000    0.02355820 
808.000000    -0.00334395 
808.400000    -0.03008960 
808.800000    -0.05290862 
809.200000    -0.06972842 
809.600000    -0.07810711 
810.000000    -0.07651596 
810.400000    -0.06566326 
810.800000    -0.04768016 
811.200000    -0.02432598 
811.600000    0.00296876 
812.000000    0.03021255 
812.400000    0.05361440 
812.800000    0.07105405 
813.200000    0.07990902 
813.600000    0.07846051 
814.000000    0.06740923 
814.400000    0.04905304 
814.800000    0.02531495 
815.200000    -0.00238508 
815.600000    -0.03013022 
816.000000    -0.05410798 
816.400000    -0.07217526 
816.800000    -0.08154919 
817.200000    -0.08030591 
817.600000    -0.06911348 
818.000000    -0.05043424 
818.400000    -0.02637531 
818.800000    0.00163373 
819.200000    0.02976237 
819.600000    0.05417244 
820.000000    0.07273209 
820.400000    0.08256963 
820.800000    0.08159152 
821.200000    0.07040157 
821.600000    0.05157086 
822.000000    0.02736348 
822.400000    -0.00076763 
822.800000    -0.02907872 
823.200000    -0.05369161 
823.600000    -0.07251068 
824.000000    -0.08267515 
824.400000    -0.08200277 
824.800000    -0.07100997 
825.200000    -0.05228219 
825.600000    -0.02816907 
826.000000    -0.00014559 
826.400000    0.02812344 
826.800000    0.05269868 
827.200000    0.07152416 
827.600000    0.08184143 
828.000000    0.08147811 
828.400000    0.07086081 
828.800000    0.05249157 
829.200000    0.02871364 
829.600000    0.00100861 
830.000000    -0.02702464 
830.400000    -0.05136963 
830.800000    -0.06999456 
831.200000    -0.08029898 
831.600000    -0.08020327 
832.000000    -0.07006202 
832.400000    -0.05222602 
832.800000    -0.02895094 
833.200000    -0.00170378 
833.600000    0.02596487 
834.000000    0.04996106 
834.400000    0.06825610 
834.800000    0.07842112 
835.200000    0.07851616 
835.600000    0.06885135 
836.000000    0.05160136 
836.400000    0.02888479 
836.800000    0.00213724 
837.200000    -0.02511785 
837.600000    -0.04872490 
838.000000    -0.06664411 
838.400000    -0.07659830 
838.800000    -0.07679513 
839.200000    -0.06752574 
839.600000    -0.05080056 
840.000000    -0.02858853 
840.400000    -0.00228638 
840.800000    0.02458867 
841.200000    0.04784346 
841.600000    0.06542248 
842.000000    0.07515889 
842.400000    0.07538364 
842.800000    0.06638541 
843.200000    0.05004608 
843.600000    0.02820355 
844.000000    0.00221661 
844.400000    -0.02438969 
844.800000    -0.04740601 
845.200000    -0.06476066 
845.600000    -0.07434245 
846.000000    -0.07455721 
846.400000    -0.06569758 
846.800000    -0.04956655 
847.200000    -0.02791240 
847.600000    -0.00206086 
848.000000    0.02445369 
848.400000    0.04741721 
848.800000    0.06473790 
849.200000    0.07429645 
849.600000    0.07450792 
850.000000    0.06566701 
850.400000    0.04955657 
850.800000    0.02789326 
851.200000    0.00197564 
851.600000    -0.02466606 
852.000000    -0.04781305 
852.400000    -0.06534397 
852.800000    -0.07506329 
853.200000    -0.07531825 
853.600000    -0.06639731 
854.000000    -0.05012786 
854.400000    -0.02826564 
854.800000    -0.00209068 
855.200000    0.02489706 
855.600000    0.04846757 
856.000000    0.06646071 
856.400000    0.07654292 
856.800000    0.07691375 
857.200000    0.06784080 
857.600000    0.05125987 
858.000000    0.02904272 
858.400000    0.00246784 
858.800000    -0.02502652 
859.200000    -0.04919448 
859.600000    -0.06783863 
860.000000    -0.07845084 
860.400000    -0.07901685 
860.800000    -0.06976099 
861.200000    -0.05277518 
861.600000    -0.03011570 
862.000000    -0.00308701 
862.400000    0.02495993 
862.800000    0.04976467 
863.200000    0.06911050 
863.600000    0.08032542 
864.000000    0.08115451 
864.400000    0.07175062 
864.800000    0.05437075 
865.200000    0.03129083 
865.600000    0.00387123 
866.000000    -0.02463464 
866.400000    -0.04995393 
866.800000    -0.06987752 
867.200000    -0.08163562 
867.600000    -0.08276898 
868.000000    -0.07333499 
868.400000    -0.05570935 
868.800000    -0.03236499 
869.200000    -0.00473429 
869.600000    0.02402135 
870.000000    0.04961080 
870.400000    0.06984999 
870.800000    0.08197308 
871.200000    0.08341544 
871.600000    0.07413409 
872.000000    0.05652972 
872.400000    0.03318847 
872.800000    0.00560425 
873.200000    -0.02313941 
873.600000    -0.04871800 
874.000000    -0.06896695 
