0.000000    0.00000000 
0.306907    0.01329564 
0.614114    0.02526103 
0.922496    0.03477179 
1.233632    0.04095038 
1.549626    0.04315997 
1.872692    0.04100559 
2.204569    0.03438515 
2.545891    0.02361205 
2.895774    0.00958453 
3.251958    -0.00609016 
3.611664    -0.02115943 
3.972824    -0.03307994 
4.334903    -0.03960577 
4.698659    -0.03938849 
5.064988    -0.03235762 
5.433703    -0.01976440 
5.803156    -0.00387273 
6.170956    0.01261412 
6.535219    0.02716767 
6.895461    0.03784824 
7.252707    0.04343782 
7.608891    0.04338866 
7.965921    0.03774157 
8.324781    0.02711120 
8.685019    0.01273520 
9.044936    -0.00350673 
9.402503    -0.01923694 
9.756550    -0.03195366 
10.107480    -0.03954616 
10.457007    -0.04075248 
10.807090    -0.03540906 
11.158747    -0.02446186 
11.511486    -0.00975600 
11.863683    0.00636687 
12.213609    0.02155584 
12.560428    0.03384753 
12.904631    0.04185737 
13.247813    0.04478718 
13.591988    0.04235885 
13.938746    0.03478054 
14.288538    0.02278675 
14.640402    0.00771230 
14.992365    -0.00850678 
15.342460    -0.02352045 
15.689820    -0.03496621 
16.035151    -0.04096497 
16.380246    -0.04052234 
16.726852    -0.03372291 
17.075582    -0.02170500 
17.425552    -0.00642399 
17.774942    0.00976531 
18.122065    0.02458376 
18.466289    0.03618563 
18.808326    0.04330787 
19.149908    0.04525499 
19.493038    0.04183401 
19.839145    0.03333522 
20.188418    0.02058669 
20.539631    0.00502899 
20.890672    -0.01130469 
21.239635    -0.02601297 
21.585879    -0.03675981 
21.930354    -0.04177378 
22.274961    -0.04022407 
22.621344    -0.03237900 
22.969868    -0.01954534 
23.319409    -0.00379590 
23.668047    0.01247338 
24.014187    0.02701624 
24.357403    0.03806531 
24.698629    0.04444782 
25.039732    0.04555129 
25.382717    0.04125817 
25.728878    0.03193836 
26.078174    0.01851475 
26.429157    0.00253540 
26.779620    -0.01387050 
27.127758    -0.02825525 
27.473168    -0.03831476 
27.817032    -0.04238644 
28.161335    -0.03979781 
28.507607    -0.03099083 
28.855980    -0.01742740 
29.205116    -0.00128329 
29.553036    0.01501624 
29.898253    0.02926293 
30.240555    0.03976556 
30.581081    0.04543494 
30.921811    0.04573403 
31.264735    0.04061496 
31.610996    0.03052409 
31.960321    0.01647758 
32.311048    0.00012837 
32.660891    -0.01630410 
33.008156    -0.03033481 
33.352677    -0.03970094 
33.695855    -0.04285388 
34.039739    -0.03927788 
34.385744    -0.02958000 
34.733782    -0.01536313 
35.082342    0.00111034 
35.429413    0.01739871 
35.773634    0.03133679 
36.114990    0.04130697 
36.454800    0.04629705 
36.795135    0.04583859 
37.137951    0.03994815 
37.484242    0.02914439 
37.833521    0.01453215 
38.183946    -0.00213726 
38.533192    -0.01856291 
38.879698    -0.03223067 
39.223532    -0.04092188 
39.566277    -0.04319706 
39.910006    -0.03868744 
40.255979    -0.02815530 
40.603873    -0.01333668 
40.952000    0.00342531 
41.298337    0.01967632 
41.641660    0.03329514 
41.982164    0.04273590 
42.321352    0.04705981 
42.661383    0.04586352 
43.004172    0.03922574 
43.350558    0.02773696 
43.699836    0.01259102 
44.049988    -0.00436320 
44.398658    -0.02074712 
44.744425    -0.03402423 
45.087583    -0.04202695 
45.429884    -0.04342930 
45.773407    -0.03801028 
46.119248    -0.02668444 
46.466861    -0.01131390 
46.814407    0.00568785 
47.159870    0.02186380 
47.502176    0.03514300 
47.841721    0.04405264 
48.180176    0.04772546 
48.519769    0.04582020 
48.862367    0.03847504 
49.208651    0.02634958 
49.557713    0.01072249 
49.907390    -0.00646735 
50.255323    -0.02277465 
50.600246    -0.03565159 
50.942674    -0.04298748 
51.284508    -0.04356707 
51.627814    -0.03730695 
51.973526    -0.02525971 
52.320887    -0.00939871 
52.667927    0.00780353 
53.012649    0.02389179 
53.354120    0.03684211 
53.692924    0.04524690 
54.030873    0.04830202 
54.370244    0.04572224 
54.712837    0.03770253 
55.059163    0.02497166 
55.408113    0.00889425 
55.757383    -0.00850114 
56.104626    -0.02470596 
56.448744    -0.03716703 
56.790469    -0.04383611 
57.131837    -0.04361120 
57.474888    -0.03654517 
57.820394    -0.02382353 
58.167399    -0.00752230 
58.513829    0.00983707 
58.857725    0.02580904 
59.198307    0.03841996 
59.536337    0.04632649 
59.873761    0.04878446 
60.212893    0.04556131 
60.555454    0.03690603 
60.901789    0.02361402 
61.250597    0.00713200 
61.599453    -0.01042795 
61.946041    -0.02650215 
62.289431    -0.03853926 
62.630557    -0.04455619 
62.971568    -0.04356145 
63.314457    -0.03573788 
63.659826    -0.02239579 
64.006531    -0.00570496 
64.352410    0.01177217 
64.695557    0.02760460 
65.035345    0.03986964 
65.372710    0.04728572 
65.709718    0.04916504 
66.048703    0.04532484 
66.391304    0.03606647 
66.737695    0.02225099 
67.086389    0.00540548 
67.434859    -0.01227871 
67.780836    -0.02818981 
68.123560    -0.03978583 
68.464159    -0.04515354 
68.804876    -0.04341223 
69.147642    -0.03487100 
69.492885    -0.02095820 
69.839287    -0.00392828 
70.184619    0.01362449 
70.527042    0.02928968 
70.866086    0.04119723 
71.202850    0.04812564 
71.539505    0.04944081 
71.878393    0.04500754 
72.221058    0.03517840 
72.567507    0.02087907 
72.916079    0.00371434 
73.264166    -0.01405088 
73.609560    -0.02976500 
73.951683    -0.04090321 
74.291842    -0.04562611 
74.632350    -0.04316293 
74.975060    -0.03394462 
75.320223    -0.01951062 
75.666360    -0.00219149 
76.011190    0.01539496 
76.352955    0.03086421 
76.691343    0.04240021 
77.027609    0.04884016 
77.364013    0.04960140 
77.702894    0.04459488 
78.045689    0.03422408 
78.392235    0.01947914 
78.740710    0.00204065 
79.088441    -0.01575836 
79.433306    -0.03123507 
79.774905    -0.04189077 
80.114715    -0.04596547 
80.455100    -0.04279925 
80.797819    -0.03294177 
81.142945    -0.01803694 
81.488854    -0.00048216 
81.833231    0.01709046 
82.174414    0.03232854 
82.512249    0.04347215 
82.848134    0.04941643 
83.184405    0.04962879 
83.523376    0.04406583 
83.866369    0.03318238 
84.213051    0.01803328 
84.561451    0.00037253 
84.908856    -0.01740528 
85.253247    -0.03259639 
85.594411    -0.04273840 
85.933980    -0.04615720 
86.274343    -0.04230522 
86.617147    -0.03184800 
86.962289    -0.01652700 
87.308009    0.00120367 
87.651987    0.01870799 
87.992668    0.03367309 
88.330057    0.04439815 
88.665685    0.04983626 
89.001943    0.04950401 
89.341105    0.04340341 
89.684366    0.03204106 
90.031222    0.01653602 
90.379572    -0.00128793 
90.726688    -0.01898308 
91.070675    -0.03383638 
91.411509    -0.04343261 
91.750957    -0.04618973 
92.091411    -0.04167324 
92.434391    -0.03066051 
92.779617    -0.01498235 
93.125216    0.00286144 
93.468879    0.02024140 
93.809174    0.03489083 
94.146260    0.04517029 
94.481787    0.05009041 
94.818183    0.04921624 
95.157663    0.04259548 
95.501280    0.03078763 
95.848366    0.01497593 
96.196706    -0.00294968 
96.543589    -0.02049713 
96.887259    -0.03495623 
97.227883    -0.04397013 
97.567345    -0.04605553 
97.908015    -0.04089243 
98.251270    -0.02936676 
98.596656    -0.01339075 
98.942206    0.00450125 
99.285647    0.02169718 
99.625679    0.03598366 
99.962616    0.04578546 
100.298212    0.05017096 
100.634909    0.04875356 
100.974844    0.04162750 
101.318920    0.02940664 
101.666305    0.01333862 
102.014691    -0.00462438 
102.361409    -0.02195507 
102.704866    -0.03595879 
103.045415    -0.04434869 
103.385038    -0.04574743 
103.726057    -0.03995176 
104.069687    -0.02795350 
104.415305    -0.01173863 
104.760870    0.00613522 
105.104167    0.02308448 
105.444042    0.03695667 
105.780960    0.04624422 
106.116764    0.05007434 
106.453892    0.04810962 
106.794383    0.04049247 
107.138981    0.02789285 
107.486699    0.01162230 
107.835161    -0.00630990 
108.181770    -0.02335207 
108.525118    -0.03683852 
108.865742    -0.04456376 
109.205700    -0.04526255 
109.547245    -0.03884916 
109.891420    -0.02641738 
110.237439    -0.01001876 
110.583208    0.00777611 
110.926591    0.02442097 
111.266589    0.03782894 
111.603813    0.04656113 
111.940178    0.04980320 
112.278097    0.04726764 
112.619486    0.03914826 
112.964910    0.02617661 
113.313216    0.00973377 
113.661971    -0.00811168 
114.008673    -0.02478776 
114.352112    -0.03766852 
114.693011    -0.04464452 
115.033482    -0.04457798 
115.375669    -0.03751412 
115.720411    -0.02465668 
116.066756    -0.00812145 
116.412573    0.00951904 
116.755837    0.02577208 
117.095726    0.03863227 
117.433005    0.04674173 
117.769657    0.04935329 
118.108049    0.04623545 
118.449965    0.03763709 
118.795794    0.02435076 
119.144254    0.00781932 
119.492904    -0.00984631 
119.839380    -0.02607699 
120.182695    -0.03830781 
120.523747    -0.04453625 
120.864680    -0.04374930 
121.207521    -0.03610938 
121.552923    -0.02291018 
121.899791    -0.00631170 
122.245988    0.01112483 
122.589601    0.02696261 
122.929972    0.03927069 
123.267990    0.04676120 
123.605675    0.04874455 
123.945323    0.04504043 
124.288557    0.03595405 
124.635567    0.02234603 
124.984919    0.00573190 
125.334156    -0.01172379 
125.681059    -0.02744791 
126.024865    -0.03893786 
126.366642    -0.04430886 
126.708542    -0.04269220 
127.052429    -0.03439175 
127.398730    -0.02081252 
127.746194    -0.00416862 
128.092691    0.01299492 
128.436463    0.02831322 
128.777054    0.03994993 
129.115505    0.04670599 
129.453874    0.04796496 
129.794375    0.04361039 
130.138452    0.03401356 
130.486098    0.02010824 
130.835751    0.00347933 
131.184988    -0.01366959 
131.531783    -0.02878546 
131.875629    -0.03945380 
132.217755    -0.04392602 
132.560298    -0.04148385 
132.904950    -0.03256648 
133.251915    -0.01867441 
133.599815    -0.00205589 
133.946553    0.01477687 
134.290530    0.02953886 
134.631479    0.04048762 
134.970567    0.04650784 
135.309862    0.04705120 
135.651472    0.04206233 
135.996648    0.03197844 
136.345180    0.01780745 
136.695389    0.00120361 
137.044898    -0.01559313 
137.391885    -0.03005466 
137.736086    -0.03986005 
138.078874    -0.04340166 
138.422342    -0.04011634 
138.767986    -0.03058265 
139.115785    -0.01639783 
139.464242    0.00015890 
139.811316    0.01661414 
140.155585    0.03076864 
140.496980    0.04097831 
140.836791    0.04621518 
141.177086    0.04600297 
141.519849    0.04035268 
141.866128    0.02977363 
142.215507    0.01535300 
142.566207    -0.00118453 
142.915923    -0.01756789 
143.263061    -0.03130514 
143.607608    -0.04018212 
143.951063    -0.04274377 
144.295455    -0.03859003 
144.642062    -0.02844201 
144.990638    -0.01399074 
145.339586    0.00246181 
145.686940    0.01849060 
146.031472    0.03198925 
146.373312    0.04141585 
146.713861    0.04583179 
147.055172    0.04483520 
147.399090    0.03850719 
147.746446    0.02743382 
148.096621    0.01278503 
148.447749    -0.00364450 
148.797627    -0.01955878 
149.144902    -0.03251246 
149.489809    -0.04040933 
149.833957    -0.04195569 
150.179281    -0.03691997 
150.526833    -0.02616700 
150.876143    -0.01147747 
151.225535    0.00483184 
151.573141    0.02039218 
151.917938    0.03319484 
152.260254    0.04180182 
152.601592    0.04536460 
152.943975    0.04355750 
153.289090    0.03653548 
153.637543    0.02496644 
153.988509    0.01010742 
154.340053    -0.00617633 
154.690091    -0.02156875 
155.037521    -0.03368043 
155.382818    -0.04054373 
155.727672    -0.04103589 
156.073895    -0.03510111 
156.422291    -0.02375108 
156.772170    -0.00885300 
157.121795    0.00726989 
157.469418    0.02231475 
157.814233    0.03437801 
158.156768    0.04213038 
158.498620    0.04481688 
158.841768    0.04219133 
159.187741    0.03448569 
159.536924    0.02245097 
159.888320    0.00742806 
160.239963    -0.00865660 
160.589926    -0.02348075 
160.937377    -0.03472378 
161.283021    -0.04055259 
161.628609    -0.04001268 
161.975821    -0.03321535 
162.325219    -0.02130767 
162.675915    -0.00623285 
163.026129    0.00968490 
163.374234    0.02420626 
163.719630    0.03552424 
164.063017    0.04240828 
164.406057    0.04419036 
164.750652    0.04070376 
165.098129    0.03226500 
165.448615    0.01972248 
165.800905    0.00451837 
166.152992    -0.01134523 
166.503108    -0.02553512 
166.850699    -0.03580771 
167.196694    -0.04048440 
167.542879    -0.03880562 
167.890762    -0.03107565 
168.240641    -0.01859299 
168.591440    -0.00337651 
168.941383    0.01226408 
169.289020    0.02617575 
169.634003    0.03666957 
169.977233    0.04262949 
170.320448    0.04348397 
170.665480    0.03914963 
171.013474    0.03002565 
171.364338    0.01704880 
171.716715    0.00174530 
172.068616    -0.01383069 
172.418466    -0.02735753 
172.765975    -0.03668043 
173.112261    -0.04027051 
173.459104    -0.03754476 
173.807827    -0.02897611 
174.158473    -0.01599207 
174.509795    -0.00067307 
174.860018    0.01468703 
175.207850    0.02801063 
175.553154    0.03770993 
175.896987    0.04276782 
176.241126    0.04270032 
176.587299    0.03750710 
176.936437    0.02767784 
177.288204    0.01425089 
177.641089    -0.00114955 
177.993125    -0.01640813 
178.342949    -0.02921467 
178.690550    -0.03751231 
179.037224    -0.03993740 
179.384726    -0.03610132 
179.734171    -0.02666084 
180.085344    -0.01317921 
180.436850    0.00220574 
180.786958    0.01722784 
181.134574    0.02989820 
181.479794    0.03874057 
181.823844    0.04284375 
182.168527    0.04181637 
182.515458    0.03574574 
182.865346    0.02521607 
183.217619    0.01136898 
183.570633    -0.00407707 
183.922484    -0.01895615 
184.272039    -0.03098464 
184.619560    -0.03821735 
184.966493    -0.03946366 
185.314532    -0.03453047 
185.664562    -0.02425348 
186.016114    -0.01032185 
186.367671    0.00508125 
186.717568    0.01972662 
187.064916    0.03171749 
187.410039    0.03968757 
187.754308    0.04282845 
188.099534    0.04083985 
188.447195    0.03389819 
188.797767    0.02268588 
189.150450    0.00845081 
189.503491    -0.00699542 
189.855074    -0.02144349 
190.204316    -0.03264762 
190.551746    -0.03878481 
190.898929    -0.03884385 
191.247472    -0.03282845 
191.598017    -0.02174968 
191.949855    -0.00741406 
192.301376    0.00796063 
192.651012    0.02219040 
192.998092    0.03347335 
193.343164    0.04055136 
193.687730    0.04271589 
194.033585    0.03975674 
194.382050    0.03194177 
194.733357    0.02005662 
195.086474    0.00546037 
195.439561    -0.00994121 
195.790912    -0.02390083 
196.139903    -0.03422102 
196.487311    -0.03921278 
196.834788    -0.03805426 
197.183807    -0.03095278 
197.534745    -0.01909626 
197.886659    -0.00440288 
198.237871    0.01088624 
198.586941    0.02464415 
198.933436    0.03517212 
199.278129    0.04132470 
199.622639    0.04249571 
199.968731    0.03856743 
200.317561    0.02990182 
200.669122    0.01738859 
201.022188    0.00249380 
201.374874    -0.01279439 
201.725633    -0.02620831 
202.074117    -0.03561560 
202.421337    -0.03946967 
202.769000    -0.03713541 
203.118430    -0.02901241 
203.469742    -0.01644922 
203.821787    -0.00145905 
204.172847    0.01370489 
204.521619    0.02697448 
204.867895    0.03674756 
205.212645    0.04198110 
205.557569    0.04216298 
205.904370    0.03726526 
206.254000    0.02774772 
206.606192    0.01461283 
206.959514    -0.00055688 
207.312052    -0.01568607 
207.662432    -0.02849006 
208.010588    -0.03691254 
208.357748    -0.03956413 
208.705636    -0.03601143 
209.055389    -0.02685766 
209.406851    -0.01361508 
209.758686    0.00161555 
210.109181    0.01658371 
210.457216    0.02929537 
210.802835    0.03825584 
211.147209    0.04253057 
211.492116    0.04170469 
211.839175    0.03584217 
212.189136    0.02550216 
212.541480    0.01179876 
212.894606    -0.00357602 
213.246613    -0.01847376 
213.596333    -0.03061114 
213.943978    -0.03802306 
214.290961    -0.03948343 
214.638985    -0.03475677 
214.988975    -0.02463888 
215.340509    -0.01079017 
215.692089    0.00461707 
216.042034    0.01934595 
216.389412    0.03147920 
216.734507    0.03962522 
217.078668    0.04295098 
217.423716    0.04113361 
217.771167    0.03432777 
218.121544    0.02319429 
218.474082    0.00896214 
218.827028    -0.00656699 
219.178526    -0.02117752 
219.527634    -0.03259836 
219.874838    -0.03896695 
220.221709    -0.03922797 
220.569891    -0.03334623 
220.920078    -0.02230710 
221.271589    -0.00791037 
221.622796    0.00761272 
221.972083    0.02205042 
222.318727    0.03356821 
222.663251    0.04087809 
223.007167    0.04324641 
223.352319    0.04044072 
223.700095    0.03270715 
224.050784    0.02081073 
224.403378    0.00609682 
224.756001    -0.00952656 
225.106877    -0.02378678 
225.455309    -0.03443920 
225.802050    -0.03973622 
226.148791    -0.03879959 
226.497087    -0.03179407 
226.847382    -0.01988801 
227.198750    -0.00500854 
227.549461    0.01056843 
227.897995    0.02466714 
228.243853    0.03554018 
228.587788    0.04200176 
228.931455    0.04341413 
229.276695    0.03963298 
229.624747    0.03099617 
229.975660    0.01837479 
230.328193    0.00323088 
230.680377    -0.01242607 
231.030547    -0.02627744 
231.378266    -0.03611881 
231.724539    -0.04032803 
232.071147    -0.03820775 
232.419517    -0.03011998 
232.769840    -0.01740750 
233.120959    -0.00211156 
233.471079    0.01346103 
233.818802    0.02717979 
234.163859    0.03738661 
234.507224    0.04299504 
234.850673    0.04345898 
235.196022    0.03871970 
235.544340    0.02920703 
235.895427    0.01589992 
236.247823    0.00037715 
236.599495    -0.01525537 
236.948915    -0.02864391 
237.295916    -0.03763699 
237.641733    -0.04074711 
237.988199    -0.03746095 
238.336590    -0.02833483 
238.686832    -0.01487734 
239.037560    0.00076935 
239.386949    0.01628117 
239.733746    0.02958174 
240.077921    0.03910450 
240.420658    0.04385981 
240.763834    0.04338940 
241.109217    0.03771775 
241.457697    0.02736619 
241.808823    0.01342133 
242.160939    -0.00242420 
242.511979    -0.01797620 
242.860581    -0.03085806 
243.206844    -0.03898269 
243.552213    -0.04100278 
243.898539    -0.03658742 
244.246921    -0.02648008 
244.597022    -0.01234363 
244.947294    0.00359240 
245.295910    0.01899794 
245.641780    0.03185577 
245.985107    0.04068941 
246.327272    0.04460114 
246.670228    0.04321584 
247.015677    0.03663885 
247.364313    0.02548326 
247.715439    0.01094424 
248.067219    -0.00517350 
248.417586    -0.02059428 
248.765363    -0.03292948 
249.110920    -0.04016660 
249.455884    -0.04110356 
249.802096    -0.03559098 
250.150455    -0.02455358 
250.500371    -0.00979840 
250.850138    0.00637008 
251.197951    0.02162604 
251.542902    0.03401594 
251.885426    0.04215212 
252.227080    0.04522467 
252.569875    0.04293798 
252.915421    0.03547711 
253.264203    0.02354825 
253.615275    0.00845673 
253.966639    -0.00788228 
254.316249    -0.02311910 
254.663137    -0.03486515 
255.007934    -0.04119411 
255.352422    -0.04105577 
255.698397    -0.03448251 
256.046547    -0.02257416 
256.396036    -0.00726974 
256.745029    0.00906682 
257.091781    0.02412735 
257.435581    0.03602885 
257.777093    0.04347279 
258.118039    0.04573332 
258.460472    0.04258947 
258.805904    0.03430143 
259.154616    0.02166354 
259.505437    0.00608431 
259.856241    -0.01042096 
260.205035    -0.02544103 
260.551064    -0.03659720 
260.895204    -0.04205110 
261.239366    -0.04089697 
261.585277    -0.03333586 
261.933406    -0.02062819 
262.282685    -0.00483214 
262.631172    0.01163700 
262.977187    0.02648972 
263.320208    0.03790807 
263.661109    0.04467386 
264.001753    0.04613751 
264.344204    0.04214881 
264.689852    0.03304423 
265.038751    0.01971163 
265.389496    0.00366946 
265.739844    -0.01296345 
266.087875    -0.02771787 
266.433065    -0.03823518 
266.776531    -0.04277765 
267.120287    -0.04059453 
267.465967    -0.03206117 
267.813812    -0.01859704 
268.162538    -0.00236949 
268.510132    0.01417024 
268.855018    0.02876598 
269.196884    0.03967396 
269.536817    0.04575915 
269.876814    0.04644673 
270.218940    0.04165371 
270.564459    0.03178824 
270.913209    0.01782542 
271.263578    0.00138421 
271.613233    -0.01532596 
271.960351    -0.02979164 
272.304629    -0.03968327 
272.647399    -0.04336327 
272.990746    -0.04022618 
273.336193    -0.03080649 
273.683753    -0.01666611 
274.031948    -0.00006697 
274.378708    0.01651275 
274.722564    0.03085138 
275.063403    0.04127392 
275.402506    0.04672012 
275.741975    0.04668201 
276.083871    0.04113818 
276.429324    0.03056490 
276.777967    0.01602180 
277.128001    -0.00077554 
277.477031    -0.01753301 
277.823344    -0.03169956 
278.166865    -0.04097836 
278.509127    -0.04382984 
278.852270    -0.03978653 
279.197693    -0.02953275 
279.545194    -0.01476379 
279.893108    0.00217089 
280.239330    0.01876935 
280.582499    0.03284268 
280.922694    0.04277910 
281.261368    0.04758667 
281.600714    0.04682004 
281.942751    0.04051928 
282.288449    0.02923370 
282.637209    0.01411587 
282.987029    -0.00301379 
283.335458    -0.01977386 
283.680915    -0.03358232 
284.023558    -0.04218961 
284.365109    -0.04417115 
284.707736    -0.03921131 
285.052695    -0.02815035 
285.399564    -0.01281189 
285.746530    0.00438328 
286.091493    0.02093096 
286.433244    0.03469380 
286.772072    0.04413448 
287.109609    0.04833272 
287.448136    0.04690275 
287.789646    0.03993813 
288.134975    0.02804789 
288.483340    0.01245851 
288.832592    -0.00492806 
289.180262    -0.02166517 
289.524896    -0.03515179 
289.866855    -0.04318031 
290.208013    -0.04441926 
290.550544    -0.03867469 
290.895561    -0.02691474 
291.242435    -0.01107314 
291.589208    0.00636227 
291.933767    0.02287609 
292.275020    0.03636535 
292.613426    0.04534894 
292.950758    0.04896453 
293.289351    0.04687984 
293.631134    0.03924418 
293.976779    0.02673609 
294.325286    0.01067059 
294.674350    -0.00695484 
295.021491    -0.02362189 
295.365414    -0.03671610 
295.706704    -0.04408810 
296.047385    -0.04452031 
296.389620    -0.03795895 
296.734364    -0.02551009 
297.080790    -0.00921485 
297.426826    0.00838716 
297.770401    0.02479050 
298.110581    0.03794558 
298.448014    0.04643938 
298.784617    0.04947208 
299.122774    0.04676403 
299.464353    0.03851543 
299.809871    0.02546571 
300.158143    0.00900522 
300.506740    -0.00879039 
300.853201    -0.02534913 
301.196382    -0.03805525 
301.537064    -0.04481822 
301.877390    -0.04452324 
302.219486    -0.03723873 
302.564147    -0.02418980 
302.910361    -0.00750945 
303.255958    0.01021962 
303.598905    0.02650234 
303.938407    0.03933614 
304.275279    0.04736704 
304.611555    0.04984980 
304.949646    0.04655274 
305.291341    0.03772591 
305.636995    0.02417098 
305.985244    0.00735514 
306.333550    -0.01056874 
306.679487    -0.02697983 
307.022077    -0.03926860 
307.362294    -0.04541021 
307.702376    -0.04439650 
308.044403    -0.03641837 
308.389001    -0.02281621 
308.734986    -0.00580683 
309.080114    0.01199450 
309.422413    0.02811234 
309.761241    0.04059644 
310.097571    0.04815317 
310.433544    0.05009099 
310.771580    0.04622494 
311.113383    0.03685396 
311.459145    0.02284055 
311.807333    0.00572500 
312.155327    -0.01227021 
312.500757    -0.02848636 
312.842818    -0.04033067 
313.182662    -0.04585005 
313.522603    -0.04414285 
313.864649    -0.03551744 
314.209258    -0.02142098 
314.555086    -0.00414350 
314.899836    0.01367736 
315.241611    0.02959243 
315.579916    0.04170569 
315.915877    0.04878246 
316.251718    0.05018269 
316.589853    0.04576690 
316.931881    0.03588307 
317.277832    0.02145486 
317.626014    0.00409380 
317.973746    -0.01391410 
318.318740    -0.02988240 
318.660370    -0.04124618 
318.999953    -0.04613170 
319.339856    -0.04374632 
319.681997    -0.03451345 
320.026665    -0.01998009 
320.372369    -0.00249875 
320.716785    0.01528207 
321.058107    0.03094803 
321.395998    0.04266115 
321.731718    0.04924577 
322.067563    0.05011199 
322.405922    0.04516495 
322.748278    0.03480155 
323.094497    0.02000597 
323.442747    0.00245791 
323.790310    -0.01550043 
324.135002    -0.03116544 
324.476377    -0.04201021 
324.815905    -0.04624669 
325.155980    -0.04319289 
325.498406    -0.03338526 
325.843293    -0.01846531 
326.189021    -0.00083963 
326.533253    0.01684181 
326.874291    0.03220672 
327.211953    0.04347897 
327.547628    0.04954329 
327.883661    0.04986090 
328.222391    0.04438362 
328.565172    0.03356051 
328.911699    0.01843894 
329.260014    0.00076555 
329.607392    -0.01706895 
329.951782    -0.03235753 
330.292932    -0.04262667 
330.632452    -0.04618574 
330.972736    -0.04246879 
331.315461    -0.03212400 
331.660558    -0.01687928 
332.006298    0.00081797 
332.350363    0.01833040 
332.691180    0.03333803 
333.028727    0.04413117 
333.364508    0.04965543 
333.700898    0.04942228 
334.040168    0.04342984 
334.383530    0.03217962 
334.730511    0.01678180 
335.079045    -0.00095345 
335.426429    -0.01859456 
335.770759    -0.03344168 
336.111981    -0.04308460 
336.451821    -0.04593667 
336.792645    -0.04155148 
337.135971    -0.03068989 
337.481544    -0.01516382 
337.827532    0.00254501 
338.171652    0.01982059 
338.512474    0.03440324 
338.850133    0.04465550 
339.186238    0.04958821 
339.523170    0.04876765 
339.863105    0.04224415 
340.207088    0.03057846 
340.554473    0.01494826 
340.903106    -0.00277436 
341.250343    -0.02012819 
341.594470    -0.03443998 
341.935640    -0.04338406 
342.275686    -0.04549381 
342.616920    -0.04044923 
342.960694    -0.02912037 
343.306581    -0.01338986 
343.652681    0.00424542 
343.996783    0.02120872 
344.337617    0.03531173 
344.675477    0.04499252 
345.012059    0.04932550 
345.349728    0.04792850 
345.690552    0.04090129 
346.035401    0.02886174 
346.383465    0.01305233 
346.732519    -0.00459745 
347.079995    -0.02160318 
347.424371    -0.03532456 
347.765994    -0.04352492 
348.106768    -0.04486060 
348.448918    -0.03914148 
348.793595    -0.02735103 
349.140183    -0.01144486 
349.486717    0.00606695 
349.831074    0.02265264 
350.172154    0.03620241 
350.510415    0.04523710 
350.847631    0.04890191 
351.186136    0.04687435 
351.527860    0.03931286 
351.873484    0.02690139 
352.222035    0.01095264 
352.571245    -0.00654945 
352.918671    -0.02311083 
353.263020    -0.03614571 
353.604845    -0.04352845 
353.946115    -0.04405385 
354.288946    -0.03766708 
354.634286    -0.02545959 
354.981350    -0.00944516 
355.328140    0.00787145 
355.672645    0.02401858 
356.013948    0.03697256 
356.352658    0.04533791 
356.690608    0.04832827 
357.030077    0.04567822 
357.372843    0.03760340 
357.719391    0.02485308 
358.068592    0.00880840 
358.418154    -0.00849621 
358.765766    -0.02456327 
359.110369    -0.03686781 
359.452702    -0.04339976 
359.794772    -0.04309538 
360.138558    -0.03603773 
360.484790    -0.02342754 
360.832516    -0.00733514 
361.179720    0.00974455 
361.524519    0.02540519 
361.866187    0.03771349 
362.205486    0.04536086 
362.544300    0.04763279 
362.884837    0.04432555 
363.228710    0.03571809 
363.576196    0.02263136 
363.926017    0.00651897 
364.275874    -0.01053567 
364.623622    -0.02603986 
364.968447    -0.03754232 
365.311277    -0.04316195 
365.654133    -0.04198728 
365.998839    -0.03424579 
366.345896    -0.02124798 
366.694193    -0.00511468 
367.041718    0.01167901 
367.386737    0.02680148 
367.728723    0.03841609 
368.068587    0.04530461 
368.408252    0.04682674 
368.749840    0.04284333 
369.094784    0.03370026 
369.443152    0.02029328 
369.793528    0.00414880 
370.143630    -0.01260534 
370.491498    -0.02749039 
370.836573    -0.03813939 
371.179954    -0.04280890 
371.523657    -0.04074513 
371.869331    -0.03232192 
372.217242    -0.01895740 
372.566135    -0.00281684 
372.914016    0.01365177 
373.259314    0.02819684 
373.601704    0.03908066 
373.942237    0.04517608 
374.282861    0.04591834 
374.625595    0.04123605 
374.971674    0.03154704 
375.320952    0.01782729 
375.671879    0.00167890 
376.022214    -0.01472800 
376.370199    -0.02893627 
376.715531    -0.03867407 
377.059473    -0.04234620 
377.404008    -0.03936510 
377.750592    -0.03025584 
378.099254    -0.01654343 
378.448609    -0.00043105 
378.796707    0.01566957 
379.142157    0.02959451 
379.484841    0.03970950 
379.825949    0.04498080 
380.167439    0.04492114 
380.511216    0.03952950 
380.858313    0.02929877 
381.208373    0.01528700 
381.559735    -0.00082955 
381.910217    -0.01684460 
382.258282    -0.03033193 
382.603885    -0.03912334 
382.948426    -0.04177721 
383.293837    -0.03787408 
383.641364    -0.02808928 
383.990802    -0.01405076 
384.340649    0.00200634 
384.689018    0.01771144 
385.034703    0.03098993 
385.377791    0.04031008 
385.719596    0.04473038 
386.062073    0.04384180 
386.406996    0.03771743 
386.755179    0.02693142 
387.106048    0.01263056 
387.457839    -0.00343069 
387.808449    -0.01901135 
388.156577    -0.03172318 
388.502432    -0.03951212 
388.847539    -0.04110085 
389.193751    -0.03624721 
389.542085    -0.02578215 
389.892108    -0.01143557 
390.242219    0.00453228 
390.590618    0.01980097 
390.936305    0.03239251 
391.279576    0.04088200 
391.621866    0.04442279 
391.965117    0.04268655 
392.310960    0.03582362 
392.659989    0.02449234 
393.011428    0.00992907 
393.363431    -0.00603717 
393.714006    -0.02113925 
394.062098    -0.03303747 
394.408161    -0.03980006 
394.753821    -0.04031749 
395.100827    -0.03452408 
395.449961    -0.02340231 
395.800565    -0.00877737 
396.150962    0.00707243 
396.499452    0.02188073 
396.845242    0.03376576 
397.188828    0.04140660 
397.531747    0.04404911 
397.875908    0.04144627 
398.222781    0.03382973 
398.572726    0.02194870 
398.924762    0.00713551 
399.276980    -0.00870368 
399.627514    -0.02327917 
399.975569    -0.03430886 
400.321841    -0.03999433 
400.668030    -0.03940395 
401.015758    -0.03265604 
401.365558    -0.02088711 
401.716560    -0.00601354 
402.067036    0.00967712 
402.415415    0.02398166 
402.761127    0.03512046 
403.104870    0.04187923 
403.448273    0.04359783 
403.793198    0.04011263 
404.140941    0.03174003 
404.491625    0.01932367 
404.844078    0.00429298 
405.196350    -0.01137271 
405.546729    -0.02537041 
405.894690    -0.03548705 
406.241148    -0.04006660 
406.587851    -0.03836009 
406.936263    -0.03067029 
407.286662    -0.01828389 
407.637976    -0.00320060 
407.988453    0.01229168 
408.336667    0.02605878 
408.682275    0.03642473 
409.026166    0.04228081 
409.370046    0.04306006 
409.715711    0.03868370 
410.064265    0.02955676 
410.415593    0.01662190 
410.768343    0.00140778 
411.120554    -0.01403654 
411.470694    -0.02740416 
411.818511    -0.03656268 
412.165128    -0.04000802 
412.512307    -0.03717906 
412.861334    -0.02856357 
413.212227    -0.01559380 
413.563736    -0.00034371 
413.914108    0.01490813 
414.262086    0.02810276 
414.607557    0.03766910 
414.951590    0.04260262 
415.295951    0.04242845 
415.642344    0.03715400 
415.991670    0.02727687 
416.343569    0.01384332 
416.696525    -0.00151691 
417.048590    -0.01668894 
417.398433    -0.02937170 
417.746078    -0.03752541 
418.092830    -0.03980775 
418.440435    -0.03585119 
418.789973    -0.02632944 
419.141203    -0.01281534 
419.492719    0.00255291 
419.842800    0.01751703 
420.190378    0.03010044 
420.535575    0.03883944 
420.879632    0.04283317 
421.224357    0.04169841 
421.571350    0.03552997 
421.921296    0.02492063 
422.273601    0.01102220 
422.626606    -0.00443648 
422.978412    -0.01928236 
423.327912    -0.03123180 
423.675399    -0.03834824 
424.022339    -0.03945694 
424.370421    -0.03438466 
424.720505    -0.02398753 
425.072088    -0.00997169 
425.423631    0.00546976 
425.773467    0.02010617 
426.120728    0.03204606 
426.465764    0.03993163 
426.809971    0.04296342 
427.155169    0.04084979 
427.502829    0.03377669 
427.853399    0.02243895 
428.206041    0.00810077 
428.558977    -0.00740781 
428.910383    -0.02186194 
429.259399    -0.03300930 
429.606590    -0.03903287 
429.953551    -0.03893872 
430.301890    -0.03275492 
430.652222    -0.02151894 
431.003805    -0.00706019 
431.354998    0.00838909 
431.704235    0.02264091 
432.050867    0.03389780 
432.395480    0.04091017 
432.739610    0.04297843 
433.085076    0.03990029 
433.433203    0.03195158 
433.784205    0.01992823 
434.137023    0.00520402 
434.489784    -0.01029676 
434.840776    -0.02430834 
435.189392    -0.03462070 
435.536446    -0.03954250 
435.883625    -0.03826038 
436.232414    -0.03099922 
436.583171    -0.01897088 
436.934917    -0.00411942 
437.285934    0.01129182 
437.634768    0.02512181 
437.980998    0.03566651 
438.325426    0.04178148 
438.669705    0.04286485 
439.015625    0.03880524 
439.364337    0.02997429 
439.715802    0.01727763 
440.068741    0.00220536 
440.421219    -0.01322427 
440.771669    -0.02671483 
441.119761    -0.03611597 
441.466552    -0.03987996 
441.813790    -0.03738700 
442.162808    -0.02906408 
442.513699    -0.01629307 
442.865270    -0.00111916 
443.215771    0.01418098 
443.563899    0.02752794 
443.909473    0.03731877 
444.253510    0.04251541 
444.597762    0.04261217 
444.943965    0.03758730 
445.293081    0.02790816 
445.644820    0.01458968 
445.997704    -0.00076539 
446.349772    -0.01605447 
446.699629    -0.02896476 
447.047222    -0.03741923 
447.393823    -0.04002126 
447.741197    -0.03634473 
448.090493    -0.02701280 
448.441534    -0.01356665 
448.792938    0.00186108 
449.142951    0.01699256 
449.490439    0.02981639 
449.835463    0.03883056 
450.179236    0.04309999 
450.523582    0.04221218 
450.870154    0.03623494 
451.219709    0.02573430 
451.571702    0.01183797 
451.924480    -0.00373892 
452.276087    -0.01881686 
452.625333    -0.03108048 
452.972446    -0.03854117 
453.318883    -0.03996405 
453.666392    -0.03512051 
454.015911    -0.02482677 
454.366997    -0.01077320 
454.718107    0.00483517 
455.067520    0.01973386 
455.414295    0.03198813 
455.758733    0.04019892 
456.102229    0.04353206 
456.446651    0.04166601 
456.793549    0.03475791 
457.143456    0.02347394 
457.495579    0.00905517 
457.848116    -0.00667501 
458.199155    -0.02147119 
458.547732    -0.03303103 
458.894350    -0.03946809 
459.240621    -0.03971618 
459.588234    -0.03374339 
459.937901    -0.02255128 
460.288921    -0.00796569 
460.639624    0.00775216 
460.988357    0.02236399 
461.334384    0.03401728 
461.678244    0.04141461 
462.021489    0.04381840 
462.366009    0.04099426 
462.713228    0.03318727 
463.063447    0.02116415 
463.415636    0.00627876 
463.767868    -0.00954212 
464.118312    -0.02399763 
464.466241    -0.03481144 
464.812419    -0.04020927 
465.158577    -0.03929710 
465.506314    -0.03223702 
465.856095    -0.02020784 
466.206977    -0.00515841 
466.557194    0.01060764 
466.905185    0.02488831 
467.250433    0.03591667 
467.593703    0.04249494 
467.936685    0.04397823 
468.281267    0.04021666 
468.628729    0.03154277 
468.979138    0.01882451 
469.331238    0.00352728 
469.683013    -0.01232507 
470.032739    -0.02638802 
470.379943    -0.03642451 
470.725634    -0.04078114 
471.071633    -0.03873726 
471.419418    -0.03064320 
471.769208    -0.01784391 
472.119840    -0.00239670 
472.469481    0.01336596 
472.816688    0.02728591 
473.161165    0.03768189 
473.503891    0.04345076 
473.846671    0.04403413 
474.191370    0.03936236 
474.539109    0.02985415 
474.889714    0.01647915 
475.241714    0.00081402 
475.593027    -0.01502429 
475.942058    -0.02865563 
476.288591    -0.03789129 
476.633858    -0.04120460 
476.979736    -0.03804944 
477.327557    -0.02896137 
477.677286    -0.01544439 
478.027557    0.00034625 
478.376503    0.01606004 
478.722817    0.02958962 
479.066433    0.03934084 
479.408532    0.04430282 
479.751021    0.04400048 
480.095725    0.03844239 
480.443595    0.02813307 
480.794218    0.01414361 
481.145932    -0.00184098 
481.496617    -0.01761824 
481.844831    -0.03078370 
482.190617    -0.03920710 
482.535413    -0.04149280 
482.881120    -0.03726643 
483.228907    -0.02724067 
483.578491    -0.01306694 
483.928324    0.00301439 
484.276529    0.01864455 
484.621951    0.03177036 
484.964744    0.04088198 
485.306279    0.04505479 
485.648544    0.04389141 
485.993304    0.03747550 
486.341327    0.02639687 
486.691962    0.01182877 
487.043369    -0.00443634 
487.393410    -0.02011523 
487.740815    -0.03278710 
488.085883    -0.04038785 
488.430234    -0.04165650 
488.775768    -0.03638949 
489.123475    -0.02547171 
489.472824    -0.01069345 
489.822112    0.00563048 
490.169476    0.02114227 
490.513928    0.03384724 
490.855845    0.04231900 
491.196775    0.04571551 
491.538768    0.04371327 
491.883518    0.03646870 
492.231602    0.02465614 
492.582138    0.00955000 
492.933123    -0.00695329 
493.282431    -0.02249715 
493.628976    -0.03465396 
493.973304    -0.04143281 
494.317196    -0.04170880 
494.662526    -0.03544494 
495.010089    -0.02369022 
495.359122    -0.00836294 
495.707784    0.00815887 
496.054250    0.02352605 
496.397707    0.03580432 
496.738748    0.04364758 
497.079082    0.04629108 
497.420807    0.04348043 
497.765531    0.03544194 
498.113637    0.02293319 
498.464019    0.00732839 
498.814530    -0.00937570 
499.163074    -0.02475581 
499.508761    -0.03638525 
499.852377    -0.04235103 
500.195838    -0.04166371 
500.540970    -0.03444786 
500.888369    -0.02190853 
501.237044    -0.00608220 
501.585042    0.01059930 
501.930592    0.02580136 
502.273062    0.03765061 
502.613252    0.04487770 
502.953018    0.04679023 
503.294490    0.04319891 
503.639179    0.03439792 
503.987267    0.02122742 
504.337430    0.00516050 
504.687397    -0.01170926 
505.035122    -0.02689881 
505.379917    -0.03799023 
505.722797    -0.04315337 
506.065795    -0.04153388 
506.410669    -0.03341282 
506.757810    -0.02014284 
507.106019    -0.00386797 
507.453251    0.01293629 
507.797809    0.02795594 
508.139244    0.03937903 
508.478556    0.04600924 
508.817734    0.04722123 
509.158929    0.04288615 
509.503544    0.03336270 
509.851565    0.01957119 
510.201461    0.00308052 
510.550853    -0.01392389 
510.897761    -0.02890586 
511.241699    -0.03946183 
511.583898    -0.04384571 
511.926484    -0.04133446 
512.271130    -0.03235852 
512.618025    -0.01840952 
512.965769    -0.00173000 
513.312247    0.01516809 
513.655844    0.02999443 
513.996297    0.04099701 
514.334793    0.04704820 
514.673441    0.04758504 
515.014398    0.04253579 
515.358952    0.03232212 
515.706893    0.01794388 
516.056487    0.00106437 
516.405270    -0.01604321 
516.751341    -0.03079628 
517.094419    -0.04081245 
517.435940    -0.04443288 
517.778103    -0.04106419 
518.122485    -0.03128071 
518.469069    -0.01670467 
518.816276    0.00033270 
519.161938    0.01729171 
519.504541    0.03191030 
519.844000    0.04249616 
520.181683    0.04798687 
520.519807    0.04787757 
520.860521    0.04215001 
521.204995    0.03128632 
521.552822    0.01636358 
521.902085    -0.00086418 
522.250248    -0.01804204 
522.595503    -0.03254852 
522.937776    -0.04202803 
523.278687    -0.04490984 
523.620490    -0.04072611 
523.964652    -0.03018775 
524.310957    -0.01503864 
524.657660    0.00231052 
525.002559    0.01929934 
525.344244    0.03369674 
525.682812    0.04386856 
526.019796    0.04881385 
526.357501    0.04808201 
526.698061    0.04170597 
527.042514    0.03022744 
527.390260    0.01480014 
527.739208    -0.00273344 
528.086770    -0.01994227 
528.431249    -0.03417420 
528.772773    -0.04310801 
529.113135    -0.04526454 
529.454621    -0.04030010 
529.798576    -0.02905688 
530.144589    -0.01339182 
530.490768    0.00421536 
530.834900    0.02119278 
531.175691    0.03534553 
531.513414    0.04509817 
531.849758    0.04950890 
532.187103    0.04817854 
532.527547    0.04118895 
532.871997    0.02913982 
533.219662    0.01325916 
533.568298    -0.00452716 
533.915287    -0.02172050 
534.259054    -0.03564813 
534.599928    -0.04403064 
534.939850    -0.04548237 
535.281117    -0.03978026 
535.624943    -0.02789042 
535.970726    -0.01177288 
536.316447    0.00603446 
536.659900    0.02295690 
536.999916    0.03683973 
537.336938    0.04616591 
537.672793    0.05005030 
538.009915    0.04814268 
538.350356    0.04057264 
538.694880    0.02799741 
539.042513    0.01171773 
539.390877    -0.00626201 
539.737351    -0.02338482 
540.080498    -0.03696871 
540.420840    -0.04478512 
540.760450    -0.04554531 
541.101610    -0.03914474 
541.445391    -0.02666681 
541.791010    -0.01016442 
542.136346    0.00777831 
542.479218    0.02459373 
542.818591    0.03817256 
543.155071    0.04705683 
543.490606    0.05041637 
543.827666    0.04794831 
544.168234    0.03982946 
544.512926    0.02677456 
544.860593    0.01015551 
545.208746    -0.00795053 
545.554787    -0.02493872 
545.897431    -0.03813054 
546.237390    -0.04535835 
546.576841    -0.04543472 
546.918028    -0.03837235 
547.261867    -0.02536581 
547.607404    -0.00855030 
547.952435    0.00945649 
548.294831    0.02610495 
548.633700    0.03933744 
548.969802    0.04775672 
549.305188    0.05058701 
549.642338    0.04757216 
549.983152    0.03893650 
550.328090    0.02545259 
550.675839    0.00856120 
551.023826    -0.00959507 
551.369507    -0.02637630 
551.711767    -0.03912193 
552.051494    -0.04573615 
552.390947    -0.04513726 
552.732303    -0.03745325 
553.076314    -0.02398253 
553.421869    -0.00693069 
553.766708    0.01106472 
554.108775    0.02748321 
554.447325    0.04032461 
554.783265    0.04825362 
555.118725    0.05054799 
555.456176    0.04699785 
555.797411    0.03787580 
556.142728    0.02401293 
556.490664    0.00691698 
556.838588    -0.01121117 
557.184043    -0.02770897 
557.526091    -0.03994805 
557.865791    -0.04591539 
558.205449    -0.04464032 
558.547154    -0.03636601 
558.891480    -0.02248921 
559.237168    -0.00527529 
559.581930    0.01263160 
559.923803    0.02875151 
560.262199    0.04114866 
560.598159    0.04855242 
560.933876    0.05029502 
561.271782    0.04621403 
561.613549    0.03663227 
561.959308    0.02244057 
562.307458    0.00521115 
562.655347    -0.01280564 
563.000632    -0.02893924 
563.342571    -0.04060930 
563.682378    -0.04589735 
564.022384    -0.04394866 
564.364558    -0.03512007 
564.709296    -0.02089907 
565.055208    -0.00359821 
565.400001    0.01414562 
565.741827    0.02990365 
566.080258    0.04180964 
566.416458    0.04865869 
566.752658    0.04983716 
567.091231    0.04523051 
567.433706    0.03521336 
567.780043    0.02073763 
568.128520    0.00343830 
568.476488    -0.01439182 
568.821745    -0.03008604 
569.163753    -0.04112518 
569.503866    -0.04569551 
569.844410    -0.04306408 
570.187212    -0.03370259 
570.532479    -0.01918516 
570.878703    -0.00186210 
571.223614    0.01564886 
571.565495    0.03098030 
571.904084    0.04234184 
572.240660    0.04859736 
572.577474    0.04918929 
572.916819    0.04405333 
573.260069    0.03361876 
573.607009    0.01890023 
573.955813    0.00159309 
574.303867    -0.01597580 
574.649137    -0.03115690 
574.991297    -0.04150611 
575.331826    -0.04532448 
575.673021    -0.04200554 
576.016548    -0.03213523 
576.362422    -0.01736826 
576.709035    -0.00008238 
577.054155    0.01713488 
577.396219    0.03198541 
577.735125    0.04275841 
578.072259    0.04838772 
578.409872    0.04837262 
578.750155    0.04270104 
579.094312    0.03186014 
579.441950    0.01692997 
579.791153    -0.00033421 
580.139361    -0.01757720 
580.484734    -0.03217704 
580.827159    -0.04177645 
581.168226    -0.04480132 
581.510178    -0.04077835 
581.854499    -0.03041017 
582.201012    -0.01542903 
582.548021    0.00176820 
582.893360    0.01863446 
583.235628    0.03294942 
583.574895    0.04308708 
583.912643    0.04805406 
584.251108    0.04740876 
584.592368    0.04119408 
584.937441    0.02995805 
585.285763    0.01484760 
585.635344    -0.00232440 
585.983707    -0.01918177 
586.329218    -0.03314090 
586.671981    -0.04194186 
587.013680    -0.04414279 
587.356483    -0.03940734 
587.701675    -0.02855489 
588.048887    -0.01339096 
588.396350    0.00367587 
588.741979    0.02014649 
589.084546    0.03388329 
589.424290    0.04334731 
589.762775    0.04761914 
590.102213    0.04631819 
590.444545    0.03954581 
590.790596    0.02791536 
591.139629    0.01264438 
591.489591    -0.00439648 
591.838109    -0.02081497 
592.183774    -0.03407507 
592.526905    -0.04202474 
592.869267    -0.04336344 
593.212929    -0.03789814 
593.558971    -0.02656715 
593.906831    -0.01124608 
594.254685    0.00565221 
594.600549    0.02168471 
594.943380    0.03480235 
595.283586    0.04355637 
595.622810    0.04710311 
595.963223    0.04512493 
596.306619    0.03778454 
596.653624    0.02576385 
597.003330    0.01035291 
597.353638    -0.00652122 
597.702298    -0.02245579 
598.048137    -0.03497051 
598.391680    -0.04202904 
598.734756    -0.04247811 
599.079317    -0.03627177 
599.426222    -0.02446812 
599.774725    -0.00901000 
600.122958    0.00769091 
600.469054    0.02325285 
600.812161    0.03571846 
601.152855    0.04373057 
601.492848    0.04652253 
601.834260    0.04384214 
602.178726    0.03591743 
602.526665    0.02350364 
602.877001    0.00796685 
603.227605    -0.00870957 
603.576370    -0.02411712 
603.922365    -0.03583921 
604.266320    -0.04196373 
604.610111    -0.04149181 
604.955552    -0.03452952 
605.303273    -0.02225627 
605.652350    -0.00667929 
606.000891    0.00979664 
606.347155    0.02485645 
606.690494    0.03663771 
607.031645    0.04387645 
607.372386    0.04588454 
607.714768    0.04247791 
608.060259    0.03395405 
608.409064    0.02114620 
608.759945    0.00549949 
609.110759    -0.01094733 
609.459561    -0.02578564 
609.805669    -0.03667103 
610.150014    -0.04182382 
610.494493    -0.04040592 
610.840770    -0.03267920 
611.189240    -0.01994449 
611.538810    -0.00426935 
611.887580    0.01195436 
612.233956    0.02648307 
612.577494    0.03755149 
612.919095    0.04398936 
613.260586    0.04518782 
613.603943    0.04103323 
613.950451    0.03189671 
614.300094    0.01869439 
614.651482    0.00295384 
615.002474    -0.01323129 
615.351300    -0.02745743 
615.697536    -0.03746025 
616.042295    -0.04160064 
616.387480    -0.03920817 
616.734578    -0.03070544 
617.083746    -0.01751594 
617.433727    -0.00176426 
617.782635    0.01417655 
618.129038    0.02813971 
618.472703    0.03846026 
618.814690    0.04406356 
619.156868    0.04442223 
619.501121    0.03949679 
619.848542    0.02973710 
620.198893    0.01614704 
620.550641    0.00033862 
620.901672    -0.01554301 
621.250413    -0.02910791 
621.596703    -0.03818251 
621.941826    -0.04127719 
622.287664    -0.03789479 
622.635512    -0.02862038 
622.985285    -0.01499715 
623.335583    0.00080010 
623.684553    0.01642458 
624.030938    0.02979093 
624.374720    0.03933569 
624.717108    0.04407943 
625.059998    0.04357666 
625.405164    0.03786465 
625.753493    0.02747666 
626.104521    0.01350940 
626.456585    -0.00233829 
626.807617    -0.01787258 
627.156260    -0.03072516 
627.502617    -0.03882333 
627.848120    -0.04083609 
628.194605    -0.03644613 
628.543155    -0.02640403 
628.893441    -0.01237066 
629.243940    0.00343591 
629.592856    0.01870338 
629.939125    0.03143377 
630.282947    0.04016790 
630.625673    0.04402272 
630.969211    0.04263628 
631.315211    0.03612597 
631.664341    0.02511307 
632.015917    0.01079080 
632.368163    -0.00505560 
632.719087    -0.02019005 
633.067568    -0.03227687 
633.413965    -0.03935557 
633.759840    -0.04026176 
634.106951    -0.03486187 
634.456152    -0.02407128 
634.806876    -0.00966283 
635.157496    0.00611110 
635.506299    0.02098090 
635.852425    0.03304023 
636.196289    0.04093478 
636.539372    0.04387733 
636.883571    0.04159028 
637.230395    0.03427445 
637.580280    0.02264419 
637.932326    0.00799330 
638.284664    -0.00780695 
638.635407    -0.02248509 
638.983683    -0.03374971 
639.330105    -0.03976444 
639.676335    -0.03954018 
640.024026    -0.03313135 
640.373787    -0.02161715 
640.724823    -0.00687548 
641.075431    0.00881746 
641.424005    0.02324408 
641.769905    0.03459468 
642.113760    0.04162080 
642.457163    0.04363068 
642.801983    0.04043193 
643.149569    0.03231175 
643.500119    0.02008162 
643.852523    0.00513820 
644.204849    -0.01056395 
644.555341    -0.02472699 
644.903391    -0.03511620 
645.249851    -0.04003026 
645.596453    -0.03866205 
645.944712    -0.03125592 
646.294983    -0.01905169 
646.646252    -0.00402400 
646.996769    0.01153770 
647.345062    0.02547607 
647.690719    0.03608145 
648.034571    0.04221120 
648.378310    0.04326845 
648.723755    0.03914737 
649.072073    0.03022547 
649.423216    0.01741636 
649.775878    0.00222210 
650.128090    -0.01332299 
650.478259    -0.02690523 
650.826052    -0.03636067 
651.172544    -0.04013538 
651.519504    -0.03761171 
651.868279    -0.02922583 
652.218961    -0.01637368 
652.570339    -0.00111624 
652.920647    0.01425630 
653.268571    0.02765612 
653.613935    0.03747755 
653.957768    0.04268386 
654.301835    0.04277258 
654.647883    0.03772580 
654.996879    0.02801498 
655.348527    0.01465967 
655.701341    -0.00073216 
656.053348    -0.01605276 
656.403147    -0.02898546 
656.750686    -0.03745191 
657.097240    -0.04005697 
657.444578    -0.03637804 
657.793850    -0.02704263 
658.144879    -0.01359586 
658.496285    0.00182724 
658.846315    0.01694862 
659.193839    0.02975861 
659.538919    0.03875829 
659.882768    0.04301625 
660.227201    0.04212392 
660.573865    0.03615307 
660.923511    0.02567309 
661.275592    0.01181320 
661.628465    -0.00371352 
661.980190    -0.01873422 
662.329586    -0.03094414 
662.676883    -0.03836650 
663.023525    -0.03977644 
663.371243    -0.03495128 
663.720963    -0.02470778 
664.072245    -0.01073080 
664.423563    0.00478518 
664.773219    0.01958852 
665.120286    0.03175644 
665.465066    0.03989929 
665.808933    0.04319010 
666.153732    0.04131350 
666.500983    0.03443230 
666.851205    0.02321679 
667.203611    0.00890734 
667.556428    -0.00668188 
667.907788    -0.02132455 
668.256753    -0.03274430 
668.603826    -0.03908092 
668.950591    -0.03928831 
669.298696    -0.03334477 
669.648827    -0.02225019 
670.000289    -0.00781654 
670.351446    0.00771810 
670.700686    0.02214153 
671.047300    0.03362405 
671.391821    0.04088528 
671.735768    0.04320015 
672.080980    0.04034495 
672.428830    0.03257470 
672.779594    0.02066322 
673.132253    0.00596286 
673.484936    -0.00961606 
673.835883    -0.02380593 
674.184418    -0.03437477 
674.531302    -0.03959241 
674.878218    -0.03859840 
675.226699    -0.03157169 
675.577172    -0.01968793 
675.928707    -0.00487261 
676.279595    0.01060852 
676.628339    0.02459488 
676.974461    0.03535497 
677.318717    0.04171693 
677.662744    0.04305480 
678.008352    0.03923500 
678.356747    0.03060546 
678.707956    0.01804492 
679.060747    0.00301641 
679.413186    -0.01248091 
679.763654    -0.02615167 
680.111745    -0.03582337 
680.458459    -0.03990644 
680.805538    -0.03772921 
681.154367    -0.02966733 
681.505108    -0.01706213 
681.856621    -0.00193783 
682.207153    0.01342681 
682.555352    0.02693213 
682.900974    0.03694670 
683.244980    0.04240420 
683.589104    0.04277389 
683.935103    0.03801031 
684.283996    0.02855475 
684.635564    0.01539192 
684.988379    0.00009375 
685.340480    -0.01525930 
685.690414    -0.02835665 
686.038050    -0.03709820 
686.384599    -0.04004282 
686.731831    -0.03670850 
687.080952    -0.02766236 
687.431865    -0.01440067 
687.783239    0.00096773 
688.133316    0.01616393 
688.480907    0.02915596 
688.826000    0.03841242 
689.169751    0.04296848 
689.513964    0.04238434 
689.860323    0.03670062 
690.209650    0.02645221 
690.561479    0.01273047 
690.914210    -0.00278599 
691.265880    -0.01794264 
691.615229    -0.03042490 
691.962394    -0.03821545 
692.308776    -0.04002681 
692.656131    -0.03556581 
693.005472    -0.02558501 
693.356443    -0.01172527 
693.707551    0.00383263 
694.057061    0.01882010 
694.403963    0.03127733 
694.748476    0.03977140 
695.091934    0.04343446 
695.436193    0.04191361 
695.782846    0.03533375 
696.132508    0.02432375 
696.484474    0.01008198 
696.836991    -0.00560866 
697.188126    -0.02052666 
697.536824    -0.03236338 
697.883489    -0.03919257 
698.229678    -0.03988348 
698.577112    -0.03432936 
698.926589    -0.02346162 
699.277505    -0.00905559 
699.628230    0.00664717 
699.977076    0.02139648 
700.323224    0.03330687 
700.667120    0.04104091 
701.010259    0.04382279 
701.354533    0.04138258 
701.701425    0.03392818 
702.051336    0.02218327 
702.403327    0.00745424 
702.755514    -0.00837357 
703.106016    -0.02301784 
703.453999    -0.03418475 
703.800121    -0.04004626 
704.146076    -0.03963078 
704.493516    -0.03301579 
704.843018    -0.02130531 
705.193738    -0.00639971 
705.543937    0.00940897 
705.891997    0.02389609 
706.237298    0.03525202 
706.580510    0.04223176 
706.923276    0.04414677 
707.267503    0.04080649 
707.614557    0.03250047 
707.964616    0.02004772 
708.316518    0.00486294 
708.668263    -0.01106858 
709.018049    -0.02541005 
709.365271    -0.03589039 
709.710829    -0.04078521 
710.056527    -0.03928280 
710.403926    -0.03164141 
710.753371    -0.01913115 
711.103793    -0.00376846 
711.453363    0.01211316 
711.800554    0.02631992 
712.144954    0.03711819 
712.487446    0.04335170 
712.829808    0.04441459 
713.173950    0.04019251 
713.521101    0.03105598 
713.871217    0.01792036 
714.222916    0.00230922 
714.574106    -0.01369470 
714.923082    -0.02770666 
715.269474    -0.03748624 
715.614418    -0.04141798 
715.959800    -0.03885056 
716.307069    -0.03021934 
716.656335    -0.01695338 
717.006317    -0.00117562 
717.355122    0.01474808 
717.701333    0.02865996 
718.044749    0.03890211 
718.386463    0.04440296 
718.728369    0.04463444 
719.072369    0.03955479 
719.419546    0.02961400 
719.769629    0.01582374 
720.121028    -0.00018420 
720.471576    -0.01623301 
720.819684    -0.02989623 
721.165222    -0.03897042 
721.509542    -0.04195190 
721.854590    -0.03834809 
722.201685    -0.02876648 
722.550700    -0.01478777 
722.900154    0.00136729 
723.248114    0.01730792 
723.593288    0.03091567 
723.935685    0.04060682 
724.276597    0.04539014 
724.618028    0.04481073 
724.961851    0.03889650 
725.308996    0.02817613 
725.658963    0.01375805 
726.009964    -0.00261821 
726.359779    -0.01868523 
726.706948    -0.03198143 
727.051585    -0.04034693 
727.395243    -0.04239273 
727.739908    -0.03778333 
728.086751    -0.02729308 
728.435411    -0.01264635 
728.784227    0.00384761 
729.131245    0.01978074 
729.475310    0.03307702 
729.816646    0.04222525 
730.156733    0.04630997 
730.497669    0.04494463 
730.841289    0.03822356 
731.188360    0.02675281 
731.538154    0.01173715 
731.888697    -0.00497748 
732.237730    -0.02103729 
732.583940    -0.03395190 
732.927680    -0.04161049 
733.270688    -0.04274023 
733.614967    -0.03715992 
733.961529    -0.02580509 
734.309778    -0.01053592 
734.657893    0.00625853 
735.003918    0.02215983 
735.346847    0.03513691 
735.687114    0.04374926 
736.026380    0.04715317 
736.366820    0.04502645 
736.710220    0.03752730 
737.057178    0.02533827 
737.406740    0.00975994 
737.756757    -0.00725778 
738.104956    -0.02328039 
738.450181    -0.03579668 
738.793022    -0.04275110 
739.135385    -0.04298841 
739.479267    -0.03647829 
739.825510    -0.02431040 
740.173295    -0.00847127 
740.520657    0.00858031 
740.865660    0.02442290 
741.207453    0.03707283 
741.546677    0.04515820 
741.885160    0.04790266 
742.225141    0.04504420 
742.568341    0.03680220 
742.915183    0.02393426 
743.264493    0.00783529 
743.613964    -0.00944456 
743.961327    -0.02539712 
744.305594    -0.03749868 
744.647586    -0.04375475 
744.989354    -0.04312822 
745.332870    -0.03573519 
745.678799    -0.02281167 
746.026103    -0.00646037 
746.372700    0.01080068 
746.716691    0.02655447 
747.057387    0.03886708 
747.395629    0.04643320 
747.733395    0.04853985 
748.072971    0.04498152 
748.416006    0.03603637 
748.762740    0.02253553 
749.111786    0.00596571 
749.460702    -0.01152814 
749.807243    -0.02737296 
750.150598    -0.03904214 
750.491808    -0.04460806 
750.833047    -0.04315149 
751.176240    -0.03492949 
751.521869    -0.02131518 
751.868697    -0.00451584 
752.214542    0.01290257 
752.557560    0.02853503 
