0.000000    0.00000000 
0.117989    0.01158458 
0.235981    0.02301354 
0.353986    0.03422996 
0.472018    0.04523488 
0.590096    0.05602735 
0.708246    0.06658792 
0.826497    0.07688207 
0.944882    0.08686586 
1.063441    0.09648965 
1.182222    0.10569995 
1.301279    0.11444077 
1.420671    0.12265438 
1.540469    0.13028218 
1.660748    0.13726573 
1.781594    0.14354770 
1.903098    0.14907317 
2.025360    0.15379103 
2.148481    0.15765535 
2.272571    0.16062686 
2.397740    0.16267426 
2.524096    0.16377602 
2.651750    0.16391793 
2.780806    0.16310095 
2.911361    0.16134250 
3.043505    0.15865743 
3.177318    0.15507538 
3.312866    0.15063806 
3.450204    0.14539091 
3.589372    0.13939341 
3.730395    0.13270473 
3.873284    0.12537650 
4.018034    0.11746844 
4.164628    0.10903727 
4.313035    0.10013280 
4.463209    0.09080167 
4.615095    0.08108343 
4.768624    0.07100766 
4.923718    0.06058770 
5.080287    0.04982091 
5.238230    0.03867932 
5.397431    0.02709339 
5.557757    0.01495679 
5.719057    0.00222099 
5.881162    -0.01096113 
6.043892    -0.02438001 
6.207060    -0.03804922 
6.370468    -0.05213382 
6.533904    -0.06680145 
6.697130    -0.08219322 
6.859882    -0.09843914 
7.021859    -0.11567069 
7.182716    -0.13402336 
7.342060    -0.15362751 
7.499435    -0.17458088 
7.654328    -0.19688806 
7.806163    -0.22033963 
7.954336    -0.24428394 
8.098280    -0.26724280 
8.237601    -0.28642555 
8.372243    -0.29754563 
8.502540    -0.29583741 
8.628948    -0.27862078 
8.751598    -0.24743489 
8.870108    -0.20720272 
8.983852    -0.16338719 
9.092340    -0.11998949 
9.195423    -0.07920996 
9.293297    -0.04193841 
9.386397    -0.00830004 
9.475285    0.02186275 
9.560570    0.04874492 
9.642863    0.07268691 
9.722746    0.09397747 
9.800765    0.11284403 
9.877429    0.12946913 
9.953214    0.14399885 
10.028566    0.15655330 
10.103906    0.16723768 
10.179631    0.17615173 
10.256116    0.18340004 
10.333714    0.18910247 
10.412750    0.19340253 
10.493522    0.19647398 
10.576299    0.19852668 
10.661314    0.19980841 
10.748765    0.20060184 
10.838814    0.20121762 
10.931583    0.20198166 
11.027156    0.20321574 
11.125576    0.20521101 
11.226842    0.20819054 
11.330907    0.21225607 
11.437676    0.21731434 
11.547013    0.22298032 
11.658744    0.22846951 
11.772686    0.23252439 
11.888657    0.23347268 
12.006478    0.22953864 
12.125922    0.21941959 
12.246634    0.20287227 
12.368077    0.18088700 
12.489557    0.15528511 
