0.000000    0.00000000 
0.067248    0.00469392 
0.134495    0.00936384 
0.201744    0.01399006 
0.268993    0.01855931 
0.336244    0.02306483 
0.403499    0.02750468 
0.470760    0.03187975 
0.538027    0.03619205 
0.605305    0.04044342 
0.672595    0.04463501 
0.739901    0.04876701 
0.807225    0.05283857 
0.874572    0.05684798 
0.941945    0.06079282 
1.009348    0.06466995 
1.076786    0.06847581 
1.144262    0.07220650 
1.211782    0.07585778 
1.279350    0.07942523 
1.346971    0.08290428 
1.414652    0.08629024 
1.482398    0.08957837 
1.550215    0.09276393 
1.618109    0.09584214 
1.686087    0.09880826 
1.754155    0.10165759 
1.822321    0.10438555 
1.890592    0.10698762 
1.958977    0.10945937 
2.027481    0.11179655 
2.096115    0.11399504 
2.164885    0.11605087 
2.233802    0.11796032 
2.302872    0.11971982 
2.372105    0.12132602 
2.441511    0.12277593 
2.511098    0.12406673 
2.580875    0.12519511 
2.650851    0.12615857 
2.721036    0.12695672 
2.791440    0.12758884 
2.862070    0.12805277 
2.932936    0.12834676 
3.004048    0.12846987 
3.075414    0.12842164 
3.147042    0.12820215 
3.218942    0.12781195 
3.291121    0.12725141 
3.363587    0.12652072 
3.436348    0.12562115 
3.509412    0.12455542 
3.582784    0.12332633 
3.656471    0.12193562 
3.730480    0.12038439 
3.804816    0.11867438 
3.879485    0.11680823 
3.954490    0.11478896 
4.029836    0.11261956 
4.105526    0.11030295 
4.181565    0.10784203 
4.257953    0.10523957 
4.334693    0.10249844 
4.411786    0.09962178 
4.489233    0.09661283 
4.567035    0.09347482 
4.645190    0.09021060 
4.723697    0.08682241 
4.802555    0.08331186 
4.881762    0.07968019 
4.961315    0.07592840 
5.041210    0.07205736 
5.121444    0.06806760 
5.202009    0.06395909 
5.282902    0.05973090 
5.364116    0.05538088 
5.445643    0.05090538 
5.527477    0.04629895 
5.609609    0.04155397 
5.692030    0.03666027 
5.774729    0.03160481 
5.857695    0.02637192 
5.940914    0.02094472 
6.024374    0.01530848 
6.108057    0.00945626 
6.191946    0.00339517 
6.276023    -0.00285160 
6.360266    -0.00925222 
6.444654    -0.01578106 
6.529165    -0.02243075 
6.613776    -0.02921376 
6.698462    -0.03615587 
6.783199    -0.04328857 
6.867959    -0.05064426 
6.952712    -0.05825455 
7.037428    -0.06615035 
7.122072    -0.07436278 
7.206606    -0.08292424 
7.290989    -0.09186928 
7.375175    -0.10123528 
7.459114    -0.11106282 
7.542751    -0.12139585 
7.626023    -0.13228127 
7.708860    -0.14376801 
7.791186    -0.15590524 
7.872913    -0.16873920 
7.953944    -0.18230783 
8.034168    -0.19663243 
8.113465    -0.21170425 
8.191703    -0.22746433 
8.268737    -0.24377445 
8.344421    -0.26037725 
8.418608    -0.27684627 
8.491169    -0.29253346 
8.562005    -0.30653269 
8.631070    -0.31769572 
8.698379    -0.32474425 
8.764008    -0.32649658 
8.828073    -0.32216129 
8.890689    -0.31157618 
8.951932    -0.29526346 
9.011816    -0.27427029 
9.070294    -0.24988868 
9.127276    -0.22338928 
9.182660    -0.19585108 
9.236351    -0.16809539 
9.288278    -0.14069231 
9.338400    -0.11400262 
9.386707    -0.08822952 
9.433214    -0.06346583 
9.477958    -0.03973018 
9.520988    -0.01699104 
9.562362    0.00480603 
9.602142    0.02570282 
9.640390    0.04575853 
9.677169    0.06504786 
9.712539    0.08363777 
9.746556    0.10158685 
9.779273    0.11894667 
9.810738    0.13576201 
9.840997    0.15207090 
9.870090    0.16790483 
9.898058    0.18328915 
9.924937    0.19824364 
9.950762    0.21278310 
9.975567    0.22691793 
9.999384    0.24065473 
10.022246    0.25399682 
10.044187    0.26694492 
10.065238    0.27949775 
10.085435    0.29165269 
10.104812    0.30340640 
10.123404    0.31475542 
10.141250    0.32569668 
10.158387    0.33622784 
10.174855    0.34634771 
10.190695    0.35605637 
10.205948    0.36535533 
10.220656    0.37424754 
10.234816    0.38305898 
10.248518    0.39116716 
10.261807    0.39888435 
10.274730    0.40621787 
10.287331    0.41317543 
10.299657    0.41976446 
10.311756    0.42599166 
10.323675    0.43186245 
10.335463    0.43738044 
10.347171    0.44254672 
10.358852    0.44735921 
10.370558    0.45181193 
10.382347    0.45589416 
10.394279    0.45958959 
10.406416    0.46287539 
10.418824    0.46572124 
10.431574    0.46808851 
10.444741    0.46992956 
10.458404    0.47118769 
10.472648    0.47179692 
10.487560    0.47168293 
