0.000000    0.68043353 
0.067248    0.68041719 
0.134495    0.68039485 
0.201744    0.68036905 
0.268993    0.68033490 
0.336244    0.68028912 
0.403499    0.68022719 
0.470760    0.68014700 
0.538027    0.68004764 
0.605305    0.67992731 
0.672595    0.67978768 
0.739901    0.67962941 
0.807225    0.67945361 
0.874572    0.67926178 
0.941945    0.67905571 
1.009348    0.67883525 
1.076786    0.67860227 
1.144262    0.67835648 
1.211782    0.67809741 
1.279350    0.67782439 
1.346971    0.67753550 
1.414652    0.67722857 
1.482398    0.67690057 
1.550215    0.67654964 
1.618109    0.67617029 
1.686087    0.67575655 
1.754155    0.67530359 
1.822321    0.67480773 
1.890592    0.67426326 
1.958977    0.67366411 
2.027481    0.67300382 
2.096115    0.67227633 
2.164885    0.67147536 
2.233802    0.67059455 
2.302872    0.66962768 
2.372105    0.66856915 
2.441511    0.66741432 
2.511098    0.66615857 
2.580875    0.66479287 
2.650851    0.66331200 
2.721036    0.66171917 
2.791440    0.66001491 
2.862070    0.65819438 
2.932936    0.65625409 
3.004048    0.65419205 
3.075414    0.65200737 
3.147042    0.64970127 
3.218942    0.64727659 
3.291121    0.64473428 
3.363587    0.64207347 
3.436348    0.63929698 
3.509412    0.63641326 
3.582784    0.63343170 
3.656471    0.63035789 
3.730480    0.62719460 
3.804816    0.62394556 
3.879485    0.62061659 
3.954490    0.61721530 
4.029836    0.61374977 
4.105526    0.61022793 
4.181565    0.60665732 
4.257953    0.60304447 
4.334693    0.59939620 
4.411786    0.59572070 
4.489233    0.59202719 
4.567035    0.58832608 
4.645190    0.58462787 
4.723697    0.58094153 
4.802555    0.57727424 
4.881762    0.57363240 
4.961315    0.57002253 
5.041210    0.56645177 
5.121444    0.56292794 
5.202009    0.55945951 
5.282902    0.55605539 
5.364116    0.55272458 
5.445643    0.54947633 
5.527477    0.54632047 
5.609609    0.54326789 
5.692030    0.54033082 
5.774729    0.53752305 
5.857695    0.53486033 
5.940914    0.53236095 
6.024374    0.53004606 
6.108057    0.52793911 
6.191946    0.52606401 
6.276023    0.52444251 
6.360266    0.52309209 
6.444654    0.52202574 
6.529165    0.52125404 
6.613776    0.52078841 
6.698462    0.52064375 
6.783199    0.52084006 
6.867959    0.52140313 
6.952712    0.52236475 
7.037428    0.52376307 
7.122072    0.52564304 
7.206606    0.52805670 
7.290989    0.53106381 
7.375175    0.53473259 
7.459114    0.53913987 
7.542751    0.54437130 
7.626023    0.55052175 
7.708860    0.55769584 
7.791186    0.56600879 
7.872913    0.57558632 
7.953944    0.58656152 
8.034168    0.59906654 
8.113465    0.61321568 
8.191703    0.62907443 
8.268737    0.64660669 
8.344421    0.66558964 
8.418608    0.68548907 
8.491169    0.70530451 
8.562005    0.72343023 
8.631070    0.73764472 
8.698379    0.74539441 
8.764008    0.74446445 
8.828073    0.73385075 
8.890689    0.71433057 
8.951932    0.68828175 
9.011816    0.65883205 
9.070294    0.62889602 
9.127276    0.60059042 
9.182660    0.57512186 
9.236351    0.55296465 
9.288278    0.53412060 
9.338400    0.51834235 
9.386707    0.50528486 
9.433214    0.49459239 
9.477958    0.48594107 
9.520988    0.47905615 
9.562362    0.47371480 
9.602142    0.46973228 
9.640390    0.46695110 
9.677169    0.46524486 
9.712539    0.46451272 
9.746556    0.46467133 
9.779273    0.46564936 
9.810738    0.46738362 
9.840997    0.46981630 
9.870090    0.47289293 
9.898058    0.47656105 
9.924937    0.48076949 
9.950762    0.48546823 
9.975567    0.49060866 
9.999384    0.49614424 
10.022246    0.50203142 
10.044187    0.50823065 
10.065238    0.51470720 
10.085435    0.52143180 
10.104812    0.52838064 
10.123404    0.53553460 
10.141250    0.54287769 
10.158387    0.55039446 
10.174855    0.55806689 
10.190695    0.56587088 
10.205948    0.57377301 
10.220656    0.58172800 
10.234816    0.58926329 
10.248518    0.59713068 
10.261807    0.60484533 
10.274730    0.61231936 
10.287331    0.61946044 
10.299657    0.62617979 
10.311756    0.63239622 
10.323675    0.63803890 
10.335463    0.64304659 
10.347171    0.64736510 
10.358852    0.65094346 
10.370558    0.65372894 
10.382347    0.65566174 
10.394279    0.65667005 
10.406416    0.65666589 
10.418824    0.65554255 
10.431574    0.65321498 
10.444741    0.64925340 
10.458404    0.64409612 
10.472648    0.63732330 
10.487560    0.62883230 
